4 165
4 165
4 165
4 165
4 165
4 165
4 165
4 165
4 165
4 165
4 165
4 165
4 165
4 165
4 165
4 165
4 165
4 165
4 165
4 165
6 317
6 317
6 317
6 317
6 317
6 317
6 317
6 317
6 317
6 317
6 317
6 317
6 317
6 317
6 317
6 317
6 317
6 317
6 317
6 317
6 317
4 428
4 428
4 428
4 428
4 428
4 428
4 428
4 428
4 428
4 428
4 428
4 428
4 428
4 428
4 428
4 428
4 428
4 428
4 428
4 428
6 632
6 632
6 632
6 632
6 632
6 632
6 632
6 632
6 632
6 632
6 632
6 632
6 632
6 632
6 632
6 632
6 632
6 632
6 632
6 632
6 632
46 744
46 744
46 744
46 744
74 700
74 700
74 700
74 700
74 700
74 700
74 700
74 700
74 700
74 700
74 700
74 700
74 700
46 645
46 645
46 645
46 645
4 686
4 686
4 686
4 686
4 686
4 686
4 686
4 686
4 686
4 686
4 686
4 686
4 686
4 686
4 686
4 686
4 686
4 686
4 686
4 686
108 729
108 729
108 729
6 820
6 820
6 820
6 820
6 820
6 820
6 820
6 820
6 820
6 820
6 820
6 820
6 820
6 820
6 820
6 820
6 820
6 820
6 820
6 820
6 820
29 2089
29 2089
29 2089
29 2089
29 2089
29 2089
29 2089
29 2089
74 1277
74 1277
74 1277
74 1277
74 1277
74 1277
74 1277
74 1277
74 1277
74 1277
74 1277
74 1277
74 1277
124 1281
124 1281
124 1281
124 1281
124 1281
124 1281
124 1281
124 1281
124 1281
124 1281
124 1281
124 1281
124 1281
124 1281
124 1281
124 1281
124 1281
124 1281
124 1281
124 1281
124 1281
124 1281
124 1281
124 1281
124 1281
124 1281
81 1718
81 1718
81 1718
81 1718
81 1718
81 1718
16 2406
16 2406
16 2406
16 2406
16 2406
16 2406
16 2406
16 2406
16 2406
16 2406
16 2406
16 2406
16 2406
16 2406
16 2406
16 2406
16 2406
16 2406
16 2406
16 2406
16 2406
16 2406
16 2406
16 2406
16 2406
16 2406
16 2406
16 2406
16 2406
16 2406
46 1132
46 1132
46 1132
46 1132
81 1296
81 1296
81 1296
81 1296
81 1296
81 1296
16 1455
16 1455
16 1455
16 1455
16 1455
16 1455
16 1455
16 1455
16 1455
16 1455
16 1455
16 1455
16 1455
16 1455
16 1455
16 1455
16 1455
16 1455
16 1455
16 1455
16 1455
16 1455
16 1455
16 1455
16 1455
16 1455
16 1455
16 1455
16 1455
16 1455
29 1369
29 1369
29 1369
29 1369
29 1369
29 1369
29 1369
29 1369
4 1173
4 1173
4 1173
4 1173
4 1173
4 1173
4 1173
4 1173
4 1173
4 1173
4 1173
4 1173
4 1173
4 1173
4 1173
4 1173
4 1173
4 1173
4 1173
4 1173
108 1272
108 1272
108 1272
95 1592
95 1592
95 1592
95 1592
95 1592
95 1592
95 1592
95 1592
95 1592
95 1592
95 1592
95 1592
95 1592
95 1592
95 1592
95 1592
95 1592
95 1592
95 1592
95 1592
95 1592
95 1592
95 1592
95 1592
95 1592
95 1592
95 1592
95 1592
37 1683
37 1683
37 1683
37 1683
37 1683
37 1683
37 1683
37 1683
37 1683
37 1683
37 1683
37 1683
58 1682
58 1682
58 1682
58 1682
58 1682
58 1682
58 1682
58 1682
58 1682
58 1682
58 1682
58 1682
58 1682
58 1682
58 1682
58 1682
58 1682
58 1682
58 1682
14 2722
14 2722
14 2722
14 2722
14 2722
14 2722
14 2722
14 2722
14 2722
14 2722
14 2722
14 2722
14 2722
14 2722
14 2722
14 2722
14 2722
14 2722
14 2722
14 2722
14 2722
14 2722
14 2722
14 2722
14 2226
14 2226
14 2226
14 2226
14 2226
14 2226
14 2226
14 2226
14 2226
14 2226
14 2226
14 2226
14 2226
14 2226
14 2226
14 2226
14 2226
14 2226
14 2226
14 2226
14 2226
14 2226
14 2226
14 2226
46 1444
46 1444
46 1444
46 1444
125 2182
125 2182
125 2182
125 2182
125 2182
125 2182
125 2182
125 2182
125 2182
125 2182
6 1879
6 1879
6 1879
6 1879
6 1879
6 1879
6 1879
6 1879
6 1879
6 1879
6 1879
6 1879
6 1879
6 1879
6 1879
6 1879
6 1879
6 1879
6 1879
6 1879
6 1879
74 1747
74 1747
74 1747
74 1747
74 1747
74 1747
74 1747
74 1747
74 1747
74 1747
74 1747
74 1747
74 1747
14 1871
14 1871
14 1871
14 1871
14 1871
14 1871
14 1871
14 1871
14 1871
14 1871
14 1871
14 1871
14 1871
14 1871
14 1871
14 1871
14 1871
14 1871
14 1871
14 1871
14 1871
14 1871
14 1871
14 1871
48 3040
48 3040
48 3040
48 3040
48 3040
48 3040
48 3040
48 3040
48 3040
16 1927
16 1927
16 1927
16 1927
16 1927
16 1927
16 1927
16 1927
16 1927
16 1927
16 1927
16 1927
16 1927
16 1927
16 1927
16 1927
16 1927
16 1927
16 1927
16 1927
16 1927
16 1927
16 1927
16 1927
16 1927
16 1927
16 1927
16 1927
16 1927
16 1927
124 1986
124 1986
124 1986
124 1986
124 1986
124 1986
124 1986
124 1986
124 1986
124 1986
124 1986
124 1986
124 1986
124 1986
124 1986
124 1986
124 1986
124 1986
124 1986
124 1986
124 1986
124 1986
124 1986
124 1986
124 1986
124 1986
29 2000
29 2000
29 2000
29 2000
29 2000
29 2000
29 2000
29 2000
48 2867
48 2867
48 2867
48 2867
48 2867
48 2867
48 2867
48 2867
48 2867
48 2368
48 2368
48 2368
48 2368
48 2368
48 2368
48 2368
48 2368
48 2368
4 1809
4 1809
4 1809
4 1809
4 1809
4 1809
4 1809
4 1809
4 1809
4 1809
4 1809
4 1809
4 1809
4 1809
4 1809
4 1809
4 1809
4 1809
4 1809
4 1809
108 1783
108 1783
108 1783
6 1809
6 1809
6 1809
6 1809
6 1809
6 1809
6 1809
6 1809
6 1809
6 1809
6 1809
6 1809
6 1809
6 1809
6 1809
6 1809
6 1809
6 1809
6 1809
6 1809
6 1809
125 2154
125 2154
125 2154
125 2154
125 2154
125 2154
125 2154
125 2154
125 2154
125 2154
81 2126
81 2126
81 2126
81 2126
81 2126
81 2126
55 2401
55 2401
55 2401
55 2401
55 2401
55 2401
55 2401
55 2401
55 2401
55 2401
55 2401
55 2401
55 2401
55 2401
48 2209
48 2209
48 2209
48 2209
48 2209
48 2209
48 2209
48 2209
48 2209
46 1820
46 1820
46 1820
46 1820
74 2192
74 2192
74 2192
74 2192
74 2192
74 2192
74 2192
74 2192
74 2192
74 2192
74 2192
74 2192
74 2192
58 2443
58 2443
58 2443
58 2443
58 2443
58 2443
58 2443
58 2443
58 2443
58 2443
58 2443
58 2443
58 2443
58 2443
58 2443
58 2443
58 2443
58 2443
58 2443
118 3344
118 3344
118 3344
118 3344
118 3344
118 3344
118 3344
118 3344
118 3344
118 3344
118 3344
118 3344
118 3344
118 3344
118 3344
118 3344
118 2847
118 2847
118 2847
118 2847
118 2847
118 2847
118 2847
118 2847
118 2847
118 2847
118 2847
118 2847
118 2847
118 2847
118 2847
118 2847
124 2314
124 2314
124 2314
124 2314
124 2314
124 2314
124 2314
124 2314
124 2314
124 2314
124 2314
124 2314
124 2314
124 2314
124 2314
124 2314
124 2314
124 2314
124 2314
124 2314
124 2314
124 2314
124 2314
124 2314
124 2314
124 2314
108 1985
108 1985
108 1985
84 3734
84 3235
74 1993
74 1993
74 1993
74 1993
74 1993
74 1993
74 1993
74 1993
74 1993
74 1993
74 1993
74 1993
74 1993
95 2319
95 2319
95 2319
95 2319
95 2319
95 2319
95 2319
95 2319
95 2319
95 2319
95 2319
95 2319
95 2319
95 2319
95 2319
95 2319
95 2319
95 2319
95 2319
95 2319
95 2319
95 2319
95 2319
95 2319
95 2319
95 2319
95 2319
95 2319
84 2487
124 2305
124 2305
124 2305
124 2305
124 2305
124 2305
124 2305
124 2305
124 2305
124 2305
124 2305
124 2305
124 2305
124 2305
124 2305
124 2305
124 2305
124 2305
124 2305
124 2305
124 2305
124 2305
124 2305
124 2305
124 2305
124 2305
125 2388
125 2388
125 2388
125 2388
125 2388
125 2388
125 2388
125 2388
125 2388
125 2388
