3 51
14 15
14 15
14 15
14 15
14 15
14 15
14 15
14 15
14 15
14 15
14 15
14 15
14 15
14 15
14 15
14 15
14 15
14 15
14 15
14 15
14 15
14 15
14 15
14 15
9 242
9 242
9 242
9 242
9 242
9 242
9 242
9 242
9 242
9 242
9 242
23 143
23 143
23 143
23 143
23 143
23 143
23 143
23 143
23 143
23 143
23 143
23 143
23 143
23 143
23 143
23 143
23 143
23 143
23 143
23 143
3 5
14 16
14 16
14 16
14 16
14 16
14 16
14 16
14 16
14 16
14 16
14 16
14 16
14 16
14 16
14 16
14 16
14 16
14 16
14 16
14 16
14 16
14 16
14 16
14 16
47 317
47 317
47 317
47 317
47 317
47 317
47 317
47 317
47 317
47 317
47 317
47 317
47 317
47 317
47 317
47 317
47 317
47 317
47 317
47 317
47 317
47 317
47 317
47 317
47 317
47 317
47 317
47 317
9 233
9 233
9 233
9 233
9 233
9 233
9 233
9 233
9 233
9 233
9 233
30 652
30 652
30 652
30 652
30 652
30 652
30 652
30 652
30 652
3 17
14 20
14 20
14 20
14 20
14 20
14 20
14 20
14 20
14 20
14 20
14 20
14 20
14 20
14 20
14 20
14 20
14 20
14 20
14 20
14 20
14 20
14 20
14 20
14 20
126 12
126 12
126 12
126 12
126 12
126 12
126 12
126 12
126 12
126 12
126 12
126 12
126 12
126 12
126 12
126 12
126 12
127 5
127 5
127 5
128 16
128 16
128 16
128 16
129 9
129 9
129 9
129 9
129 9
129 9
129 9
129 9
129 9
129 9
129 9
129 9
129 9
129 9
129 9
130 4
130 4
130 4
130 4
130 4
130 4
131 14
131 14
132 12
132 12
132 12
132 12
132 12
133 15
133 15
133 15
133 15
133 15
133 15
133 15
3 35
14 2
14 2
14 2
14 2
14 2
14 2
14 2
14 2
14 2
14 2
14 2
14 2
14 2
14 2
14 2
14 2
14 2
14 2
14 2
14 2
14 2
14 2
14 2
14 2
126 13
126 13
126 13
126 13
126 13
126 13
126 13
126 13
126 13
126 13
126 13
126 13
126 13
126 13
126 13
126 13
126 13
127 16
127 16
127 16
128 8
128 8
128 8
128 8
129 3
129 3
129 3
129 3
129 3
129 3
129 3
129 3
129 3
129 3
129 3
129 3
129 3
129 3
129 3
130 3
130 3
130 3
130 3
130 3
130 3
131 7
131 7
132 7
132 7
132 7
132 7
132 7
133 18
133 18
133 18
133 18
133 18
133 18
133 18
30 1176
30 1176
30 1176
30 1176
30 1176
30 1176
30 1176
30 1176
30 1176
9 903
9 903
9 903
9 903
9 903
9 903
9 903
9 903
9 903
9 903
9 903
3 5
16 1907
16 1907
16 1907
16 1907
16 1907
16 1907
16 1907
16 1907
16 1436
16 1436
16 1436
16 1436
16 1436
16 1436
16 1436
16 1436
32 1814
32 1814
32 1814
32 1814
32 1814
32 1814
32 1814
32 1814
32 1814
32 1814
32 1814
32 1814
14 9
14 9
14 9
14 9
14 9
14 9
14 9
14 9
14 9
14 9
14 9
14 9
14 9
14 9
14 9
14 9
14 9
14 9
14 9
14 9
14 9
14 9
14 9
14 9
47 738
47 738
47 738
47 738
47 738
47 738
47 738
47 738
47 738
47 738
47 738
47 738
47 738
47 738
47 738
47 738
47 738
47 738
47 738
47 738
47 738
47 738
47 738
47 738
47 738
47 738
47 738
47 738
9 645
9 645
9 645
9 645
9 645
9 645
9 645
9 645
9 645
9 645
9 645
100 1258
100 1258
100 1258
100 1258
100 1258
100 1258
100 1258
100 1258
100 1258
100 1258
100 1258
100 1258
100 1258
100 1258
100 1258
100 1258
100 1258
100 1258
100 1258
100 1258
100 1258
100 1258
100 1258
100 1258
100 1258
100 1258
16 1098
16 1098
16 1098
16 1098
16 1098
16 1098
16 1098
16 1098
126 32
126 32
126 32
126 32
126 32
126 32
126 32
126 32
126 32
126 32
126 32
126 32
126 32
126 32
126 32
126 32
126 32
127 31
127 31
127 31
128 24
128 24
128 24
128 24
129 21
129 21
129 21
129 21
129 21
129 21
129 21
129 21
129 21
129 21
129 21
129 21
129 21
129 21
129 21
130 14
130 14
130 14
130 14
130 14
130 14
131 14
131 14
132 7
132 7
132 7
132 7
132 7
19 2148
19 2148
19 2148
19 2148
19 2148
19 2148
19 2148
19 2148
19 2148
19 2148
19 1153
19 1153
19 1153
19 1153
19 1153
19 1153
19 1153
19 1153
19 1153
19 1153
133 15
133 15
133 15
133 15
133 15
133 15
133 15
30 1049
30 1049
30 1049
30 1049
30 1049
30 1049
30 1049
30 1049
30 1049
32 1152
32 1152
32 1152
32 1152
32 1152
32 1152
32 1152
32 1152
32 1152
32 1152
32 1152
32 1152
3 6
19 878
19 878
19 878
19 878
19 878
19 878
19 878
19 878
19 878
19 878
100 1104
100 1104
100 1104
100 1104
100 1104
100 1104
100 1104
100 1104
100 1104
100 1104
100 1104
100 1104
100 1104
100 1104
100 1104
100 1104
100 1104
100 1104
100 1104
100 1104
100 1104
100 1104
100 1104
100 1104
100 1104
100 1104
16 949
16 949
16 949
16 949
16 949
16 949
16 949
16 949
14 1
14 1
14 1
14 1
14 1
14 1
14 1
14 1
14 1
14 1
14 1
14 1
14 1
14 1
14 1
14 1
14 1
14 1
14 1
14 1
14 1
14 1
14 1
14 1
126 9
126 9
126 9
126 9
126 9
126 9
126 9
126 9
126 9
126 9
126 9
126 9
126 9
126 9
126 9
126 9
126 9
127 2
127 2
127 2
128 5
128 5
128 5
128 5
129 9
129 9
129 9
129 9
129 9
129 9
129 9
129 9
129 9
129 9
129 9
129 9
129 9
129 9
129 9
23 1074
23 1074
23 1074
23 1074
23 1074
23 1074
23 1074
23 1074
23 1074
23 1074
23 1074
23 1074
23 1074
23 1074
23 1074
23 1074
23 1074
23 1074
23 1074
23 1074
80 2008
80 2008
80 2008
80 2008
80 2008
80 2008
80 2008
80 2008
80 2008
80 2008
80 2008
80 2008
80 2008
80 2008
80 1512
80 1512
80 1512
80 1512
80 1512
80 1512
80 1512
80 1512
80 1512
80 1512
80 1512
80 1512
80 1512
80 1512
130 20
130 20
130 20
130 20
130 20
130 20
131 11
131 11
132 9
132 9
132 9
132 9
132 9
133 17
133 17
133 17
133 17
133 17
133 17
133 17
32 1067
32 1067
32 1067
32 1067
32 1067
32 1067
32 1067
32 1067
32 1067
32 1067
32 1067
32 1067
3 7
19 941
19 941
19 941
19 941
19 941
19 941
19 941
19 941
19 941
19 941
14 9
14 9
14 9
14 9
14 9
14 9
14 9
14 9
14 9
14 9
14 9
14 9
14 9
14 9
14 9
14 9
14 9
14 9
14 9
14 9
14 9
14 9
14 9
14 9
80 1434
80 1434
80 1434
80 1434
80 1434
80 1434
80 1434
80 1434
80 1434
80 1434
80 1434
80 1434
80 1434
80 1434
126 18
126 18
126 18
126 18
126 18
126 18
126 18
126 18
126 18
126 18
126 18
126 18
126 18
126 18
126 18
126 18
126 18
127 8
127 8
127 8
128 15
128 15
128 15
128 15
129 34
129 34
129 34
129 34
129 34
129 34
129 34
129 34
129 34
129 34
129 34
129 34
129 34
129 34
129 34
130 35
130 35
130 35
130 35
130 35
130 35
100 1346
100 1346
100 1346
100 1346
100 1346
100 1346
100 1346
100 1346
100 1346
100 1346
100 1346
100 1346
100 1346
100 1346
100 1346
100 1346
100 1346
100 1346
100 1346
100 1346
100 1346
100 1346
100 1346
100 1346
100 1346
100 1346
131 37
131 37
132 45
132 45
132 45
132 45
132 45
133 42
133 42
133 42
133 42
133 42
133 42
133 42
3 15
16 1459
16 1459
16 1459
16 1459
16 1459
16 1459
16 1459
16 1459
100 1125
100 1125
100 1125
100 1125
100 1125
100 1125
100 1125
100 1125
100 1125
100 1125
100 1125
100 1125
100 1125
100 1125
100 1125
100 1125
100 1125
100 1125
100 1125
100 1125
100 1125
100 1125
100 1125
100 1125
100 1125
100 1125
14 16
14 16
14 16
14 16
14 16
14 16
14 16
14 16
14 16
14 16
14 16
14 16
14 16
14 16
14 16
14 16
14 16
14 16
14 16
14 16
14 16
14 16
14 16
14 16
42 3294
42 3294
42 3294
42 3294
42 3294
42 3294
42 3294
42 3294
42 3294
42 3294
42 3294
42 3294
42 3294
42 3294
42 3294
42 3294
42 3294
42 3294
42 3294
42 3294
42 3294
42 3294
42 3294
42 3294
42 3294
42 3294
42 3294
42 3294
42 3294
20 1559
20 1559
20 1559
20 1559
20 1559
20 1559
20 1559
20 1559
20 1559
20 1559
20 1559
20 1559
20 1559
20 1559
20 1559
20 1559
20 1559
20 1559
126 1
126 1
126 1
126 1
126 1
126 1
126 1
126 1
126 1
126 1
126 1
126 1
126 1
126 1
126 1
126 1
126 1
127 3
127 3
127 3
128 2
128 2
128 2
128 2
129 2
129 2
129 2
129 2
129 2
129 2
129 2
129 2
129 2
129 2
129 2
129 2
129 2
129 2
129 2
130 2
130 2
130 2
130 2
130 2
130 2
131 6
131 6
132 4
132 4
132 4
132 4
132 4
62 1705
62 1705
62 1705
62 1705
62 1705
62 1705
62 1705
62 1705
62 1705
62 1705
62 1705
62 1705
62 1705
62 1705
62 1705
62 1705
62 1705
62 1705
62 1705
62 1705
62 1705
62 1705
62 1705
62 1705
62 1705
47 1362
47 1362
47 1362
47 1362
47 1362
47 1362
47 1362
47 1362
47 1362
47 1362
47 1362
47 1362
47 1362
47 1362
47 1362
47 1362
47 1362
47 1362
47 1362
47 1362
47 1362
47 1362
47 1362
47 1362
47 1362
47 1362
47 1362
47 1362
133 8
133 8
133 8
133 8
133 8
133 8
133 8
80 1591
80 1591
80 1591
80 1591
80 1591
80 1591
80 1591
80 1591
80 1591
80 1591
80 1591
80 1591
80 1591
80 1591
30 1617
30 1617
30 1617
30 1617
30 1617
30 1617
30 1617
30 1617
30 1617
9 1494
9 1494
9 1494
9 1494
9 1494
9 1494
9 1494
9 1494
9 1494
9 1494
9 1494
42 2251
42 2251
42 2251
42 2251
42 2251
42 2251
42 2251
42 2251
42 2251
42 2251
42 2251
42 2251
42 2251
42 2251
42 2251
42 2251
42 2251
42 2251
42 2251
42 2251
42 2251
42 2251
42 2251
42 2251
42 2251
42 2251
42 2251
42 2251
42 2251
119 2037
119 2037
119 2037
119 2037
119 2037
119 2037
119 2037
119 2037
119 2037
119 2037
119 2037
119 2037
119 2037
119 2037
119 2037
119 2037
119 2037
119 2037
119 2037
119 2037
119 2037
119 2037
119 2037
119 2037
119 2037
119 2037
119 2037
126 2
126 2
126 2
126 2
126 2
126 2
126 2
126 2
126 2
126 2
126 2
126 2
126 2
126 2
126 2
126 2
126 2
127 3
127 3
127 3
128 3
128 3
128 3
128 3
100 1294
100 1294
100 1294
100 1294
100 1294
100 1294
100 1294
100 1294
100 1294
100 1294
100 1294
100 1294
100 1294
100 1294
100 1294
100 1294
100 1294
100 1294
100 1294
100 1294
100 1294
100 1294
100 1294
100 1294
100 1294
100 1294
32 1481
32 1481
32 1481
32 1481
32 1481
32 1481
32 1481
32 1481
32 1481
32 1481
32 1481
32 1481
129 20
129 20
129 20
129 20
129 20
129 20
129 20
129 20
129 20
129 20
129 20
129 20
129 20
129 20
129 20
130 12
130 12
130 12
130 12
130 12
130 12
131 18
131 18
132 14
132 14
132 14
132 14
132 14
133 12
133 12
133 12
133 12
133 12
133 12
133 12
126 8
126 8
126 8
126 8
126 8
126 8
126 8
126 8
126 8
126 8
126 8
126 8
126 8
126 8
126 8
126 8
126 8
127 13
127 13
127 13
128 16
128 16
128 16
128 16
129 12
129 12
129 12
129 12
129 12
129 12
129 12
129 12
129 12
129 12
129 12
129 12
129 12
129 12
129 12
130 8
130 8
130 8
130 8
130 8
130 8
131 9
131 9
132 1
132 1
132 1
132 1
132 1
133 7
133 7
133 7
133 7
133 7
133 7
133 7
119 2158
119 2158
119 2158
119 2158
119 2158
119 2158
119 2158
119 2158
119 2158
119 2158
119 2158
119 2158
119 2158
119 2158
119 2158
119 2158
119 2158
119 2158
119 2158
119 2158
119 2158
119 2158
119 2158
119 2158
119 2158
119 2158
119 2158
119 1983
119 1983
119 1983
119 1983
119 1983
119 1983
119 1983
119 1983
119 1983
119 1983
119 1983
119 1983
119 1983
119 1983
119 1983
119 1983
119 1983
119 1983
119 1983
119 1983
119 1983
119 1983
119 1983
119 1983
119 1983
119 1983
119 1983
