5 159
5 159
5 159
5 159
5 159
5 159
5 159
5 159
5 159
5 159
5 159
5 159
5 159
5 159
5 159
5 159
5 159
5 159
5 159
5 159
5 159
5 159
5 159
5 159
5 159
5 159
5 159
5 159
8 130
8 130
8 130
8 130
8 130
8 130
8 130
8 130
8 130
8 130
8 130
8 130
8 130
8 130
8 130
8 130
8 130
8 130
8 130
8 130
8 130
8 130
8 130
8 130
8 130
8 130
8 130
8 130
8 130
16 55
16 55
16 55
16 55
16 55
16 55
16 55
16 55
16 55
16 55
16 55
16 55
16 55
16 55
16 55
16 55
16 55
16 55
16 55
16 55
16 55
16 55
16 55
16 55
16 55
18 77
18 77
18 77
18 77
18 77
18 77
18 77
18 77
18 77
27 114
27 114
27 114
27 114
27 114
27 114
27 114
27 114
27 114
27 114
27 114
27 114
27 114
5 239
5 239
5 239
5 239
5 239
5 239
5 239
5 239
5 239
5 239
5 239
5 239
5 239
5 239
5 239
5 239
5 239
5 239
5 239
5 239
5 239
5 239
5 239
5 239
5 239
5 239
5 239
5 239
8 326
8 326
8 326
8 326
8 326
8 326
8 326
8 326
8 326
8 326
8 326
8 326
8 326
8 326
8 326
8 326
8 326
8 326
8 326
8 326
8 326
8 326
8 326
8 326
8 326
8 326
8 326
8 326
8 326
18 298
18 298
18 298
18 298
18 298
18 298
18 298
18 298
18 298
16 406
16 406
16 406
16 406
16 406
16 406
16 406
16 406
16 406
16 406
16 406
16 406
16 406
16 406
16 406
16 406
16 406
16 406
16 406
16 406
16 406
16 406
16 406
16 406
16 406
48 606
48 606
48 606
48 606
48 606
48 606
48 606
27 321
27 321
27 321
27 321
27 321
27 321
27 321
27 321
27 321
27 321
27 321
27 321
27 321
56 532
56 532
56 532
56 532
56 532
56 532
56 532
56 532
56 532
56 532
56 532
56 532
56 532
56 532
56 532
56 532
56 532
56 532
48 435
48 435
48 435
48 435
48 435
48 435
48 435
56 523
56 523
56 523
56 523
56 523
56 523
56 523
56 523
56 523
56 523
56 523
56 523
56 523
56 523
56 523
56 523
56 523
56 523
27 536
27 536
27 536
27 536
27 536
27 536
27 536
27 536
27 536
27 536
27 536
27 536
27 536
16 995
16 995
16 995
16 995
16 995
16 995
16 995
16 995
16 995
16 995
16 995
16 995
16 995
16 995
16 995
16 995
16 995
16 995
16 995
16 995
16 995
16 995
16 995
16 995
16 995
8 1362
8 1362
8 1362
8 1362
8 1362
8 1362
8 1362
8 1362
8 1362
8 1362
8 1362
8 1362
8 1362
8 1362
8 1362
8 1362
8 1362
8 1362
8 1362
8 1362
8 1362
8 1362
8 1362
8 1362
8 1362
8 1362
8 1362
8 1362
8 1362
18 1266
18 1266
18 1266
18 1266
18 1266
18 1266
18 1266
18 1266
18 1266
56 977
56 977
56 977
56 977
56 977
56 977
56 977
56 977
56 977
56 977
56 977
56 977
56 977
56 977
56 977
56 977
56 977
56 977
16 952
16 952
16 952
16 952
16 952
16 952
16 952
16 952
16 952
16 952
16 952
16 952
16 952
16 952
16 952
16 952
16 952
16 952
16 952
16 952
16 952
16 952
16 952
16 952
16 952
8 1072
8 1072
8 1072
8 1072
8 1072
8 1072
8 1072
8 1072
8 1072
8 1072
8 1072
8 1072
8 1072
8 1072
8 1072
8 1072
8 1072
8 1072
8 1072
8 1072
8 1072
8 1072
8 1072
8 1072
8 1072
8 1072
8 1072
8 1072
8 1072
27 889
27 889
27 889
27 889
27 889
27 889
27 889
27 889
27 889
27 889
27 889
27 889
27 889
5 1341
5 1341
5 1341
5 1341
5 1341
5 1341
5 1341
5 1341
5 1341
5 1341
5 1341
5 1341
5 1341
5 1341
5 1341
5 1341
5 1341
5 1341
5 1341
5 1341
5 1341
5 1341
5 1341
5 1341
5 1341
5 1341
5 1341
5 1341
105 1460
105 1460
105 1460
105 1460
105 1460
105 1460
105 1460
105 1460
105 1460
105 1460
105 1460
105 1460
105 1460
105 1460
105 1460
105 1460
105 1460
48 1556
48 1556
48 1556
48 1556
48 1556
48 1556
48 1556
5 1178
5 1178
5 1178
5 1178
5 1178
5 1178
5 1178
5 1178
5 1178
5 1178
5 1178
5 1178
5 1178
5 1178
5 1178
5 1178
5 1178
5 1178
5 1178
5 1178
5 1178
5 1178
5 1178
5 1178
5 1178
5 1178
5 1178
5 1178
65 1578
65 1578
65 1578
65 1578
65 1578
65 1578
65 1578
65 1578
8 1160
8 1160
8 1160
8 1160
8 1160
8 1160
8 1160
8 1160
8 1160
8 1160
8 1160
8 1160
8 1160
8 1160
8 1160
8 1160
8 1160
8 1160
8 1160
8 1160
8 1160
8 1160
8 1160
8 1160
8 1160
8 1160
8 1160
8 1160
8 1160
106 2201
106 2201
106 2201
106 2201
106 2201
106 2201
106 2201
106 2201
106 2201
106 2201
106 2201
106 2201
106 1704
106 1704
106 1704
106 1704
106 1704
106 1704
106 1704
106 1704
106 1704
106 1704
106 1704
106 1704
95 2088
95 2088
95 2088
95 2088
95 2088
95 2088
95 2088
95 2088
95 2088
95 2088
95 2088
95 2088
95 2088
95 2088
95 2088
95 2088
95 2088
95 2088
95 2088
95 2088
95 2088
95 2088
95 2088
86 2734
86 2734
86 2734
86 2734
86 2734
86 2734
86 2734
86 2734
86 2734
86 2734
86 2734
86 2236
86 2236
86 2236
86 2236
86 2236
86 2236
86 2236
86 2236
86 2236
86 2236
86 2236
86 1738
86 1738
86 1738
86 1738
86 1738
86 1738
86 1738
86 1738
86 1738
86 1738
86 1738
16 1550
16 1550
16 1550
16 1550
16 1550
16 1550
16 1550
16 1550
16 1550
16 1550
16 1550
16 1550
16 1550
16 1550
16 1550
16 1550
16 1550
16 1550
16 1550
16 1550
16 1550
16 1550
16 1550
16 1550
16 1550
21 3512
21 3512
21 3512
21 3512
21 3512
21 3512
21 3512
21 3512
21 3512
21 3512
21 3512
21 3512
21 3512
21 3512
21 3031
21 3031
21 3031
21 3031
21 3031
21 3031
21 3031
21 3031
21 3031
21 3031
21 3031
21 3031
21 3031
21 3031
21 2036
21 2036
21 2036
21 2036
21 2036
21 2036
21 2036
21 2036
21 2036
21 2036
21 2036
21 2036
21 2036
21 2036
95 1799
95 1799
95 1799
95 1799
95 1799
95 1799
95 1799
95 1799
95 1799
95 1799
95 1799
95 1799
95 1799
95 1799
95 1799
95 1799
95 1799
95 1799
95 1799
95 1799
95 1799
95 1799
95 1799
120 2650
120 2650
120 2650
120 2650
120 2650
120 2650
120 2650
120 2650
120 2650
120 2650
120 2650
120 2650
120 2650
120 2650
120 2650
120 2650
120 2650
120 2650
120 2650
120 2650
120 2650
120 2650
120 2650
120 2650
120 2650
120 2650
120 2650
120 2161
120 2161
120 2161
120 2161
120 2161
120 2161
120 2161
120 2161
120 2161
120 2161
120 2161
120 2161
120 2161
120 2161
120 2161
120 2161
120 2161
120 2161
120 2161
120 2161
120 2161
120 2161
120 2161
120 2161
120 2161
120 2161
120 2161
105 1858
105 1858
105 1858
105 1858
105 1858
105 1858
105 1858
105 1858
105 1858
105 1858
105 1858
105 1858
105 1858
105 1858
105 1858
105 1858
105 1858
27 1955
27 1955
27 1955
27 1955
27 1955
27 1955
27 1955
27 1955
27 1955
27 1955
27 1955
27 1955
27 1955
56 2165
56 2165
56 2165
56 2165
56 2165
56 2165
56 2165
56 2165
56 2165
56 2165
56 2165
56 2165
56 2165
56 2165
56 2165
56 2165
56 2165
56 2165
86 2143
86 2143
86 2143
86 2143
86 2143
86 2143
86 2143
86 2143
86 2143
86 2143
86 2143
131 3248
131 3248
131 3248
131 3248
131 3248
131 3248
131 3248
131 3248
131 3248
131 3248
131 3248
131 3248
131 3248
131 3248
131 3248
131 3248
131 3248
131 3248
131 3248
131 3248
131 3248
131 3248
131 3248
131 3248
131 3248
131 3248
131 2750
131 2750
131 2750
131 2750
131 2750
131 2750
131 2750
131 2750
131 2750
131 2750
131 2750
131 2750
131 2750
131 2750
131 2750
131 2750
131 2750
131 2750
131 2750
131 2750
131 2750
131 2750
131 2750
131 2750
131 2750
131 2750
131 2256
131 2256
131 2256
131 2256
131 2256
131 2256
131 2256
131 2256
131 2256
131 2256
131 2256
131 2256
131 2256
131 2256
131 2256
131 2256
131 2256
131 2256
131 2256
131 2256
131 2256
131 2256
131 2256
131 2256
131 2256
131 2256
104 3538
104 3538
104 3538
104 3538
104 3538
104 3538
104 3538
104 3538
104 3538
104 3538
104 3538
104 3538
104 3538
104 3538
104 3538
104 3538
104 3538
104 3538
104 3538
104 3045
104 3045
104 3045
104 3045
104 3045
104 3045
104 3045
104 3045
104 3045
104 3045
104 3045
104 3045
104 3045
104 3045
104 3045
104 3045
104 3045
104 3045
104 3045
104 2569
104 2569
104 2569
104 2569
104 2569
104 2569
104 2569
104 2569
104 2569
104 2569
104 2569
104 2569
104 2569
104 2569
104 2569
104 2569
104 2569
104 2569
104 2569
106 2599
106 2599
106 2599
106 2599
106 2599
106 2599
106 2599
106 2599
106 2599
106 2599
106 2599
106 2599
105 2218
105 2218
105 2218
105 2218
105 2218
105 2218
105 2218
105 2218
105 2218
105 2218
105 2218
105 2218
105 2218
105 2218
105 2218
105 2218
105 2218
104 2231
104 2231
104 2231
104 2231
104 2231
104 2231
104 2231
104 2231
104 2231
104 2231
104 2231
104 2231
104 2231
104 2231
104 2231
104 2231
104 2231
104 2231
104 2231
131 2250
131 2250
131 2250
131 2250
131 2250
131 2250
131 2250
131 2250
131 2250
131 2250
131 2250
131 2250
131 2250
131 2250
131 2250
131 2250
131 2250
131 2250
131 2250
131 2250
131 2250
131 2250
131 2250
131 2250
131 2250
131 2250
