1 3 3
2 3 3
3 3 3
4 3 3
5 4 1
6 1 2
7 4 1
8 4 1
9 3 3
10 1 2
11 1 2
12 1 2
13 1 2
14 1 2
15 2 2
16 2 2
17 4 1
18 2 2
19 4 1
20 4 1
21 4 1
22 4 1
23 3 3
24 2 2
25 1 2
26 1 2
27 3 3
28 3 3
29 3 3
30 4 1
31 2 2
32 1 2
33 4 1
34 3 3
35 1 2
36 2 2
37 1 2
38 4 1
39 2 2
40 2 2
41 3 3
42 1 2
43 1 2
44 2 2
45 4 1
46 2 2
47 4 1
48 1 2
49 2 2
50 3 3
51 4 1
52 3 3
53 1 2
54 1 2
55 2 2
56 2 2
57 4 1
58 3 3
59 2 2
60 4 1
61 1 3
62 1 3
63 2 3
64 2 3
65 4 1
66 1 3
67 1 3
68 1 3
69 1 3
70 4 1
71 3 3
72 2 3
73 2 3
74 1 3
75 4 1
76 3 3
77 1 3
78 4 1
79 3 3
80 1 3
81 3 1
82 2 1
83 2 1
84 4 1
85 1 1
86 2 1
87 3 1
88 4 1
89 4 1
90 3 1
91 1 1
92 1 1
93 3 1
94 1 1
95 2 1
96 3 1
97 1 1
98 3 1
99 3 1
100 1 1
