1 3 1 -39.8064 73.5681
2 3 3 64.6471 98.613
3 3 1 -88.0239 -17.2788
4 3 3 19.7553 67.096
5 4 2 -33.4402 68.6428
6 1 1 -58.0945 -90.0865
7 4 3 -22.1072 79.0168
8 4 2 -80.0094 -94.2443
9 3 3 85.8403 36.1013
10 1 1 13.9655 -73.8039
11 1 1 -33.6385 31.1078
12 1 3 -8.56624 25.2471
13 1 1 72.0863 -63.5595
14 1 1 9.55027 87.1365
15 2 1 68.0047 -72.0302
16 2 2 39.6397 -49.2651
17 4 1 14.9844 -15.0353
18 2 3 76.3897 71.0582
19 4 1 -27.6569 20.4964
20 4 1 -17.6869 -15.8823
21 4 2 5.38578 -12.6924
22 4 1 -5.35107 -6.02533
23 3 2 -33.5116 77.9433
24 2 3 -70.8324 -43.0177
25 1 3 -53.2184 -82.2123
26 1 1 72.679 61.8258
27 3 3 -40.2127 -43.6306
28 3 3 13.6216 74.6287
29 3 1 31.4035 -21.686
30 4 2 -25.0952 68.5743
31 2 1 91.9502 83.7292
32 1 2 -69.5371 -3.7865
33 4 3 14.3995 0.367726
34 3 3 -21.3867 -21.8831
35 1 3 48.7188 -22.5924
36 2 1 90.7108 54.8396
37 1 3 -39.2626 25.6761
38 4 2 88.023 87.5438
39 2 1 68.3246 97.3305
40 2 1 5.60301 96.4946
41 3 2 -60.4553 -97.3629
42 1 1 -11.26 -24.6027
43 1 2 -11.4598 -68.0771
44 2 1 -53.7542 -86.1582
45 4 3 60.1312 7.99207
46 2 3 -90.4232 -54.4082
47 4 1 84.251 -82.9418
48 1 3 -73.412 78.6093
49 2 1 10.8275 -57.7717
50 3 3 53.2152 -36.1994
51 4 3 54.9218 42.6628
52 3 2 70.8453 -65.648
53 1 3 -93.2279 96.764
54 1 2 4.56894 58.0151
55 2 1 47.3313 34.102
56 2 2 98.4153 -50.621
57 4 1 59.6951 -10.4007
58 3 1 36.2521 26.2989
59 2 2 -91.5147 -22.6648
60 4 3 -11.5676 -27.8999
61 1 3 57.9558 -94.2402
62 1 1 65.6223 -52.4608
63 2 1 -49.8836 -59.7033
64 2 3 29.5178 95.3753
65 4 3 -54.2808 59.066
66 1 1 -66.5555 46.7994
67 1 3 64.0001 -85.5318
68 1 3 -98.5995 78.7565
69 1 1 74.434 -88.3144
70 4 2 41.9097 -24.5006
71 3 3 -84.9148 2.01178
72 2 3 58.5527 48.9797
73 2 2 -18.7975 76.4251
74 1 3 88.158 94.9606
75 4 2 -59.793 9.9378
76 3 1 42.73 17.4802
77 1 1 27.3465 44.6154
78 4 3 24.233 -9.07613
79 3 1 71.9071 90.9894
80 1 1 87.0104 13.5035
81 3 2 -81.258 93.9956
82 2 2 98.0696 -70.1274
83 2 2 61.7983 -56.3045
84 4 2 74.9542 -68.77
85 1 2 -80.5413 51.7474
86 2 1 -89.2172 -75.8042
87 3 2 7.5014 48.6959
88 4 1 17.8151 69.2775
89 4 2 6.63297 6.93046
90 3 1 -93.674 -24.6203
91 1 2 -41.3395 47.4174
92 1 2 81.2943 -98.98
93 3 1 27.1646 52.8534
94 1 1 -77.5752 -68.9806
95 2 1 65.8683 47.8258
96 3 1 30.4108 -23.0595
97 1 2 -31.914 62.5596
98 3 2 -39.1063 7.72645
99 3 1 69.364 86.9733
100 1 1 39.6143 89.5169
