6 98
6 98
6 98
6 98
6 98
6 98
6 98
6 98
6 98
6 98
6 98
6 98
6 98
6 98
6 98
6 98
6 98
6 98
6 98
6 98
6 98
6 98
6 98
6 98
6 98
6 98
6 98
15 47
15 47
15 47
15 47
15 47
15 47
15 47
15 47
15 47
15 47
15 47
15 47
15 47
25 89
18 164
18 164
18 164
18 164
18 164
18 164
18 164
18 164
18 164
18 164
30 62
30 62
30 62
30 62
30 62
30 62
30 62
30 62
30 62
30 62
30 62
30 62
30 62
30 62
30 62
49 131
49 131
49 131
49 131
49 131
49 131
49 131
49 131
49 131
49 131
49 131
49 131
49 131
49 131
49 131
49 131
49 131
49 131
49 131
49 131
49 131
49 131
49 131
49 131
56 168
56 168
56 168
56 168
56 168
56 168
56 168
56 168
56 168
56 168
56 168
56 168
56 168
56 168
56 168
56 168
56 168
56 168
56 168
56 168
56 168
56 168
56 168
56 168
56 168
56 168
56 168
56 168
56 168
56 168
6 199
6 199
6 199
6 199
6 199
6 199
6 199
6 199
6 199
6 199
6 199
6 199
6 199
6 199
6 199
6 199
6 199
6 199
6 199
6 199
6 199
6 199
6 199
6 199
6 199
6 199
6 199
18 195
18 195
18 195
18 195
18 195
18 195
18 195
18 195
18 195
18 195
63 312
63 312
63 312
63 312
63 312
63 312
63 312
63 312
63 312
63 312
63 312
63 312
63 312
63 312
63 312
63 312
63 312
63 312
63 312
63 312
63 312
63 312
63 312
63 312
63 312
15 317
15 317
15 317
15 317
15 317
15 317
15 317
15 317
15 317
15 317
15 317
15 317
15 317
25 226
73 333
73 333
73 333
73 333
73 333
73 333
73 333
73 333
73 333
73 333
73 333
73 333
73 333
73 333
73 333
73 333
73 333
73 333
80 307
80 307
80 307
80 307
80 307
80 307
80 307
80 307
80 307
80 307
80 307
80 307
80 307
80 307
80 307
80 307
80 307
80 307
80 307
80 307
80 307
80 307
80 307
30 456
30 456
30 456
30 456
30 456
30 456
30 456
30 456
30 456
30 456
30 456
30 456
30 456
30 456
30 456
95 313
95 313
95 313
95 313
95 313
95 313
95 313
95 313
95 313
95 313
95 313
91 360
91 360
91 360
91 360
91 360
91 360
91 360
91 360
91 360
91 360
91 360
91 360
91 360
91 360
91 360
91 360
91 360
91 360
91 360
85 497
85 497
85 497
56 454
56 454
56 454
56 454
56 454
56 454
56 454
56 454
56 454
56 454
56 454
56 454
56 454
56 454
56 454
56 454
56 454
56 454
56 454
56 454
56 454
56 454
56 454
56 454
56 454
56 454
56 454
56 454
56 454
56 454
6 462
6 462
6 462
6 462
6 462
6 462
6 462
6 462
6 462
6 462
6 462
6 462
6 462
6 462
6 462
6 462
6 462
6 462
6 462
6 462
6 462
6 462
6 462
6 462
6 462
6 462
6 462
18 410
18 410
18 410
18 410
18 410
18 410
18 410
18 410
18 410
18 410
49 679
49 679
49 679
49 679
49 679
49 679
49 679
49 679
49 679
49 679
49 679
49 679
49 679
49 679
49 679
49 679
49 679
49 679
49 679
49 679
49 679
49 679
49 679
49 679
15 519
15 519
15 519
15 519
15 519
15 519
15 519
15 519
15 519
15 519
15 519
15 519
15 519
63 539
63 539
63 539
63 539
63 539
63 539
63 539
63 539
63 539
63 539
63 539
63 539
63 539
63 539
63 539
63 539
63 539
63 539
63 539
63 539
63 539
63 539
63 539
63 539
63 539
25 440
73 545
73 545
73 545
73 545
73 545
73 545
73 545
73 545
73 545
73 545
73 545
73 545
73 545
73 545
73 545
73 545
73 545
73 545
30 489
30 489
30 489
30 489
30 489
30 489
30 489
30 489
30 489
30 489
30 489
30 489
30 489
30 489
30 489
80 502
80 502
80 502
80 502
80 502
80 502
80 502
80 502
80 502
80 502
80 502
80 502
80 502
80 502
80 502
80 502
80 502
80 502
80 502
80 502
80 502
80 502
80 502
85 544
85 544
85 544
91 579
91 579
91 579
91 579
91 579
91 579
91 579
91 579
91 579
91 579
91 579
91 579
91 579
91 579
91 579
91 579
91 579
91 579
91 579
95 619
95 619
95 619
95 619
95 619
95 619
95 619
95 619
95 619
95 619
95 619
46 1683
46 1683
46 1683
46 1683
46 1683
46 1683
46 1683
46 1683
46 1683
46 1683
46 1683
46 1683
46 1683
46 1683
46 1683
46 1683
46 1683
46 1683
46 1683
46 1683
46 1683
46 1683
46 1683
46 1683
46 1683
46 1683
46 1683
46 1683
46 1187
46 1187
46 1187
46 1187
46 1187
46 1187
46 1187
46 1187
46 1187
46 1187
46 1187
46 1187
46 1187
46 1187
46 1187
46 1187
46 1187
46 1187
46 1187
46 1187
46 1187
46 1187
46 1187
46 1187
46 1187
46 1187
46 1187
46 1187
46 700
46 700
46 700
46 700
46 700
46 700
46 700
46 700
46 700
46 700
46 700
46 700
46 700
46 700
46 700
46 700
46 700
46 700
46 700
46 700
46 700
46 700
46 700
46 700
46 700
46 700
46 700
46 700
41 1751
41 1751
41 1751
41 1751
41 1751
41 1751
41 1751
41 1751
41 1751
41 1751
41 1751
41 1751
41 1751
41 1751
41 1751
41 1751
41 1251
41 1251
41 1251
41 1251
41 1251
41 1251
41 1251
41 1251
41 1251
41 1251
41 1251
41 1251
41 1251
41 1251
41 1251
41 1251
41 752
41 752
41 752
41 752
41 752
41 752
41 752
41 752
41 752
41 752
41 752
41 752
41 752
41 752
41 752
41 752
56 704
56 704
56 704
56 704
56 704
56 704
56 704
56 704
56 704
56 704
56 704
56 704
56 704
56 704
56 704
56 704
56 704
56 704
56 704
56 704
56 704
56 704
56 704
56 704
56 704
56 704
56 704
56 704
56 704
56 704
29 2017
29 2017
29 2017
29 2017
29 2017
29 2017
29 2017
29 2017
29 2017
29 2017
29 2017
29 2017
29 2017
29 2017
3 2288
3 2288
3 2288
3 2288
3 2288
3 2288
3 2288
3 2288
3 2288
3 2288
3 2288
3 2288
3 2288
3 2288
3 2288
3 2288
3 2288
3 2288
3 2288
3 2288
3 2288
3 2288
88 1463
88 1463
88 1463
88 1463
88 1463
88 1463
6 784
6 784
6 784
6 784
6 784
6 784
6 784
6 784
6 784
6 784
6 784
6 784
6 784
6 784
6 784
6 784
6 784
6 784
6 784
6 784
6 784
6 784
6 784
6 784
6 784
6 784
6 784
108 1264
108 1264
108 1264
108 1264
108 1264
108 1264
108 1264
108 1264
108 1264
108 1264
108 1264
108 1264
108 1264
108 1264
108 1264
108 1264
108 1264
108 1264
108 1264
108 1264
49 858
49 858
49 858
49 858
49 858
49 858
49 858
49 858
49 858
49 858
49 858
49 858
49 858
49 858
49 858
49 858
49 858
49 858
49 858
49 858
49 858
49 858
49 858
49 858
15 719
15 719
15 719
15 719
15 719
15 719
15 719
15 719
15 719
15 719
15 719
15 719
15 719
44 1559
44 1559
44 1559
44 1559
44 1559
44 1559
44 1559
44 1559
44 1559
44 1559
44 1559
44 1559
44 1559
44 1559
44 1559
44 1559
44 1559
63 885
63 885
63 885
63 885
63 885
63 885
63 885
63 885
63 885
63 885
63 885
63 885
63 885
63 885
63 885
63 885
63 885
63 885
63 885
63 885
63 885
63 885
63 885
63 885
63 885
108 949
108 949
108 949
108 949
108 949
108 949
108 949
108 949
108 949
108 949
108 949
108 949
108 949
108 949
108 949
108 949
108 949
108 949
108 949
108 949
18 853
18 853
18 853
18 853
18 853
18 853
18 853
18 853
18 853
18 853
45 1591
45 1591
45 1591
45 1591
45 1591
73 813
73 813
73 813
73 813
73 813
73 813
73 813
73 813
73 813
73 813
73 813
73 813
73 813
73 813
73 813
73 813
73 813
73 813
96 1601
96 1601
96 1601
96 1601
96 1601
96 1601
96 1601
96 1601
96 1601
96 1601
96 1601
96 1601
96 1601
96 1601
96 1601
96 1601
96 1601
96 1601
96 1601
96 1601
96 1601
25 899
80 850
80 850
80 850
80 850
80 850
80 850
80 850
80 850
80 850
80 850
80 850
80 850
80 850
80 850
80 850
80 850
80 850
80 850
80 850
80 850
80 850
80 850
80 850
30 898
30 898
30 898
30 898
30 898
30 898
30 898
30 898
30 898
30 898
30 898
30 898
30 898
30 898
30 898
101 1689
101 1689
101 1689
101 1689
101 1689
101 1689
101 1689
101 1689
101 1689
91 794
91 794
91 794
91 794
91 794
91 794
91 794
91 794
91 794
91 794
91 794
91 794
91 794
91 794
91 794
91 794
91 794
91 794
91 794
3 1715
3 1715
3 1715
3 1715
3 1715
3 1715
3 1715
3 1715
3 1715
3 1715
3 1715
3 1715
3 1715
3 1715
3 1715
3 1715
3 1715
3 1715
3 1715
3 1715
3 1715
3 1715
95 802
95 802
95 802
95 802
95 802
95 802
95 802
95 802
95 802
95 802
95 802
85 908
85 908
85 908
49 872
49 872
49 872
49 872
49 872
49 872
49 872
49 872
49 872
49 872
49 872
49 872
49 872
49 872
49 872
49 872
49 872
49 872
49 872
49 872
49 872
49 872
49 872
49 872
46 906
46 906
46 906
46 906
46 906
46 906
46 906
46 906
46 906
46 906
46 906
46 906
46 906
46 906
46 906
46 906
46 906
46 906
46 906
46 906
46 906
46 906
46 906
46 906
46 906
46 906
46 906
46 906
41 1030
41 1030
41 1030
41 1030
41 1030
41 1030
41 1030
41 1030
41 1030
41 1030
41 1030
41 1030
41 1030
41 1030
41 1030
41 1030
6 991
6 991
6 991
6 991
6 991
6 991
6 991
6 991
6 991
6 991
6 991
6 991
6 991
6 991
6 991
6 991
6 991
6 991
6 991
6 991
6 991
6 991
6 991
6 991
6 991
6 991
6 991
108 981
108 981
108 981
108 981
108 981
108 981
108 981
108 981
108 981
108 981
108 981
108 981
108 981
108 981
108 981
108 981
108 981
108 981
108 981
108 981
56 1012
56 1012
56 1012
56 1012
56 1012
56 1012
56 1012
56 1012
56 1012
56 1012
56 1012
56 1012
56 1012
56 1012
56 1012
56 1012
56 1012
56 1012
56 1012
56 1012
56 1012
56 1012
56 1012
56 1012
56 1012
56 1012
56 1012
56 1012
56 1012
56 1012
50 2616
50 2616
50 2616
50 2616
50 2119
50 2119
50 2119
50 2119
50 1621
50 1621
50 1621
50 1621
18 960
18 960
18 960
18 960
18 960
18 960
18 960
18 960
18 960
18 960
63 1077
63 1077
63 1077
63 1077
63 1077
63 1077
63 1077
63 1077
63 1077
63 1077
63 1077
63 1077
63 1077
63 1077
63 1077
63 1077
63 1077
63 1077
63 1077
63 1077
63 1077
63 1077
63 1077
63 1077
63 1077
15 1077
15 1077
15 1077
15 1077
15 1077
15 1077
15 1077
15 1077
15 1077
15 1077
15 1077
15 1077
15 1077
25 1000
71 2076
71 2076
71 2076
71 2076
71 2076
71 2076
71 2076
71 2076
71 2076
71 2076
71 2076
71 2076
71 2076
71 2076
71 2076
71 2076
71 2076
71 2076
71 2076
71 2076
71 2076
71 2076
71 2076
71 2076
71 2076
71 2076
71 2076
71 2076
71 2076
39 2416
39 2416
28 3026
28 3026
28 3026
28 3026
28 3026
28 3026
28 3026
28 3026
80 1122
80 1122
80 1122
80 1122
80 1122
80 1122
80 1122
80 1122
80 1122
80 1122
80 1122
80 1122
80 1122
80 1122
80 1122
80 1122
80 1122
80 1122
80 1122
80 1122
80 1122
80 1122
80 1122
85 1081
85 1081
85 1081
105 2388
105 2388
105 2388
105 2388
105 2388
105 2388
105 2388
105 2388
105 2388
105 2388
105 2388
105 2388
105 2388
105 2388
105 2388
105 2388
105 2388
105 2388
105 2388
105 2388
105 2388
105 2388
105 2388
105 2388
105 2388
105 2388
105 1897
105 1897
105 1897
105 1897
105 1897
105 1897
105 1897
105 1897
105 1897
105 1897
105 1897
105 1897
105 1897
105 1897
105 1897
105 1897
105 1897
105 1897
105 1897
105 1897
105 1897
105 1897
105 1897
105 1897
105 1897
105 1897
105 1397
105 1397
105 1397
105 1397
105 1397
105 1397
105 1397
105 1397
105 1397
105 1397
105 1397
105 1397
105 1397
105 1397
105 1397
105 1397
105 1397
105 1397
105 1397
105 1397
105 1397
105 1397
105 1397
105 1397
105 1397
105 1397
91 1048
91 1048
91 1048
91 1048
91 1048
91 1048
91 1048
91 1048
91 1048
91 1048
91 1048
91 1048
91 1048
91 1048
91 1048
91 1048
91 1048
91 1048
91 1048
30 1191
30 1191
30 1191
30 1191
30 1191
30 1191
30 1191
30 1191
30 1191
30 1191
30 1191
30 1191
30 1191
30 1191
30 1191
88 2120
88 2120
88 2120
88 2120
88 2120
88 2120
73 1273
73 1273
73 1273
73 1273
73 1273
73 1273
73 1273
73 1273
73 1273
73 1273
73 1273
73 1273
73 1273
73 1273
73 1273
73 1273
73 1273
73 1273
41 1114
41 1114
41 1114
41 1114
41 1114
41 1114
41 1114
41 1114
41 1114
41 1114
41 1114
41 1114
41 1114
41 1114
41 1114
41 1114
45 2101
45 2101
45 2101
45 2101
45 2101
95 1144
95 1144
95 1144
95 1144
95 1144
95 1144
95 1144
95 1144
95 1144
95 1144
95 1144
101 2108
101 2108
101 2108
101 2108
101 2108
101 2108
101 2108
101 2108
101 2108
49 1138
49 1138
49 1138
49 1138
49 1138
49 1138
49 1138
49 1138
49 1138
49 1138
49 1138
49 1138
49 1138
49 1138
49 1138
49 1138
49 1138
49 1138
49 1138
49 1138
49 1138
49 1138
49 1138
49 1138
46 1193
46 1193
46 1193
46 1193
46 1193
46 1193
46 1193
46 1193
46 1193
46 1193
46 1193
46 1193
46 1193
46 1193
46 1193
46 1193
46 1193
46 1193
46 1193
46 1193
46 1193
46 1193
46 1193
46 1193
46 1193
46 1193
46 1193
46 1193
50 1195
50 1195
50 1195
50 1195
105 1304
105 1304
105 1304
105 1304
105 1304
105 1304
105 1304
105 1304
105 1304
105 1304
105 1304
105 1304
105 1304
105 1304
105 1304
105 1304
105 1304
105 1304
105 1304
105 1304
105 1304
105 1304
105 1304
105 1304
105 1304
105 1304
108 1275
108 1275
108 1275
108 1275
108 1275
108 1275
108 1275
108 1275
108 1275
108 1275
108 1275
108 1275
108 1275
108 1275
108 1275
108 1275
108 1275
108 1275
108 1275
108 1275
18 1223
18 1223
18 1223
18 1223
18 1223
18 1223
18 1223
18 1223
18 1223
18 1223
73 1214
73 1214
73 1214
73 1214
73 1214
73 1214
73 1214
73 1214
73 1214
73 1214
73 1214
73 1214
73 1214
73 1214
73 1214
73 1214
73 1214
73 1214
25 1208
29 2218
29 2218
29 2218
29 2218
29 2218
29 2218
29 2218
29 2218
29 2218
29 2218
29 2218
29 2218
29 2218
29 2218
63 1397
63 1397
63 1397
63 1397
63 1397
63 1397
63 1397
63 1397
63 1397
63 1397
63 1397
63 1397
63 1397
63 1397
63 1397
63 1397
63 1397
63 1397
63 1397
63 1397
63 1397
63 1397
63 1397
63 1397
63 1397
80 1295
80 1295
80 1295
80 1295
80 1295
80 1295
80 1295
80 1295
80 1295
80 1295
80 1295
80 1295
80 1295
80 1295
80 1295
80 1295
80 1295
80 1295
80 1295
80 1295
80 1295
80 1295
80 1295
30 1301
30 1301
30 1301
30 1301
30 1301
30 1301
30 1301
30 1301
30 1301
30 1301
30 1301
30 1301
30 1301
30 1301
30 1301
15 1452
15 1452
15 1452
15 1452
15 1452
15 1452
15 1452
15 1452
15 1452
15 1452
15 1452
15 1452
15 1452
56 1560
56 1560
56 1560
56 1560
56 1560
56 1560
56 1560
56 1560
56 1560
56 1560
56 1560
56 1560
56 1560
56 1560
56 1560
56 1560
56 1560
56 1560
56 1560
56 1560
56 1560
56 1560
56 1560
56 1560
56 1560
56 1560
56 1560
56 1560
56 1560
56 1560
39 2249
39 2249
85 1298
85 1298
85 1298
91 1295
91 1295
91 1295
91 1295
91 1295
91 1295
91 1295
91 1295
91 1295
91 1295
91 1295
91 1295
91 1295
91 1295
91 1295
91 1295
91 1295
91 1295
91 1295
95 1306
95 1306
95 1306
95 1306
95 1306
95 1306
95 1306
95 1306
95 1306
95 1306
95 1306
41 1411
41 1411
41 1411
41 1411
41 1411
41 1411
41 1411
41 1411
41 1411
41 1411
41 1411
41 1411
41 1411
41 1411
41 1411
41 1411
46 1363
46 1363
46 1363
46 1363
46 1363
46 1363
46 1363
46 1363
46 1363
46 1363
46 1363
46 1363
46 1363
46 1363
46 1363
46 1363
46 1363
46 1363
46 1363
46 1363
46 1363
46 1363
46 1363
46 1363
46 1363
46 1363
46 1363
46 1363
49 1353
49 1353
49 1353
49 1353
49 1353
49 1353
49 1353
49 1353
49 1353
49 1353
49 1353
49 1353
49 1353
49 1353
49 1353
49 1353
49 1353
49 1353
49 1353
49 1353
49 1353
49 1353
49 1353
49 1353
105 1347
105 1347
105 1347
105 1347
105 1347
105 1347
105 1347
105 1347
105 1347
105 1347
105 1347
105 1347
105 1347
105 1347
105 1347
105 1347
105 1347
105 1347
105 1347
105 1347
105 1347
105 1347
105 1347
105 1347
105 1347
105 1347
108 1368
108 1368
108 1368
108 1368
108 1368
108 1368
108 1368
108 1368
108 1368
108 1368
108 1368
108 1368
108 1368
108 1368
108 1368
108 1368
108 1368
108 1368
108 1368
108 1368
63 1454
63 1454
63 1454
63 1454
63 1454
63 1454
63 1454
63 1454
63 1454
63 1454
63 1454
63 1454
63 1454
63 1454
63 1454
63 1454
63 1454
63 1454
63 1454
63 1454
63 1454
63 1454
63 1454
63 1454
63 1454
88 2263
88 2263
88 2263
88 2263
88 2263
88 2263
73 1495
73 1495
73 1495
73 1495
73 1495
73 1495
73 1495
73 1495
73 1495
73 1495
73 1495
73 1495
73 1495
73 1495
73 1495
73 1495
73 1495
73 1495
101 2286
101 2286
101 2286
101 2286
101 2286
101 2286
101 2286
101 2286
101 2286
85 1486
85 1486
85 1486
