90 643
90 643
90 643
90 643
90 643
90 643
90 643
90 643
90 643
90 643
90 643
90 359
90 359
90 359
90 359
90 359
90 359
90 359
90 359
90 359
90 359
90 359
95 367
95 367
95 367
95 367
95 367
95 367
95 367
95 367
95 367
95 367
95 367
95 367
95 367
95 367
95 367
95 367
95 367
95 367
95 367
95 367
95 367
95 367
95 367
95 367
95 367
95 367
95 367
95 367
98 431
98 431
98 431
98 431
98 431
98 431
98 431
106 455
106 455
106 455
106 455
106 455
106 455
106 455
106 455
106 455
106 455
106 455
106 455
106 455
106 455
106 455
107 455
107 455
107 455
107 455
107 455
107 455
107 455
107 455
107 455
107 455
107 455
107 455
107 455
107 455
107 455
107 455
107 455
107 455
107 455
107 455
107 455
107 455
107 455
107 455
107 455
107 455
108 469
108 469
108 469
108 469
108 469
108 469
108 469
108 469
108 469
108 469
108 469
108 469
108 469
108 469
108 469
108 469
108 469
108 469
109 504
109 504
109 504
109 504
109 504
109 504
109 504
109 504
109 504
109 504
109 504
109 504
109 504
109 504
109 504
109 504
109 504
109 504
109 504
109 504
109 504
109 504
90 550
90 550
90 550
90 550
90 550
90 550
90 550
90 550
90 550
90 550
90 550
95 537
95 537
95 537
95 537
95 537
95 537
95 537
95 537
95 537
95 537
95 537
95 537
95 537
95 537
95 537
95 537
95 537
95 537
95 537
95 537
95 537
95 537
95 537
95 537
95 537
95 537
95 537
95 537
98 527
98 527
98 527
98 527
98 527
98 527
98 527
99 1039
99 1039
99 1039
99 1039
99 1039
99 1039
99 1039
99 1039
99 1039
99 1039
99 1039
99 1039
99 1039
99 1039
99 1039
99 1039
99 1039
99 1039
99 1039
99 1039
99 1039
99 1039
99 1039
99 1039
99 1039
99 1039
99 1039
99 1039
99 1039
99 539
99 539
99 539
99 539
99 539
99 539
99 539
99 539
99 539
99 539
99 539
99 539
99 539
99 539
99 539
99 539
99 539
99 539
99 539
99 539
99 539
99 539
99 539
99 539
99 539
99 539
99 539
99 539
99 539
92 1609
92 1609
92 1609
92 1609
92 1609
92 1609
92 1609
92 1609
92 1609
92 1110
92 1110
92 1110
92 1110
92 1110
92 1110
92 1110
92 1110
92 1110
92 618
92 618
92 618
92 618
92 618
92 618
92 618
92 618
92 618
86 1680
86 1680
86 1680
86 1680
86 1680
86 1680
86 1680
86 1680
86 1680
86 1680
86 1680
86 1680
86 1680
86 1680
86 1680
86 1680
86 1680
86 1680
86 1680
86 1680
86 1680
86 1680
86 1680
86 1680
86 1680
86 1181
86 1181
86 1181
86 1181
86 1181
86 1181
86 1181
86 1181
86 1181
86 1181
86 1181
86 1181
86 1181
86 1181
86 1181
86 1181
86 1181
86 1181
86 1181
86 1181
86 1181
86 1181
86 1181
86 1181
86 1181
86 682
86 682
86 682
86 682
86 682
86 682
86 682
86 682
86 682
86 682
86 682
86 682
86 682
86 682
86 682
86 682
86 682
86 682
86 682
86 682
86 682
86 682
86 682
86 682
86 682
106 544
106 544
106 544
106 544
106 544
106 544
106 544
106 544
106 544
106 544
106 544
106 544
106 544
106 544
106 544
107 560
107 560
107 560
107 560
107 560
107 560
107 560
107 560
107 560
107 560
107 560
107 560
107 560
107 560
107 560
107 560
107 560
107 560
107 560
107 560
107 560
107 560
107 560
107 560
107 560
107 560
109 574
109 574
109 574
109 574
109 574
109 574
109 574
109 574
109 574
109 574
109 574
109 574
109 574
109 574
109 574
109 574
109 574
109 574
109 574
109 574
109 574
109 574
108 586
108 586
108 586
108 586
108 586
108 586
108 586
108 586
108 586
108 586
108 586
108 586
108 586
108 586
108 586
108 586
108 586
108 586
86 639
86 639
86 639
86 639
86 639
86 639
86 639
86 639
86 639
86 639
86 639
86 639
86 639
86 639
86 639
86 639
86 639
86 639
86 639
86 639
86 639
86 639
86 639
86 639
86 639
90 633
90 633
90 633
90 633
90 633
90 633
90 633
90 633
90 633
90 633
90 633
92 631
92 631
92 631
92 631
92 631
92 631
92 631
92 631
92 631
95 651
95 651
95 651
95 651
95 651
95 651
95 651
95 651
95 651
95 651
95 651
95 651
95 651
95 651
95 651
95 651
95 651
95 651
95 651
95 651
95 651
95 651
95 651
95 651
95 651
95 651
95 651
95 651
98 651
98 651
98 651
98 651
98 651
98 651
98 651
99 657
99 657
99 657
99 657
99 657
99 657
99 657
99 657
99 657
99 657
99 657
99 657
99 657
99 657
99 657
99 657
99 657
99 657
99 657
99 657
99 657
99 657
99 657
99 657
99 657
99 657
99 657
99 657
99 657
106 653
106 653
106 653
106 653
106 653
106 653
106 653
106 653
106 653
106 653
106 653
106 653
106 653
106 653
106 653
107 665
107 665
107 665
107 665
107 665
107 665
107 665
107 665
107 665
107 665
107 665
107 665
107 665
107 665
107 665
107 665
107 665
107 665
107 665
107 665
107 665
107 665
107 665
107 665
107 665
107 665
108 672
108 672
108 672
108 672
108 672
108 672
108 672
108 672
108 672
108 672
108 672
108 672
108 672
108 672
108 672
108 672
108 672
108 672
109 678
109 678
109 678
109 678
109 678
109 678
109 678
109 678
109 678
109 678
109 678
109 678
109 678
109 678
109 678
109 678
109 678
109 678
109 678
109 678
109 678
109 678
86 762
86 762
86 762
86 762
86 762
86 762
86 762
86 762
86 762
86 762
86 762
86 762
86 762
86 762
86 762
86 762
86 762
86 762
86 762
86 762
86 762
86 762
86 762
86 762
86 762
90 756
90 756
90 756
90 756
90 756
90 756
90 756
90 756
90 756
90 756
90 756
92 796
92 796
92 796
92 796
92 796
92 796
92 796
92 796
92 796
95 795
95 795
95 795
95 795
95 795
95 795
95 795
95 795
95 795
95 795
95 795
95 795
95 795
95 795
95 795
95 795
95 795
95 795
95 795
95 795
95 795
95 795
95 795
95 795
95 795
95 795
95 795
95 795
98 807
98 807
98 807
98 807
98 807
98 807
98 807
99 819
99 819
99 819
99 819
99 819
99 819
99 819
99 819
99 819
99 819
99 819
99 819
99 819
99 819
99 819
99 819
99 819
99 819
99 819
99 819
99 819
99 819
99 819
99 819
99 819
99 819
99 819
99 819
99 819
106 798
106 798
106 798
106 798
106 798
106 798
106 798
106 798
106 798
106 798
106 798
106 798
106 798
106 798
106 798
107 801
107 801
107 801
107 801
107 801
107 801
107 801
107 801
107 801
107 801
107 801
107 801
107 801
107 801
107 801
107 801
107 801
107 801
107 801
107 801
107 801
107 801
107 801
107 801
107 801
107 801
108 814
108 814
108 814
108 814
108 814
108 814
108 814
108 814
108 814
108 814
108 814
108 814
108 814
108 814
108 814
108 814
108 814
108 814
109 806
109 806
109 806
109 806
109 806
109 806
109 806
109 806
109 806
109 806
109 806
109 806
109 806
109 806
109 806
109 806
109 806
109 806
109 806
109 806
109 806
109 806
86 868
86 868
86 868
86 868
86 868
86 868
86 868
86 868
86 868
86 868
86 868
86 868
86 868
86 868
86 868
86 868
86 868
86 868
86 868
86 868
86 868
86 868
86 868
86 868
86 868
90 873
90 873
90 873
90 873
90 873
90 873
90 873
90 873
90 873
90 873
90 873
92 862
92 862
92 862
92 862
92 862
92 862
92 862
92 862
92 862
95 855
95 855
95 855
95 855
95 855
95 855
95 855
95 855
95 855
95 855
95 855
95 855
95 855
95 855
95 855
95 855
95 855
95 855
95 855
95 855
95 855
95 855
95 855
95 855
95 855
95 855
95 855
95 855
98 841
98 841
98 841
98 841
98 841
98 841
98 841
99 854
99 854
99 854
99 854
99 854
99 854
99 854
99 854
99 854
99 854
99 854
99 854
99 854
99 854
99 854
99 854
99 854
99 854
99 854
99 854
99 854
99 854
99 854
99 854
99 854
99 854
99 854
99 854
99 854
106 856
106 856
106 856
106 856
106 856
106 856
106 856
106 856
106 856
106 856
106 856
106 856
106 856
106 856
106 856
107 854
107 854
107 854
107 854
107 854
107 854
107 854
107 854
107 854
107 854
107 854
107 854
107 854
107 854
107 854
107 854
107 854
107 854
107 854
107 854
107 854
107 854
107 854
107 854
107 854
107 854
108 854
108 854
108 854
108 854
108 854
108 854
108 854
108 854
108 854
108 854
108 854
108 854
108 854
108 854
108 854
108 854
108 854
108 854
109 862
109 862
109 862
109 862
109 862
109 862
109 862
109 862
109 862
109 862
109 862
109 862
109 862
109 862
109 862
109 862
109 862
109 862
109 862
109 862
109 862
109 862
86 912
86 912
86 912
86 912
86 912
86 912
86 912
86 912
86 912
86 912
86 912
86 912
86 912
86 912
86 912
86 912
86 912
86 912
86 912
86 912
86 912
86 912
86 912
86 912
86 912
90 917
90 917
90 917
90 917
90 917
90 917
90 917
90 917
90 917
90 917
90 917
92 919
92 919
92 919
92 919
92 919
92 919
92 919
92 919
92 919
95 926
95 926
95 926
95 926
95 926
95 926
95 926
95 926
95 926
95 926
95 926
95 926
95 926
95 926
95 926
95 926
95 926
95 926
95 926
95 926
95 926
95 926
95 926
95 926
95 926
95 926
95 926
95 926
98 918
98 918
98 918
98 918
98 918
98 918
98 918
99 944
99 944
99 944
99 944
99 944
99 944
99 944
99 944
99 944
99 944
99 944
99 944
99 944
99 944
99 944
99 944
99 944
99 944
99 944
99 944
99 944
99 944
99 944
99 944
99 944
99 944
99 944
99 944
99 944
