50 354
50 354
50 354
50 354
50 354
50 354
50 354
55 365
55 365
55 365
55 365
55 365
55 365
55 365
55 365
55 365
55 365
55 365
55 365
55 365
55 365
55 365
55 365
55 365
55 365
55 365
55 365
55 365
55 365
55 365
55 365
55 365
55 365
55 365
55 365
58 392
58 392
58 392
58 392
58 392
58 392
58 392
58 392
58 392
23 1197
23 1197
23 1197
23 1197
23 1197
23 1197
23 1197
23 1197
23 697
23 697
23 697
23 697
23 697
23 697
23 697
23 697
13 1297
13 1297
13 1297
13 1297
13 1297
13 1297
13 1297
13 1297
13 1297
13 1297
13 1297
13 1297
13 1297
13 1297
13 1297
13 1297
13 798
13 798
13 798
13 798
13 798
13 798
13 798
13 798
13 798
13 798
13 798
13 798
13 798
13 798
13 798
13 798
7 1358
7 1358
7 1358
7 1358
7 1358
7 1358
7 1358
7 1358
7 1358
7 1358
7 1358
7 1358
7 1358
7 1358
7 1358
7 1358
7 1358
7 1358
7 1358
7 1358
7 1358
7 858
7 858
7 858
7 858
7 858
7 858
7 858
7 858
7 858
7 858
7 858
7 858
7 858
7 858
7 858
7 858
7 858
7 858
7 858
7 858
7 858
78 665
78 665
78 665
78 665
78 665
78 665
78 665
78 665
78 665
78 665
78 665
78 665
78 665
78 665
24 1222
24 1222
24 1222
24 1222
24 1222
24 1222
24 1222
24 1222
24 1222
24 1222
24 1222
24 1222
24 1222
17 1295
17 1295
17 1295
17 1295
17 1295
17 1295
17 1295
17 1295
17 1295
17 1295
17 1295
17 1295
17 1295
17 1295
17 1295
17 1295
17 1295
17 1295
17 1295
17 1295
17 1295
17 1295
17 1295
17 1295
17 1295
17 1295
17 1295
17 1295
17 1295
20 1265
20 1265
20 1265
20 1265
20 1265
20 1265
20 1265
20 1265
20 1265
20 1265
20 1265
20 1265
102 584
102 584
102 584
102 584
102 584
102 584
106 567
106 567
106 567
106 567
106 567
95 757
95 757
95 757
95 757
95 757
95 757
95 757
95 757
95 757
95 757
95 757
20 621
20 621
20 621
20 621
20 621
20 621
20 621
20 621
20 621
20 621
20 621
20 621
17 676
17 676
17 676
17 676
17 676
17 676
17 676
17 676
17 676
17 676
17 676
17 676
17 676
17 676
17 676
17 676
17 676
17 676
17 676
17 676
17 676
17 676
17 676
17 676
17 676
17 676
17 676
17 676
17 676
50 916
50 916
50 916
50 916
50 916
50 916
50 916
70 717
70 717
70 717
70 717
70 717
70 717
70 717
70 717
70 717
70 717
70 717
70 717
70 717
70 717
70 717
70 717
70 717
70 717
70 717
70 717
70 717
70 717
70 717
70 717
70 717
70 717
55 868
55 868
55 868
55 868
55 868
55 868
55 868
55 868
55 868
55 868
55 868
55 868
55 868
55 868
55 868
55 868
55 868
55 868
55 868
55 868
55 868
55 868
55 868
55 868
55 868
55 868
55 868
55 868
24 680
24 680
24 680
24 680
24 680
24 680
24 680
24 680
24 680
24 680
24 680
24 680
24 680
7 861
7 861
7 861
7 861
7 861
7 861
7 861
7 861
7 861
7 861
7 861
7 861
7 861
7 861
7 861
7 861
7 861
7 861
7 861
7 861
7 861
58 861
58 861
58 861
58 861
58 861
58 861
58 861
58 861
58 861
33 662
33 662
33 662
33 662
107 925
107 925
107 925
107 925
107 925
107 925
107 925
107 925
107 925
107 925
107 925
107 925
107 925
107 925
107 925
107 925
107 925
107 925
107 925
107 925
107 925
107 925
13 892
13 892
13 892
13 892
13 892
13 892
13 892
13 892
13 892
13 892
13 892
13 892
13 892
13 892
13 892
13 892
35 672
35 672
35 672
38 777
23 945
23 945
23 945
23 945
23 945
23 945
23 945
23 945
78 1016
78 1016
78 1016
78 1016
78 1016
78 1016
78 1016
78 1016
78 1016
78 1016
78 1016
78 1016
78 1016
78 1016
106 845
106 845
106 845
106 845
106 845
88 1546
88 1546
88 1546
88 1546
88 1546
88 1546
88 1546
88 1546
88 1546
88 1546
88 1546
88 1546
88 1546
88 1546
88 1546
88 1546
88 1546
88 1546
88 1546
88 1546
88 1546
88 1546
88 1546
88 1546
88 1546
88 1546
88 1546
88 1546
88 1546
88 1546
88 1070
88 1070
88 1070
88 1070
88 1070
88 1070
88 1070
88 1070
88 1070
88 1070
88 1070
88 1070
88 1070
88 1070
88 1070
88 1070
88 1070
88 1070
88 1070
88 1070
88 1070
88 1070
88 1070
88 1070
88 1070
88 1070
88 1070
88 1070
88 1070
88 1070
102 1014
102 1014
102 1014
102 1014
102 1014
102 1014
17 955
17 955
17 955
17 955
17 955
17 955
17 955
17 955
17 955
17 955
17 955
17 955
17 955
17 955
17 955
17 955
17 955
17 955
17 955
17 955
17 955
17 955
17 955
17 955
17 955
17 955
17 955
17 955
17 955
20 935
20 935
20 935
20 935
20 935
20 935
20 935
20 935
20 935
20 935
20 935
20 935
70 940
70 940
70 940
70 940
70 940
70 940
70 940
70 940
70 940
70 940
70 940
70 940
70 940
70 940
70 940
70 940
70 940
70 940
70 940
70 940
70 940
70 940
70 940
70 940
70 940
70 940
95 1190
95 1190
95 1190
95 1190
95 1190
95 1190
95 1190
95 1190
95 1190
95 1190
95 1190
50 1144
50 1144
50 1144
50 1144
50 1144
50 1144
50 1144
24 964
24 964
24 964
24 964
24 964
24 964
24 964
24 964
24 964
24 964
24 964
24 964
24 964
7 1192
7 1192
7 1192
7 1192
7 1192
7 1192
7 1192
7 1192
7 1192
7 1192
7 1192
7 1192
7 1192
7 1192
7 1192
7 1192
7 1192
7 1192
7 1192
7 1192
7 1192
55 1276
55 1276
55 1276
55 1276
55 1276
55 1276
55 1276
55 1276
55 1276
55 1276
55 1276
55 1276
55 1276
55 1276
55 1276
55 1276
55 1276
55 1276
55 1276
55 1276
55 1276
55 1276
55 1276
55 1276
55 1276
55 1276
55 1276
55 1276
58 1265
58 1265
58 1265
58 1265
58 1265
58 1265
58 1265
58 1265
58 1265
107 1295
107 1295
107 1295
107 1295
107 1295
107 1295
107 1295
107 1295
107 1295
107 1295
107 1295
107 1295
107 1295
107 1295
107 1295
107 1295
107 1295
107 1295
107 1295
107 1295
107 1295
107 1295
35 1030
35 1030
35 1030
33 1055
33 1055
33 1055
33 1055
38 1031
13 1299
13 1299
13 1299
13 1299
13 1299
13 1299
13 1299
13 1299
13 1299
13 1299
13 1299
13 1299
13 1299
13 1299
13 1299
13 1299
23 1357
23 1357
23 1357
23 1357
23 1357
23 1357
23 1357
23 1357
102 1155
102 1155
102 1155
102 1155
102 1155
102 1155
78 1410
78 1410
78 1410
78 1410
78 1410
78 1410
78 1410
78 1410
78 1410
78 1410
78 1410
78 1410
78 1410
78 1410
106 1162
106 1162
106 1162
106 1162
106 1162
88 1463
88 1463
88 1463
88 1463
88 1463
88 1463
88 1463
88 1463
88 1463
88 1463
88 1463
88 1463
88 1463
88 1463
88 1463
88 1463
88 1463
88 1463
88 1463
88 1463
88 1463
88 1463
88 1463
88 1463
88 1463
88 1463
88 1463
88 1463
88 1463
88 1463
17 1241
17 1241
17 1241
17 1241
17 1241
17 1241
17 1241
17 1241
17 1241
17 1241
17 1241
17 1241
17 1241
17 1241
17 1241
17 1241
17 1241
17 1241
17 1241
17 1241
17 1241
17 1241
17 1241
17 1241
17 1241
17 1241
17 1241
17 1241
17 1241
98 2476
98 2476
98 1977
98 1977
98 1477
98 1477
20 1258
20 1258
20 1258
20 1258
20 1258
20 1258
20 1258
20 1258
20 1258
20 1258
20 1258
20 1258
95 1537
95 1537
95 1537
95 1537
95 1537
95 1537
95 1537
95 1537
95 1537
95 1537
95 1537
50 1596
50 1596
50 1596
50 1596
50 1596
50 1596
50 1596
24 1422
24 1422
24 1422
24 1422
24 1422
24 1422
24 1422
24 1422
24 1422
24 1422
24 1422
24 1422
24 1422
70 1465
70 1465
70 1465
70 1465
70 1465
70 1465
70 1465
70 1465
70 1465
70 1465
70 1465
70 1465
70 1465
70 1465
70 1465
70 1465
70 1465
70 1465
70 1465
70 1465
70 1465
70 1465
70 1465
70 1465
70 1465
70 1465
55 1628
55 1628
55 1628
55 1628
55 1628
55 1628
55 1628
55 1628
55 1628
55 1628
55 1628
55 1628
55 1628
55 1628
55 1628
55 1628
55 1628
55 1628
55 1628
55 1628
55 1628
55 1628
55 1628
55 1628
55 1628
55 1628
55 1628
55 1628
107 1710
107 1710
107 1710
107 1710
107 1710
107 1710
107 1710
107 1710
107 1710
107 1710
107 1710
107 1710
107 1710
107 1710
107 1710
107 1710
107 1710
107 1710
107 1710
107 1710
107 1710
107 1710
58 1709
58 1709
58 1709
58 1709
58 1709
58 1709
58 1709
58 1709
58 1709
7 1731
7 1731
7 1731
7 1731
7 1731
7 1731
7 1731
7 1731
7 1731
7 1731
7 1731
7 1731
7 1731
7 1731
7 1731
7 1731
7 1731
7 1731
7 1731
7 1731
7 1731
33 1482
33 1482
33 1482
33 1482
74 2074
74 2074
74 2074
74 2074
74 2074
74 2074
74 2074
74 2074
74 2074
74 2074
74 2074
74 2074
74 2074
74 2074
74 2074
13 1708
13 1708
13 1708
13 1708
13 1708
13 1708
13 1708
13 1708
13 1708
13 1708
13 1708
13 1708
13 1708
13 1708
13 1708
13 1708
35 1507
35 1507
35 1507
73 2159
73 2159
73 2159
73 2159
73 2159
73 2159
73 2159
73 2159
73 2159
73 2159
38 1511
39 3558
39 3558
39 3558
39 3558
39 3558
39 3558
39 3558
39 3558
39 3558
39 3558
39 3558
39 3558
39 3558
39 3558
39 3558
39 3558
39 3558
39 3558
39 3558
39 3558
39 3558
39 3558
39 3558
39 3558
23 1756
23 1756
23 1756
23 1756
23 1756
23 1756
23 1756
23 1756
98 1598
98 1598
102 1596
102 1596
102 1596
102 1596
102 1596
102 1596
106 1583
106 1583
106 1583
106 1583
106 1583
78 1943
78 1943
78 1943
78 1943
78 1943
78 1943
78 1943
78 1943
78 1943
78 1943
78 1943
78 1943
78 1943
78 1943
88 1894
88 1894
88 1894
88 1894
88 1894
88 1894
88 1894
88 1894
88 1894
88 1894
88 1894
88 1894
88 1894
88 1894
88 1894
88 1894
88 1894
88 1894
88 1894
88 1894
88 1894
88 1894
88 1894
88 1894
88 1894
88 1894
88 1894
88 1894
88 1894
88 1894
41 2469
41 2469
41 2469
41 2469
41 2469
41 2469
41 2469
41 2469
41 2469
41 2469
41 2469
41 2469
41 2469
41 2469
41 2469
41 2469
41 2469
41 2469
41 2469
41 2469
95 1946
95 1946
95 1946
95 1946
95 1946
95 1946
95 1946
95 1946
95 1946
95 1946
95 1946
70 1714
70 1714
70 1714
70 1714
70 1714
70 1714
70 1714
70 1714
70 1714
70 1714
70 1714
70 1714
70 1714
70 1714
70 1714
70 1714
70 1714
70 1714
70 1714
70 1714
70 1714
70 1714
70 1714
70 1714
70 1714
70 1714
50 1969
50 1969
50 1969
50 1969
50 1969
50 1969
50 1969
55 1978
55 1978
55 1978
55 1978
55 1978
55 1978
55 1978
55 1978
55 1978
55 1978
55 1978
55 1978
55 1978
55 1978
55 1978
55 1978
55 1978
55 1978
55 1978
55 1978
55 1978
55 1978
55 1978
55 1978
55 1978
55 1978
55 1978
55 1978
107 2008
107 2008
107 2008
107 2008
107 2008
107 2008
107 2008
107 2008
107 2008
107 2008
107 2008
107 2008
107 2008
107 2008
107 2008
107 2008
107 2008
107 2008
107 2008
107 2008
107 2008
107 2008
73 2395
73 2395
73 2395
73 2395
73 2395
73 2395
73 2395
73 2395
73 2395
73 2395
98 1878
98 1878
102 1903
102 1903
102 1903
102 1903
102 1903
102 1903
106 1943
106 1943
106 1943
106 1943
106 1943
