1 3 2
2 2 1
3 3 2
4 2 1
5 4 3
6 4 3
7 3 2
8 1 2
9 3 2
10 1 2
11 1 1
12 1 1
13 2 1
14 1 1
15 4 3
16 1 1
17 2 1
18 2 1
19 2 1
20 1 1
21 4 3
22 4 3
23 4 3
24 4 3
25 2 1
26 4 3
27 3 1
28 1 1
29 1 1
30 2 1
31 4 3
32 2 1
33 4 3
34 4 3
35 2 1
36 1 1
37 4 3
38 4 3
39 3 1
40 1 1
41 2 1
42 4 3
43 4 3
44 3 1
45 1 2
46 3 2
47 3 2
48 2 1
49 2 1
50 2 1
51 1 2
52 3 2
53 2 1
54 4 3
55 3 2
56 1 2
57 4 3
58 1 2
59 2 1
60 3 2
61 3 2
62 3 2
63 3 2
64 2 1
65 1 2
66 1 2
67 3 2
68 3 2
69 4 3
70 4 3
71 4 3
72 2 1
73 1 2
74 2 1
75 3 1
76 3 1
77 4 3
78 2 1
79 3 1
80 1 1
81 1 1
82 3 1
83 4 3
84 4 3
85 3 1
86 2 1
87 3 1
88 3 1
89 1 1
90 3 1
91 1 2
92 4 3
93 1 2
94 4 3
95 3 2
96 3 2
97 3 2
98 1 2
99 1 2
100 4 3
