1 3 2 84.0157 -2.28495
2 2 1 -18.8956 -26.3397
3 3 3 -11.2708 -79.7702
4 2 1 -8.8741 39.8172
5 4 2 -12.727 84.9135
6 4 2 -61.3945 -35.6677
7 3 1 -19.738 45.5723
8 1 3 -57.7183 -91.0689
9 3 1 -69.8518 -88.1232
10 1 2 41.0711 -67.6445
11 1 1 99.2656 -80.7642
12 1 3 42.2594 0.389352
13 2 3 -46.3976 -89.0354
14 1 1 -58.8912 -17.4379
15 4 2 -55.8895 10.0225
16 1 3 -82.4696 -2.03616
17 2 2 -74.1089 36.6565
18 2 3 -81.1975 39.1447
19 2 3 -75.8041 59.1062
20 1 3 -52.252 -0.160427
21 4 2 -25.488 -39.5758
22 4 3 -32.1406 -41.0937
23 4 2 53.3235 -98.9636
24 4 1 -62.1524 82.7639
25 2 1 23.1993 -66.1985
26 4 2 81.6032 -13.411
27 3 1 32.9055 -45.1756
28 1 1 63.2396 75.4833
29 1 3 7.3193 27.4898
30 2 2 94.3331 7.94273
31 4 1 20.4767 -80.008
32 2 2 -42.4437 66.4582
33 4 1 45.3656 99.766
34 4 3 26.9991 -18.9238
35 2 2 49.9835 -30.1206
36 1 2 81.6075 53.9386
37 4 3 70.0736 28.6973
38 4 2 -37.8857 -5.83866
39 3 2 -63.8744 64.5764
40 1 2 -8.48215 10.2035
41 2 1 -44.67 -47.9789
42 4 2 91.6615 83.7219
43 4 3 -32.998 -90.246
44 3 3 27.8385 46.7109
45 1 2 -2.24478 -48.1142
46 3 3 -8.51374 94.909
47 3 1 -67.074 -33.2171
48 2 3 -68.7976 -18.671
49 2 1 -93.5408 -9.67116
50 2 1 -61.0807 -81.2989
51 1 1 -89.0165 -5.24325
52 3 3 5.81169 -1.47632
53 2 1 -20.8973 20.3049
54 4 2 69.2815 29.6411
55 3 1 -65.5001 -9.51115
56 1 2 -23.0928 55.7213
57 4 2 -63.6187 9.23777
58 1 1 -48.5658 73.836
59 2 3 99.0331 -99.7639
60 3 3 -56.438 -95.5646
61 3 2 40.0921 -38.8063
62 3 2 -25.1659 -41.1317
63 3 3 49.2871 -60.9047
64 2 1 51.5224 30.1969
65 1 3 27.6566 -93.628
66 1 3 30.1147 66.4602
67 3 1 -88.4466 -80.9992
68 3 1 -13.4126 -49.8221
69 4 2 -93.457 67.7417
70 4 3 27.1069 -16.1157
71 4 1 35.9114 73.8824
72 2 2 -77.0743 6.51306
73 1 2 98.6659 4.13704
74 2 2 36.0821 33.9017
75 3 2 -92.5702 89.7344
76 3 3 98.3789 -50.4559
77 4 2 -77.0442 67.6751
78 2 3 77.1585 0.695707
79 3 3 -9.17655 -15.4098
80 1 1 -87.8729 69.3715
81 1 2 48.7827 38.4053
82 3 3 -38.5524 -70.7929
83 4 1 61.5716 70.0111
84 4 3 74.1358 -43.0009
85 3 3 -90.9578 -50.6076
86 2 1 -50.9331 -4.5048
87 3 3 -42.767 32.5165
88 3 1 16.5689 86.4626
89 1 1 -0.0853338 25.8474
90 3 1 16.2994 -6.08419
91 1 1 36.814 -5.09488
92 4 1 80.4109 -44.0285
93 1 1 17.4099 -75.6776
94 4 1 92.918 20.0766
95 3 1 -45.2683 32.8003
96 3 1 -63.1359 89.3375
97 3 1 75.8992 -92.4191
98 1 1 31.884 -80.8992
99 1 1 13.8839 -84.3096
100 4 1 67.6621 76.2783
