6 144
6 144
6 144
6 144
6 144
6 144
6 144
6 144
6 144
6 144
6 144
6 144
6 144
6 144
17 39
17 39
17 39
17 39
17 39
17 39
17 39
17 39
17 39
17 39
17 39
17 39
17 39
17 39
17 39
16 57
16 57
16 57
16 57
16 57
16 57
16 57
16 57
16 57
16 57
16 57
16 57
16 57
16 57
16 57
16 57
16 57
16 57
4 186
4 186
4 186
4 186
4 186
4 186
4 186
4 186
4 186
4 186
9 149
9 149
9 149
9 149
9 149
32 46
32 46
32 46
32 46
32 46
32 46
32 46
32 46
32 46
30 72
30 72
30 72
30 72
30 72
30 72
30 72
30 72
30 72
30 72
30 72
4 104
4 104
4 104
4 104
4 104
4 104
4 104
4 104
4 104
4 104
34 314
34 314
34 314
34 314
34 314
34 314
34 314
34 314
34 314
34 314
34 314
34 314
34 314
34 314
34 314
34 314
34 314
45 207
45 207
45 207
45 207
45 207
45 207
45 207
45 207
45 207
45 207
45 207
45 207
45 207
45 207
45 207
45 207
45 207
45 207
45 207
45 207
48 221
48 221
48 221
48 221
48 221
48 221
48 221
48 221
59 126
59 126
59 126
59 126
59 126
59 126
59 126
59 126
59 126
59 126
59 126
59 126
59 126
6 169
6 169
6 169
6 169
6 169
6 169
6 169
6 169
6 169
6 169
6 169
6 169
6 169
6 169
62 162
62 162
62 162
62 162
62 162
62 162
62 162
70 193
70 193
70 193
9 307
9 307
9 307
9 307
9 307
17 235
17 235
17 235
17 235
17 235
17 235
17 235
17 235
17 235
17 235
17 235
17 235
17 235
17 235
17 235
72 194
72 194
72 194
72 194
72 194
72 194
72 194
72 194
72 194
72 194
72 194
72 194
72 194
72 194
72 194
72 194
16 264
16 264
16 264
16 264
16 264
16 264
16 264
16 264
16 264
16 264
16 264
16 264
16 264
16 264
16 264
16 264
16 264
16 264
73 206
73 206
73 206
73 206
73 206
73 206
73 206
73 206
73 206
73 206
73 206
73 206
34 237
34 237
34 237
34 237
34 237
34 237
34 237
34 237
34 237
34 237
34 237
34 237
34 237
34 237
34 237
34 237
34 237
32 276
32 276
32 276
32 276
32 276
32 276
32 276
32 276
32 276
30 324
30 324
30 324
30 324
30 324
30 324
30 324
30 324
30 324
30 324
30 324
4 186
4 186
4 186
4 186
4 186
4 186
4 186
4 186
4 186
4 186
45 276
45 276
45 276
45 276
45 276
45 276
45 276
45 276
45 276
45 276
45 276
45 276
45 276
45 276
45 276
45 276
45 276
45 276
45 276
45 276
46 275
46 275
48 328
48 328
48 328
48 328
48 328
48 328
48 328
48 328
9 231
9 231
9 231
9 231
9 231
59 252
59 252
59 252
59 252
59 252
59 252
59 252
59 252
59 252
59 252
59 252
59 252
59 252
16 273
16 273
16 273
16 273
16 273
16 273
16 273
16 273
16 273
16 273
16 273
16 273
16 273
16 273
16 273
16 273
16 273
16 273
62 322
62 322
62 322
62 322
62 322
62 322
62 322
17 403
17 403
17 403
17 403
17 403
17 403
17 403
17 403
17 403
17 403
17 403
17 403
17 403
17 403
17 403
70 378
70 378
70 378
32 262
32 262
32 262
32 262
32 262
32 262
32 262
32 262
32 262
72 381
72 381
72 381
72 381
72 381
72 381
72 381
72 381
72 381
72 381
72 381
72 381
72 381
72 381
72 381
72 381
73 395
73 395
73 395
73 395
73 395
73 395
73 395
73 395
73 395
73 395
73 395
73 395
58 1063
58 564
54 1104
54 1104
54 1104
54 1104
54 1104
54 1104
54 604
54 604
54 604
54 604
54 604
54 604
44 1205
44 1205
44 1205
44 1205
44 1205
44 1205
44 1205
44 1205
44 1205
44 1205
44 1205
44 1205
44 1205
44 1205
44 1205
44 1205
44 1205
44 1205
44 1205
44 705
44 705
44 705
44 705
44 705
44 705
44 705
44 705
44 705
44 705
44 705
44 705
44 705
44 705
44 705
44 705
44 705
44 705
44 705
30 388
30 388
30 388
30 388
30 388
30 388
30 388
30 388
30 388
30 388
30 388
34 415
34 415
34 415
34 415
34 415
34 415
34 415
34 415
34 415
34 415
34 415
34 415
34 415
34 415
34 415
34 415
34 415
44 456
44 456
44 456
44 456
44 456
44 456
44 456
44 456
44 456
44 456
44 456
44 456
44 456
44 456
44 456
44 456
44 456
44 456
44 456
45 448
45 448
45 448
45 448
45 448
45 448
45 448
45 448
45 448
45 448
45 448
45 448
45 448
45 448
45 448
45 448
45 448
45 448
45 448
45 448
48 425
48 425
48 425
48 425
48 425
48 425
48 425
48 425
46 449
46 449
54 485
54 485
54 485
54 485
54 485
54 485
4 485
4 485
4 485
4 485
4 485
4 485
4 485
4 485
4 485
4 485
16 372
16 372
16 372
16 372
16 372
16 372
16 372
16 372
16 372
16 372
16 372
16 372
16 372
16 372
16 372
16 372
16 372
16 372
17 369
17 369
17 369
17 369
17 369
17 369
17 369
17 369
17 369
17 369
17 369
17 369
17 369
17 369
17 369
58 507
26 1871
26 1871
26 1871
26 1871
26 1372
26 1372
26 1372
26 1372
26 878
26 878
26 878
26 878
62 518
62 518
62 518
62 518
62 518
62 518
62 518
30 342
30 342
30 342
30 342
30 342
30 342
30 342
30 342
30 342
30 342
30 342
9 557
9 557
9 557
9 557
9 557
70 525
70 525
70 525
72 537
72 537
72 537
72 537
72 537
72 537
72 537
72 537
72 537
72 537
72 537
72 537
72 537
72 537
72 537
72 537
73 532
73 532
73 532
73 532
73 532
73 532
73 532
73 532
73 532
73 532
73 532
73 532
6 754
6 754
6 754
6 754
6 754
6 754
6 754
6 754
6 754
6 754
6 754
6 754
6 754
6 754
32 510
32 510
32 510
32 510
32 510
32 510
32 510
32 510
32 510
48 404
48 404
48 404
48 404
48 404
48 404
48 404
48 404
34 554
34 554
34 554
34 554
34 554
34 554
34 554
34 554
34 554
34 554
34 554
34 554
34 554
34 554
34 554
34 554
34 554
4 357
4 357
4 357
4 357
4 357
4 357
4 357
4 357
4 357
4 357
9 379
9 379
9 379
9 379
9 379
44 607
44 607
44 607
44 607
44 607
44 607
44 607
44 607
44 607
44 607
44 607
44 607
44 607
44 607
44 607
44 607
44 607
44 607
44 607
45 608
45 608
45 608
45 608
45 608
45 608
45 608
45 608
45 608
45 608
45 608
45 608
45 608
45 608
45 608
45 608
45 608
45 608
45 608
45 608
16 415
16 415
16 415
16 415
16 415
16 415
16 415
16 415
16 415
16 415
16 415
16 415
16 415
16 415
16 415
16 415
16 415
16 415
46 617
46 617
26 382
26 382
26 382
26 382
54 622
54 622
54 622
54 622
54 622
54 622
58 620
62 656
62 656
62 656
62 656
62 656
62 656
62 656
70 683
70 683
70 683
32 583
32 583
32 583
32 583
32 583
32 583
32 583
32 583
32 583
30 603
30 603
30 603
30 603
30 603
30 603
30 603
30 603
30 603
30 603
30 603
6 844
6 844
6 844
6 844
6 844
6 844
6 844
6 844
6 844
6 844
6 844
6 844
6 844
6 844
72 721
72 721
72 721
72 721
72 721
72 721
72 721
72 721
72 721
72 721
72 721
72 721
72 721
72 721
72 721
72 721
73 719
73 719
73 719
73 719
73 719
73 719
73 719
73 719
73 719
73 719
73 719
73 719
9 416
9 416
9 416
9 416
9 416
48 565
48 565
48 565
48 565
48 565
48 565
48 565
48 565
59 981
59 981
59 981
59 981
59 981
59 981
59 981
59 981
59 981
59 981
59 981
59 981
59 981
34 734
34 734
34 734
34 734
34 734
34 734
34 734
34 734
34 734
34 734
34 734
34 734
34 734
34 734
34 734
34 734
34 734
6 540
6 540
6 540
6 540
6 540
6 540
6 540
6 540
6 540
6 540
6 540
6 540
6 540
6 540
4 635
4 635
4 635
4 635
4 635
4 635
4 635
4 635
4 635
4 635
16 546
16 546
16 546
16 546
16 546
16 546
16 546
16 546
16 546
16 546
16 546
16 546
16 546
16 546
16 546
16 546
16 546
16 546
45 759
45 759
45 759
45 759
45 759
45 759
45 759
45 759
45 759
45 759
45 759
45 759
45 759
45 759
45 759
45 759
45 759
45 759
45 759
45 759
46 767
46 767
44 789
44 789
44 789
44 789
44 789
44 789
44 789
44 789
44 789
44 789
44 789
44 789
44 789
44 789
44 789
44 789
44 789
44 789
44 789
26 505
26 505
26 505
26 505
30 488
30 488
30 488
30 488
30 488
30 488
30 488
30 488
30 488
30 488
30 488
54 783
54 783
54 783
54 783
54 783
54 783
17 683
17 683
17 683
17 683
17 683
17 683
17 683
17 683
17 683
17 683
17 683
17 683
17 683
17 683
17 683
59 764
59 764
59 764
59 764
59 764
59 764
59 764
59 764
59 764
59 764
59 764
59 764
59 764
58 804
62 809
62 809
62 809
62 809
62 809
62 809
62 809
32 632
32 632
32 632
32 632
32 632
32 632
32 632
32 632
32 632
70 827
70 827
70 827
72 826
72 826
72 826
72 826
72 826
72 826
72 826
72 826
72 826
72 826
72 826
72 826
72 826
72 826
72 826
72 826
73 830
73 830
73 830
73 830
73 830
73 830
73 830
73 830
73 830
73 830
73 830
73 830
4 526
4 526
4 526
4 526
4 526
4 526
4 526
4 526
4 526
4 526
48 603
48 603
48 603
48 603
48 603
48 603
48 603
48 603
9 534
9 534
9 534
9 534
9 534
34 861
34 861
34 861
34 861
34 861
34 861
34 861
34 861
34 861
34 861
34 861
34 861
34 861
34 861
34 861
34 861
34 861
16 660
16 660
16 660
16 660
16 660
16 660
16 660
16 660
16 660
16 660
16 660
16 660
16 660
16 660
16 660
16 660
16 660
16 660
26 561
26 561
26 561
26 561
44 890
44 890
44 890
44 890
44 890
44 890
44 890
44 890
44 890
44 890
44 890
44 890
44 890
44 890
44 890
44 890
44 890
44 890
44 890
45 902
45 902
45 902
45 902
45 902
45 902
45 902
45 902
45 902
45 902
45 902
45 902
45 902
45 902
45 902
45 902
45 902
45 902
45 902
45 902
46 901
46 901
6 902
6 902
6 902
6 902
6 902
6 902
6 902
6 902
6 902
6 902
6 902
6 902
6 902
6 902
54 922
54 922
54 922
54 922
54 922
54 922
58 917
17 845
17 845
17 845
17 845
17 845
17 845
17 845
17 845
17 845
17 845
17 845
17 845
17 845
17 845
17 845
62 925
62 925
62 925
62 925
62 925
62 925
62 925
70 936
70 936
70 936
30 842
30 842
30 842
30 842
30 842
30 842
30 842
30 842
30 842
30 842
30 842
72 938
72 938
72 938
72 938
72 938
72 938
72 938
72 938
72 938
72 938
72 938
72 938
72 938
72 938
72 938
72 938
73 948
73 948
73 948
73 948
73 948
73 948
73 948
73 948
73 948
73 948
73 948
73 948
32 872
32 872
32 872
32 872
32 872
32 872
32 872
32 872
32 872
48 897
48 897
48 897
48 897
48 897
48 897
48 897
48 897
59 874
59 874
59 874
59 874
59 874
59 874
59 874
59 874
59 874
59 874
59 874
59 874
59 874
