4 71
4 71
4 71
4 71
4 71
4 71
4 71
4 71
4 71
4 71
4 71
4 71
4 71
5 61
5 61
5 61
5 61
5 61
5 61
5 61
5 61
5 61
5 61
5 61
14 47
14 47
14 47
14 47
14 47
16 48
16 48
16 48
16 48
16 48
16 48
16 48
16 48
16 48
16 48
16 48
16 48
16 48
16 48
16 48
16 48
16 48
20 37
20 37
20 37
20 37
20 37
20 37
20 37
20 37
20 37
20 37
22 28
22 28
22 28
22 28
22 28
22 28
22 28
22 28
4 54
4 54
4 54
4 54
4 54
4 54
4 54
4 54
4 54
4 54
4 54
4 54
4 54
5 46
5 46
5 46
5 46
5 46
5 46
5 46
5 46
5 46
5 46
5 46
14 48
14 48
14 48
14 48
14 48
16 53
16 53
16 53
16 53
16 53
16 53
16 53
16 53
16 53
16 53
16 53
16 53
16 53
16 53
16 53
16 53
16 53
20 78
20 78
20 78
20 78
20 78
20 78
20 78
20 78
20 78
20 78
68 141
68 141
68 141
68 141
68 141
68 141
68 141
68 141
68 141
68 141
68 141
68 141
22 103
22 103
22 103
22 103
22 103
22 103
22 103
22 103
25 850
25 850
25 850
25 850
25 850
25 850
25 850
25 850
25 850
25 850
25 850
25 850
25 850
25 850
25 850
25 850
25 850
25 850
25 850
25 350
25 350
25 350
25 350
25 350
25 350
25 350
25 350
25 350
25 350
25 350
25 350
25 350
25 350
25 350
25 350
25 350
25 350
25 350
8 1021
8 1021
8 1021
8 1021
8 1021
8 1021
8 521
8 521
8 521
8 521
8 521
8 521
6 1041
6 1041
6 1041
6 1041
6 1041
6 1041
6 1041
6 1041
6 1041
6 1041
6 1041
6 1041
6 1041
6 1041
6 1041
6 1041
6 1041
6 1041
6 542
6 542
6 542
6 542
6 542
6 542
6 542
6 542
6 542
6 542
6 542
6 542
6 542
6 542
6 542
6 542
6 542
6 542
4 84
4 84
4 84
4 84
4 84
4 84
4 84
4 84
4 84
4 84
4 84
4 84
4 84
5 93
5 93
5 93
5 93
5 93
5 93
5 93
5 93
5 93
5 93
5 93
6 88
6 88
6 88
6 88
6 88
6 88
6 88
6 88
6 88
6 88
6 88
6 88
6 88
6 88
6 88
6 88
6 88
6 88
8 124
8 124
8 124
8 124
8 124
8 124
14 76
14 76
14 76
14 76
14 76
68 100
68 100
68 100
68 100
68 100
68 100
68 100
68 100
68 100
68 100
68 100
68 100
20 94
20 94
20 94
20 94
20 94
20 94
20 94
20 94
20 94
20 94
22 113
22 113
22 113
22 113
22 113
22 113
22 113
22 113
16 228
16 228
16 228
16 228
16 228
16 228
16 228
16 228
16 228
16 228
16 228
16 228
16 228
16 228
16 228
16 228
16 228
25 148
25 148
25 148
25 148
25 148
25 148
25 148
25 148
25 148
25 148
25 148
25 148
25 148
25 148
25 148
25 148
25 148
25 148
25 148
4 80
4 80
4 80
4 80
4 80
4 80
4 80
4 80
4 80
4 80
4 80
4 80
4 80
5 102
5 102
5 102
5 102
5 102
5 102
5 102
5 102
5 102
5 102
5 102
6 94
6 94
6 94
6 94
6 94
6 94
6 94
6 94
6 94
6 94
6 94
6 94
6 94
6 94
6 94
6 94
6 94
6 94
8 117
8 117
8 117
8 117
8 117
8 117
14 115
14 115
14 115
14 115
14 115
16 102
16 102
16 102
16 102
16 102
16 102
16 102
16 102
16 102
16 102
16 102
16 102
16 102
16 102
16 102
16 102
16 102
68 99
68 99
68 99
68 99
68 99
68 99
68 99
68 99
68 99
68 99
68 99
68 99
20 102
20 102
20 102
20 102
20 102
20 102
20 102
20 102
20 102
20 102
22 100
22 100
22 100
22 100
22 100
22 100
22 100
22 100
25 168
25 168
25 168
25 168
25 168
25 168
25 168
25 168
25 168
25 168
25 168
25 168
25 168
25 168
25 168
25 168
25 168
25 168
25 168
4 226
4 226
4 226
4 226
4 226
4 226
4 226
4 226
4 226
4 226
4 226
4 226
4 226
5 218
5 218
5 218
5 218
5 218
5 218
5 218
5 218
5 218
5 218
5 218
6 208
6 208
6 208
6 208
6 208
6 208
6 208
6 208
6 208
6 208
6 208
6 208
6 208
6 208
6 208
6 208
6 208
6 208
8 190
8 190
8 190
8 190
8 190
8 190
14 177
14 177
14 177
14 177
14 177
16 165
16 165
16 165
16 165
16 165
16 165
16 165
16 165
16 165
16 165
16 165
16 165
16 165
16 165
16 165
16 165
16 165
68 163
68 163
68 163
68 163
68 163
68 163
68 163
68 163
68 163
68 163
68 163
68 163
20 154
20 154
20 154
20 154
20 154
20 154
20 154
20 154
20 154
20 154
22 155
22 155
22 155
22 155
22 155
22 155
22 155
22 155
25 184
25 184
25 184
25 184
25 184
25 184
25 184
25 184
25 184
25 184
25 184
25 184
25 184
25 184
25 184
25 184
25 184
25 184
25 184
4 134
4 134
4 134
4 134
4 134
4 134
4 134
4 134
4 134
4 134
4 134
4 134
4 134
5 128
5 128
5 128
5 128
5 128
5 128
5 128
5 128
5 128
5 128
5 128
6 179
6 179
6 179
6 179
6 179
6 179
6 179
6 179
6 179
6 179
6 179
6 179
6 179
6 179
6 179
6 179
6 179
6 179
8 172
8 172
8 172
8 172
8 172
8 172
14 153
14 153
14 153
14 153
14 153
68 182
68 182
68 182
68 182
68 182
68 182
68 182
68 182
68 182
68 182
68 182
68 182
16 229
16 229
16 229
16 229
16 229
16 229
16 229
16 229
16 229
16 229
16 229
16 229
16 229
16 229
16 229
16 229
16 229
20 191
20 191
20 191
20 191
20 191
20 191
20 191
20 191
20 191
20 191
22 184
22 184
22 184
22 184
22 184
22 184
22 184
22 184
25 190
25 190
25 190
25 190
25 190
25 190
25 190
25 190
25 190
25 190
25 190
25 190
25 190
25 190
25 190
25 190
25 190
25 190
25 190
4 213
4 213
4 213
4 213
4 213
4 213
4 213
4 213
4 213
4 213
4 213
4 213
4 213
5 208
5 208
5 208
5 208
5 208
5 208
5 208
5 208
5 208
5 208
5 208
6 206
6 206
6 206
6 206
6 206
6 206
6 206
6 206
6 206
6 206
6 206
6 206
6 206
6 206
6 206
6 206
6 206
6 206
8 199
8 199
8 199
8 199
8 199
8 199
14 187
14 187
14 187
14 187
14 187
16 219
16 219
16 219
16 219
16 219
16 219
16 219
16 219
16 219
16 219
16 219
16 219
16 219
16 219
16 219
16 219
16 219
68 208
68 208
68 208
68 208
68 208
68 208
68 208
68 208
68 208
68 208
68 208
68 208
20 203
20 203
20 203
20 203
20 203
20 203
20 203
20 203
20 203
20 203
22 193
22 193
22 193
22 193
22 193
22 193
22 193
22 193
25 193
25 193
25 193
25 193
25 193
25 193
25 193
25 193
25 193
25 193
25 193
25 193
25 193
25 193
25 193
25 193
25 193
25 193
25 193
4 211
4 211
4 211
4 211
4 211
4 211
4 211
4 211
4 211
4 211
4 211
4 211
4 211
5 213
5 213
5 213
5 213
5 213
5 213
5 213
5 213
5 213
5 213
5 213
6 214
6 214
6 214
6 214
6 214
6 214
6 214
6 214
6 214
6 214
6 214
6 214
6 214
6 214
6 214
6 214
6 214
6 214
8 203
8 203
8 203
8 203
8 203
8 203
16 194
16 194
16 194
16 194
16 194
16 194
16 194
16 194
16 194
16 194
16 194
16 194
16 194
16 194
16 194
16 194
16 194
14 229
14 229
14 229
14 229
14 229
68 206
68 206
68 206
68 206
68 206
68 206
68 206
68 206
68 206
68 206
68 206
68 206
20 214
20 214
20 214
20 214
20 214
20 214
20 214
20 214
20 214
20 214
22 215
22 215
22 215
22 215
22 215
22 215
22 215
22 215
25 219
25 219
25 219
25 219
25 219
25 219
25 219
25 219
25 219
25 219
25 219
25 219
25 219
25 219
25 219
25 219
25 219
25 219
25 219
68 236
68 236
68 236
68 236
68 236
68 236
68 236
68 236
68 236
68 236
68 236
68 236
