4 67
4 67
4 67
4 67
4 67
4 67
4 67
4 67
4 67
4 67
4 67
4 67
4 67
4 67
4 67
4 67
4 67
4 67
4 67
4 67
4 67
4 67
4 67
4 67
4 67
4 67
4 67
4 67
4 67
6 57
6 57
6 57
6 57
9 113
9 113
9 113
9 113
9 113
9 113
9 113
11 93
11 93
17 36
17 36
17 36
17 36
17 36
17 36
17 36
17 36
17 36
17 36
17 36
17 36
17 36
17 36
17 36
17 36
17 36
17 36
17 36
17 36
17 36
17 36
17 36
17 36
17 36
17 36
17 36
17 36
18 73
18 73
18 73
18 73
18 73
18 73
25 61
25 61
25 61
25 61
25 61
25 61
25 61
25 61
25 61
25 61
25 61
25 61
27 94
27 94
27 94
27 94
27 94
27 94
27 94
27 94
27 94
27 94
27 94
27 94
27 94
27 94
27 94
27 94
27 94
27 94
27 94
27 94
27 94
27 94
27 94
27 94
31 54
31 54
31 54
31 54
31 54
31 54
31 54
31 54
31 54
31 54
31 54
30 72
32 61
32 61
32 61
32 61
32 61
32 61
32 61
32 61
32 61
32 61
32 61
32 61
32 61
32 61
32 61
32 61
32 61
34 71
34 71
34 71
34 71
34 71
34 71
34 71
34 71
34 71
34 71
34 71
34 71
34 71
34 71
34 71
34 71
34 71
34 71
34 71
34 71
34 71
34 71
34 71
34 71
34 71
34 71
34 71
34 71
34 71
34 71
36 68
36 68
36 68
36 68
36 68
36 68
36 68
36 68
36 68
36 68
36 68
36 68
36 68
36 68
36 68
36 68
36 68
36 68
36 68
36 68
36 68
36 68
36 68
36 68
36 68
36 68
13 340
13 340
13 340
13 340
13 340
13 340
13 340
13 340
13 340
13 340
13 340
13 340
13 340
13 340
13 340
13 340
15 320
15 320
15 320
15 320
15 320
15 320
15 320
15 320
15 320
15 320
15 320
15 320
15 320
15 320
15 320
15 320
15 320
15 320
15 320
15 320
15 320
37 118
37 118
37 118
37 118
37 118
37 118
37 118
37 118
37 118
37 118
37 118
37 118
37 118
37 118
37 118
37 118
37 118
37 118
37 118
37 118
37 118
37 118
37 118
37 118
37 118
40 134
40 134
40 134
40 134
40 134
45 124
45 124
45 124
45 124
45 124
45 124
45 124
45 124
45 124
45 124
45 124
45 124
45 124
45 124
45 124
48 206
48 206
48 206
48 206
48 206
48 206
48 206
48 206
48 206
48 206
48 206
48 206
48 206
48 206
48 206
48 206
48 206
48 206
48 206
48 206
48 206
48 206
48 206
48 206
48 206
48 206
48 206
4 167
4 167
4 167
4 167
4 167
4 167
4 167
4 167
4 167
4 167
4 167
4 167
4 167
4 167
4 167
4 167
4 167
4 167
4 167
4 167
4 167
4 167
4 167
4 167
4 167
4 167
4 167
4 167
4 167
9 123
9 123
9 123
9 123
9 123
9 123
9 123
11 108
11 108
6 165
6 165
6 165
6 165
17 136
17 136
17 136
17 136
17 136
17 136
17 136
17 136
17 136
17 136
17 136
17 136
17 136
17 136
17 136
17 136
17 136
17 136
17 136
17 136
17 136
17 136
17 136
17 136
17 136
17 136
17 136
17 136
60 226
60 226
60 226
60 226
60 226
60 226
60 226
60 226
60 226
60 226
60 226
60 226
60 226
60 226
70 134
70 134
70 134
70 134
70 134
70 134
70 134
70 134
70 134
70 134
70 134
70 134
70 134
70 134
70 134
70 134
70 134
70 134
70 134
70 134
70 134
70 134
62 225
62 225
62 225
13 242
13 242
13 242
13 242
13 242
13 242
13 242
13 242
13 242
13 242
13 242
13 242
13 242
13 242
13 242
13 242
59 283
59 283
59 283
59 283
59 283
59 283
59 283
59 283
59 283
59 283
59 283
59 283
59 283
18 197
18 197
18 197
18 197
18 197
18 197
72 181
72 181
72 181
72 181
72 181
72 181
72 181
72 181
72 181
72 181
15 253
15 253
15 253
15 253
15 253
15 253
15 253
15 253
15 253
15 253
15 253
15 253
15 253
15 253
15 253
15 253
15 253
15 253
15 253
15 253
15 253
67 270
67 270
67 270
67 270
67 270
67 270
67 270
67 270
67 270
25 194
25 194
25 194
25 194
25 194
25 194
25 194
25 194
25 194
25 194
25 194
25 194
27 198
27 198
27 198
27 198
27 198
27 198
27 198
27 198
27 198
27 198
27 198
27 198
27 198
27 198
27 198
27 198
27 198
27 198
27 198
27 198
27 198
27 198
27 198
27 198
23 248
23 248
23 248
23 248
23 248
23 248
23 248
23 248
23 248
23 248
23 248
23 248
23 248
23 248
23 248
23 248
23 248
23 248
23 248
31 190
31 190
31 190
31 190
31 190
31 190
31 190
31 190
31 190
31 190
31 190
32 194
32 194
32 194
32 194
32 194
32 194
32 194
32 194
32 194
32 194
32 194
32 194
32 194
32 194
32 194
32 194
32 194
30 220
34 202
34 202
34 202
34 202
34 202
34 202
34 202
34 202
34 202
34 202
34 202
34 202
34 202
34 202
34 202
34 202
34 202
34 202
34 202
34 202
34 202
34 202
34 202
34 202
34 202
34 202
34 202
34 202
34 202
34 202
36 198
36 198
36 198
36 198
36 198
36 198
36 198
36 198
36 198
36 198
36 198
36 198
36 198
36 198
36 198
36 198
36 198
36 198
36 198
36 198
36 198
36 198
36 198
36 198
36 198
36 198
29 297
29 297
29 297
29 297
29 297
29 297
29 297
29 297
29 297
29 297
29 297
29 297
29 297
29 297
29 297
29 297
29 297
29 297
39 702
39 702
39 702
39 702
39 702
39 702
39 702
39 702
39 702
39 702
39 702
39 702
39 702
39 702
39 702
39 702
39 702
39 702
39 702
39 702
45 190
45 190
45 190
45 190
45 190
45 190
45 190
45 190
45 190
45 190
45 190
45 190
45 190
45 190
45 190
24 953
24 953
24 953
24 953
24 953
24 953
24 953
24 953
24 453
24 453
24 453
24 453
24 453
24 453
24 453
24 453
39 316
39 316
39 316
39 316
39 316
39 316
39 316
39 316
39 316
39 316
39 316
39 316
39 316
39 316
39 316
39 316
39 316
39 316
39 316
39 316
37 337
37 337
37 337
37 337
37 337
37 337
37 337
37 337
37 337
37 337
37 337
37 337
37 337
37 337
37 337
37 337
37 337
37 337
37 337
37 337
37 337
37 337
37 337
37 337
37 337
40 325
40 325
40 325
40 325
40 325
48 272
48 272
48 272
48 272
48 272
48 272
48 272
48 272
48 272
48 272
48 272
48 272
48 272
48 272
48 272
48 272
48 272
48 272
48 272
48 272
48 272
48 272
48 272
48 272
48 272
48 272
48 272
9 183
9 183
9 183
9 183
9 183
9 183
9 183
11 243
11 243
4 324
4 324
4 324
4 324
4 324
4 324
4 324
4 324
4 324
4 324
4 324
4 324
4 324
4 324
4 324
4 324
4 324
4 324
4 324
4 324
4 324
4 324
4 324
4 324
4 324
4 324
4 324
4 324
4 324
6 314
6 314
6 314
6 314
59 300
59 300
59 300
59 300
59 300
59 300
59 300
59 300
59 300
59 300
59 300
59 300
59 300
60 336
60 336
60 336
60 336
60 336
60 336
60 336
60 336
60 336
60 336
60 336
60 336
60 336
60 336
17 266
17 266
17 266
17 266
17 266
17 266
17 266
17 266
17 266
17 266
17 266
17 266
17 266
17 266
17 266
17 266
17 266
17 266
17 266
17 266
17 266
17 266
17 266
17 266
17 266
17 266
17 266
17 266
19 1266
19 1266
19 1266
19 1266
19 1266
19 1266
19 1266
19 1266
19 1266
19 1266
19 1266
19 1266
19 1266
19 1266
19 1266
19 1266
19 1266
19 1266
19 1266
19 1266
19 1266
19 1266
19 1266
19 767
19 767
19 767
19 767
19 767
19 767
19 767
19 767
19 767
19 767
19 767
19 767
19 767
19 767
19 767
19 767
19 767
19 767
19 767
19 767
19 767
19 767
19 767
70 289
70 289
70 289
70 289
70 289
70 289
70 289
70 289
70 289
70 289
70 289
70 289
70 289
70 289
70 289
70 289
70 289
70 289
70 289
70 289
70 289
70 289
24 265
24 265
24 265
24 265
24 265
24 265
24 265
24 265
18 328
18 328
18 328
18 328
18 328
18 328
62 402
62 402
62 402
15 407
15 407
15 407
15 407
15 407
15 407
15 407
15 407
15 407
15 407
15 407
15 407
15 407
15 407
15 407
15 407
15 407
15 407
15 407
15 407
15 407
13 429
13 429
13 429
13 429
13 429
13 429
13 429
13 429
13 429
13 429
13 429
13 429
13 429
13 429
13 429
13 429
31 257
31 257
31 257
31 257
31 257
31 257
31 257
31 257
31 257
31 257
31 257
32 262
32 262
32 262
32 262
32 262
32 262
32 262
32 262
32 262
32 262
32 262
32 262
32 262
32 262
32 262
32 262
32 262
34 255
34 255
34 255
34 255
34 255
34 255
34 255
34 255
34 255
34 255
34 255
34 255
34 255
34 255
34 255
34 255
34 255
34 255
34 255
34 255
34 255
34 255
34 255
34 255
34 255
34 255
34 255
34 255
34 255
34 255
72 382
72 382
72 382
72 382
72 382
72 382
72 382
72 382
72 382
72 382
67 454
67 454
67 454
67 454
67 454
67 454
67 454
67 454
67 454
36 283
36 283
36 283
36 283
36 283
36 283
36 283
36 283
36 283
36 283
36 283
36 283
36 283
36 283
36 283
36 283
36 283
36 283
36 283
36 283
36 283
36 283
36 283
36 283
36 283
36 283
19 472
19 472
19 472
19 472
19 472
19 472
19 472
19 472
19 472
19 472
19 472
19 472
19 472
19 472
19 472
19 472
19 472
19 472
19 472
19 472
19 472
19 472
19 472
25 429
25 429
25 429
25 429
25 429
25 429
25 429
25 429
25 429
25 429
25 429
25 429
23 452
23 452
23 452
23 452
23 452
23 452
23 452
23 452
23 452
23 452
23 452
23 452
23 452
23 452
23 452
23 452
23 452
23 452
23 452
27 433
27 433
27 433
27 433
27 433
27 433
27 433
27 433
27 433
27 433
27 433
27 433
27 433
27 433
27 433
27 433
27 433
27 433
27 433
27 433
27 433
27 433
27 433
27 433
45 255
45 255
45 255
45 255
45 255
45 255
45 255
45 255
45 255
45 255
45 255
45 255
45 255
45 255
45 255
30 429
29 447
29 447
29 447
29 447
29 447
29 447
29 447
29 447
29 447
29 447
29 447
29 447
29 447
29 447
29 447
29 447
29 447
29 447
39 410
39 410
39 410
39 410
39 410
39 410
39 410
39 410
39 410
39 410
39 410
39 410
39 410
39 410
39 410
39 410
39 410
39 410
39 410
39 410
37 456
37 456
37 456
37 456
37 456
37 456
37 456
37 456
37 456
37 456
37 456
37 456
37 456
37 456
37 456
37 456
37 456
37 456
37 456
37 456
37 456
37 456
37 456
37 456
37 456
40 486
40 486
40 486
40 486
40 486
9 348
9 348
9 348
9 348
9 348
9 348
9 348
11 336
11 336
4 447
4 447
4 447
4 447
4 447
4 447
4 447
4 447
4 447
4 447
4 447
4 447
4 447
4 447
4 447
4 447
4 447
4 447
4 447
4 447
4 447
4 447
4 447
4 447
4 447
4 447
4 447
4 447
4 447
17 326
17 326
17 326
17 326
17 326
17 326
17 326
17 326
17 326
17 326
17 326
17 326
17 326
17 326
17 326
17 326
17 326
17 326
17 326
17 326
17 326
17 326
17 326
17 326
17 326
17 326
17 326
17 326
70 321
70 321
70 321
70 321
70 321
70 321
70 321
70 321
70 321
70 321
70 321
70 321
70 321
70 321
70 321
70 321
70 321
70 321
70 321
70 321
70 321
70 321
6 479
6 479
6 479
6 479
24 349
24 349
24 349
24 349
24 349
24 349
24 349
24 349
59 538
59 538
59 538
59 538
59 538
59 538
59 538
59 538
59 538
59 538
59 538
59 538
59 538
60 534
60 534
60 534
60 534
60 534
60 534
60 534
60 534
60 534
60 534
60 534
60 534
60 534
60 534
48 660
48 660
48 660
48 660
48 660
48 660
48 660
48 660
48 660
48 660
48 660
48 660
48 660
48 660
48 660
48 660
48 660
48 660
48 660
48 660
48 660
48 660
48 660
48 660
48 660
48 660
48 660
31 337
31 337
31 337
31 337
31 337
31 337
31 337
31 337
31 337
31 337
31 337
62 531
62 531
62 531
13 533
13 533
13 533
13 533
13 533
13 533
13 533
13 533
13 533
13 533
13 533
13 533
13 533
13 533
13 533
13 533
32 344
32 344
32 344
32 344
32 344
32 344
32 344
32 344
32 344
32 344
32 344
32 344
32 344
32 344
32 344
32 344
32 344
15 537
15 537
15 537
15 537
15 537
15 537
15 537
15 537
15 537
15 537
15 537
15 537
15 537
15 537
15 537
15 537
15 537
15 537
15 537
15 537
15 537
34 348
34 348
34 348
34 348
34 348
34 348
34 348
34 348
34 348
34 348
34 348
34 348
34 348
34 348
34 348
34 348
34 348
34 348
34 348
34 348
34 348
34 348
34 348
34 348
34 348
34 348
34 348
34 348
34 348
34 348
67 531
67 531
67 531
67 531
67 531
67 531
67 531
67 531
67 531
18 536
18 536
18 536
18 536
18 536
18 536
19 533
19 533
19 533
19 533
19 533
19 533
19 533
19 533
19 533
19 533
19 533
19 533
19 533
19 533
19 533
19 533
19 533
19 533
19 533
19 533
19 533
19 533
19 533
36 395
36 395
36 395
36 395
36 395
36 395
36 395
36 395
36 395
36 395
36 395
36 395
36 395
36 395
36 395
36 395
36 395
36 395
36 395
36 395
36 395
36 395
36 395
36 395
36 395
36 395
72 561
72 561
72 561
72 561
72 561
72 561
72 561
72 561
72 561
72 561
23 568
23 568
23 568
23 568
23 568
23 568
23 568
23 568
23 568
23 568
23 568
23 568
23 568
23 568
23 568
23 568
23 568
23 568
23 568
29 543
29 543
29 543
29 543
29 543
29 543
29 543
29 543
29 543
29 543
29 543
29 543
29 543
29 543
29 543
29 543
29 543
29 543
25 591
25 591
25 591
25 591
25 591
25 591
25 591
25 591
25 591
25 591
25 591
25 591
45 401
45 401
45 401
45 401
45 401
45 401
45 401
45 401
45 401
45 401
45 401
45 401
45 401
45 401
45 401
27 610
27 610
27 610
27 610
27 610
27 610
27 610
27 610
27 610
27 610
27 610
27 610
27 610
27 610
27 610
27 610
27 610
27 610
27 610
27 610
27 610
27 610
27 610
27 610
30 606
9 406
9 406
9 406
9 406
9 406
9 406
9 406
37 655
37 655
37 655
37 655
37 655
37 655
37 655
37 655
37 655
37 655
37 655
37 655
37 655
37 655
37 655
37 655
37 655
37 655
37 655
37 655
37 655
37 655
37 655
37 655
37 655
11 416
11 416
40 647
40 647
40 647
40 647
40 647
39 659
39 659
39 659
39 659
39 659
39 659
39 659
39 659
39 659
39 659
39 659
39 659
39 659
39 659
39 659
39 659
39 659
39 659
39 659
39 659
17 405
17 405
17 405
17 405
17 405
17 405
17 405
17 405
17 405
17 405
17 405
17 405
17 405
17 405
17 405
17 405
17 405
17 405
17 405
17 405
17 405
17 405
17 405
17 405
17 405
17 405
17 405
17 405
70 439
70 439
70 439
70 439
70 439
70 439
70 439
70 439
70 439
70 439
70 439
70 439
70 439
70 439
70 439
70 439
70 439
70 439
70 439
70 439
70 439
70 439
48 689
48 689
48 689
48 689
48 689
48 689
48 689
48 689
48 689
48 689
48 689
48 689
48 689
48 689
48 689
48 689
48 689
48 689
48 689
48 689
48 689
48 689
48 689
48 689
48 689
48 689
48 689
4 661
4 661
4 661
4 661
4 661
4 661
4 661
4 661
4 661
4 661
4 661
4 661
4 661
4 661
4 661
4 661
4 661
4 661
4 661
4 661
4 661
4 661
4 661
4 661
4 661
4 661
4 661
4 661
4 661
6 651
6 651
6 651
6 651
24 490
24 490
24 490
24 490
24 490
24 490
24 490
24 490
60 644
60 644
60 644
60 644
60 644
60 644
60 644
60 644
60 644
60 644
60 644
60 644
60 644
60 644
62 648
62 648
62 648
31 471
31 471
31 471
31 471
31 471
31 471
31 471
31 471
31 471
31 471
31 471
59 694
59 694
59 694
59 694
59 694
59 694
59 694
59 694
59 694
59 694
59 694
59 694
59 694
32 470
32 470
32 470
32 470
32 470
32 470
32 470
32 470
32 470
32 470
32 470
32 470
32 470
32 470
32 470
32 470
32 470
13 684
13 684
13 684
13 684
13 684
13 684
13 684
13 684
13 684
13 684
13 684
13 684
13 684
13 684
13 684
13 684
34 478
34 478
34 478
34 478
34 478
34 478
34 478
34 478
34 478
34 478
34 478
34 478
34 478
34 478
34 478
34 478
34 478
34 478
34 478
34 478
34 478
34 478
34 478
34 478
34 478
34 478
34 478
34 478
34 478
34 478
36 467
36 467
36 467
36 467
36 467
36 467
36 467
36 467
36 467
36 467
36 467
36 467
36 467
36 467
36 467
36 467
36 467
36 467
36 467
36 467
36 467
36 467
36 467
36 467
36 467
36 467
15 678
15 678
15 678
15 678
15 678
15 678
15 678
15 678
15 678
15 678
15 678
15 678
15 678
15 678
15 678
15 678
15 678
15 678
15 678
15 678
15 678
67 668
67 668
67 668
67 668
67 668
67 668
67 668
67 668
67 668
18 673
18 673
18 673
18 673
18 673
18 673
19 730
19 730
19 730
19 730
19 730
19 730
19 730
19 730
19 730
19 730
19 730
19 730
19 730
19 730
19 730
19 730
19 730
19 730
19 730
19 730
19 730
19 730
19 730
45 491
45 491
45 491
45 491
45 491
45 491
45 491
45 491
45 491
45 491
45 491
45 491
45 491
45 491
45 491
23 758
23 758
23 758
23 758
23 758
23 758
23 758
23 758
23 758
23 758
23 758
23 758
23 758
23 758
23 758
23 758
23 758
23 758
23 758
25 744
25 744
25 744
25 744
25 744
25 744
25 744
25 744
25 744
25 744
25 744
25 744
72 780
72 780
72 780
72 780
72 780
72 780
72 780
72 780
72 780
72 780
27 752
27 752
27 752
27 752
27 752
27 752
27 752
27 752
27 752
27 752
27 752
27 752
27 752
27 752
27 752
27 752
27 752
27 752
27 752
27 752
27 752
27 752
27 752
27 752
29 758
29 758
29 758
29 758
29 758
29 758
29 758
29 758
29 758
29 758
29 758
29 758
29 758
29 758
29 758
29 758
29 758
29 758
30 783
9 515
9 515
9 515
9 515
9 515
9 515
9 515
37 743
37 743
37 743
37 743
37 743
37 743
37 743
37 743
37 743
37 743
37 743
37 743
37 743
37 743
37 743
37 743
37 743
37 743
37 743
37 743
37 743
37 743
37 743
37 743
37 743
11 525
11 525
40 746
40 746
40 746
40 746
40 746
17 525
17 525
17 525
17 525
17 525
17 525
17 525
17 525
17 525
17 525
17 525
17 525
17 525
17 525
17 525
17 525
17 525
17 525
17 525
17 525
17 525
17 525
17 525
17 525
17 525
17 525
17 525
17 525
39 812
39 812
39 812
39 812
39 812
39 812
39 812
39 812
39 812
39 812
39 812
39 812
39 812
39 812
39 812
39 812
39 812
39 812
39 812
39 812
70 532
70 532
70 532
70 532
70 532
70 532
70 532
70 532
70 532
70 532
70 532
70 532
70 532
70 532
70 532
70 532
70 532
70 532
70 532
70 532
70 532
70 532
24 518
24 518
24 518
24 518
24 518
24 518
24 518
24 518
48 845
48 845
48 845
48 845
48 845
48 845
48 845
48 845
48 845
48 845
48 845
48 845
48 845
48 845
48 845
48 845
48 845
48 845
48 845
48 845
48 845
48 845
48 845
48 845
48 845
48 845
48 845
31 521
31 521
31 521
31 521
31 521
31 521
31 521
31 521
31 521
31 521
31 521
32 524
32 524
32 524
32 524
32 524
32 524
32 524
32 524
32 524
32 524
32 524
32 524
32 524
32 524
32 524
32 524
32 524
34 527
34 527
34 527
34 527
34 527
34 527
34 527
34 527
34 527
34 527
34 527
34 527
34 527
34 527
34 527
34 527
34 527
34 527
34 527
34 527
34 527
34 527
34 527
34 527
34 527
34 527
34 527
34 527
34 527
34 527
36 519
36 519
36 519
36 519
36 519
36 519
36 519
36 519
36 519
36 519
36 519
36 519
36 519
36 519
36 519
36 519
36 519
36 519
36 519
36 519
36 519
36 519
36 519
36 519
36 519
36 519
4 844
4 844
4 844
4 844
4 844
4 844
4 844
4 844
4 844
4 844
4 844
4 844
4 844
4 844
4 844
4 844
4 844
4 844
4 844
4 844
4 844
4 844
4 844
4 844
4 844
4 844
4 844
4 844
4 844
60 827
60 827
60 827
60 827
60 827
60 827
60 827
60 827
60 827
60 827
60 827
60 827
60 827
60 827
62 815
62 815
62 815
13 826
13 826
13 826
13 826
13 826
13 826
13 826
13 826
13 826
13 826
13 826
13 826
13 826
13 826
13 826
13 826
15 845
15 845
15 845
15 845
15 845
15 845
15 845
15 845
15 845
15 845
15 845
15 845
15 845
15 845
15 845
15 845
15 845
15 845
15 845
15 845
15 845
67 835
67 835
67 835
67 835
67 835
67 835
67 835
67 835
67 835
59 922
59 922
59 922
59 922
59 922
59 922
59 922
59 922
59 922
59 922
59 922
59 922
59 922
6 958
6 958
6 958
6 958
45 578
45 578
45 578
45 578
45 578
45 578
45 578
45 578
45 578
45 578
45 578
45 578
45 578
45 578
45 578
19 852
19 852
19 852
19 852
19 852
19 852
19 852
19 852
19 852
19 852
19 852
19 852
19 852
19 852
19 852
19 852
19 852
19 852
19 852
19 852
19 852
19 852
19 852
23 832
23 832
23 832
23 832
23 832
23 832
23 832
23 832
23 832
23 832
23 832
23 832
23 832
23 832
23 832
23 832
23 832
23 832
23 832
29 827
29 827
29 827
29 827
29 827
29 827
29 827
29 827
29 827
29 827
29 827
29 827
29 827
29 827
29 827
29 827
29 827
29 827
18 960
18 960
18 960
18 960
18 960
18 960
72 964
72 964
72 964
72 964
72 964
72 964
72 964
72 964
72 964
72 964
9 599
9 599
9 599
9 599
9 599
9 599
9 599
11 590
11 590
25 959
25 959
25 959
25 959
25 959
25 959
25 959
25 959
25 959
25 959
25 959
25 959
37 854
37 854
37 854
37 854
37 854
37 854
37 854
37 854
37 854
37 854
37 854
37 854
37 854
37 854
37 854
37 854
37 854
37 854
37 854
37 854
37 854
37 854
37 854
37 854
37 854
27 956
27 956
27 956
27 956
27 956
27 956
27 956
27 956
27 956
27 956
27 956
27 956
27 956
27 956
27 956
27 956
27 956
27 956
27 956
27 956
27 956
27 956
27 956
27 956
40 840
40 840
40 840
40 840
40 840
30 980
17 618
17 618
17 618
17 618
17 618
17 618
17 618
17 618
17 618
17 618
17 618
17 618
17 618
17 618
17 618
17 618
17 618
17 618
17 618
17 618
17 618
17 618
17 618
17 618
17 618
17 618
17 618
17 618
70 609
70 609
70 609
70 609
70 609
70 609
70 609
70 609
70 609
70 609
70 609
70 609
70 609
70 609
70 609
70 609
70 609
70 609
70 609
70 609
70 609
70 609
24 613
24 613
24 613
24 613
24 613
24 613
24 613
24 613
39 994
39 994
39 994
39 994
39 994
39 994
39 994
39 994
39 994
39 994
39 994
39 994
39 994
39 994
39 994
39 994
39 994
39 994
39 994
39 994
60 886
60 886
60 886
60 886
60 886
60 886
60 886
60 886
60 886
60 886
60 886
60 886
60 886
60 886
31 689
31 689
31 689
31 689
31 689
31 689
31 689
31 689
31 689
31 689
31 689
62 885
62 885
62 885
34 669
34 669
34 669
34 669
34 669
34 669
34 669
34 669
34 669
34 669
34 669
34 669
34 669
34 669
34 669
34 669
34 669
34 669
34 669
34 669
34 669
34 669
34 669
34 669
34 669
34 669
34 669
34 669
34 669
34 669
32 695
32 695
32 695
32 695
32 695
32 695
32 695
32 695
32 695
32 695
32 695
32 695
32 695
32 695
32 695
32 695
32 695
13 885
13 885
13 885
13 885
13 885
13 885
13 885
13 885
13 885
13 885
13 885
13 885
13 885
13 885
13 885
13 885
36 684
36 684
36 684
36 684
36 684
36 684
36 684
36 684
36 684
36 684
36 684
36 684
36 684
36 684
36 684
36 684
36 684
36 684
36 684
36 684
36 684
36 684
36 684
36 684
36 684
36 684
15 919
15 919
15 919
15 919
15 919
15 919
15 919
15 919
15 919
15 919
15 919
15 919
15 919
15 919
15 919
15 919
15 919
15 919
15 919
15 919
15 919
67 914
67 914
67 914
67 914
67 914
67 914
67 914
67 914
67 914
48 1121
48 1121
48 1121
48 1121
48 1121
48 1121
48 1121
48 1121
48 1121
48 1121
48 1121
48 1121
48 1121
48 1121
48 1121
48 1121
48 1121
48 1121
48 1121
48 1121
48 1121
48 1121
48 1121
48 1121
48 1121
48 1121
48 1121
19 911
19 911
19 911
19 911
19 911
19 911
19 911
19 911
19 911
19 911
19 911
19 911
19 911
19 911
19 911
19 911
19 911
19 911
19 911
19 911
19 911
19 911
19 911
23 899
23 899
23 899
23 899
23 899
23 899
23 899
23 899
23 899
23 899
23 899
23 899
23 899
23 899
23 899
23 899
23 899
23 899
23 899
45 684
45 684
45 684
45 684
45 684
45 684
45 684
45 684
45 684
45 684
45 684
45 684
45 684
45 684
45 684
59 1132
59 1132
59 1132
59 1132
59 1132
59 1132
59 1132
59 1132
59 1132
59 1132
59 1132
59 1132
59 1132
29 967
29 967
29 967
29 967
29 967
29 967
29 967
29 967
29 967
29 967
29 967
29 967
29 967
29 967
29 967
29 967
29 967
29 967
72 1174
72 1174
72 1174
72 1174
72 1174
72 1174
72 1174
72 1174
72 1174
72 1174
70 719
70 719
70 719
70 719
70 719
70 719
70 719
70 719
70 719
70 719
70 719
70 719
70 719
70 719
70 719
70 719
70 719
70 719
70 719
70 719
70 719
70 719
