1 3 1 10.3988 23.6873
2 1 3 51.5924 -69.5323
3 2 1 -15.172 -57.7936
4 2 3 19.0618 -30.5212
5 3 1 -76.3202 -58.2829
6 3 1 -29.8821 91.0574
7 4 2 33.8081 -99.7763
8 4 3 23.9237 42.8141
9 2 1 -63.5013 -65.3364
10 3 2 45.9975 -52.5009
11 3 3 -41.9935 38.8706
12 2 1 4.22412 -74.0882
13 3 1 95.5789 24.3101
14 3 2 -98.5306 -92.854
15 4 2 -3.47666 -13.8169
16 1 2 80.5514 4.12384
17 3 1 29.9282 -19.6991
18 4 2 84.858 -47.1592
19 2 2 5.72839 73.1903
20 1 3 -94.1138 34.2519
21 1 1 -8.91129 -65.4705
22 3 1 -68.8921 76.7943
23 4 3 -55.4932 -96.3954
24 2 2 -27.9158 95.7757
25 4 1 -33.0068 66.005
26 3 1 -96.8041 78.4913
27 1 3 -64.8072 -20.6553
28 2 1 42.9101 18.1863
29 3 1 13.0362 39.619
30 1 3 -96.3228 -73.9199
31 4 3 -4.03092 -19.6356
32 4 2 -69.9711 -94.4122
33 3 2 39.1514 68.5801
34 2 2 67.6187 72.5112
35 4 1 -45.9227 83.0052
36 4 2 -42.9035 -97.5143
37 2 3 41.635 19.5495
38 4 3 48.7634 87.0432
39 3 3 32.7389 34.3366
40 2 2 65.295 -64.5278
41 2 2 -71.9596 66.14
42 3 1 -6.37595 9.99097
43 3 3 68.6852 23.6355
44 1 3 76.6555 -27.4503
45 1 1 -58.1753 -2.98556
46 2 2 -24.7336 55.6574
47 3 2 44.2227 50.2678
48 4 1 -64.3647 5.04222
49 1 3 -59.616 -46.2755
50 3 3 76.6678 70.5164
51 1 1 -37.5245 -93.6492
52 1 1 -19.9356 -43.5392
53 4 3 66.2911 -46.4123
54 1 3 -10.7303 81.7244
55 2 2 -36.533 -58.2585
56 4 3 -78.8101 60.1217
57 1 1 -64.5019 -75.8719
58 3 2 80.1828 -38.8557
59 1 2 -10.652 58.6593
60 1 2 85.8275 98.2236
61 2 3 32.2571 -62.9445
62 1 1 -19.5721 13.9928
63 1 1 -27.3792 0.214455
64 3 1 -61.2804 96.1398
