5 138
5 138
5 138
5 138
5 138
5 138
5 138
5 138
5 138
5 138
5 138
5 138
5 138
5 138
5 138
5 138
5 138
5 138
5 138
5 138
5 138
5 138
5 138
5 138
5 138
5 138
5 138
5 138
5 138
5 138
9 100
9 100
9 100
9 100
9 100
9 100
9 100
9 100
9 100
9 100
9 100
9 100
9 100
9 100
9 100
9 100
9 100
9 100
9 100
9 100
9 100
9 100
9 100
10 225
10 225
10 225
10 225
10 225
10 225
10 225
10 225
10 225
10 225
10 225
10 225
10 225
10 225
10 225
10 225
10 225
10 225
10 225
10 225
10 225
10 225
10 225
10 225
10 225
10 225
51 156
51 156
51 156
51 156
51 156
51 156
51 156
51 156
51 156
51 156
51 156
51 156
51 156
51 156
51 156
51 156
51 156
51 156
51 156
51 156
51 156
51 156
51 156
51 156
51 156
5 158
5 158
5 158
5 158
5 158
5 158
5 158
5 158
5 158
5 158
5 158
5 158
5 158
5 158
5 158
5 158
5 158
5 158
5 158
5 158
5 158
5 158
5 158
5 158
5 158
5 158
5 158
5 158
5 158
5 158
56 150
56 150
56 150
56 150
56 150
56 150
56 150
56 150
56 150
56 150
56 150
54 176
54 176
54 176
54 176
54 176
54 176
54 176
54 176
54 176
54 176
54 176
54 176
54 176
54 176
54 176
54 176
54 176
54 176
54 176
53 198
53 198
53 198
53 198
53 198
53 198
53 198
53 198
53 198
53 198
53 198
53 198
53 198
53 198
53 198
53 198
10 190
10 190
10 190
10 190
10 190
10 190
10 190
10 190
10 190
10 190
10 190
10 190
10 190
10 190
10 190
10 190
10 190
10 190
10 190
10 190
10 190
10 190
10 190
10 190
10 190
10 190
9 206
9 206
9 206
9 206
9 206
9 206
9 206
9 206
9 206
9 206
9 206
9 206
9 206
9 206
9 206
9 206
9 206
9 206
9 206
9 206
9 206
9 206
9 206
68 278
68 278
68 278
68 278
68 278
68 278
68 278
68 278
68 278
61 350
61 350
61 350
61 350
61 350
61 350
61 350
61 350
61 350
61 350
61 350
61 350
61 350
61 350
61 350
61 350
61 350
61 350
61 350
61 350
61 350
46 704
46 704
46 704
46 704
46 704
46 704
46 704
46 704
46 704
46 704
46 704
46 704
46 704
17 1025
17 1025
17 1025
17 1025
17 1025
17 1025
17 1025
17 1025
17 1025
17 1025
14 1061
14 1061
14 1061
14 1061
14 1061
14 1061
14 1061
14 1061
14 1061
14 1061
14 1061
14 1061
14 1061
14 1061
14 1061
14 1061
14 1061
14 1061
14 1061
14 1061
14 1061
14 1061
14 1061
14 1061
80 402
80 402
80 402
80 402
80 402
80 402
80 402
80 402
80 402
80 402
80 402
80 402
43 789
43 789
43 789
43 789
43 789
43 789
43 789
43 789
43 789
43 789
43 789
43 789
43 789
43 789
43 789
43 789
43 789
43 789
46 285
46 285
46 285
46 285
46 285
46 285
46 285
46 285
46 285
46 285
46 285
46 285
46 285
51 315
51 315
51 315
51 315
51 315
51 315
51 315
51 315
51 315
51 315
51 315
51 315
51 315
51 315
51 315
51 315
51 315
51 315
51 315
51 315
51 315
51 315
51 315
51 315
51 315
91 436
91 436
91 436
91 436
91 436
91 436
53 358
53 358
53 358
53 358
53 358
53 358
53 358
53 358
53 358
53 358
53 358
53 358
53 358
53 358
53 358
53 358
54 353
54 353
54 353
54 353
54 353
54 353
54 353
54 353
54 353
54 353
54 353
54 353
54 353
54 353
54 353
54 353
54 353
54 353
54 353
5 346
5 346
5 346
5 346
5 346
5 346
5 346
5 346
5 346
5 346
5 346
5 346
5 346
5 346
5 346
5 346
5 346
5 346
5 346
5 346
5 346
5 346
5 346
5 346
5 346
5 346
5 346
5 346
5 346
5 346
56 344
56 344
56 344
56 344
56 344
56 344
56 344
56 344
56 344
56 344
56 344
9 341
9 341
9 341
9 341
9 341
9 341
9 341
9 341
9 341
9 341
9 341
9 341
9 341
9 341
9 341
9 341
9 341
9 341
9 341
9 341
9 341
9 341
9 341
10 336
10 336
10 336
10 336
10 336
10 336
10 336
10 336
10 336
10 336
10 336
10 336
10 336
10 336
10 336
10 336
10 336
10 336
10 336
10 336
10 336
10 336
10 336
10 336
10 336
10 336
61 329
61 329
61 329
61 329
61 329
61 329
61 329
61 329
61 329
61 329
61 329
61 329
61 329
61 329
61 329
61 329
61 329
61 329
61 329
61 329
61 329
94 501
25 1298
25 1298
25 1298
25 1298
25 1298
25 1298
25 1298
25 1298
25 1298
25 1298
25 1298
25 1298
25 1298
25 1298
25 1298
25 1298
25 1298
25 1298
25 1298
25 1298
25 1298
25 1298
25 1298
25 1298
25 1298
25 1298
25 1298
25 799
25 799
25 799
25 799
25 799
25 799
25 799
25 799
25 799
25 799
25 799
25 799
25 799
25 799
25 799
25 799
25 799
25 799
25 799
25 799
25 799
25 799
25 799
25 799
25 799
25 799
25 799
93 626
93 626
93 626
93 626
93 626
93 626
93 626
93 626
93 626
93 626
93 626
93 626
93 626
93 626
93 626
93 626
93 626
93 626
93 626
93 626
93 626
93 626
93 626
93 626
93 626
93 626
93 626
93 626
68 378
68 378
68 378
68 378
68 378
68 378
68 378
68 378
68 378
21 1362
21 1362
55 1049
55 1049
55 1049
55 1049
55 1049
55 1049
55 1049
55 1049
55 1049
55 1049
55 1049
55 1049
55 1049
55 1049
21 914
21 914
100 643
100 643
100 643
100 643
100 643
57 1128
57 1128
57 1128
57 1128
57 1128
57 1128
57 1128
57 1128
57 1128
57 1128
57 1128
57 1128
57 1128
57 1128
57 1128
57 1128
57 1128
57 1128
57 1128
57 1128
21 568
21 568
25 573
25 573
25 573
25 573
25 573
25 573
25 573
25 573
25 573
25 573
25 573
25 573
25 573
25 573
25 573
25 573
25 573
25 573
25 573
25 573
25 573
25 573
25 573
25 573
25 573
25 573
25 573
14 1245
14 1245
14 1245
14 1245
14 1245
14 1245
14 1245
14 1245
14 1245
14 1245
14 1245
14 1245
14 1245
14 1245
14 1245
14 1245
14 1245
14 1245
14 1245
14 1245
14 1245
14 1245
14 1245
14 1245
46 459
46 459
46 459
46 459
46 459
46 459
46 459
46 459
46 459
46 459
46 459
46 459
46 459
80 654
80 654
80 654
80 654
80 654
80 654
80 654
80 654
80 654
80 654
80 654
80 654
17 1292
17 1292
17 1292
17 1292
17 1292
17 1292
17 1292
17 1292
17 1292
17 1292
51 484
51 484
51 484
51 484
51 484
51 484
51 484
51 484
51 484
51 484
51 484
51 484
51 484
51 484
51 484
51 484
51 484
51 484
51 484
51 484
51 484
51 484
51 484
51 484
51 484
54 487
54 487
54 487
54 487
54 487
54 487
54 487
54 487
54 487
54 487
54 487
54 487
54 487
54 487
54 487
54 487
54 487
54 487
54 487
5 504
5 504
5 504
5 504
5 504
5 504
5 504
5 504
5 504
5 504
5 504
5 504
5 504
5 504
5 504
5 504
5 504
5 504
5 504
5 504
5 504
5 504
5 504
5 504
5 504
5 504
5 504
5 504
5 504
5 504
91 651
91 651
91 651
91 651
91 651
91 651
9 537
9 537
9 537
9 537
9 537
9 537
9 537
9 537
9 537
9 537
9 537
9 537
9 537
9 537
9 537
9 537
9 537
9 537
9 537
9 537
9 537
9 537
9 537
56 569
56 569
56 569
56 569
56 569
56 569
56 569
56 569
56 569
56 569
56 569
93 707
93 707
93 707
93 707
93 707
93 707
93 707
93 707
93 707
93 707
93 707
93 707
93 707
93 707
93 707
93 707
93 707
93 707
93 707
93 707
93 707
93 707
93 707
93 707
93 707
93 707
93 707
93 707
94 709
10 585
10 585
10 585
10 585
10 585
10 585
10 585
10 585
10 585
10 585
10 585
10 585
10 585
10 585
10 585
10 585
10 585
10 585
10 585
10 585
10 585
10 585
10 585
10 585
10 585
10 585
24 1949
24 1949
24 1949
24 1949
24 1949
24 1949
24 1949
24 1449
24 1449
24 1449
24 1449
24 1449
24 1449
24 1449
77 1539
77 1539
77 1539
77 1539
77 1539
77 1539
77 1539
77 1539
29 1537
29 1537
29 1537
29 1537
29 1537
29 1537
29 1537
29 1537
29 1537
29 1537
29 1537
29 1537
29 1537
29 1537
29 1537
29 1537
29 1537
29 1537
29 1537
29 1537
29 1537
29 1537
29 1537
29 1537
29 1537
29 1537
29 1537
29 1537
29 1537
61 731
61 731
61 731
61 731
61 731
61 731
61 731
61 731
61 731
61 731
61 731
61 731
61 731
61 731
61 731
61 731
61 731
61 731
61 731
61 731
61 731
53 832
53 832
53 832
53 832
53 832
53 832
53 832
53 832
53 832
53 832
53 832
53 832
53 832
53 832
53 832
53 832
68 689
68 689
68 689
68 689
68 689
68 689
68 689
68 689
68 689
100 869
100 869
100 869
100 869
100 869
90 1645
90 1645
90 1645
90 1645
90 1645
90 1645
90 1645
90 1645
90 1645
90 1645
90 1645
90 1645
90 1645
90 1645
90 1645
90 1146
90 1146
90 1146
90 1146
90 1146
90 1146
90 1146
90 1146
90 1146
90 1146
90 1146
90 1146
90 1146
90 1146
90 1146
88 1706
88 1706
88 1706
88 1706
88 1706
88 1706
88 1706
88 1706
88 1706
88 1706
88 1706
88 1706
88 1706
88 1706
88 1706
88 1706
88 1706
21 899
21 899
46 663
46 663
46 663
46 663
46 663
46 663
46 663
46 663
46 663
46 663
46 663
46 663
46 663
25 924
25 924
25 924
25 924
25 924
25 924
25 924
25 924
25 924
25 924
25 924
25 924
25 924
25 924
25 924
25 924
25 924
25 924
25 924
25 924
25 924
25 924
25 924
25 924
25 924
25 924
25 924
80 903
80 903
80 903
80 903
80 903
80 903
80 903
80 903
80 903
80 903
80 903
80 903
51 704
51 704
51 704
51 704
51 704
51 704
51 704
51 704
51 704
51 704
51 704
51 704
51 704
51 704
51 704
51 704
51 704
51 704
51 704
51 704
51 704
51 704
51 704
51 704
51 704
43 1806
43 1806
43 1806
43 1806
43 1806
43 1806
43 1806
43 1806
43 1806
43 1806
43 1806
43 1806
43 1806
43 1806
43 1806
43 1806
43 1806
43 1806
53 720
53 720
53 720
53 720
53 720
53 720
53 720
53 720
53 720
53 720
53 720
53 720
53 720
53 720
53 720
53 720
54 730
54 730
54 730
54 730
54 730
54 730
54 730
54 730
54 730
54 730
54 730
54 730
54 730
54 730
54 730
54 730
54 730
54 730
54 730
5 739
5 739
5 739
5 739
5 739
5 739
5 739
5 739
5 739
5 739
5 739
5 739
5 739
5 739
5 739
5 739
5 739
5 739
5 739
5 739
5 739
5 739
5 739
5 739
5 739
5 739
5 739
5 739
5 739
5 739
56 792
56 792
56 792
56 792
56 792
56 792
56 792
56 792
56 792
56 792
56 792
9 774
9 774
9 774
9 774
9 774
9 774
9 774
9 774
9 774
9 774
9 774
9 774
9 774
9 774
9 774
9 774
9 774
9 774
9 774
9 774
9 774
9 774
9 774
91 956
91 956
91 956
91 956
91 956
91 956
90 966
90 966
90 966
90 966
90 966
90 966
90 966
90 966
90 966
90 966
90 966
90 966
90 966
90 966
90 966
61 804
61 804
61 804
61 804
61 804
61 804
61 804
61 804
61 804
61 804
61 804
61 804
61 804
61 804
61 804
61 804
61 804
61 804
61 804
61 804
61 804
10 835
10 835
10 835
10 835
10 835
10 835
10 835
10 835
10 835
10 835
10 835
10 835
10 835
10 835
10 835
10 835
10 835
10 835
10 835
10 835
10 835
10 835
10 835
10 835
10 835
10 835
68 812
68 812
68 812
68 812
68 812
68 812
68 812
68 812
68 812
100 1005
100 1005
100 1005
100 1005
100 1005
93 1121
93 1121
93 1121
93 1121
93 1121
93 1121
93 1121
93 1121
93 1121
93 1121
93 1121
93 1121
93 1121
93 1121
93 1121
93 1121
93 1121
93 1121
93 1121
93 1121
93 1121
93 1121
93 1121
93 1121
93 1121
93 1121
93 1121
93 1121
55 2033
55 2033
55 2033
55 2033
55 2033
55 2033
55 2033
55 2033
55 2033
55 2033
55 2033
55 2033
55 2033
55 2033
57 2031
57 2031
57 2031
57 2031
57 2031
57 2031
57 2031
57 2031
57 2031
57 2031
57 2031
57 2031
57 2031
57 2031
57 2031
57 2031
57 2031
57 2031
57 2031
57 2031
110 2119
110 2119
110 2119
110 2119
110 2119
110 2119
110 2119
110 2119
110 2119
110 2119
110 2119
110 2119
110 2119
110 2119
110 2119
110 2119
110 2119
110 2119
110 2119
110 2119
110 2119
110 2119
94 1299
14 2179
14 2179
14 2179
14 2179
14 2179
14 2179
14 2179
14 2179
14 2179
14 2179
14 2179
14 2179
14 2179
14 2179
14 2179
14 2179
14 2179
14 2179
14 2179
14 2179
14 2179
14 2179
14 2179
14 2179
46 969
46 969
46 969
46 969
46 969
46 969
46 969
46 969
46 969
46 969
46 969
46 969
46 969
25 1188
25 1188
25 1188
25 1188
25 1188
25 1188
25 1188
25 1188
25 1188
25 1188
25 1188
25 1188
25 1188
25 1188
25 1188
25 1188
25 1188
25 1188
25 1188
25 1188
25 1188
25 1188
25 1188
25 1188
25 1188
25 1188
25 1188
24 2244
24 2244
24 2244
24 2244
24 2244
24 2244
24 2244
26 3234
26 3234
26 3234
26 2737
26 2737
26 2737
26 2239
26 2239
26 2239
70 2800
70 2800
70 2800
70 2800
70 2301
70 2301
70 2301
70 2301
51 996
51 996
51 996
51 996
51 996
51 996
51 996
51 996
51 996
51 996
51 996
51 996
51 996
51 996
51 996
51 996
51 996
51 996
51 996
51 996
51 996
51 996
51 996
51 996
51 996
70 1806
70 1806
70 1806
70 1806
80 1207
80 1207
80 1207
80 1207
80 1207
80 1207
80 1207
80 1207
80 1207
80 1207
80 1207
80 1207
77 2250
77 2250
77 2250
77 2250
77 2250
77 2250
77 2250
77 2250
53 1001
53 1001
53 1001
53 1001
53 1001
53 1001
53 1001
53 1001
53 1001
53 1001
53 1001
53 1001
53 1001
53 1001
53 1001
53 1001
54 1003
54 1003
54 1003
54 1003
54 1003
54 1003
54 1003
54 1003
54 1003
54 1003
54 1003
54 1003
54 1003
54 1003
54 1003
54 1003
54 1003
54 1003
54 1003
5 1014
5 1014
5 1014
5 1014
5 1014
5 1014
5 1014
5 1014
5 1014
5 1014
5 1014
5 1014
5 1014
5 1014
5 1014
5 1014
5 1014
5 1014
5 1014
5 1014
5 1014
5 1014
5 1014
5 1014
5 1014
5 1014
5 1014
5 1014
5 1014
5 1014
56 1022
56 1022
56 1022
56 1022
56 1022
56 1022
56 1022
56 1022
56 1022
56 1022
56 1022
26 1338
26 1338
26 1338
68 1029
68 1029
68 1029
68 1029
68 1029
68 1029
68 1029
68 1029
68 1029
55 2217
55 2217
55 2217
55 2217
55 2217
55 2217
55 2217
55 2217
55 2217
55 2217
55 2217
55 2217
55 2217
55 2217
10 1172
10 1172
10 1172
10 1172
10 1172
10 1172
10 1172
10 1172
10 1172
10 1172
10 1172
10 1172
10 1172
10 1172
10 1172
10 1172
10 1172
10 1172
10 1172
10 1172
10 1172
10 1172
10 1172
10 1172
10 1172
10 1172
61 1174
61 1174
61 1174
61 1174
61 1174
61 1174
61 1174
61 1174
61 1174
61 1174
61 1174
61 1174
61 1174
61 1174
61 1174
61 1174
61 1174
61 1174
61 1174
61 1174
61 1174
90 1393
90 1393
90 1393
90 1393
90 1393
90 1393
90 1393
90 1393
90 1393
90 1393
90 1393
90 1393
90 1393
90 1393
90 1393
9 1205
9 1205
9 1205
9 1205
9 1205
9 1205
9 1205
9 1205
9 1205
9 1205
9 1205
9 1205
9 1205
9 1205
9 1205
9 1205
9 1205
9 1205
9 1205
9 1205
9 1205
9 1205
9 1205
91 1393
91 1393
91 1393
91 1393
91 1393
91 1393
21 1596
21 1596
93 1379
93 1379
93 1379
93 1379
93 1379
93 1379
93 1379
93 1379
93 1379
93 1379
93 1379
93 1379
93 1379
93 1379
93 1379
93 1379
93 1379
93 1379
93 1379
93 1379
93 1379
93 1379
93 1379
93 1379
93 1379
93 1379
93 1379
93 1379
100 1312
100 1312
100 1312
100 1312
100 1312
94 1403
70 1400
70 1400
70 1400
70 1400
25 1411
25 1411
25 1411
25 1411
25 1411
25 1411
25 1411
25 1411
25 1411
25 1411
25 1411
25 1411
25 1411
25 1411
25 1411
25 1411
25 1411
25 1411
25 1411
25 1411
25 1411
25 1411
25 1411
25 1411
25 1411
25 1411
25 1411
21 1460
21 1460
51 1167
51 1167
51 1167
51 1167
51 1167
51 1167
51 1167
51 1167
51 1167
51 1167
51 1167
51 1167
51 1167
51 1167
51 1167
51 1167
51 1167
51 1167
51 1167
51 1167
51 1167
51 1167
51 1167
51 1167
51 1167
26 1423
26 1423
26 1423
46 1247
46 1247
46 1247
46 1247
46 1247
46 1247
46 1247
46 1247
46 1247
46 1247
46 1247
46 1247
46 1247
54 1187
54 1187
54 1187
54 1187
54 1187
54 1187
54 1187
54 1187
54 1187
54 1187
54 1187
54 1187
54 1187
54 1187
54 1187
54 1187
54 1187
54 1187
54 1187
80 1494
80 1494
80 1494
80 1494
80 1494
80 1494
80 1494
80 1494
80 1494
80 1494
80 1494
80 1494
90 1478
90 1478
90 1478
90 1478
90 1478
90 1478
90 1478
90 1478
90 1478
90 1478
90 1478
90 1478
90 1478
90 1478
90 1478
91 1487
91 1487
91 1487
91 1487
91 1487
91 1487
61 1343
61 1343
61 1343
61 1343
61 1343
61 1343
61 1343
61 1343
61 1343
61 1343
61 1343
61 1343
61 1343
61 1343
61 1343
61 1343
61 1343
61 1343
61 1343
61 1343
61 1343
53 1428
53 1428
53 1428
53 1428
53 1428
53 1428
53 1428
53 1428
53 1428
53 1428
53 1428
53 1428
53 1428
53 1428
53 1428
53 1428
56 1406
56 1406
56 1406
56 1406
56 1406
56 1406
56 1406
56 1406
56 1406
56 1406
56 1406
93 1566
93 1566
93 1566
93 1566
93 1566
93 1566
93 1566
93 1566
93 1566
93 1566
93 1566
93 1566
93 1566
93 1566
93 1566
93 1566
93 1566
93 1566
93 1566
93 1566
93 1566
93 1566
93 1566
93 1566
93 1566
93 1566
93 1566
93 1566
68 1320
68 1320
68 1320
68 1320
68 1320
68 1320
68 1320
68 1320
68 1320
100 1545
100 1545
100 1545
100 1545
100 1545
94 1936
