6 291
6 291
6 291
6 291
6 291
6 291
6 291
6 291
6 291
6 291
6 291
6 291
6 291
6 291
6 291
6 291
6 291
6 291
6 291
6 291
6 291
6 291
6 291
6 291
6 291
6 291
6 291
25 256
25 256
25 256
25 256
25 256
25 256
25 256
25 256
25 256
25 256
25 256
25 256
25 256
25 256
25 256
25 256
25 256
25 256
25 256
25 256
25 256
25 256
25 256
24 285
24 285
24 285
24 285
24 285
24 285
33 238
33 238
33 238
33 238
27 340
27 340
27 340
27 340
27 340
27 340
27 340
27 340
27 340
27 340
27 340
27 340
27 340
27 340
27 340
27 340
27 340
27 340
43 464
43 464
43 464
43 464
43 464
43 464
43 464
43 464
43 464
6 391
6 391
6 391
6 391
6 391
6 391
6 391
6 391
6 391
6 391
6 391
6 391
6 391
6 391
6 391
6 391
6 391
6 391
6 391
6 391
6 391
6 391
6 391
6 391
6 391
6 391
6 391
46 491
46 491
46 491
46 491
46 491
46 491
46 491
46 491
46 491
46 491
46 491
46 491
46 491
46 491
46 491
46 491
46 491
46 491
46 491
46 491
46 491
46 491
46 491
46 491
46 491
46 491
24 522
24 522
24 522
24 522
24 522
24 522
75 535
75 535
75 535
75 535
75 535
75 535
75 535
75 535
75 535
75 535
75 535
75 535
75 535
53 783
53 783
53 783
53 783
53 783
53 783
53 783
53 783
53 783
53 783
53 783
53 783
53 783
53 783
53 783
53 783
7 1274
7 1274
7 1274
7 1274
7 1274
7 1274
7 1274
7 1274
7 1274
7 1274
7 1274
7 1274
7 1274
7 1274
7 1274
7 1274
7 1274
7 1274
7 1274
7 1274
7 1274
7 1274
7 1274
7 1274
7 1274
7 1274
7 1274
7 1274
7 1274
16 1186
16 1186
16 1186
16 1186
16 1186
16 1186
16 1186
16 1186
16 1186
16 1186
16 1186
16 1186
16 1186
16 1186
21 1138
21 1138
25 663
25 663
25 663
25 663
25 663
25 663
25 663
25 663
25 663
25 663
25 663
25 663
25 663
25 663
25 663
25 663
25 663
25 663
25 663
25 663
25 663
25 663
25 663
83 617
83 617
83 617
83 617
83 617
83 617
83 617
83 617
83 617
83 617
83 617
83 617
83 617
83 617
83 617
83 617
83 617
83 617
83 617
83 617
83 617
83 617
27 770
27 770
27 770
27 770
27 770
27 770
27 770
27 770
27 770
27 770
27 770
27 770
27 770
27 770
27 770
27 770
27 770
27 770
33 749
33 749
33 749
33 749
38 1207
38 1207
38 1207
38 1207
38 1207
38 1207
38 1207
38 1207
38 707
38 707
38 707
38 707
38 707
38 707
38 707
38 707
9 1498
9 1498
9 1498
9 1498
9 1498
9 1498
9 1498
9 998
9 998
9 998
9 998
9 998
9 998
9 998
91 728
91 728
91 728
43 710
43 710
43 710
43 710
43 710
43 710
43 710
43 710
43 710
98 720
98 720
98 720
98 720
98 720
46 782
46 782
46 782
46 782
46 782
46 782
46 782
46 782
46 782
46 782
46 782
46 782
46 782
46 782
46 782
46 782
46 782
46 782
46 782
46 782
46 782
46 782
46 782
46 782
46 782
46 782
9 784
9 784
9 784
9 784
9 784
9 784
9 784
110 822
110 822
110 822
110 822
110 822
110 822
110 822
110 822
110 822
110 822
110 822
110 822
110 822
110 822
110 822
7 907
7 907
7 907
7 907
7 907
7 907
7 907
7 907
7 907
7 907
7 907
7 907
7 907
7 907
7 907
7 907
7 907
7 907
7 907
7 907
7 907
7 907
7 907
7 907
7 907
7 907
7 907
7 907
7 907
107 909
68 916
68 916
68 916
68 916
68 916
68 916
68 916
68 916
68 916
68 916
68 916
68 916
68 916
68 916
68 916
68 916
68 916
68 916
68 916
68 916
68 916
68 916
68 916
68 916
68 916
68 916
68 916
68 916
68 916
68 916
21 933
21 933
24 942
24 942
24 942
24 942
24 942
24 942
23 955
23 955
23 955
23 955
23 955
23 955
23 955
23 955
23 955
23 955
23 955
23 955
23 955
23 955
23 955
23 955
23 955
23 955
23 955
23 955
53 1157
53 1157
53 1157
53 1157
53 1157
53 1157
53 1157
53 1157
53 1157
53 1157
53 1157
53 1157
53 1157
53 1157
53 1157
53 1157
16 1076
16 1076
16 1076
16 1076
16 1076
16 1076
16 1076
16 1076
16 1076
16 1076
16 1076
16 1076
16 1076
16 1076
75 990
75 990
75 990
75 990
75 990
75 990
75 990
75 990
75 990
75 990
75 990
75 990
75 990
67 1133
67 1133
67 1133
67 1133
67 1133
67 1133
67 1133
67 1133
67 1133
67 1133
67 1133
67 1133
67 1133
67 1133
67 1133
67 1133
67 1133
67 1133
67 1133
67 1133
67 1133
25 1057
25 1057
25 1057
25 1057
25 1057
25 1057
25 1057
25 1057
25 1057
25 1057
25 1057
25 1057
25 1057
25 1057
25 1057
25 1057
25 1057
25 1057
25 1057
25 1057
25 1057
25 1057
25 1057
27 1041
27 1041
27 1041
27 1041
27 1041
27 1041
27 1041
27 1041
27 1041
27 1041
27 1041
27 1041
27 1041
27 1041
27 1041
27 1041
27 1041
27 1041
66 1164
66 1164
66 1164
66 1164
66 1164
66 1164
66 1164
66 1164
66 1164
66 1164
66 1164
66 1164
66 1164
66 1164
66 1164
66 1164
66 1164
66 1164
66 1164
66 1164
66 1164
66 1164
66 1164
66 1164
33 1010
33 1010
33 1010
33 1010
83 1011
83 1011
83 1011
83 1011
83 1011
83 1011
83 1011
83 1011
83 1011
83 1011
83 1011
83 1011
83 1011
83 1011
83 1011
83 1011
83 1011
83 1011
83 1011
83 1011
83 1011
83 1011
62 1224
62 1224
62 1224
62 1224
62 1224
62 1224
62 1224
62 1224
62 1224
62 1224
62 1224
62 1224
62 1224
62 1224
62 1224
62 1224
62 1224
62 1224
62 1224
29 1079
29 1079
29 1079
29 1079
29 1079
29 1079
29 1079
29 1079
29 1079
29 1079
29 1079
29 1079
6 1310
6 1310
6 1310
6 1310
6 1310
6 1310
6 1310
6 1310
6 1310
6 1310
6 1310
6 1310
6 1310
6 1310
6 1310
6 1310
6 1310
6 1310
6 1310
6 1310
6 1310
6 1310
6 1310
6 1310
6 1310
6 1310
6 1310
82 1561
82 1561
82 1561
82 1561
82 1561
82 1561
82 1561
82 1561
82 1561
82 1561
82 1561
82 1561
82 1561
82 1561
82 1561
82 1561
82 1561
79 1595
79 1595
79 1595
79 1595
79 1595
79 1595
79 1595
79 1595
79 1595
79 1595
79 1101
79 1101
79 1101
79 1101
79 1101
79 1101
79 1101
79 1101
79 1101
79 1101
38 1065
38 1065
38 1065
38 1065
38 1065
38 1065
38 1065
38 1065
91 1077
91 1077
91 1077
43 1082
43 1082
43 1082
43 1082
43 1082
43 1082
43 1082
43 1082
43 1082
47 2069
47 2069
47 2069
47 2069
47 2069
47 2069
47 2069
47 2069
47 2069
47 2069
47 2069
47 2069
47 2069
47 2069
47 2069
47 2069
47 2069
47 2069
47 2069
47 2069
47 2069
47 2069
47 2069
47 2069
47 2069
47 1622
47 1622
47 1622
47 1622
47 1622
47 1622
47 1622
47 1622
47 1622
47 1622
47 1622
47 1622
47 1622
47 1622
47 1622
47 1622
47 1622
47 1622
47 1622
47 1622
47 1622
47 1622
47 1622
47 1622
47 1622
98 1188
98 1188
98 1188
98 1188
98 1188
7 1216
7 1216
7 1216
7 1216
7 1216
7 1216
7 1216
7 1216
7 1216
7 1216
7 1216
7 1216
7 1216
7 1216
7 1216
7 1216
7 1216
7 1216
7 1216
7 1216
7 1216
7 1216
7 1216
7 1216
7 1216
7 1216
7 1216
7 1216
7 1216
107 1223
9 1267
9 1267
9 1267
9 1267
9 1267
9 1267
9 1267
110 1265
110 1265
110 1265
110 1265
110 1265
110 1265
110 1265
110 1265
110 1265
110 1265
110 1265
110 1265
110 1265
110 1265
110 1265
82 1548
82 1548
82 1548
82 1548
82 1548
82 1548
82 1548
82 1548
82 1548
82 1548
82 1548
82 1548
82 1548
82 1548
82 1548
82 1548
82 1548
62 1248
62 1248
62 1248
62 1248
62 1248
62 1248
62 1248
62 1248
62 1248
62 1248
62 1248
62 1248
62 1248
62 1248
62 1248
62 1248
62 1248
62 1248
62 1248
46 1413
46 1413
46 1413
46 1413
46 1413
46 1413
46 1413
46 1413
46 1413
46 1413
46 1413
46 1413
46 1413
46 1413
46 1413
46 1413
46 1413
46 1413
46 1413
46 1413
46 1413
46 1413
46 1413
46 1413
46 1413
46 1413
93 1950
93 1950
93 1950
93 1950
93 1950
93 1950
93 1950
93 1950
93 1950
93 1950
93 1950
93 1950
93 1950
93 1950
93 1950
93 1950
93 1950
93 1950
93 1950
93 1950
93 1950
93 1950
93 1950
93 1950
93 1950
93 1950
93 1950
93 1950
93 1461
93 1461
93 1461
93 1461
93 1461
93 1461
93 1461
93 1461
93 1461
93 1461
93 1461
93 1461
93 1461
93 1461
93 1461
93 1461
93 1461
93 1461
93 1461
93 1461
93 1461
93 1461
93 1461
93 1461
93 1461
93 1461
93 1461
93 1461
53 1362
53 1362
53 1362
53 1362
53 1362
53 1362
53 1362
53 1362
53 1362
53 1362
53 1362
53 1362
53 1362
53 1362
53 1362
53 1362
6 1359
6 1359
6 1359
6 1359
6 1359
6 1359
6 1359
6 1359
6 1359
6 1359
6 1359
6 1359
6 1359
6 1359
6 1359
6 1359
6 1359
6 1359
6 1359
6 1359
6 1359
6 1359
6 1359
6 1359
6 1359
6 1359
6 1359
66 1307
66 1307
66 1307
66 1307
66 1307
66 1307
66 1307
66 1307
66 1307
66 1307
66 1307
66 1307
66 1307
66 1307
66 1307
66 1307
66 1307
66 1307
66 1307
66 1307
66 1307
66 1307
66 1307
66 1307
16 1318
16 1318
16 1318
16 1318
16 1318
16 1318
16 1318
16 1318
16 1318
16 1318
16 1318
16 1318
16 1318
16 1318
67 1371
67 1371
67 1371
67 1371
67 1371
67 1371
67 1371
67 1371
67 1371
67 1371
67 1371
67 1371
67 1371
67 1371
67 1371
67 1371
67 1371
67 1371
67 1371
67 1371
67 1371
68 1362
68 1362
68 1362
68 1362
68 1362
68 1362
68 1362
68 1362
68 1362
68 1362
68 1362
68 1362
68 1362
68 1362
68 1362
68 1362
68 1362
68 1362
68 1362
68 1362
68 1362
68 1362
68 1362
68 1362
68 1362
68 1362
68 1362
68 1362
68 1362
68 1362
21 1332
21 1332
23 1335
23 1335
23 1335
23 1335
23 1335
23 1335
23 1335
23 1335
23 1335
23 1335
23 1335
23 1335
23 1335
23 1335
23 1335
23 1335
23 1335
23 1335
23 1335
23 1335
47 1667
47 1667
47 1667
47 1667
47 1667
47 1667
47 1667
47 1667
47 1667
47 1667
47 1667
47 1667
47 1667
47 1667
47 1667
47 1667
47 1667
47 1667
47 1667
47 1667
47 1667
47 1667
47 1667
47 1667
47 1667
24 1398
24 1398
24 1398
24 1398
24 1398
24 1398
75 1398
75 1398
75 1398
75 1398
75 1398
75 1398
75 1398
75 1398
75 1398
75 1398
75 1398
75 1398
75 1398
29 1412
29 1412
29 1412
29 1412
29 1412
29 1412
29 1412
29 1412
29 1412
29 1412
29 1412
29 1412
25 1468
25 1468
25 1468
25 1468
25 1468
25 1468
25 1468
25 1468
25 1468
25 1468
25 1468
25 1468
25 1468
25 1468
25 1468
25 1468
25 1468
25 1468
25 1468
25 1468
25 1468
25 1468
25 1468
27 1453
27 1453
27 1453
27 1453
27 1453
27 1453
27 1453
27 1453
27 1453
27 1453
27 1453
27 1453
27 1453
27 1453
27 1453
27 1453
27 1453
27 1453
83 1423
83 1423
83 1423
83 1423
83 1423
83 1423
83 1423
83 1423
83 1423
83 1423
83 1423
83 1423
83 1423
83 1423
83 1423
83 1423
83 1423
83 1423
83 1423
83 1423
83 1423
83 1423
33 1432
33 1432
33 1432
33 1432
38 1492
38 1492
38 1492
38 1492
38 1492
38 1492
38 1492
38 1492
79 1648
79 1648
79 1648
79 1648
79 1648
79 1648
79 1648
79 1648
79 1648
79 1648
43 1516
43 1516
43 1516
43 1516
43 1516
43 1516
43 1516
43 1516
43 1516
46 1568
46 1568
46 1568
46 1568
46 1568
46 1568
46 1568
46 1568
46 1568
46 1568
46 1568
46 1568
46 1568
46 1568
46 1568
46 1568
46 1568
46 1568
46 1568
46 1568
46 1568
46 1568
46 1568
46 1568
46 1568
46 1568
91 1659
91 1659
91 1659
98 1591
98 1591
98 1591
98 1591
98 1591
107 1627
9 1667
9 1667
9 1667
9 1667
9 1667
9 1667
9 1667
7 1688
7 1688
7 1688
7 1688
7 1688
7 1688
7 1688
7 1688
7 1688
7 1688
7 1688
7 1688
7 1688
7 1688
7 1688
7 1688
7 1688
7 1688
7 1688
7 1688
7 1688
7 1688
7 1688
7 1688
7 1688
7 1688
7 1688
7 1688
7 1688
62 1643
62 1643
62 1643
62 1643
62 1643
62 1643
62 1643
62 1643
62 1643
62 1643
62 1643
62 1643
62 1643
62 1643
62 1643
62 1643
62 1643
62 1643
62 1643
110 1671
110 1671
110 1671
110 1671
110 1671
110 1671
110 1671
110 1671
110 1671
110 1671
110 1671
110 1671
110 1671
110 1671
110 1671
66 1696
66 1696
66 1696
66 1696
66 1696
66 1696
66 1696
66 1696
66 1696
66 1696
66 1696
66 1696
66 1696
66 1696
66 1696
66 1696
66 1696
66 1696
66 1696
66 1696
66 1696
66 1696
66 1696
66 1696
16 1698
16 1698
16 1698
16 1698
16 1698
16 1698
16 1698
16 1698
16 1698
16 1698
16 1698
16 1698
16 1698
16 1698
67 1717
67 1717
67 1717
67 1717
67 1717
67 1717
67 1717
67 1717
67 1717
67 1717
67 1717
67 1717
67 1717
67 1717
67 1717
67 1717
67 1717
67 1717
67 1717
67 1717
67 1717
68 1740
68 1740
68 1740
68 1740
68 1740
68 1740
68 1740
68 1740
68 1740
68 1740
68 1740
68 1740
68 1740
68 1740
68 1740
68 1740
68 1740
68 1740
68 1740
68 1740
68 1740
68 1740
68 1740
68 1740
68 1740
68 1740
68 1740
68 1740
68 1740
68 1740
24 1744
24 1744
24 1744
24 1744
24 1744
24 1744
23 1795
23 1795
23 1795
23 1795
23 1795
23 1795
23 1795
23 1795
23 1795
23 1795
23 1795
23 1795
23 1795
23 1795
23 1795
23 1795
23 1795
23 1795
23 1795
23 1795
21 1858
21 1858
75 1828
75 1828
75 1828
75 1828
75 1828
75 1828
75 1828
75 1828
75 1828
75 1828
75 1828
75 1828
75 1828
29 1837
29 1837
29 1837
29 1837
29 1837
29 1837
29 1837
29 1837
29 1837
29 1837
29 1837
29 1837
33 1889
33 1889
33 1889
33 1889
83 1892
83 1892
83 1892
83 1892
83 1892
83 1892
83 1892
83 1892
83 1892
83 1892
83 1892
83 1892
83 1892
83 1892
83 1892
83 1892
83 1892
83 1892
83 1892
83 1892
83 1892
83 1892
38 1909
38 1909
38 1909
38 1909
38 1909
38 1909
38 1909
38 1909
53 2273
53 2273
53 2273
53 2273
53 2273
53 2273
53 2273
53 2273
53 2273
53 2273
53 2273
53 2273
53 2273
53 2273
53 2273
53 2273
91 1907
91 1907
91 1907
93 2433
93 2433
93 2433
93 2433
93 2433
93 2433
93 2433
93 2433
93 2433
93 2433
93 2433
93 2433
93 2433
93 2433
93 2433
93 2433
93 2433
93 2433
93 2433
93 2433
93 2433
93 2433
93 2433
93 2433
93 2433
93 2433
93 2433
93 2433
43 1979
43 1979
43 1979
43 1979
43 1979
43 1979
43 1979
43 1979
43 1979
82 2616
82 2616
82 2616
82 2616
82 2616
82 2616
82 2616
82 2616
82 2616
82 2616
82 2616
82 2616
82 2616
82 2616
82 2616
82 2616
82 2616
98 1964
98 1964
98 1964
98 1964
98 1964
79 2172
79 2172
79 2172
79 2172
79 2172
79 2172
79 2172
79 2172
79 2172
79 2172
73 2240
73 2240
73 2240
73 2240
73 2240
73 2240
73 2240
73 2240
73 2240
73 2240
73 2240
53 1990
53 1990
53 1990
53 1990
53 1990
53 1990
53 1990
53 1990
53 1990
53 1990
53 1990
53 1990
53 1990
53 1990
53 1990
53 1990
82 2258
82 2258
82 2258
82 2258
82 2258
82 2258
82 2258
82 2258
82 2258
82 2258
82 2258
82 2258
82 2258
82 2258
82 2258
82 2258
82 2258
107 2043
110 2227
110 2227
110 2227
110 2227
110 2227
110 2227
110 2227
110 2227
110 2227
110 2227
110 2227
110 2227
110 2227
110 2227
110 2227
93 2430
93 2430
93 2430
93 2430
93 2430
93 2430
93 2430
93 2430
93 2430
93 2430
93 2430
93 2430
93 2430
93 2430
93 2430
93 2430
93 2430
93 2430
93 2430
93 2430
93 2430
93 2430
93 2430
93 2430
93 2430
93 2430
93 2430
93 2430
