3 161
3 161
3 161
3 161
3 161
3 161
3 161
3 161
3 161
3 161
3 161
3 161
3 161
3 161
3 161
3 161
3 161
3 161
3 161
3 161
3 161
3 161
3 161
3 161
3 161
3 161
3 161
3 161
8 269
8 269
8 269
8 269
8 269
8 269
8 269
8 269
8 269
8 269
8 269
8 269
8 269
8 269
8 269
8 269
8 269
8 269
8 269
8 269
8 269
8 269
8 269
8 269
8 269
8 269
8 269
8 269
8 269
24 146
24 146
24 146
24 146
24 146
24 146
24 146
24 146
24 146
24 146
24 146
24 146
24 146
24 146
30 364
30 364
30 364
30 364
30 364
30 364
30 364
30 364
35 366
35 366
35 366
35 366
35 366
35 366
35 366
3 521
3 521
3 521
3 521
3 521
3 521
3 521
3 521
3 521
3 521
3 521
3 521
3 521
3 521
3 521
3 521
3 521
3 521
3 521
3 521
3 521
3 521
3 521
3 521
3 521
3 521
3 521
3 521
8 586
8 586
8 586
8 586
8 586
8 586
8 586
8 586
8 586
8 586
8 586
8 586
8 586
8 586
8 586
8 586
8 586
8 586
8 586
8 586
8 586
8 586
8 586
8 586
8 586
8 586
8 586
8 586
8 586
11 1062
11 1062
11 1062
11 587
11 587
11 587
35 586
35 586
35 586
35 586
35 586
35 586
35 586
87 717
87 717
87 717
87 717
87 717
87 717
87 717
87 717
87 717
87 717
87 717
87 717
87 717
87 717
87 717
87 717
87 717
87 717
87 717
87 717
87 717
87 717
87 717
87 717
87 717
87 717
83 762
83 762
83 762
83 762
83 762
83 762
83 762
83 762
83 762
83 762
83 762
83 762
83 762
83 762
83 762
83 762
83 762
83 762
83 762
83 762
83 762
83 762
83 762
83 762
3 654
3 654
3 654
3 654
3 654
3 654
3 654
3 654
3 654
3 654
3 654
3 654
3 654
3 654
3 654
3 654
3 654
3 654
3 654
3 654
3 654
3 654
3 654
3 654
3 654
3 654
3 654
3 654
8 624
8 624
8 624
8 624
8 624
8 624
8 624
8 624
8 624
8 624
8 624
8 624
8 624
8 624
8 624
8 624
8 624
8 624
8 624
8 624
8 624
8 624
8 624
8 624
8 624
8 624
8 624
8 624
8 624
11 680
11 680
11 680
83 496
83 496
83 496
83 496
83 496
83 496
83 496
83 496
83 496
83 496
83 496
83 496
83 496
83 496
83 496
83 496
83 496
83 496
83 496
83 496
83 496
83 496
83 496
83 496
30 1098
30 1098
30 1098
30 1098
30 1098
30 1098
30 1098
30 1098
87 533
87 533
87 533
87 533
87 533
87 533
87 533
87 533
87 533
87 533
87 533
87 533
87 533
87 533
87 533
87 533
87 533
87 533
87 533
87 533
87 533
87 533
87 533
87 533
87 533
87 533
99 554
99 554
99 554
99 554
99 554
99 554
99 554
99 554
99 554
99 554
99 554
99 554
99 554
99 554
99 554
98 577
98 577
98 577
98 577
98 577
98 577
98 577
98 577
98 577
98 577
102 561
102 561
102 561
102 561
102 561
102 561
102 561
102 561
102 561
102 561
102 561
101 633
101 633
101 633
101 633
101 633
101 633
101 633
101 633
101 633
101 633
101 633
101 633
101 633
101 633
101 633
101 633
101 633
101 633
101 633
101 633
101 633
101 633
101 633
101 633
101 633
105 626
105 626
105 626
105 626
105 626
105 626
105 626
105 626
105 626
105 626
105 626
105 626
105 626
105 626
105 626
105 626
105 626
105 626
105 626
105 626
105 626
109 650
109 650
109 650
109 650
109 650
109 650
109 650
109 650
109 650
109 650
109 650
109 650
109 650
109 650
109 650
109 650
109 650
109 650
109 650
111 659
111 659
111 659
111 659
111 659
111 659
111 659
111 659
111 659
111 659
111 659
111 659
111 659
111 659
111 659
111 659
30 988
30 988
30 988
30 988
30 988
30 988
30 988
30 988
35 944
35 944
35 944
35 944
35 944
35 944
35 944
24 1562
24 1562
24 1562
24 1562
24 1562
24 1562
24 1562
24 1562
24 1562
24 1562
24 1562
24 1562
24 1562
24 1562
3 909
3 909
3 909
3 909
3 909
3 909
3 909
3 909
3 909
3 909
3 909
3 909
3 909
3 909
3 909
3 909
3 909
3 909
3 909
3 909
3 909
3 909
3 909
3 909
3 909
3 909
3 909
3 909
83 692
83 692
83 692
83 692
83 692
83 692
83 692
83 692
83 692
83 692
83 692
83 692
83 692
83 692
83 692
83 692
83 692
83 692
83 692
83 692
83 692
83 692
83 692
83 692
87 738
87 738
87 738
87 738
87 738
87 738
87 738
87 738
87 738
87 738
87 738
87 738
87 738
87 738
87 738
87 738
87 738
87 738
87 738
87 738
87 738
87 738
87 738
87 738
87 738
87 738
93 1713
93 1713
93 1713
93 1713
93 1713
93 1713
93 1713
93 1713
93 1713
93 1713
93 1713
93 1713
93 1713
93 1713
93 1713
93 1713
93 1713
93 1713
93 1713
93 1713
93 1713
93 1713
93 1713
93 1213
93 1213
93 1213
93 1213
93 1213
93 1213
93 1213
93 1213
93 1213
93 1213
93 1213
93 1213
93 1213
93 1213
93 1213
93 1213
93 1213
93 1213
93 1213
93 1213
93 1213
93 1213
93 1213
93 765
93 765
93 765
93 765
93 765
93 765
93 765
93 765
93 765
93 765
93 765
93 765
93 765
93 765
93 765
93 765
93 765
93 765
93 765
93 765
93 765
93 765
93 765
98 776
98 776
98 776
98 776
98 776
98 776
98 776
98 776
98 776
98 776
99 784
99 784
99 784
99 784
99 784
99 784
99 784
99 784
99 784
99 784
99 784
99 784
99 784
99 784
99 784
11 1172
11 1172
11 1172
8 1203
8 1203
8 1203
8 1203
8 1203
8 1203
8 1203
8 1203
8 1203
8 1203
8 1203
8 1203
8 1203
8 1203
8 1203
8 1203
8 1203
8 1203
8 1203
8 1203
8 1203
8 1203
8 1203
8 1203
8 1203
8 1203
8 1203
8 1203
8 1203
101 777
101 777
101 777
101 777
101 777
101 777
101 777
101 777
101 777
101 777
101 777
101 777
101 777
101 777
101 777
101 777
101 777
101 777
101 777
101 777
101 777
101 777
101 777
101 777
101 777
102 791
102 791
102 791
102 791
102 791
102 791
102 791
102 791
102 791
102 791
102 791
105 782
105 782
105 782
105 782
105 782
105 782
105 782
105 782
105 782
105 782
105 782
105 782
105 782
105 782
105 782
105 782
105 782
105 782
105 782
105 782
105 782
24 1599
24 1599
24 1599
24 1599
24 1599
24 1599
24 1599
24 1599
24 1599
24 1599
24 1599
24 1599
24 1599
24 1599
109 823
109 823
109 823
109 823
109 823
109 823
109 823
109 823
109 823
109 823
109 823
109 823
109 823
109 823
109 823
109 823
109 823
109 823
109 823
111 852
111 852
111 852
111 852
111 852
111 852
111 852
111 852
111 852
111 852
111 852
111 852
111 852
111 852
111 852
111 852
24 1360
24 1360
24 1360
24 1360
24 1360
24 1360
24 1360
24 1360
24 1360
24 1360
24 1360
24 1360
24 1360
24 1360
35 1282
35 1282
35 1282
35 1282
35 1282
35 1282
35 1282
83 940
83 940
83 940
83 940
83 940
83 940
83 940
83 940
83 940
83 940
83 940
83 940
83 940
83 940
83 940
83 940
83 940
83 940
83 940
83 940
83 940
83 940
83 940
83 940
87 956
87 956
87 956
87 956
87 956
87 956
87 956
87 956
87 956
87 956
87 956
87 956
87 956
87 956
87 956
87 956
87 956
87 956
87 956
87 956
87 956
87 956
87 956
87 956
87 956
87 956
93 927
93 927
93 927
93 927
93 927
93 927
93 927
93 927
93 927
93 927
93 927
93 927
93 927
93 927
93 927
93 927
93 927
93 927
93 927
93 927
93 927
93 927
93 927
11 1294
11 1294
11 1294
98 960
98 960
98 960
98 960
98 960
98 960
98 960
98 960
98 960
98 960
8 1372
8 1372
8 1372
8 1372
8 1372
8 1372
8 1372
8 1372
8 1372
8 1372
8 1372
8 1372
8 1372
8 1372
8 1372
8 1372
8 1372
8 1372
8 1372
8 1372
8 1372
8 1372
8 1372
8 1372
8 1372
8 1372
8 1372
8 1372
8 1372
99 983
99 983
99 983
99 983
99 983
99 983
99 983
99 983
99 983
99 983
99 983
99 983
99 983
99 983
99 983
101 977
101 977
101 977
101 977
101 977
101 977
101 977
101 977
101 977
101 977
101 977
101 977
101 977
101 977
101 977
101 977
101 977
101 977
101 977
101 977
101 977
101 977
101 977
101 977
101 977
102 975
102 975
102 975
102 975
102 975
102 975
102 975
102 975
102 975
102 975
102 975
105 1003
105 1003
105 1003
105 1003
105 1003
105 1003
105 1003
105 1003
105 1003
105 1003
105 1003
105 1003
105 1003
105 1003
105 1003
105 1003
105 1003
105 1003
105 1003
105 1003
105 1003
111 1046
111 1046
111 1046
111 1046
111 1046
111 1046
111 1046
111 1046
111 1046
111 1046
111 1046
111 1046
111 1046
111 1046
111 1046
111 1046
109 1071
109 1071
109 1071
109 1071
109 1071
109 1071
109 1071
109 1071
109 1071
109 1071
109 1071
109 1071
109 1071
109 1071
109 1071
109 1071
109 1071
109 1071
109 1071
30 1968
30 1968
30 1968
30 1968
30 1968
30 1968
30 1968
30 1968
83 1109
83 1109
83 1109
83 1109
83 1109
83 1109
83 1109
83 1109
83 1109
83 1109
83 1109
83 1109
83 1109
83 1109
83 1109
83 1109
83 1109
83 1109
83 1109
83 1109
83 1109
83 1109
83 1109
83 1109
87 1106
87 1106
87 1106
87 1106
87 1106
87 1106
87 1106
87 1106
87 1106
87 1106
87 1106
87 1106
87 1106
87 1106
87 1106
87 1106
87 1106
87 1106
87 1106
87 1106
87 1106
87 1106
87 1106
87 1106
87 1106
87 1106
35 1637
35 1637
35 1637
35 1637
35 1637
35 1637
35 1637
30 1841
30 1841
30 1841
30 1841
30 1841
30 1841
30 1841
30 1841
99 1170
99 1170
99 1170
99 1170
99 1170
99 1170
99 1170
99 1170
99 1170
99 1170
99 1170
99 1170
99 1170
99 1170
99 1170
98 1186
98 1186
98 1186
98 1186
98 1186
98 1186
98 1186
98 1186
98 1186
98 1186
93 1288
93 1288
93 1288
93 1288
93 1288
93 1288
93 1288
93 1288
93 1288
93 1288
93 1288
93 1288
93 1288
93 1288
93 1288
93 1288
93 1288
93 1288
93 1288
93 1288
93 1288
93 1288
93 1288
101 1219
101 1219
101 1219
101 1219
101 1219
101 1219
101 1219
101 1219
101 1219
101 1219
101 1219
101 1219
101 1219
101 1219
101 1219
101 1219
101 1219
101 1219
101 1219
101 1219
101 1219
101 1219
101 1219
101 1219
101 1219
102 1228
102 1228
102 1228
102 1228
102 1228
102 1228
102 1228
102 1228
102 1228
102 1228
102 1228
105 1237
105 1237
105 1237
105 1237
105 1237
105 1237
105 1237
105 1237
105 1237
105 1237
105 1237
105 1237
105 1237
105 1237
105 1237
105 1237
105 1237
105 1237
105 1237
105 1237
105 1237
109 1230
109 1230
109 1230
109 1230
109 1230
109 1230
109 1230
109 1230
109 1230
109 1230
109 1230
109 1230
109 1230
109 1230
109 1230
109 1230
109 1230
109 1230
109 1230
111 1219
111 1219
111 1219
111 1219
111 1219
111 1219
111 1219
111 1219
111 1219
111 1219
111 1219
111 1219
111 1219
111 1219
111 1219
111 1219
83 1244
83 1244
83 1244
83 1244
83 1244
83 1244
83 1244
83 1244
83 1244
83 1244
83 1244
83 1244
83 1244
83 1244
83 1244
83 1244
83 1244
83 1244
83 1244
83 1244
83 1244
83 1244
83 1244
83 1244
87 1329
87 1329
87 1329
87 1329
87 1329
87 1329
87 1329
87 1329
87 1329
87 1329
87 1329
87 1329
87 1329
87 1329
87 1329
87 1329
87 1329
87 1329
87 1329
87 1329
87 1329
87 1329
87 1329
87 1329
87 1329
87 1329
93 1361
93 1361
93 1361
93 1361
93 1361
93 1361
93 1361
93 1361
93 1361
93 1361
93 1361
93 1361
93 1361
93 1361
93 1361
93 1361
93 1361
93 1361
93 1361
93 1361
93 1361
93 1361
93 1361
98 1330
98 1330
98 1330
98 1330
98 1330
98 1330
98 1330
98 1330
98 1330
98 1330
99 1338
99 1338
99 1338
99 1338
99 1338
99 1338
99 1338
99 1338
99 1338
99 1338
99 1338
99 1338
99 1338
99 1338
99 1338
101 1347
101 1347
101 1347
101 1347
101 1347
101 1347
101 1347
101 1347
101 1347
101 1347
101 1347
101 1347
101 1347
101 1347
101 1347
101 1347
101 1347
101 1347
101 1347
101 1347
101 1347
101 1347
101 1347
101 1347
101 1347
102 1400
102 1400
102 1400
102 1400
102 1400
102 1400
102 1400
102 1400
102 1400
102 1400
102 1400
105 1390
105 1390
105 1390
105 1390
105 1390
105 1390
105 1390
105 1390
105 1390
105 1390
105 1390
105 1390
105 1390
105 1390
105 1390
105 1390
105 1390
105 1390
105 1390
105 1390
105 1390
109 1384
109 1384
109 1384
109 1384
109 1384
109 1384
109 1384
109 1384
109 1384
109 1384
109 1384
109 1384
109 1384
109 1384
109 1384
109 1384
109 1384
109 1384
109 1384
111 1388
111 1388
111 1388
111 1388
111 1388
111 1388
111 1388
111 1388
111 1388
111 1388
111 1388
111 1388
111 1388
111 1388
111 1388
111 1388
