3 115
3 115
3 115
3 115
3 115
3 115
3 115
3 115
3 115
3 115
3 115
3 115
3 115
3 115
3 115
3 115
3 115
3 115
3 115
3 115
3 115
3 115
3 115
3 115
3 115
3 115
3 115
3 115
3 115
10 93
10 93
10 93
10 93
10 93
10 93
10 93
24 98
24 98
24 98
24 98
24 98
24 98
24 98
24 98
24 98
24 98
24 98
24 98
24 98
24 98
24 98
24 98
24 98
24 98
28 105
28 105
28 105
28 105
28 105
28 105
28 105
28 105
28 105
28 105
30 174
30 174
30 174
30 174
30 174
30 174
30 174
30 174
30 174
30 174
30 174
30 174
30 174
30 174
30 174
30 174
30 174
30 174
30 174
41 185
41 185
41 185
41 185
41 185
41 185
41 185
41 185
41 185
41 185
41 185
41 185
41 185
41 185
41 185
41 185
41 185
41 185
41 185
41 185
41 185
41 185
41 185
41 185
41 185
41 185
41 185
41 185
3 254
3 254
3 254
3 254
3 254
3 254
3 254
3 254
3 254
3 254
3 254
3 254
3 254
3 254
3 254
3 254
3 254
3 254
3 254
3 254
3 254
3 254
3 254
3 254
3 254
3 254
3 254
3 254
3 254
56 265
56 265
56 265
56 265
56 265
56 265
56 265
56 265
56 265
56 265
56 265
56 265
56 265
56 265
56 265
56 265
56 265
56 265
56 265
56 265
56 265
56 265
56 265
56 265
56 265
56 265
10 246
10 246
10 246
10 246
10 246
10 246
10 246
67 278
67 278
67 278
67 278
67 278
67 278
67 278
67 278
67 278
67 278
67 278
67 278
67 278
67 278
67 278
67 278
67 278
67 278
67 278
67 278
67 278
67 278
67 278
67 278
67 278
67 278
67 278
70 289
70 289
70 289
70 289
70 289
70 289
24 277
24 277
24 277
24 277
24 277
24 277
24 277
24 277
24 277
24 277
24 277
24 277
24 277
24 277
24 277
24 277
24 277
24 277
28 292
28 292
28 292
28 292
28 292
28 292
28 292
28 292
28 292
28 292
52 637
52 637
52 637
52 637
30 384
30 384
30 384
30 384
30 384
30 384
30 384
30 384
30 384
30 384
30 384
30 384
30 384
30 384
30 384
30 384
30 384
30 384
30 384
41 359
41 359
41 359
41 359
41 359
41 359
41 359
41 359
41 359
41 359
41 359
41 359
41 359
41 359
41 359
41 359
41 359
41 359
41 359
41 359
41 359
41 359
41 359
41 359
41 359
41 359
41 359
41 359
42 888
42 888
42 888
44 870
44 870
44 870
44 870
44 870
44 870
44 870
44 870
44 870
44 870
44 870
44 870
44 870
44 870
44 870
18 1132
18 1132
18 1132
18 1132
18 1132
18 1132
18 1132
18 1132
18 1132
18 1132
18 1132
18 1132
18 1132
18 1132
83 493
83 493
83 493
83 493
83 493
83 493
83 493
83 493
83 493
84 550
84 550
84 550
84 550
84 550
52 384
52 384
52 384
52 384
3 386
3 386
3 386
3 386
3 386
3 386
3 386
3 386
3 386
3 386
3 386
3 386
3 386
3 386
3 386
3 386
3 386
3 386
3 386
3 386
3 386
3 386
3 386
3 386
3 386
3 386
3 386
3 386
3 386
42 517
42 517
42 517
56 381
56 381
56 381
56 381
56 381
56 381
56 381
56 381
56 381
56 381
56 381
56 381
56 381
56 381
56 381
56 381
56 381
56 381
56 381
56 381
56 381
56 381
56 381
56 381
56 381
56 381
44 535
44 535
44 535
44 535
44 535
44 535
44 535
44 535
44 535
44 535
44 535
44 535
44 535
44 535
44 535
10 381
10 381
10 381
10 381
10 381
10 381
10 381
99 619
67 440
67 440
67 440
67 440
67 440
67 440
67 440
67 440
67 440
67 440
67 440
67 440
67 440
67 440
67 440
67 440
67 440
67 440
67 440
67 440
67 440
67 440
67 440
67 440
67 440
67 440
67 440
100 615
100 615
100 615
100 615
100 615
100 615
100 615
100 615
100 615
100 615
100 615
100 615
100 615
100 615
100 615
100 615
100 615
100 615
100 615
100 615
100 615
100 615
100 615
100 615
100 615
54 578
54 578
54 578
54 578
54 578
54 578
54 578
54 578
54 578
54 578
54 578
54 578
54 578
54 578
54 578
54 578
54 578
54 578
54 578
54 578
54 578
54 578
54 578
54 578
54 578
54 578
54 578
54 578
54 578
54 578
70 446
70 446
70 446
70 446
70 446
70 446
24 489
24 489
24 489
24 489
24 489
24 489
24 489
24 489
24 489
24 489
24 489
24 489
24 489
24 489
24 489
24 489
24 489
24 489
28 473
28 473
28 473
28 473
28 473
28 473
28 473
28 473
28 473
28 473
30 472
30 472
30 472
30 472
30 472
30 472
30 472
30 472
30 472
30 472
30 472
30 472
30 472
30 472
30 472
30 472
30 472
30 472
30 472
62 683
62 683
62 683
62 683
62 683
62 683
62 683
62 683
62 683
62 683
62 683
62 683
62 683
62 683
62 683
62 683
62 683
18 647
18 647
18 647
18 647
18 647
18 647
18 647
18 647
18 647
18 647
18 647
18 647
18 647
18 647
41 506
41 506
41 506
41 506
41 506
41 506
41 506
41 506
41 506
41 506
41 506
41 506
41 506
41 506
41 506
41 506
41 506
41 506
41 506
41 506
41 506
41 506
41 506
41 506
41 506
41 506
41 506
41 506
52 521
52 521
52 521
52 521
83 714
83 714
83 714
83 714
83 714
83 714
83 714
83 714
83 714
3 525
3 525
3 525
3 525
3 525
3 525
3 525
3 525
3 525
3 525
3 525
3 525
3 525
3 525
3 525
3 525
3 525
3 525
3 525
3 525
3 525
3 525
3 525
3 525
3 525
3 525
3 525
3 525
3 525
84 746
84 746
84 746
84 746
84 746
56 555
56 555
56 555
56 555
56 555
56 555
56 555
56 555
56 555
56 555
56 555
56 555
56 555
56 555
56 555
56 555
56 555
56 555
56 555
56 555
56 555
56 555
56 555
56 555
56 555
56 555
10 585
10 585
10 585
10 585
10 585
10 585
10 585
67 590
67 590
67 590
67 590
67 590
67 590
67 590
67 590
67 590
67 590
67 590
67 590
67 590
67 590
67 590
67 590
67 590
67 590
67 590
67 590
67 590
67 590
67 590
67 590
67 590
67 590
67 590
42 856
42 856
42 856
44 837
44 837
44 837
44 837
44 837
44 837
44 837
44 837
44 837
44 837
44 837
44 837
44 837
44 837
44 837
70 591
70 591
70 591
70 591
70 591
70 591
24 596
24 596
24 596
24 596
24 596
24 596
24 596
24 596
24 596
24 596
24 596
24 596
24 596
24 596
24 596
24 596
24 596
24 596
100 854
100 854
100 854
100 854
100 854
100 854
100 854
100 854
100 854
100 854
100 854
100 854
100 854
100 854
100 854
100 854
100 854
100 854
100 854
100 854
100 854
100 854
100 854
100 854
100 854
28 616
28 616
28 616
28 616
28 616
28 616
28 616
28 616
28 616
28 616
30 607
30 607
30 607
30 607
30 607
30 607
30 607
30 607
30 607
30 607
30 607
30 607
30 607
30 607
30 607
30 607
30 607
30 607
30 607
54 963
54 963
54 963
54 963
54 963
54 963
54 963
54 963
54 963
54 963
54 963
54 963
54 963
54 963
54 963
54 963
54 963
54 963
54 963
54 963
54 963
54 963
54 963
54 963
54 963
54 963
54 963
54 963
54 963
54 963
99 1045
41 637
41 637
41 637
41 637
41 637
41 637
41 637
41 637
41 637
41 637
41 637
41 637
41 637
41 637
41 637
41 637
41 637
41 637
41 637
41 637
41 637
41 637
41 637
41 637
41 637
41 637
41 637
41 637
62 943
62 943
62 943
62 943
62 943
62 943
62 943
62 943
62 943
62 943
62 943
62 943
62 943
62 943
62 943
62 943
62 943
18 958
18 958
18 958
18 958
18 958
18 958
18 958
18 958
18 958
18 958
18 958
18 958
18 958
18 958
52 677
52 677
52 677
52 677
3 686
3 686
3 686
3 686
3 686
3 686
3 686
3 686
3 686
3 686
3 686
3 686
3 686
3 686
3 686
3 686
3 686
3 686
3 686
3 686
3 686
3 686
3 686
3 686
3 686
3 686
3 686
3 686
3 686
56 679
56 679
56 679
56 679
56 679
56 679
56 679
56 679
56 679
56 679
56 679
56 679
56 679
56 679
56 679
56 679
56 679
56 679
56 679
56 679
56 679
56 679
56 679
56 679
56 679
56 679
83 975
83 975
83 975
83 975
83 975
83 975
83 975
83 975
83 975
10 717
10 717
10 717
10 717
10 717
10 717
10 717
67 709
67 709
67 709
67 709
67 709
67 709
67 709
67 709
67 709
67 709
67 709
67 709
67 709
67 709
67 709
67 709
67 709
67 709
67 709
67 709
67 709
67 709
67 709
67 709
67 709
67 709
67 709
70 767
70 767
70 767
70 767
70 767
70 767
84 1138
84 1138
84 1138
84 1138
84 1138
24 744
24 744
24 744
24 744
24 744
24 744
24 744
24 744
24 744
24 744
24 744
24 744
24 744
24 744
24 744
24 744
24 744
24 744
44 1095
44 1095
44 1095
44 1095
44 1095
44 1095
44 1095
44 1095
44 1095
44 1095
44 1095
44 1095
44 1095
44 1095
44 1095
42 1137
42 1137
42 1137
28 799
28 799
28 799
28 799
28 799
28 799
28 799
28 799
28 799
28 799
30 817
30 817
30 817
30 817
30 817
30 817
30 817
30 817
30 817
30 817
30 817
30 817
30 817
30 817
30 817
30 817
30 817
30 817
30 817
99 1129
100 1125
100 1125
100 1125
100 1125
100 1125
100 1125
100 1125
100 1125
100 1125
100 1125
100 1125
100 1125
100 1125
100 1125
100 1125
100 1125
100 1125
100 1125
100 1125
100 1125
100 1125
100 1125
100 1125
100 1125
100 1125
54 1130
54 1130
54 1130
54 1130
54 1130
54 1130
54 1130
54 1130
54 1130
54 1130
54 1130
54 1130
54 1130
54 1130
54 1130
54 1130
54 1130
54 1130
54 1130
54 1130
54 1130
54 1130
54 1130
54 1130
54 1130
54 1130
54 1130
54 1130
54 1130
54 1130
41 797
41 797
41 797
41 797
41 797
41 797
41 797
41 797
41 797
41 797
41 797
41 797
41 797
41 797
41 797
41 797
41 797
41 797
41 797
41 797
41 797
41 797
41 797
41 797
41 797
41 797
41 797
41 797
62 1187
62 1187
62 1187
62 1187
62 1187
62 1187
62 1187
62 1187
62 1187
62 1187
62 1187
62 1187
62 1187
62 1187
62 1187
62 1187
62 1187
95 2362
95 2362
95 1873
95 1873
95 1383
95 1383
18 1176
18 1176
18 1176
18 1176
18 1176
18 1176
18 1176
18 1176
18 1176
18 1176
18 1176
18 1176
18 1176
18 1176
52 844
52 844
52 844
52 844
3 846
3 846
3 846
3 846
3 846
3 846
3 846
3 846
3 846
3 846
3 846
3 846
3 846
3 846
3 846
3 846
3 846
3 846
3 846
3 846
3 846
3 846
3 846
3 846
3 846
3 846
3 846
3 846
3 846
56 854
56 854
56 854
56 854
56 854
56 854
56 854
56 854
56 854
56 854
56 854
56 854
56 854
56 854
56 854
56 854
56 854
56 854
56 854
56 854
56 854
56 854
56 854
56 854
56 854
56 854
10 873
10 873
10 873
10 873
10 873
10 873
10 873
67 935
67 935
67 935
67 935
67 935
67 935
67 935
67 935
67 935
67 935
67 935
67 935
67 935
67 935
67 935
67 935
67 935
67 935
67 935
67 935
67 935
67 935
67 935
67 935
67 935
67 935
67 935
83 1277
83 1277
83 1277
83 1277
83 1277
83 1277
83 1277
83 1277
83 1277
84 1269
84 1269
84 1269
84 1269
84 1269
70 942
70 942
70 942
70 942
70 942
70 942
42 1264
42 1264
42 1264
24 955
24 955
24 955
24 955
24 955
24 955
24 955
24 955
24 955
24 955
24 955
24 955
24 955
24 955
24 955
24 955
24 955
24 955
28 931
28 931
28 931
28 931
28 931
28 931
28 931
28 931
28 931
28 931
95 1285
95 1285
30 942
30 942
30 942
30 942
30 942
30 942
30 942
30 942
30 942
30 942
30 942
30 942
30 942
30 942
30 942
30 942
30 942
30 942
30 942
44 1332
44 1332
44 1332
44 1332
44 1332
44 1332
44 1332
44 1332
44 1332
44 1332
44 1332
44 1332
44 1332
44 1332
44 1332
99 1335
100 1328
100 1328
100 1328
100 1328
100 1328
100 1328
100 1328
100 1328
100 1328
100 1328
100 1328
100 1328
100 1328
100 1328
100 1328
100 1328
100 1328
100 1328
100 1328
100 1328
100 1328
100 1328
100 1328
100 1328
100 1328
41 942
41 942
41 942
41 942
41 942
41 942
41 942
41 942
41 942
41 942
41 942
41 942
41 942
41 942
41 942
41 942
41 942
41 942
41 942
41 942
41 942
41 942
41 942
41 942
41 942
41 942
41 942
41 942
54 1341
54 1341
54 1341
54 1341
54 1341
54 1341
54 1341
54 1341
54 1341
54 1341
54 1341
54 1341
54 1341
54 1341
54 1341
54 1341
54 1341
54 1341
54 1341
54 1341
54 1341
54 1341
54 1341
54 1341
54 1341
54 1341
54 1341
54 1341
54 1341
54 1341
52 1019
52 1019
52 1019
52 1019
56 1016
56 1016
56 1016
56 1016
56 1016
56 1016
56 1016
56 1016
56 1016
56 1016
56 1016
56 1016
56 1016
56 1016
56 1016
56 1016
56 1016
56 1016
56 1016
56 1016
56 1016
56 1016
56 1016
56 1016
56 1016
56 1016
62 1503
62 1503
62 1503
62 1503
62 1503
62 1503
62 1503
62 1503
62 1503
62 1503
62 1503
62 1503
62 1503
62 1503
62 1503
62 1503
62 1503
18 1488
18 1488
18 1488
18 1488
18 1488
18 1488
18 1488
18 1488
18 1488
18 1488
18 1488
18 1488
18 1488
18 1488
67 1043
67 1043
67 1043
67 1043
67 1043
67 1043
67 1043
67 1043
67 1043
67 1043
67 1043
67 1043
67 1043
67 1043
67 1043
67 1043
67 1043
67 1043
67 1043
67 1043
67 1043
67 1043
67 1043
67 1043
67 1043
67 1043
67 1043
70 1052
70 1052
70 1052
70 1052
70 1052
70 1052
83 1554
83 1554
83 1554
83 1554
83 1554
83 1554
83 1554
83 1554
83 1554
84 1582
84 1582
84 1582
84 1582
84 1582
95 1634
95 1634
100 1665
100 1665
100 1665
100 1665
100 1665
100 1665
100 1665
100 1665
100 1665
100 1665
100 1665
100 1665
100 1665
100 1665
100 1665
100 1665
100 1665
100 1665
100 1665
100 1665
100 1665
100 1665
100 1665
100 1665
100 1665
99 1698
