13 60
13 60
13 60
13 60
13 60
13 60
13 60
13 60
13 60
13 60
13 60
13 60
13 60
13 60
13 60
13 60
13 60
6 137
6 137
6 137
6 137
6 137
6 137
6 137
6 137
6 137
6 137
6 137
6 137
6 137
6 137
16 83
16 83
16 83
16 83
16 83
16 83
16 83
16 83
16 83
16 83
16 83
16 83
16 83
16 83
16 83
16 83
16 83
16 83
16 83
16 83
16 83
16 83
16 83
10 161
10 161
10 161
10 161
10 161
10 161
10 161
10 161
10 161
10 161
10 161
10 161
10 161
10 161
10 161
10 161
10 161
10 161
10 161
10 161
10 161
10 161
10 161
10 161
10 161
10 161
10 161
10 161
10 161
10 161
34 53
24 155
24 155
24 155
24 155
24 155
24 155
24 155
27 126
27 126
32 80
32 80
32 80
38 61
38 61
38 61
38 61
38 61
38 61
38 61
38 61
38 61
38 61
38 61
38 61
38 61
38 61
38 61
38 61
39 82
39 82
39 82
39 82
39 82
39 82
39 82
39 82
39 82
39 82
39 82
39 82
43 77
43 77
43 77
43 77
45 107
45 107
45 107
45 107
45 107
45 107
45 107
45 107
45 107
45 107
45 107
45 107
45 107
45 107
45 107
45 107
45 107
45 107
28 289
28 289
28 289
28 289
28 289
28 289
28 289
28 289
28 289
28 289
28 289
28 289
28 289
28 289
28 289
28 289
28 289
28 289
28 289
28 289
28 289
28 289
28 289
28 289
30 277
30 277
30 277
30 277
30 277
30 277
30 277
30 277
30 277
30 277
30 277
30 277
30 277
30 277
30 277
30 277
30 277
30 277
30 277
30 277
50 114
50 114
50 114
50 114
50 114
57 122
57 122
57 122
57 122
57 122
57 122
6 159
6 159
6 159
6 159
6 159
6 159
6 159
6 159
6 159
6 159
6 159
6 159
6 159
6 159
24 157
24 157
24 157
24 157
24 157
24 157
24 157
27 174
27 174
32 175
32 175
32 175
34 197
38 199
38 199
38 199
38 199
38 199
38 199
38 199
38 199
38 199
38 199
38 199
38 199
38 199
38 199
38 199
38 199
39 213
39 213
39 213
39 213
39 213
39 213
39 213
39 213
39 213
39 213
39 213
39 213
10 547
10 547
10 547
10 547
10 547
10 547
10 547
10 547
10 547
10 547
10 547
10 547
10 547
10 547
10 547
10 547
10 547
10 547
10 547
10 547
10 547
10 547
10 547
10 547
10 547
10 547
10 547
10 547
10 547
10 547
13 518
13 518
13 518
13 518
13 518
13 518
13 518
13 518
13 518
13 518
13 518
13 518
13 518
13 518
13 518
13 518
13 518
43 233
43 233
43 233
43 233
28 392
28 392
28 392
28 392
28 392
28 392
28 392
28 392
28 392
28 392
28 392
28 392
28 392
28 392
28 392
28 392
28 392
28 392
28 392
28 392
28 392
28 392
28 392
28 392
45 233
45 233
45 233
45 233
45 233
45 233
45 233
45 233
45 233
45 233
45 233
45 233
45 233
45 233
45 233
45 233
45 233
45 233
50 247
50 247
50 247
50 247
50 247
57 241
57 241
57 241
57 241
57 241
57 241
16 666
16 666
16 666
16 666
16 666
16 666
16 666
16 666
16 666
16 666
16 666
16 666
16 666
16 666
16 666
16 666
16 666
16 666
16 666
16 666
16 666
16 666
16 666
99 463
99 463
99 463
99 463
99 463
99 463
99 463
99 463
99 463
99 463
99 463
99 463
99 463
6 405
6 405
6 405
6 405
6 405
6 405
6 405
6 405
6 405
6 405
6 405
6 405
6 405
6 405
24 299
24 299
24 299
24 299
24 299
24 299
24 299
10 445
10 445
10 445
10 445
10 445
10 445
10 445
10 445
10 445
10 445
10 445
10 445
10 445
10 445
10 445
10 445
10 445
10 445
10 445
10 445
10 445
10 445
10 445
10 445
10 445
10 445
10 445
10 445
10 445
10 445
27 316
27 316
94 685
94 685
94 685
94 685
94 685
94 685
94 685
94 685
94 685
94 685
94 685
94 685
94 685
94 685
94 685
94 685
94 685
94 685
94 685
94 685
94 685
94 685
84 805
84 805
84 805
84 805
84 805
84 805
84 805
84 805
84 805
84 805
84 805
84 805
84 805
84 805
84 805
32 340
32 340
32 340
13 555
13 555
13 555
13 555
13 555
13 555
13 555
13 555
13 555
13 555
13 555
13 555
13 555
13 555
13 555
13 555
13 555
34 359
38 361
38 361
38 361
38 361
38 361
38 361
38 361
38 361
38 361
38 361
38 361
38 361
38 361
38 361
38 361
38 361
39 375
39 375
39 375
39 375
39 375
39 375
39 375
39 375
39 375
39 375
39 375
39 375
65 1124
65 1124
65 1124
65 1124
65 1124
65 1124
65 1124
65 1124
70 1077
70 1077
70 1077
70 1077
70 1077
70 1077
70 1077
70 1077
70 1077
70 1077
70 1077
70 1077
70 1077
70 1077
70 1077
70 1077
70 1077
70 1077
70 1077
30 985
30 985
30 985
30 985
30 985
30 985
30 985
30 985
30 985
30 985
30 985
30 985
30 985
30 985
30 985
30 985
30 985
30 985
30 985
30 985
66 1133
66 1133
66 1133
66 1133
66 1133
66 1133
66 1133
66 1133
66 1133
66 1133
66 1133
66 1133
66 1133
66 1133
66 1133
66 1133
66 1133
66 1133
66 1133
66 1133
66 1133
43 391
43 391
43 391
43 391
45 394
45 394
45 394
45 394
45 394
45 394
45 394
45 394
45 394
45 394
45 394
45 394
45 394
45 394
45 394
45 394
45 394
45 394
30 559
30 559
30 559
30 559
30 559
30 559
30 559
30 559
30 559
30 559
30 559
30 559
30 559
30 559
30 559
30 559
30 559
30 559
30 559
30 559
50 395
50 395
50 395
50 395
50 395
93 971
93 971
93 971
93 971
93 971
93 971
93 971
93 971
93 971
93 971
93 971
93 971
93 971
93 971
93 971
93 971
93 971
93 971
93 971
93 971
93 971
93 971
93 971
93 971
93 971
93 971
93 971
84 599
84 599
84 599
84 599
84 599
84 599
84 599
84 599
84 599
84 599
84 599
84 599
84 599
84 599
84 599
100 1006
100 1006
100 1006
100 1006
100 1006
100 1006
100 1006
100 1006
100 1006
100 1006
100 1006
100 1006
100 1006
100 1006
100 1006
100 1006
100 1006
100 1006
100 1006
100 1006
100 1006
100 1006
100 1006
100 1006
100 1006
100 1006
100 1006
100 1006
57 451
57 451
57 451
57 451
57 451
57 451
94 728
94 728
94 728
94 728
94 728
94 728
94 728
94 728
94 728
94 728
94 728
94 728
94 728
94 728
94 728
94 728
94 728
94 728
94 728
94 728
94 728
94 728
28 891
28 891
28 891
28 891
28 891
28 891
28 891
28 891
28 891
28 891
28 891
28 891
28 891
28 891
28 891
28 891
28 891
28 891
28 891
28 891
28 891
28 891
28 891
28 891
7 2114
7 2114
7 2114
7 2114
7 2114
7 2114
7 2114
7 2114
7 2114
7 2114
7 2114
7 2114
7 2114
7 2114
7 2114
7 2114
7 2114
7 2114
7 2114
7 2114
7 2114
7 2114
7 2114
7 2114
7 2114
7 2114
7 1620
7 1620
7 1620
7 1620
7 1620
7 1620
7 1620
7 1620
7 1620
7 1620
7 1620
7 1620
7 1620
7 1620
7 1620
7 1620
7 1620
7 1620
7 1620
7 1620
7 1620
7 1620
7 1620
7 1620
7 1620
7 1620
7 1120
7 1120
7 1120
7 1120
7 1120
7 1120
7 1120
7 1120
7 1120
7 1120
7 1120
7 1120
7 1120
7 1120
7 1120
7 1120
7 1120
7 1120
7 1120
7 1120
7 1120
7 1120
7 1120
7 1120
7 1120
7 1120
24 479
24 479
24 479
24 479
24 479
24 479
24 479
27 495
27 495
6 725
6 725
6 725
6 725
6 725
6 725
6 725
6 725
6 725
6 725
6 725
6 725
6 725
6 725
65 1148
65 1148
65 1148
65 1148
65 1148
65 1148
65 1148
65 1148
10 709
10 709
10 709
10 709
10 709
10 709
10 709
10 709
10 709
10 709
10 709
10 709
10 709
10 709
10 709
10 709
10 709
10 709
10 709
10 709
10 709
10 709
10 709
10 709
10 709
10 709
10 709
10 709
10 709
10 709
32 501
32 501
32 501
7 754
7 754
7 754
7 754
7 754
7 754
7 754
7 754
7 754
7 754
7 754
7 754
7 754
7 754
7 754
7 754
7 754
7 754
7 754
7 754
7 754
7 754
7 754
7 754
7 754
7 754
66 1184
66 1184
66 1184
66 1184
66 1184
66 1184
66 1184
66 1184
66 1184
66 1184
66 1184
66 1184
66 1184
66 1184
66 1184
66 1184
66 1184
66 1184
66 1184
66 1184
66 1184
34 505
38 526
38 526
38 526
38 526
38 526
38 526
38 526
38 526
38 526
38 526
38 526
38 526
38 526
38 526
38 526
38 526
16 1251
16 1251
16 1251
16 1251
16 1251
16 1251
16 1251
16 1251
16 1251
16 1251
16 1251
16 1251
16 1251
16 1251
16 1251
16 1251
16 1251
16 1251
16 1251
16 1251
16 1251
16 1251
16 1251
39 522
39 522
39 522
39 522
39 522
39 522
39 522
39 522
39 522
39 522
39 522
39 522
70 1221
70 1221
70 1221
70 1221
70 1221
70 1221
70 1221
70 1221
70 1221
70 1221
70 1221
70 1221
70 1221
70 1221
70 1221
70 1221
70 1221
70 1221
70 1221
13 801
13 801
13 801
13 801
13 801
13 801
13 801
13 801
13 801
13 801
13 801
13 801
13 801
13 801
13 801
13 801
13 801
43 567
43 567
43 567
43 567
45 563
45 563
45 563
45 563
45 563
45 563
45 563
45 563
45 563
45 563
45 563
45 563
45 563
45 563
45 563
45 563
45 563
45 563
16 865
16 865
16 865
16 865
16 865
16 865
16 865
16 865
16 865
16 865
16 865
16 865
16 865
16 865
16 865
16 865
16 865
16 865
16 865
16 865
16 865
16 865
16 865
76 1300
76 1300
76 1300
76 1300
76 1300
76 1300
76 1300
76 1300
76 1300
76 1300
76 1300
76 1300
76 1300
76 1300
76 1300
76 1300
76 1300
76 1300
76 1300
76 1300
76 1300
76 1300
76 1300
76 1300
76 1300
76 1300
76 1300
76 1300
76 1300
50 587
50 587
50 587
50 587
50 587
28 855
28 855
28 855
28 855
28 855
28 855
28 855
28 855
28 855
28 855
28 855
28 855
28 855
28 855
28 855
28 855
28 855
28 855
28 855
28 855
28 855
28 855
28 855
28 855
57 583
57 583
57 583
57 583
57 583
57 583
81 1388
81 1388
81 1388
81 1388
81 1388
81 1388
81 1388
81 1388
81 1388
82 1387
82 1387
82 1387
82 1387
82 1387
82 1387
82 1387
82 1387
82 1387
82 1387
82 1387
24 653
24 653
24 653
24 653
24 653
24 653
24 653
84 1060
84 1060
84 1060
84 1060
84 1060
84 1060
84 1060
84 1060
84 1060
84 1060
84 1060
84 1060
84 1060
84 1060
84 1060
94 980
94 980
94 980
94 980
94 980
94 980
94 980
94 980
94 980
94 980
94 980
94 980
94 980
94 980
94 980
94 980
94 980
94 980
94 980
94 980
94 980
94 980
27 652
27 652
93 1522
93 1522
93 1522
93 1522
93 1522
93 1522
93 1522
93 1522
93 1522
93 1522
93 1522
93 1522
93 1522
93 1522
93 1522
93 1522
93 1522
93 1522
93 1522
93 1522
93 1522
93 1522
93 1522
93 1522
93 1522
93 1522
93 1522
32 673
32 673
32 673
6 947
6 947
6 947
6 947
6 947
6 947
6 947
6 947
6 947
6 947
6 947
6 947
6 947
6 947
34 713
99 1063
99 1063
99 1063
99 1063
99 1063
99 1063
99 1063
99 1063
99 1063
99 1063
99 1063
99 1063
99 1063
7 988
7 988
7 988
7 988
7 988
7 988
7 988
7 988
7 988
7 988
7 988
7 988
7 988
7 988
7 988
7 988
7 988
7 988
7 988
7 988
7 988
7 988
7 988
7 988
7 988
7 988
100 1573
100 1573
100 1573
100 1573
100 1573
100 1573
100 1573
100 1573
100 1573
100 1573
100 1573
100 1573
100 1573
100 1573
100 1573
100 1573
100 1573
100 1573
100 1573
100 1573
100 1573
100 1573
100 1573
100 1573
100 1573
100 1573
100 1573
100 1573
38 714
38 714
38 714
38 714
38 714
38 714
38 714
38 714
38 714
38 714
38 714
38 714
38 714
38 714
38 714
38 714
10 1028
10 1028
10 1028
10 1028
10 1028
10 1028
10 1028
10 1028
10 1028
10 1028
10 1028
10 1028
10 1028
10 1028
10 1028
10 1028
10 1028
10 1028
10 1028
10 1028
10 1028
10 1028
10 1028
10 1028
10 1028
10 1028
10 1028
10 1028
10 1028
10 1028
13 1017
13 1017
13 1017
13 1017
13 1017
13 1017
13 1017
13 1017
13 1017
13 1017
13 1017
13 1017
13 1017
13 1017
13 1017
13 1017
13 1017
39 760
39 760
39 760
39 760
39 760
39 760
39 760
39 760
39 760
39 760
39 760
39 760
16 1011
16 1011
16 1011
16 1011
16 1011
16 1011
16 1011
16 1011
16 1011
16 1011
16 1011
16 1011
16 1011
16 1011
16 1011
16 1011
16 1011
16 1011
16 1011
16 1011
16 1011
16 1011
16 1011
43 758
43 758
43 758
43 758
45 764
45 764
45 764
45 764
45 764
45 764
45 764
45 764
45 764
45 764
45 764
45 764
45 764
45 764
45 764
45 764
45 764
45 764
50 776
50 776
50 776
50 776
50 776
57 775
57 775
57 775
57 775
57 775
57 775
65 1705
65 1705
65 1705
65 1705
65 1705
65 1705
65 1705
65 1705
66 1730
66 1730
66 1730
66 1730
66 1730
66 1730
66 1730
66 1730
66 1730
66 1730
66 1730
66 1730
66 1730
66 1730
66 1730
66 1730
66 1730
66 1730
66 1730
66 1730
66 1730
30 1622
30 1622
30 1622
30 1622
30 1622
30 1622
30 1622
30 1622
30 1622
30 1622
30 1622
30 1622
30 1622
30 1622
30 1622
30 1622
30 1622
30 1622
30 1622
30 1622
70 1756
70 1756
70 1756
70 1756
70 1756
70 1756
70 1756
70 1756
70 1756
70 1756
70 1756
70 1756
70 1756
70 1756
70 1756
70 1756
70 1756
70 1756
70 1756
84 1169
84 1169
84 1169
84 1169
84 1169
84 1169
84 1169
84 1169
84 1169
84 1169
84 1169
84 1169
84 1169
84 1169
84 1169
24 830
24 830
24 830
24 830
24 830
24 830
24 830
76 1825
76 1825
76 1825
76 1825
76 1825
76 1825
76 1825
76 1825
76 1825
76 1825
76 1825
76 1825
76 1825
76 1825
76 1825
76 1825
76 1825
76 1825
76 1825
76 1825
76 1825
76 1825
76 1825
76 1825
76 1825
76 1825
76 1825
76 1825
76 1825
27 867
27 867
94 1220
94 1220
94 1220
94 1220
94 1220
94 1220
94 1220
94 1220
94 1220
94 1220
94 1220
94 1220
94 1220
94 1220
94 1220
94 1220
94 1220
94 1220
94 1220
94 1220
94 1220
94 1220
81 1874
81 1874
81 1874
81 1874
81 1874
81 1874
81 1874
81 1874
81 1874
32 870
32 870
32 870
82 1876
82 1876
82 1876
82 1876
82 1876
82 1876
82 1876
82 1876
82 1876
82 1876
82 1876
99 1213
99 1213
99 1213
99 1213
99 1213
99 1213
99 1213
99 1213
99 1213
99 1213
99 1213
99 1213
99 1213
34 881
38 883
38 883
38 883
38 883
38 883
38 883
38 883
38 883
38 883
38 883
38 883
38 883
38 883
38 883
38 883
38 883
7 1211
7 1211
7 1211
7 1211
7 1211
7 1211
7 1211
7 1211
7 1211
7 1211
7 1211
7 1211
7 1211
7 1211
7 1211
7 1211
7 1211
7 1211
7 1211
7 1211
7 1211
7 1211
7 1211
7 1211
7 1211
7 1211
39 896
39 896
39 896
39 896
39 896
39 896
39 896
39 896
39 896
39 896
39 896
39 896
43 894
43 894
43 894
43 894
6 1273
6 1273
6 1273
6 1273
6 1273
6 1273
6 1273
6 1273
6 1273
6 1273
6 1273
6 1273
6 1273
6 1273
10 1256
10 1256
10 1256
10 1256
10 1256
10 1256
10 1256
10 1256
10 1256
10 1256
10 1256
10 1256
10 1256
10 1256
10 1256
10 1256
10 1256
10 1256
10 1256
10 1256
10 1256
10 1256
10 1256
10 1256
10 1256
10 1256
10 1256
10 1256
10 1256
10 1256
45 917
45 917
45 917
45 917
45 917
45 917
45 917
45 917
45 917
45 917
45 917
45 917
45 917
45 917
45 917
45 917
45 917
45 917
50 941
50 941
50 941
50 941
50 941
93 2014
93 2014
93 2014
93 2014
93 2014
93 2014
93 2014
93 2014
93 2014
93 2014
93 2014
93 2014
93 2014
93 2014
93 2014
93 2014
93 2014
93 2014
93 2014
93 2014
93 2014
93 2014
93 2014
93 2014
93 2014
93 2014
93 2014
57 951
57 951
57 951
57 951
57 951
57 951
100 2053
100 2053
100 2053
100 2053
100 2053
100 2053
100 2053
100 2053
100 2053
100 2053
100 2053
100 2053
100 2053
100 2053
100 2053
100 2053
100 2053
100 2053
100 2053
100 2053
100 2053
100 2053
100 2053
100 2053
100 2053
100 2053
100 2053
100 2053
16 1400
16 1400
16 1400
16 1400
16 1400
16 1400
16 1400
16 1400
16 1400
16 1400
16 1400
16 1400
16 1400
16 1400
16 1400
16 1400
16 1400
16 1400
16 1400
16 1400
16 1400
16 1400
16 1400
28 1835
28 1835
28 1835
28 1835
28 1835
28 1835
28 1835
28 1835
28 1835
28 1835
28 1835
28 1835
28 1835
28 1835
28 1835
28 1835
28 1835
28 1835
28 1835
28 1835
28 1835
28 1835
28 1835
28 1835
84 1471
84 1471
84 1471
84 1471
84 1471
84 1471
84 1471
84 1471
84 1471
84 1471
84 1471
84 1471
84 1471
84 1471
84 1471
65 2176
65 2176
65 2176
65 2176
65 2176
65 2176
65 2176
65 2176
66 2194
66 2194
66 2194
66 2194
66 2194
66 2194
66 2194
66 2194
66 2194
66 2194
66 2194
66 2194
66 2194
66 2194
66 2194
66 2194
66 2194
66 2194
66 2194
66 2194
66 2194
81 2194
81 2194
81 2194
81 2194
81 2194
81 2194
81 2194
81 2194
81 2194
99 1564
99 1564
99 1564
99 1564
99 1564
99 1564
99 1564
99 1564
99 1564
99 1564
99 1564
99 1564
99 1564
93 2164
93 2164
93 2164
93 2164
93 2164
93 2164
93 2164
93 2164
93 2164
93 2164
93 2164
93 2164
93 2164
93 2164
93 2164
93 2164
93 2164
93 2164
93 2164
93 2164
93 2164
93 2164
93 2164
93 2164
93 2164
93 2164
93 2164
94 1667
94 1667
94 1667
94 1667
94 1667
94 1667
94 1667
94 1667
94 1667
94 1667
94 1667
94 1667
94 1667
94 1667
94 1667
94 1667
94 1667
94 1667
94 1667
94 1667
94 1667
94 1667
