3 34
3 34
3 34
6 5
6 5
4 26
4 26
4 26
4 26
4 26
4 26
4 26
4 26
4 26
5 19
5 19
5 19
5 19
8 12
8 12
8 12
8 12
8 12
8 12
10 14
14 17
14 17
14 17
14 17
14 17
14 17
14 17
14 17
14 17
14 17
14 17
14 17
14 17
14 17
14 17
14 17
14 17
14 17
14 17
14 17
14 17
14 17
14 17
17 19
17 19
17 19
17 19
17 19
17 19
17 19
17 19
17 19
17 19
17 19
17 19
17 19
17 19
17 19
17 19
17 19
17 19
17 19
17 19
17 19
17 19
17 19
17 19
18 14
18 14
18 14
18 14
18 14
22 9
22 9
22 9
22 9
22 9
22 9
22 9
22 9
22 9
22 9
22 9
22 9
22 9
22 9
22 9
22 9
22 9
22 9
22 9
22 9
22 9
22 9
22 9
22 9
22 9
3 8
3 8
3 8
4 4
4 4
4 4
4 4
4 4
4 4
4 4
4 4
4 4
5 2
5 2
5 2
5 2
6 1
6 1
8 2
8 2
8 2
8 2
8 2
8 2
10 5
25 356
25 356
25 356
25 356
25 356
25 356
25 356
25 356
25 356
25 356
25 356
25 356
25 356
25 356
25 356
25 356
25 356
14 2
14 2
14 2
14 2
14 2
14 2
14 2
14 2
14 2
14 2
14 2
14 2
14 2
14 2
14 2
14 2
14 2
14 2
14 2
14 2
14 2
14 2
14 2
17 4
17 4
17 4
17 4
17 4
17 4
17 4
17 4
17 4
17 4
17 4
17 4
17 4
17 4
17 4
17 4
17 4
17 4
17 4
17 4
17 4
17 4
17 4
17 4
18 1
18 1
18 1
18 1
18 1
22 3
22 3
22 3
22 3
22 3
22 3
22 3
22 3
22 3
22 3
22 3
22 3
22 3
22 3
22 3
22 3
22 3
22 3
22 3
22 3
22 3
22 3
22 3
22 3
22 3
38 432
38 432
38 432
38 432
38 432
38 432
38 432
38 432
38 432
38 432
38 432
38 432
38 432
38 432
25 151
25 151
25 151
25 151
25 151
25 151
25 151
25 151
25 151
25 151
25 151
25 151
25 151
25 151
25 151
25 151
25 151
82 170
82 170
82 170
82 170
82 170
82 170
82 170
82 170
82 170
82 170
82 170
82 170
3 12
3 12
3 12
4 27
4 27
4 27
4 27
4 27
4 27
4 27
4 27
4 27
5 47
5 47
5 47
5 47
6 46
6 46
8 65
8 65
8 65
8 65
8 65
8 65
10 95
14 174
14 174
14 174
14 174
14 174
14 174
14 174
14 174
14 174
14 174
14 174
14 174
14 174
14 174
14 174
14 174
14 174
14 174
14 174
14 174
14 174
14 174
14 174
17 199
17 199
17 199
17 199
17 199
17 199
17 199
17 199
17 199
17 199
17 199
17 199
17 199
17 199
17 199
17 199
17 199
17 199
17 199
17 199
17 199
17 199
17 199
17 199
18 190
18 190
18 190
18 190
18 190
22 249
22 249
22 249
22 249
22 249
22 249
22 249
22 249
22 249
22 249
22 249
22 249
22 249
22 249
22 249
22 249
22 249
22 249
22 249
22 249
22 249
22 249
22 249
22 249
22 249
3 6
3 6
3 6
4 1
4 1
4 1
4 1
4 1
4 1
4 1
4 1
4 1
5 2
5 2
5 2
5 2
6 1
6 1
16 1408
16 1408
16 1408
16 1408
16 1408
16 1408
16 1408
16 1408
16 1408
16 1408
16 1408
16 1408
16 1408
16 1408
16 1408
16 1408
16 1408
16 1408
16 1408
16 1408
16 1408
16 1408
16 1408
16 1408
16 1408
16 1408
8 2
8 2
8 2
8 2
8 2
8 2
10 1
14 1
14 1
14 1
14 1
14 1
14 1
14 1
14 1
14 1
14 1
14 1
14 1
14 1
14 1
14 1
14 1
14 1
14 1
14 1
14 1
14 1
14 1
14 1
17 8
17 8
17 8
17 8
17 8
17 8
17 8
17 8
17 8
17 8
17 8
17 8
17 8
17 8
17 8
17 8
17 8
17 8
17 8
17 8
17 8
17 8
17 8
17 8
18 4
18 4
18 4
18 4
18 4
22 3
22 3
22 3
22 3
22 3
22 3
22 3
22 3
22 3
22 3
22 3
22 3
22 3
22 3
22 3
22 3
22 3
22 3
22 3
22 3
22 3
22 3
22 3
22 3
22 3
82 421
82 421
82 421
82 421
82 421
82 421
82 421
82 421
82 421
82 421
82 421
82 421
25 534
25 534
25 534
25 534
25 534
25 534
25 534
25 534
25 534
25 534
25 534
25 534
25 534
25 534
25 534
25 534
25 534
38 416
38 416
38 416
38 416
38 416
38 416
38 416
38 416
38 416
38 416
38 416
38 416
38 416
38 416
3 6
3 6
3 6
4 1
4 1
4 1
4 1
4 1
4 1
4 1
4 1
4 1
5 2
5 2
5 2
5 2
6 1
6 1
8 2
8 2
8 2
8 2
8 2
8 2
10 4
14 2
14 2
14 2
14 2
14 2
14 2
14 2
14 2
14 2
14 2
14 2
14 2
14 2
14 2
14 2
14 2
14 2
14 2
14 2
14 2
14 2
14 2
14 2
82 330
82 330
82 330
82 330
82 330
82 330
82 330
82 330
82 330
82 330
82 330
82 330
17 3
17 3
17 3
17 3
17 3
17 3
17 3
17 3
17 3
17 3
17 3
17 3
17 3
17 3
17 3
17 3
17 3
17 3
17 3
17 3
17 3
17 3
17 3
17 3
18 1
18 1
18 1
18 1
18 1
39 1826
39 1826
39 1826
39 1826
39 1826
39 1826
39 1826
39 1826
39 1826
39 1826
39 1826
39 1826
39 1826
32 1899
32 1899
32 1899
32 1899
32 1899
32 1899
32 1899
32 1899
32 1899
32 1899
32 1899
32 1899
32 1899
32 1899
32 1899
32 1899
32 1899
32 1899
32 1899
32 1899
32 1899
24 1983
24 1983
24 1983
24 1983
24 1983
24 1983
24 1983
24 1983
24 1983
24 1983
24 1983
24 1983
24 1983
24 1983
24 1983
24 1983
24 1983
24 1983
24 1983
24 1983
24 1983
24 1983
22 4
22 4
22 4
22 4
22 4
22 4
22 4
22 4
22 4
22 4
22 4
22 4
22 4
22 4
22 4
22 4
22 4
22 4
22 4
22 4
22 4
22 4
22 4
22 4
22 4
49 758
49 758
49 758
49 758
49 758
49 758
49 758
63 1690
63 1690
63 1690
63 1690
63 1690
63 1690
63 1690
63 1690
63 1690
63 1690
63 1690
63 1690
63 1690
63 1690
63 1690
63 1690
63 1690
63 1690
63 1690
63 1690
63 1690
63 1690
63 1690
63 1690
63 1690
63 1690
63 1690
63 1690
63 1690
63 1690
38 448
38 448
38 448
38 448
38 448
38 448
38 448
38 448
38 448
38 448
38 448
38 448
38 448
38 448
25 607
25 607
25 607
25 607
25 607
25 607
25 607
25 607
25 607
25 607
25 607
25 607
25 607
25 607
25 607
25 607
25 607
64 838
64 838
64 838
64 838
64 838
64 838
64 838
64 838
64 838
64 838
64 838
64 838
64 838
64 838
64 838
64 838
64 838
64 838
64 838
64 838
64 838
64 838
64 838
64 838
64 838
64 838
64 838
64 838
3 2
3 2
3 2
4 1
4 1
4 1
4 1
4 1
4 1
4 1
4 1
4 1
63 420
63 420
63 420
63 420
63 420
63 420
63 420
63 420
63 420
63 420
63 420
63 420
63 420
63 420
63 420
63 420
63 420
63 420
63 420
63 420
63 420
63 420
63 420
63 420
63 420
63 420
63 420
63 420
63 420
63 420
5 5
5 5
5 5
5 5
6 1
6 1
71 871
71 871
71 871
71 871
71 871
71 871
71 871
71 871
71 871
71 871
71 871
71 871
71 871
71 871
71 871
71 871
71 871
71 871
71 871
71 871
71 871
71 871
71 871
71 871
71 871
71 871
71 871
8 1
8 1
8 1
8 1
8 1
8 1
10 1
24 890
24 890
24 890
24 890
24 890
24 890
24 890
24 890
24 890
24 890
24 890
24 890
24 890
24 890
24 890
24 890
24 890
24 890
24 890
24 890
24 890
24 890
14 3
14 3
14 3
14 3
14 3
14 3
14 3
14 3
14 3
14 3
14 3
14 3
14 3
14 3
14 3
14 3
14 3
14 3
14 3
14 3
14 3
14 3
14 3
82 342
82 342
82 342
82 342
82 342
82 342
82 342
82 342
82 342
82 342
82 342
82 342
17 6
17 6
17 6
17 6
17 6
17 6
17 6
17 6
17 6
17 6
17 6
17 6
17 6
17 6
17 6
17 6
17 6
17 6
17 6
17 6
17 6
17 6
17 6
17 6
18 1
18 1
18 1
18 1
18 1
38 315
38 315
38 315
38 315
38 315
38 315
38 315
38 315
38 315
38 315
38 315
38 315
38 315
38 315
22 1
22 1
22 1
22 1
22 1
22 1
22 1
22 1
22 1
22 1
22 1
22 1
22 1
22 1
22 1
22 1
22 1
22 1
22 1
22 1
22 1
22 1
22 1
22 1
22 1
80 923
80 923
80 923
80 923
80 923
80 923
80 923
80 923
80 923
80 923
80 923
80 923
80 923
80 923
80 923
80 923
80 923
80 923
80 923
32 928
32 928
32 928
32 928
32 928
32 928
32 928
32 928
32 928
32 928
32 928
32 928
32 928
32 928
32 928
32 928
32 928
32 928
32 928
32 928
32 928
42 1880
42 1880
42 1880
42 1880
42 1880
42 1880
42 1880
42 1880
42 1880
42 1880
42 1880
42 1880
42 1880
42 1880
42 1880
42 1880
42 1880
42 1880
42 1880
42 1880
42 1880
42 1880
42 1880
42 1880
42 1880
42 1880
42 1880
42 1880
42 1880
39 951
39 951
39 951
39 951
39 951
39 951
39 951
39 951
39 951
39 951
39 951
39 951
39 951
40 956
40 956
40 956
40 956
40 956
40 956
40 956
40 956
40 956
40 956
16 767
16 767
16 767
16 767
16 767
16 767
16 767
16 767
16 767
16 767
16 767
16 767
16 767
16 767
16 767
16 767
16 767
16 767
16 767
16 767
16 767
16 767
16 767
16 767
16 767
16 767
49 978
49 978
49 978
49 978
49 978
49 978
49 978
3 6
3 6
3 6
4 3
4 3
4 3
4 3
4 3
4 3
4 3
4 3
4 3
5 9
5 9
5 9
5 9
6 2
6 2
8 2
8 2
8 2
8 2
8 2
8 2
10 2
82 330
82 330
82 330
82 330
82 330
82 330
82 330
82 330
82 330
82 330
82 330
82 330
14 12
14 12
14 12
14 12
14 12
14 12
14 12
14 12
14 12
14 12
14 12
14 12
14 12
14 12
14 12
14 12
14 12
14 12
14 12
14 12
14 12
14 12
14 12
17 2
17 2
17 2
17 2
17 2
17 2
17 2
17 2
17 2
17 2
17 2
17 2
17 2
17 2
17 2
17 2
17 2
17 2
17 2
17 2
17 2
17 2
17 2
17 2
42 754
42 754
42 754
42 754
42 754
42 754
42 754
42 754
42 754
42 754
42 754
42 754
42 754
42 754
42 754
42 754
42 754
42 754
42 754
42 754
42 754
42 754
42 754
42 754
42 754
42 754
42 754
42 754
42 754
18 2
18 2
18 2
18 2
18 2
64 1064
64 1064
64 1064
64 1064
64 1064
64 1064
64 1064
64 1064
64 1064
64 1064
64 1064
64 1064
64 1064
64 1064
64 1064
64 1064
64 1064
64 1064
64 1064
64 1064
64 1064
64 1064
64 1064
64 1064
64 1064
64 1064
64 1064
64 1064
62 1597
62 1597
62 1597
62 1597
62 1597
62 1597
62 1597
62 1597
62 1098
62 1098
62 1098
62 1098
62 1098
62 1098
62 1098
62 1098
56 1659
56 1659
56 1659
56 1659
56 1659
56 1659
56 1659
56 1659
56 1659
56 1659
56 1659
56 1159
56 1159
56 1159
56 1159
56 1159
56 1159
56 1159
56 1159
56 1159
56 1159
56 1159
22 2
22 2
22 2
22 2
22 2
22 2
22 2
22 2
22 2
22 2
22 2
22 2
22 2
22 2
22 2
22 2
22 2
22 2
22 2
22 2
22 2
22 2
22 2
22 2
22 2
38 401
38 401
38 401
38 401
38 401
38 401
38 401
38 401
38 401
38 401
38 401
38 401
38 401
38 401
102 1274
102 1274
102 1274
102 1274
102 1274
102 1274
102 1274
102 1274
102 1274
102 1274
102 1274
102 1274
102 1274
102 1274
102 1274
102 1274
102 1274
102 1274
71 1108
71 1108
71 1108
71 1108
71 1108
71 1108
71 1108
71 1108
71 1108
71 1108
71 1108
71 1108
71 1108
71 1108
71 1108
71 1108
71 1108
71 1108
71 1108
71 1108
71 1108
71 1108
71 1108
71 1108
71 1108
71 1108
71 1108
24 1100
24 1100
24 1100
24 1100
24 1100
24 1100
24 1100
24 1100
24 1100
24 1100
24 1100
24 1100
24 1100
24 1100
24 1100
24 1100
24 1100
24 1100
24 1100
24 1100
24 1100
24 1100
80 1123
80 1123
80 1123
80 1123
80 1123
80 1123
80 1123
80 1123
80 1123
80 1123
80 1123
80 1123
80 1123
80 1123
80 1123
80 1123
80 1123
80 1123
80 1123
32 1127
32 1127
32 1127
32 1127
32 1127
32 1127
32 1127
32 1127
32 1127
32 1127
32 1127
32 1127
32 1127
32 1127
32 1127
32 1127
32 1127
32 1127
32 1127
32 1127
32 1127
63 835
63 835
63 835
63 835
63 835
63 835
63 835
63 835
63 835
63 835
63 835
63 835
63 835
63 835
63 835
63 835
63 835
63 835
63 835
63 835
63 835
63 835
63 835
63 835
63 835
63 835
63 835
63 835
63 835
63 835
25 779
25 779
25 779
25 779
25 779
25 779
25 779
25 779
25 779
25 779
25 779
25 779
25 779
25 779
25 779
25 779
25 779
3 2
3 2
3 2
4 3
4 3
4 3
4 3
4 3
4 3
4 3
4 3
4 3
5 2
5 2
5 2
5 2
39 1174
39 1174
39 1174
39 1174
39 1174
39 1174
39 1174
39 1174
39 1174
39 1174
39 1174
39 1174
39 1174
6 7
6 7
40 1170
40 1170
40 1170
40 1170
40 1170
40 1170
40 1170
40 1170
40 1170
40 1170
8 4
8 4
8 4
8 4
8 4
8 4
10 4
14 1
14 1
14 1
14 1
14 1
14 1
14 1
14 1
14 1
14 1
14 1
14 1
14 1
14 1
14 1
14 1
14 1
14 1
14 1
14 1
14 1
14 1
14 1
17 9
17 9
17 9
17 9
17 9
17 9
17 9
17 9
17 9
17 9
17 9
17 9
17 9
17 9
17 9
17 9
17 9
17 9
17 9
17 9
17 9
17 9
17 9
17 9
18 2
18 2
18 2
18 2
18 2
49 1207
49 1207
49 1207
49 1207
49 1207
49 1207
49 1207
82 393
82 393
82 393
82 393
82 393
82 393
82 393
82 393
82 393
82 393
82 393
82 393
22 1
22 1
22 1
22 1
22 1
22 1
22 1
22 1
22 1
22 1
22 1
22 1
22 1
22 1
22 1
22 1
22 1
22 1
22 1
22 1
22 1
22 1
22 1
22 1
22 1
56 1224
56 1224
56 1224
56 1224
56 1224
56 1224
56 1224
56 1224
56 1224
56 1224
56 1224
62 1265
62 1265
62 1265
62 1265
62 1265
62 1265
62 1265
62 1265
64 1277
64 1277
64 1277
64 1277
64 1277
64 1277
64 1277
64 1277
64 1277
64 1277
64 1277
64 1277
64 1277
64 1277
64 1277
64 1277
64 1277
64 1277
64 1277
64 1277
64 1277
64 1277
64 1277
64 1277
64 1277
64 1277
64 1277
64 1277
71 1308
71 1308
71 1308
71 1308
71 1308
71 1308
71 1308
71 1308
71 1308
71 1308
71 1308
71 1308
71 1308
71 1308
71 1308
71 1308
71 1308
71 1308
71 1308
71 1308
71 1308
71 1308
71 1308
71 1308
71 1308
71 1308
71 1308
24 1335
24 1335
24 1335
24 1335
24 1335
24 1335
24 1335
24 1335
24 1335
24 1335
24 1335
24 1335
24 1335
24 1335
24 1335
24 1335
24 1335
24 1335
24 1335
24 1335
24 1335
24 1335
80 1350
80 1350
80 1350
80 1350
80 1350
80 1350
80 1350
80 1350
80 1350
80 1350
80 1350
80 1350
80 1350
80 1350
80 1350
80 1350
80 1350
80 1350
80 1350
32 1362
32 1362
32 1362
32 1362
32 1362
32 1362
32 1362
32 1362
32 1362
32 1362
32 1362
32 1362
32 1362
32 1362
32 1362
32 1362
32 1362
32 1362
32 1362
32 1362
32 1362
39 1385
39 1385
39 1385
39 1385
39 1385
39 1385
39 1385
39 1385
39 1385
39 1385
39 1385
39 1385
39 1385
40 1387
40 1387
40 1387
40 1387
40 1387
40 1387
40 1387
40 1387
40 1387
40 1387
49 1430
49 1430
49 1430
49 1430
49 1430
49 1430
49 1430
82 704
82 704
82 704
82 704
82 704
82 704
82 704
82 704
82 704
82 704
82 704
82 704
56 1469
56 1469
56 1469
56 1469
56 1469
56 1469
56 1469
56 1469
56 1469
56 1469
56 1469
62 1492
62 1492
62 1492
62 1492
62 1492
62 1492
62 1492
62 1492
64 1494
64 1494
64 1494
64 1494
64 1494
64 1494
64 1494
64 1494
64 1494
64 1494
64 1494
64 1494
64 1494
64 1494
64 1494
64 1494
64 1494
64 1494
64 1494
64 1494
64 1494
64 1494
64 1494
64 1494
64 1494
64 1494
64 1494
64 1494
82 409
82 409
82 409
82 409
82 409
82 409
82 409
82 409
82 409
82 409
82 409
82 409
102 755
102 755
102 755
102 755
102 755
102 755
102 755
102 755
102 755
102 755
102 755
102 755
102 755
102 755
102 755
102 755
102 755
102 755
