1 4 2
2 1 2
3 4 2
4 1 2
5 2 1
6 4 2
7 3 1
8 4 2
9 3 1
10 2 1
11 3 1
12 4 2
13 3 1
14 3 1
15 4 2
16 4 2
17 3 1
18 3 1
19 3 1
20 4 2
21 4 3
22 4 3
23 3 1
24 4 3
25 4 3
26 3 1
27 3 1
28 3 1
29 4 3
30 4 3
31 1 3
32 2 1
33 1 3
34 3 1
35 2 1
36 2 1
37 1 3
38 1 3
39 1 3
40 3 1
41 1 3
42 2 1
43 2 1
44 2 1
45 1 3
46 2 1
47 1 3
48 4 3
49 3 1
50 2 1
51 1 3
52 3 1
53 2 1
54 4 3
55 4 3
56 4 3
57 2 1
58 1 3
59 1 3
60 1 3
61 2 1
62 1 3
63 2 1
64 1 3
65 4 3
66 4 3
67 2 1
68 2 1
69 1 3
70 1 3
71 2 1
72 3 1
73 2 1
74 2 1
75 3 1
76 2 1
77 1 3
78 1 3
79 2 1
80 4 1
81 4 1
82 3 1
83 2 1
84 1 1
85 2 1
86 1 1
87 4 1
88 3 1
89 1 1
90 2 1
91 2 1
92 3 1
93 2 1
94 2 1
95 4 1
96 2 1
97 3 1
98 2 1
99 4 1
100 1 1
