1 4 2 -7.41309 25.7571
2 1 2 -3.90042 -66.5776
3 4 2 68.2856 58.7031
4 1 2 -18.7982 -73.0038
5 2 1 55.8654 91.4533
6 4 2 1.11173 79.6156
7 3 2 57.7744 -68.9711
8 4 2 -58.1948 -61.3888
9 3 2 -58.0946 -98.0685
10 2 1 -97.2817 -32.788
11 3 3 11.0483 94.062
12 4 3 -91.976 -33.4935
13 3 1 -80.2731 -96.6307
14 3 3 21.0527 54.1095
15 4 3 -60.2614 28.1038
16 4 3 -35.4704 76.3387
17 3 1 14.7899 -83.5814
18 3 3 48.8936 12.0377
19 3 2 67.0885 -1.5892
20 4 1 -8.47355 88.4042
21 4 2 -45.8317 36.3165
22 4 2 7.96194 -32.396
23 3 2 59.9272 79.3354
24 4 2 32.0973 -18.1658
25 4 1 0.873639 -9.1133
26 3 2 2.95424 17.6694
27 3 1 92.6298 -26.1289
28 3 2 -54.8325 -61.6651
29 4 3 -31.3308 -88.9056
30 4 3 -94.373 -11.6894
31 1 1 -49.0585 -40.3646
32 2 3 97.3855 30.5138
33 1 1 58.6288 -62.4201
34 3 2 -4.88223 -71.4044
35 2 2 3.96531 9.00279
36 2 2 -99.5792 0.841574
37 1 3 22.6113 0.121074
38 1 3 33.7167 55.8356
39 1 2 22.0818 -79.5933
40 3 3 99.0522 96.9605
41 1 3 3.05348 -11.0633
42 2 3 6.93398 -40.3606
43 2 1 24.8852 -67.6944
44 2 2 41.4847 28.5454
45 1 3 -42.3549 -85.0734
46 2 1 30.3243 24.6585
47 1 3 82.9423 -55.2832
48 4 1 -61.0287 -30.6136
49 3 1 -78.7125 -25.6283
50 2 2 12.4193 67.6245
51 1 1 -2.89882 65.0911
52 3 3 12.2476 7.99329
53 2 2 -48.9914 -76.3391
54 4 2 -84.39 30.3107
55 4 1 -46.0672 61.7266
56 4 2 29.9535 -35.9597
57 2 3 4.58246 24.3309
58 1 2 62.1894 8.89003
59 1 1 -62.2383 2.35777
60 1 3 66.8837 -34.5561
61 2 1 97.6579 84.109
62 1 3 -35.7752 45.4377
63 2 2 63.5083 0.850235
64 1 1 78.4807 -56.5768
65 4 2 71.8629 37.162
66 4 1 -28.2131 -72.7156
67 2 1 78.8996 6.24019
68 2 2 23.229 -82.0641
69 1 1 50.5308 71.1092
70 1 2 -38.445 11.6427
71 2 1 -71.5704 7.6284
72 3 1 11.3193 27.6881
73 2 3 -58.8971 -71.0682
74 2 3 80.4418 89.4492
75 3 1 -72.1431 14.9122
76 2 3 -49.3512 -3.86354
77 1 1 -63.0211 84.584
78 1 1 -56.459 -77.0761
79 2 1 -67.8662 59.3927
80 4 1 -64.0977 16.8149
81 4 3 65.9562 -82.1415
82 3 3 87.1319 -77.1217
83 2 1 -69.045 1.90046
84 1 1 2.02698 -93.7299
85 2 3 79.2245 -31.7927
86 1 2 -53.9304 -56.1261
87 4 3 85.2718 -71.9099
88 3 1 7.22226 -88.6859
89 1 1 49.2552 38.2569
90 2 1 61.2775 47.5079
91 2 1 76.4806 -68.6612
92 3 1 -41.5394 62.312
93 2 3 -31.5877 -77.9261
94 2 1 -86.9389 11.3078
95 4 1 -96.8805 89.0736
96 2 1 -5.6028 -58.3545
97 3 3 -56.7643 -40.6805
98 2 3 5.91779 -28.7296
99 4 1 -97.1568 30.0542
100 1 1 12.3879 39.9706
