5 143
5 143
5 143
5 143
5 143
5 143
5 143
5 143
28 236
28 236
28 236
28 236
28 236
28 236
34 209
34 209
34 209
34 209
34 209
34 209
34 209
34 209
34 209
34 209
34 209
34 209
34 209
34 209
34 209
34 209
34 209
34 209
34 209
34 209
34 209
34 209
34 209
34 209
34 209
34 209
39 223
39 223
39 223
39 223
39 223
39 223
39 223
39 223
39 223
39 223
39 223
39 223
39 223
39 223
39 223
39 223
39 223
39 223
39 223
39 223
39 223
39 223
39 223
39 223
39 223
39 223
39 223
39 223
39 223
39 223
35 349
35 349
35 349
35 349
35 349
35 349
35 349
35 349
35 349
35 349
35 349
35 349
35 349
35 349
35 349
35 349
35 349
35 349
35 349
35 349
35 349
31 390
31 390
31 390
30 403
30 403
30 403
30 403
54 186
54 186
62 200
62 200
62 200
62 200
62 200
62 200
62 200
62 200
62 200
62 200
62 200
62 200
62 200
50 379
50 379
50 379
50 379
50 379
50 379
50 379
50 379
50 379
50 379
50 379
50 379
67 211
5 409
5 409
5 409
5 409
5 409
5 409
5 409
5 409
76 246
76 246
76 246
76 246
76 246
76 246
76 246
76 246
76 246
76 246
76 246
76 246
76 246
76 246
76 246
76 246
76 246
76 246
76 246
76 246
76 246
76 246
76 246
58 435
58 435
58 435
58 435
58 435
58 435
58 435
58 435
58 435
58 435
58 435
58 435
58 435
58 435
58 435
58 435
30 286
30 286
30 286
30 286
31 297
31 297
31 297
65 457
65 457
65 457
65 457
65 457
65 457
65 457
65 457
65 457
65 457
65 457
65 457
65 457
65 457
65 457
65 457
65 457
65 457
65 457
65 457
65 457
65 457
65 457
65 457
65 457
65 457
65 457
65 457
35 321
35 321
35 321
35 321
35 321
35 321
35 321
35 321
35 321
35 321
35 321
35 321
35 321
35 321
35 321
35 321
35 321
35 321
35 321
35 321
35 321
59 635
59 635
59 635
59 635
59 635
59 635
59 635
59 635
59 635
59 635
59 635
59 635
59 635
59 635
59 635
59 635
59 635
59 635
59 635
59 635
59 635
59 635
59 635
59 635
59 635
74 516
74 516
74 516
74 516
74 516
74 516
74 516
74 516
74 516
74 516
74 516
74 516
74 516
74 516
74 516
74 516
74 516
74 516
74 516
74 516
74 516
74 516
74 516
74 516
74 516
74 516
74 516
74 516
74 516
96 342
96 342
96 342
96 342
96 342
96 342
96 342
96 342
96 342
6 1260
6 1260
6 1260
6 1260
6 1260
6 1260
6 1260
6 1260
6 1260
6 1260
6 1260
6 1260
6 1260
6 1260
6 1260
6 1260
6 1260
22 1104
22 1104
22 1104
22 1104
22 1104
22 1104
22 1104
22 1104
22 1104
22 1104
22 1104
23 1096
23 1096
23 1096
23 1096
23 1096
23 1096
23 1096
23 1096
23 1096
23 1096
23 1096
23 1096
23 1096
23 1096
23 1096
23 1096
23 1096
23 1096
23 1096
23 1096
23 1096
23 1096
23 1096
23 1096
100 373
100 373
100 373
100 373
100 373
28 623
28 623
28 623
28 623
28 623
28 623
54 369
54 369
22 696
22 696
22 696
22 696
22 696
22 696
22 696
22 696
22 696
22 696
22 696
34 586
34 586
34 586
34 586
34 586
34 586
34 586
34 586
34 586
34 586
34 586
34 586
34 586
34 586
34 586
34 586
34 586
34 586
34 586
34 586
34 586
34 586
34 586
34 586
34 586
34 586
23 704
23 704
23 704
23 704
23 704
23 704
23 704
23 704
23 704
23 704
23 704
23 704
23 704
23 704
23 704
23 704
23 704
23 704
23 704
23 704
23 704
23 704
23 704
23 704
78 721
78 721
78 721
78 721
78 721
78 721
78 721
62 387
62 387
62 387
62 387
62 387
62 387
62 387
62 387
62 387
62 387
62 387
62 387
62 387
39 653
39 653
39 653
39 653
39 653
39 653
39 653
39 653
39 653
39 653
39 653
39 653
39 653
39 653
39 653
39 653
39 653
39 653
39 653
39 653
39 653
39 653
39 653
39 653
39 653
39 653
39 653
39 653
39 653
39 653
67 424
76 430
76 430
76 430
76 430
76 430
76 430
76 430
76 430
76 430
76 430
76 430
76 430
76 430
76 430
76 430
76 430
76 430
76 430
76 430
76 430
76 430
76 430
76 430
85 845
85 845
85 845
85 845
85 845
85 845
85 845
85 845
85 845
85 845
85 845
85 845
85 845
85 845
85 845
85 845
85 845
85 845
85 845
86 840
86 840
86 840
86 840
86 840
86 840
86 840
86 840
86 840
86 840
86 840
86 840
86 840
86 840
86 840
86 840
86 840
86 840
30 442
30 442
30 442
30 442
50 748
50 748
50 748
50 748
50 748
50 748
50 748
50 748
50 748
50 748
50 748
50 748
31 439
31 439
31 439
5 735
5 735
5 735
5 735
5 735
5 735
5 735
5 735
89 907
89 907
89 907
89 907
89 907
89 907
89 907
89 907
89 907
89 907
89 907
89 907
89 907
89 907
89 907
89 907
89 907
89 907
89 907
89 907
89 907
89 907
89 907
89 907
89 907
89 907
89 907
35 458
35 458
35 458
35 458
35 458
35 458
35 458
35 458
35 458
35 458
35 458
35 458
35 458
35 458
35 458
35 458
35 458
35 458
35 458
35 458
35 458
85 471
85 471
85 471
85 471
85 471
85 471
85 471
85 471
85 471
85 471
85 471
85 471
85 471
85 471
85 471
85 471
85 471
85 471
85 471
58 751
58 751
58 751
58 751
58 751
58 751
58 751
58 751
58 751
58 751
58 751
58 751
58 751
58 751
58 751
58 751
59 752
59 752
59 752
59 752
59 752
59 752
59 752
59 752
59 752
59 752
59 752
59 752
59 752
59 752
59 752
59 752
59 752
59 752
59 752
59 752
59 752
59 752
59 752
59 752
59 752
43 1010
43 1010
43 1010
43 1010
43 1010
43 1010
43 1010
43 1010
43 1010
43 1010
43 1010
43 1010
43 1010
43 1010
43 1010
43 1010
43 1010
43 1010
43 1010
43 1010
96 500
96 500
96 500
96 500
96 500
96 500
96 500
96 500
96 500
65 823
65 823
65 823
65 823
65 823
65 823
65 823
65 823
65 823
65 823
65 823
65 823
65 823
65 823
65 823
65 823
65 823
65 823
65 823
65 823
65 823
65 823
65 823
65 823
65 823
65 823
65 823
65 823
100 524
100 524
100 524
100 524
100 524
54 552
54 552
74 901
74 901
74 901
74 901
74 901
74 901
74 901
74 901
74 901
74 901
74 901
74 901
74 901
74 901
74 901
74 901
74 901
74 901
74 901
74 901
74 901
74 901
74 901
74 901
74 901
74 901
74 901
74 901
74 901
6 1099
6 1099
6 1099
6 1099
6 1099
6 1099
6 1099
6 1099
6 1099
6 1099
6 1099
6 1099
6 1099
6 1099
6 1099
6 1099
6 1099
62 583
62 583
62 583
62 583
62 583
62 583
62 583
62 583
62 583
62 583
62 583
62 583
62 583
67 584
78 1017
78 1017
78 1017
78 1017
78 1017
78 1017
78 1017
28 1019
28 1019
28 1019
28 1019
28 1019
28 1019
34 961
34 961
34 961
34 961
34 961
34 961
34 961
34 961
34 961
34 961
34 961
34 961
34 961
34 961
34 961
34 961
34 961
34 961
34 961
34 961
34 961
34 961
34 961
34 961
34 961
34 961
36 1476
36 1476
36 1476
36 1476
36 1476
36 1476
36 1476
36 1476
36 1476
36 1476
76 592
76 592
76 592
76 592
76 592
76 592
76 592
76 592
76 592
76 592
76 592
76 592
76 592
76 592
76 592
76 592
76 592
76 592
76 592
76 592
76 592
76 592
76 592
30 601
30 601
30 601
30 601
95 1451
95 1451
95 1451
95 1451
95 1451
95 1451
95 1451
95 1451
95 1451
95 1451
95 1451
95 1451
95 1451
95 1451
95 1451
95 1451
95 1451
95 1451
95 1451
95 1451
95 1451
95 1451
39 1013
39 1013
39 1013
39 1013
39 1013
39 1013
39 1013
39 1013
39 1013
39 1013
39 1013
39 1013
39 1013
39 1013
39 1013
39 1013
39 1013
39 1013
39 1013
39 1013
39 1013
39 1013
39 1013
39 1013
39 1013
39 1013
39 1013
39 1013
39 1013
39 1013
31 599
31 599
31 599
35 621
35 621
35 621
35 621
35 621
35 621
35 621
35 621
35 621
35 621
35 621
35 621
35 621
35 621
35 621
35 621
35 621
35 621
35 621
35 621
35 621
22 1257
22 1257
22 1257
22 1257
22 1257
22 1257
22 1257
22 1257
22 1257
22 1257
22 1257
23 1275
23 1275
23 1275
23 1275
23 1275
23 1275
23 1275
23 1275
23 1275
23 1275
23 1275
23 1275
23 1275
23 1275
23 1275
23 1275
23 1275
23 1275
23 1275
23 1275
23 1275
23 1275
23 1275
23 1275
85 661
85 661
85 661
85 661
85 661
85 661
85 661
85 661
85 661
85 661
85 661
85 661
85 661
85 661
85 661
85 661
85 661
85 661
85 661
50 1103
50 1103
50 1103
50 1103
50 1103
50 1103
50 1103
50 1103
50 1103
50 1103
50 1103
50 1103
5 1112
5 1112
5 1112
5 1112
5 1112
5 1112
5 1112
5 1112
96 730
96 730
96 730
96 730
96 730
96 730
96 730
96 730
96 730
59 1104
59 1104
59 1104
59 1104
59 1104
59 1104
59 1104
59 1104
59 1104
59 1104
59 1104
59 1104
59 1104
59 1104
59 1104
59 1104
59 1104
59 1104
59 1104
59 1104
59 1104
59 1104
59 1104
59 1104
59 1104
100 738
100 738
100 738
100 738
100 738
58 1179
58 1179
58 1179
58 1179
58 1179
58 1179
58 1179
58 1179
58 1179
58 1179
58 1179
58 1179
58 1179
58 1179
58 1179
58 1179
54 744
54 744
36 1431
36 1431
36 1431
36 1431
36 1431
36 1431
36 1431
36 1431
36 1431
36 1431
65 1166
65 1166
65 1166
65 1166
65 1166
65 1166
65 1166
65 1166
65 1166
65 1166
65 1166
65 1166
65 1166
65 1166
65 1166
65 1166
65 1166
65 1166
65 1166
65 1166
65 1166
65 1166
65 1166
65 1166
65 1166
65 1166
65 1166
65 1166
86 1456
86 1456
86 1456
86 1456
86 1456
86 1456
86 1456
86 1456
86 1456
86 1456
86 1456
86 1456
86 1456
86 1456
86 1456
86 1456
86 1456
86 1456
89 1497
89 1497
89 1497
89 1497
89 1497
89 1497
89 1497
89 1497
89 1497
89 1497
89 1497
89 1497
89 1497
89 1497
89 1497
89 1497
89 1497
89 1497
89 1497
89 1497
89 1497
89 1497
89 1497
89 1497
89 1497
89 1497
89 1497
62 773
62 773
62 773
62 773
62 773
62 773
62 773
62 773
62 773
62 773
62 773
62 773
62 773
67 781
74 1212
74 1212
74 1212
74 1212
74 1212
74 1212
74 1212
74 1212
74 1212
74 1212
74 1212
74 1212
74 1212
74 1212
74 1212
74 1212
74 1212
74 1212
74 1212
74 1212
74 1212
74 1212
74 1212
74 1212
74 1212
74 1212
74 1212
74 1212
74 1212
43 1574
43 1574
43 1574
43 1574
43 1574
43 1574
43 1574
43 1574
43 1574
43 1574
43 1574
43 1574
43 1574
43 1574
43 1574
43 1574
43 1574
43 1574
43 1574
43 1574
78 1239
78 1239
78 1239
78 1239
78 1239
78 1239
78 1239
28 1250
28 1250
28 1250
28 1250
28 1250
28 1250
95 1581
95 1581
95 1581
95 1581
95 1581
95 1581
95 1581
95 1581
95 1581
95 1581
95 1581
95 1581
95 1581
95 1581
95 1581
95 1581
95 1581
95 1581
95 1581
95 1581
95 1581
95 1581
76 832
76 832
76 832
76 832
76 832
76 832
76 832
76 832
76 832
76 832
76 832
76 832
76 832
76 832
76 832
76 832
76 832
76 832
76 832
76 832
76 832
76 832
76 832
30 837
30 837
30 837
30 837
34 1300
34 1300
34 1300
34 1300
34 1300
34 1300
34 1300
34 1300
34 1300
34 1300
34 1300
34 1300
34 1300
34 1300
34 1300
34 1300
34 1300
34 1300
34 1300
34 1300
34 1300
34 1300
34 1300
34 1300
34 1300
34 1300
6 1589
6 1589
6 1589
6 1589
6 1589
6 1589
6 1589
6 1589
6 1589
6 1589
6 1589
6 1589
6 1589
6 1589
6 1589
6 1589
6 1589
31 847
31 847
31 847
39 1310
39 1310
39 1310
39 1310
39 1310
39 1310
39 1310
39 1310
39 1310
39 1310
39 1310
39 1310
39 1310
39 1310
39 1310
39 1310
39 1310
39 1310
39 1310
39 1310
39 1310
39 1310
39 1310
39 1310
39 1310
39 1310
39 1310
39 1310
39 1310
39 1310
35 855
35 855
35 855
35 855
35 855
35 855
35 855
35 855
35 855
35 855
35 855
35 855
35 855
35 855
35 855
35 855
35 855
35 855
35 855
35 855
35 855
85 861
85 861
85 861
85 861
85 861
85 861
85 861
85 861
85 861
85 861
85 861
85 861
85 861
85 861
85 861
85 861
85 861
85 861
85 861
96 885
96 885
96 885
96 885
96 885
96 885
96 885
96 885
96 885
100 891
100 891
100 891
100 891
100 891
33 2589
33 2589
33 2589
33 2589
33 2589
33 2589
33 2589
33 2589
33 2589
33 2589
33 2589
33 2589
33 2589
33 2589
33 2090
33 2090
33 2090
33 2090
33 2090
33 2090
33 2090
33 2090
33 2090
33 2090
33 2090
33 2090
33 2090
33 2090
50 1442
50 1442
50 1442
50 1442
50 1442
50 1442
50 1442
50 1442
50 1442
50 1442
50 1442
50 1442
54 905
54 905
5 1450
5 1450
5 1450
5 1450
5 1450
5 1450
5 1450
5 1450
58 1440
58 1440
58 1440
58 1440
58 1440
58 1440
58 1440
58 1440
58 1440
58 1440
58 1440
58 1440
58 1440
58 1440
58 1440
58 1440
59 1460
59 1460
59 1460
59 1460
59 1460
59 1460
59 1460
59 1460
59 1460
59 1460
59 1460
59 1460
59 1460
59 1460
59 1460
59 1460
59 1460
59 1460
59 1460
59 1460
59 1460
59 1460
59 1460
59 1460
59 1460
62 954
62 954
62 954
62 954
62 954
62 954
62 954
62 954
62 954
62 954
62 954
62 954
62 954
22 1881
22 1881
22 1881
22 1881
22 1881
22 1881
22 1881
22 1881
22 1881
22 1881
22 1881
23 1891
23 1891
23 1891
23 1891
23 1891
23 1891
23 1891
23 1891
23 1891
23 1891
23 1891
23 1891
23 1891
23 1891
23 1891
23 1891
23 1891
23 1891
23 1891
23 1891
23 1891
23 1891
23 1891
23 1891
67 958
76 989
76 989
76 989
76 989
76 989
76 989
76 989
76 989
76 989
76 989
76 989
76 989
76 989
76 989
76 989
76 989
76 989
76 989
76 989
76 989
76 989
76 989
76 989
65 1607
65 1607
65 1607
65 1607
65 1607
65 1607
65 1607
65 1607
65 1607
65 1607
65 1607
65 1607
65 1607
65 1607
65 1607
65 1607
65 1607
65 1607
65 1607
65 1607
65 1607
65 1607
65 1607
65 1607
65 1607
65 1607
65 1607
65 1607
30 1011
30 1011
30 1011
30 1011
74 1583
74 1583
74 1583
74 1583
74 1583
74 1583
74 1583
74 1583
74 1583
74 1583
74 1583
74 1583
74 1583
74 1583
74 1583
74 1583
74 1583
74 1583
74 1583
74 1583
74 1583
74 1583
74 1583
74 1583
74 1583
74 1583
74 1583
74 1583
74 1583
31 1033
31 1033
31 1033
86 1987
86 1987
86 1987
86 1987
86 1987
86 1987
86 1987
86 1987
86 1987
86 1987
86 1987
86 1987
86 1987
86 1987
86 1987
86 1987
86 1987
86 1987
36 1997
36 1997
36 1997
36 1997
36 1997
36 1997
36 1997
36 1997
36 1997
36 1997
85 1046
85 1046
85 1046
85 1046
85 1046
85 1046
85 1046
85 1046
85 1046
85 1046
85 1046
85 1046
85 1046
85 1046
85 1046
85 1046
85 1046
85 1046
85 1046
35 1046
35 1046
35 1046
35 1046
35 1046
35 1046
35 1046
35 1046
35 1046
35 1046
35 1046
35 1046
35 1046
35 1046
35 1046
35 1046
35 1046
35 1046
35 1046
35 1046
35 1046
78 1665
78 1665
78 1665
78 1665
78 1665
78 1665
78 1665
28 1687
28 1687
28 1687
28 1687
28 1687
28 1687
89 2130
89 2130
89 2130
89 2130
89 2130
89 2130
89 2130
89 2130
89 2130
89 2130
89 2130
89 2130
89 2130
89 2130
89 2130
89 2130
89 2130
89 2130
89 2130
89 2130
89 2130
89 2130
89 2130
89 2130
89 2130
89 2130
89 2130
33 2191
33 2191
33 2191
33 2191
33 2191
33 2191
33 2191
33 2191
33 2191
33 2191
33 2191
33 2191
33 2191
33 2191
96 1069
96 1069
96 1069
96 1069
96 1069
96 1069
96 1069
96 1069
96 1069
43 2108
43 2108
43 2108
43 2108
43 2108
43 2108
43 2108
43 2108
43 2108
43 2108
43 2108
43 2108
43 2108
43 2108
43 2108
43 2108
43 2108
43 2108
43 2108
43 2108
34 1719
34 1719
34 1719
34 1719
34 1719
34 1719
34 1719
34 1719
34 1719
34 1719
34 1719
34 1719
34 1719
34 1719
34 1719
34 1719
34 1719
34 1719
34 1719
34 1719
34 1719
34 1719
34 1719
34 1719
34 1719
34 1719
95 2110
95 2110
95 2110
95 2110
95 2110
95 2110
95 2110
95 2110
95 2110
95 2110
95 2110
95 2110
95 2110
95 2110
95 2110
95 2110
95 2110
95 2110
95 2110
95 2110
95 2110
95 2110
39 1720
39 1720
39 1720
39 1720
39 1720
39 1720
39 1720
39 1720
39 1720
39 1720
39 1720
39 1720
39 1720
39 1720
39 1720
39 1720
39 1720
39 1720
39 1720
39 1720
39 1720
39 1720
39 1720
39 1720
39 1720
39 1720
39 1720
39 1720
39 1720
39 1720
100 1115
100 1115
100 1115
100 1115
100 1115
54 1127
54 1127
62 1124
62 1124
62 1124
62 1124
62 1124
62 1124
62 1124
62 1124
62 1124
62 1124
62 1124
62 1124
62 1124
50 1797
50 1797
50 1797
50 1797
50 1797
50 1797
50 1797
50 1797
50 1797
50 1797
50 1797
50 1797
67 1143
76 1151
76 1151
76 1151
76 1151
76 1151
76 1151
76 1151
76 1151
76 1151
76 1151
76 1151
76 1151
76 1151
76 1151
76 1151
76 1151
76 1151
76 1151
76 1151
76 1151
76 1151
76 1151
76 1151
58 1849
58 1849
58 1849
58 1849
58 1849
58 1849
58 1849
58 1849
58 1849
58 1849
58 1849
58 1849
58 1849
58 1849
58 1849
58 1849
59 1853
59 1853
59 1853
59 1853
59 1853
59 1853
59 1853
59 1853
59 1853
59 1853
59 1853
59 1853
59 1853
59 1853
59 1853
59 1853
59 1853
59 1853
59 1853
59 1853
59 1853
59 1853
59 1853
59 1853
59 1853
86 2202
86 2202
86 2202
86 2202
86 2202
86 2202
86 2202
86 2202
86 2202
86 2202
86 2202
86 2202
86 2202
86 2202
86 2202
86 2202
86 2202
86 2202
89 2177
89 2177
89 2177
89 2177
89 2177
89 2177
89 2177
89 2177
89 2177
89 2177
89 2177
89 2177
89 2177
89 2177
89 2177
89 2177
89 2177
89 2177
89 2177
89 2177
89 2177
89 2177
89 2177
89 2177
89 2177
89 2177
89 2177
85 1223
85 1223
85 1223
85 1223
85 1223
85 1223
85 1223
85 1223
85 1223
85 1223
85 1223
85 1223
85 1223
85 1223
85 1223
85 1223
85 1223
85 1223
85 1223
65 1972
65 1972
65 1972
65 1972
65 1972
65 1972
65 1972
65 1972
65 1972
65 1972
65 1972
65 1972
65 1972
65 1972
65 1972
65 1972
65 1972
65 1972
65 1972
65 1972
65 1972
65 1972
65 1972
65 1972
65 1972
65 1972
65 1972
65 1972
95 2213
95 2213
95 2213
95 2213
95 2213
95 2213
95 2213
95 2213
95 2213
95 2213
95 2213
95 2213
95 2213
95 2213
95 2213
95 2213
95 2213
95 2213
95 2213
95 2213
95 2213
95 2213
96 1241
96 1241
96 1241
96 1241
96 1241
96 1241
96 1241
96 1241
96 1241
100 1273
100 1273
100 1273
100 1273
100 1273
