9 110
9 110
9 110
9 110
9 110
9 110
9 110
9 110
9 110
9 110
9 110
9 110
9 110
9 110
9 110
9 110
9 110
9 110
9 110
9 110
9 110
9 110
13 118
13 118
13 118
13 118
13 118
13 118
13 118
13 118
13 118
13 118
13 118
13 118
13 118
13 118
13 118
13 118
27 68
27 68
27 68
27 68
27 68
27 68
27 68
27 68
27 68
27 68
27 68
27 68
27 68
27 68
27 68
27 68
27 68
27 68
27 68
27 68
27 68
27 68
27 68
27 68
27 68
27 68
27 68
27 68
27 68
27 68
31 249
31 249
31 249
15 490
15 490
15 490
15 490
15 490
15 490
16 482
16 482
16 482
16 482
16 482
16 482
16 482
16 482
16 482
16 482
16 482
16 482
16 482
16 482
16 482
20 446
20 446
20 446
20 446
20 446
20 446
20 446
20 446
20 446
20 446
20 446
20 446
20 446
20 446
20 446
20 446
20 446
20 446
20 446
20 446
20 446
20 446
20 446
20 446
37 309
37 309
37 309
37 309
37 309
37 309
37 309
37 309
37 309
37 309
37 309
37 309
37 309
37 309
37 309
37 309
37 309
37 309
37 309
37 309
37 309
37 309
37 309
37 309
37 309
37 309
9 141
9 141
9 141
9 141
9 141
9 141
9 141
9 141
9 141
9 141
9 141
9 141
9 141
9 141
9 141
9 141
9 141
9 141
9 141
9 141
9 141
9 141
44 314
44 314
44 314
44 314
44 314
44 314
44 314
44 314
44 314
44 314
44 314
44 314
44 314
44 314
44 314
44 314
44 314
13 218
13 218
13 218
13 218
13 218
13 218
13 218
13 218
13 218
13 218
13 218
13 218
13 218
13 218
13 218
13 218
51 365
51 365
51 365
51 365
51 365
51 365
51 365
51 365
51 365
51 365
51 365
56 402
56 402
56 402
56 402
56 402
56 402
56 402
56 402
56 402
56 402
56 402
56 402
56 402
56 402
72 267
72 267
72 267
72 267
72 267
72 267
72 267
72 267
72 267
72 267
72 267
72 267
72 267
72 267
72 267
72 267
72 267
72 267
72 267
72 267
72 267
72 267
72 267
72 267
72 267
15 465
15 465
15 465
15 465
15 465
15 465
16 469
16 469
16 469
16 469
16 469
16 469
16 469
16 469
16 469
16 469
16 469
16 469
16 469
16 469
16 469
5 1152
5 1152
20 507
20 507
20 507
20 507
20 507
20 507
20 507
20 507
20 507
20 507
20 507
20 507
20 507
20 507
20 507
20 507
20 507
20 507
20 507
20 507
20 507
20 507
20 507
20 507
22 517
22 517
22 517
22 517
22 517
5 753
5 753
29 604
29 604
29 604
29 604
29 604
29 604
29 604
29 604
29 604
29 604
29 604
29 604
29 604
29 604
29 604
29 604
29 604
29 604
29 604
30 595
30 595
30 595
30 595
30 595
30 595
30 595
34 615
34 615
34 615
34 615
34 615
34 615
34 615
34 615
34 615
34 615
34 615
34 615
34 615
34 615
34 615
34 615
34 615
34 615
34 615
34 615
27 694
27 694
27 694
27 694
27 694
27 694
27 694
27 694
27 694
27 694
27 694
27 694
27 694
27 694
27 694
27 694
27 694
27 694
27 694
27 694
27 694
27 694
27 694
27 694
27 694
27 694
27 694
27 694
27 694
27 694
31 657
31 657
31 657
5 487
5 487
9 464
9 464
9 464
9 464
9 464
9 464
9 464
9 464
9 464
9 464
9 464
9 464
9 464
9 464
9 464
9 464
9 464
9 464
9 464
9 464
9 464
9 464
37 699
37 699
37 699
37 699
37 699
37 699
37 699
37 699
37 699
37 699
37 699
37 699
37 699
37 699
37 699
37 699
37 699
37 699
37 699
37 699
37 699
37 699
37 699
37 699
37 699
37 699
44 647
44 647
44 647
44 647
44 647
44 647
44 647
44 647
44 647
44 647
44 647
44 647
44 647
44 647
44 647
44 647
44 647
13 505
13 505
13 505
13 505
13 505
13 505
13 505
13 505
13 505
13 505
13 505
13 505
13 505
13 505
13 505
13 505
51 699
51 699
51 699
51 699
51 699
51 699
51 699
51 699
51 699
51 699
51 699
56 752
56 752
56 752
56 752
56 752
56 752
56 752
56 752
56 752
56 752
56 752
56 752
56 752
56 752
31 518
31 518
31 518
15 813
15 813
15 813
15 813
15 813
15 813
16 818
16 818
16 818
16 818
16 818
16 818
16 818
16 818
16 818
16 818
16 818
16 818
16 818
16 818
16 818
20 854
20 854
20 854
20 854
20 854
20 854
20 854
20 854
20 854
20 854
20 854
20 854
20 854
20 854
20 854
20 854
20 854
20 854
20 854
20 854
20 854
20 854
20 854
20 854
22 859
22 859
22 859
22 859
22 859
27 825
27 825
27 825
27 825
27 825
27 825
27 825
27 825
27 825
27 825
27 825
27 825
27 825
27 825
27 825
27 825
27 825
27 825
27 825
27 825
27 825
27 825
27 825
27 825
27 825
27 825
27 825
27 825
27 825
27 825
29 908
29 908
29 908
29 908
29 908
29 908
29 908
29 908
29 908
29 908
29 908
29 908
29 908
29 908
29 908
29 908
29 908
29 908
29 908
30 914
30 914
30 914
30 914
30 914
30 914
30 914
34 924
34 924
34 924
34 924
34 924
34 924
34 924
34 924
34 924
34 924
34 924
34 924
34 924
34 924
34 924
34 924
34 924
34 924
34 924
34 924
72 1113
72 1113
72 1113
72 1113
72 1113
72 1113
72 1113
72 1113
72 1113
72 1113
72 1113
72 1113
72 1113
72 1113
72 1113
72 1113
72 1113
72 1113
72 1113
72 1113
72 1113
72 1113
72 1113
72 1113
72 1113
5 806
5 806
9 787
9 787
9 787
9 787
9 787
9 787
9 787
9 787
9 787
9 787
9 787
9 787
9 787
9 787
9 787
9 787
9 787
9 787
9 787
9 787
9 787
9 787
13 757
13 757
13 757
13 757
13 757
13 757
13 757
13 757
13 757
13 757
13 757
13 757
13 757
13 757
13 757
13 757
50 1899
50 1899
50 1899
50 1899
50 1899
50 1899
50 1899
50 1899
50 1400
50 1400
50 1400
50 1400
50 1400
50 1400
50 1400
50 1400
50 904
50 904
50 904
50 904
50 904
50 904
50 904
50 904
33 2077
33 1578
33 1079
44 996
44 996
44 996
44 996
44 996
44 996
44 996
44 996
44 996
44 996
44 996
44 996
44 996
44 996
44 996
44 996
44 996
51 1010
51 1010
51 1010
51 1010
51 1010
51 1010
51 1010
51 1010
51 1010
51 1010
51 1010
72 845
72 845
72 845
72 845
72 845
72 845
72 845
72 845
72 845
72 845
72 845
72 845
72 845
72 845
72 845
72 845
72 845
72 845
72 845
72 845
72 845
72 845
72 845
72 845
72 845
56 1042
56 1042
56 1042
56 1042
56 1042
56 1042
56 1042
56 1042
56 1042
56 1042
56 1042
56 1042
56 1042
56 1042
27 892
27 892
27 892
27 892
27 892
27 892
27 892
27 892
27 892
27 892
27 892
27 892
27 892
27 892
27 892
27 892
27 892
27 892
27 892
27 892
27 892
27 892
27 892
27 892
27 892
27 892
27 892
27 892
27 892
27 892
37 1353
37 1353
37 1353
37 1353
37 1353
37 1353
37 1353
37 1353
37 1353
37 1353
37 1353
37 1353
37 1353
37 1353
37 1353
37 1353
37 1353
37 1353
37 1353
37 1353
37 1353
37 1353
37 1353
37 1353
37 1353
37 1353
15 1092
15 1092
15 1092
15 1092
15 1092
15 1092
16 1103
16 1103
16 1103
16 1103
16 1103
16 1103
16 1103
16 1103
16 1103
16 1103
16 1103
16 1103
16 1103
16 1103
16 1103
20 1128
20 1128
20 1128
20 1128
20 1128
20 1128
20 1128
20 1128
20 1128
20 1128
20 1128
20 1128
20 1128
20 1128
20 1128
20 1128
20 1128
20 1128
20 1128
20 1128
20 1128
20 1128
20 1128
20 1128
22 1145
22 1145
22 1145
22 1145
22 1145
33 1061
29 1167
29 1167
29 1167
29 1167
29 1167
29 1167
29 1167
29 1167
29 1167
29 1167
29 1167
29 1167
29 1167
29 1167
29 1167
29 1167
29 1167
29 1167
29 1167
30 1187
30 1187
30 1187
30 1187
30 1187
30 1187
30 1187
34 1204
34 1204
34 1204
34 1204
34 1204
34 1204
34 1204
34 1204
34 1204
34 1204
34 1204
34 1204
34 1204
34 1204
34 1204
34 1204
34 1204
34 1204
34 1204
34 1204
31 1293
31 1293
31 1293
9 1017
9 1017
9 1017
9 1017
9 1017
9 1017
9 1017
9 1017
9 1017
9 1017
9 1017
9 1017
9 1017
9 1017
9 1017
9 1017
9 1017
9 1017
9 1017
9 1017
9 1017
9 1017
37 1272
37 1272
37 1272
37 1272
37 1272
37 1272
37 1272
37 1272
37 1272
37 1272
37 1272
37 1272
37 1272
37 1272
37 1272
37 1272
37 1272
37 1272
37 1272
37 1272
37 1272
37 1272
37 1272
37 1272
37 1272
37 1272
13 1058
13 1058
13 1058
13 1058
13 1058
13 1058
13 1058
13 1058
13 1058
13 1058
13 1058
13 1058
13 1058
13 1058
13 1058
13 1058
44 1254
44 1254
44 1254
44 1254
44 1254
44 1254
44 1254
44 1254
44 1254
44 1254
44 1254
44 1254
44 1254
44 1254
44 1254
44 1254
44 1254
50 1210
50 1210
50 1210
50 1210
50 1210
50 1210
50 1210
50 1210
51 1290
51 1290
51 1290
51 1290
51 1290
51 1290
51 1290
51 1290
51 1290
51 1290
51 1290
72 1129
72 1129
72 1129
72 1129
72 1129
72 1129
72 1129
72 1129
72 1129
72 1129
72 1129
72 1129
72 1129
72 1129
72 1129
72 1129
72 1129
72 1129
72 1129
72 1129
72 1129
72 1129
72 1129
72 1129
72 1129
56 1312
56 1312
56 1312
56 1312
56 1312
56 1312
56 1312
56 1312
56 1312
56 1312
56 1312
56 1312
56 1312
56 1312
5 1471
5 1471
27 1253
27 1253
27 1253
27 1253
27 1253
27 1253
27 1253
27 1253
27 1253
27 1253
27 1253
27 1253
27 1253
27 1253
27 1253
27 1253
27 1253
27 1253
27 1253
27 1253
27 1253
27 1253
27 1253
27 1253
27 1253
27 1253
27 1253
27 1253
27 1253
27 1253
15 1406
15 1406
15 1406
15 1406
15 1406
15 1406
16 1401
16 1401
16 1401
16 1401
16 1401
16 1401
16 1401
16 1401
16 1401
16 1401
16 1401
16 1401
16 1401
16 1401
16 1401
37 1236
37 1236
37 1236
37 1236
37 1236
37 1236
37 1236
37 1236
37 1236
37 1236
37 1236
37 1236
37 1236
37 1236
37 1236
37 1236
37 1236
37 1236
37 1236
37 1236
37 1236
37 1236
37 1236
37 1236
37 1236
37 1236
33 1278
31 1301
31 1301
31 1301
20 1442
20 1442
20 1442
20 1442
20 1442
20 1442
20 1442
20 1442
20 1442
20 1442
20 1442
20 1442
20 1442
20 1442
20 1442
20 1442
20 1442
20 1442
20 1442
20 1442
20 1442
20 1442
20 1442
20 1442
22 1457
22 1457
22 1457
22 1457
22 1457
50 1241
50 1241
50 1241
50 1241
50 1241
50 1241
50 1241
50 1241
29 1548
29 1548
29 1548
29 1548
29 1548
29 1548
29 1548
29 1548
29 1548
29 1548
29 1548
29 1548
29 1548
29 1548
29 1548
29 1548
29 1548
29 1548
29 1548
30 1542
30 1542
30 1542
30 1542
30 1542
30 1542
30 1542
34 1555
34 1555
34 1555
34 1555
34 1555
34 1555
34 1555
34 1555
34 1555
34 1555
34 1555
34 1555
34 1555
34 1555
34 1555
34 1555
34 1555
34 1555
34 1555
34 1555
44 1603
44 1603
44 1603
44 1603
44 1603
44 1603
44 1603
44 1603
44 1603
44 1603
44 1603
44 1603
44 1603
44 1603
44 1603
44 1603
44 1603
51 1640
51 1640
51 1640
51 1640
51 1640
51 1640
51 1640
51 1640
51 1640
51 1640
51 1640
56 1710
56 1710
56 1710
56 1710
56 1710
56 1710
56 1710
56 1710
56 1710
56 1710
56 1710
56 1710
56 1710
56 1710
72 1558
72 1558
72 1558
72 1558
72 1558
72 1558
72 1558
72 1558
72 1558
72 1558
72 1558
72 1558
72 1558
72 1558
72 1558
72 1558
72 1558
72 1558
72 1558
72 1558
72 1558
72 1558
72 1558
72 1558
72 1558
31 1491
31 1491
31 1491
37 1440
37 1440
37 1440
37 1440
37 1440
37 1440
37 1440
37 1440
37 1440
37 1440
37 1440
37 1440
37 1440
37 1440
37 1440
37 1440
37 1440
37 1440
37 1440
37 1440
37 1440
37 1440
37 1440
37 1440
37 1440
37 1440
33 1483
