3 43
3 43
4 135
4 135
4 135
4 135
4 135
4 135
4 135
4 135
4 135
6 116
6 116
6 116
6 116
6 116
6 116
6 116
6 116
6 116
6 116
7 109
7 109
7 109
7 109
7 109
7 109
7 109
7 109
7 109
7 109
7 109
7 109
7 109
7 109
7 109
7 109
7 109
7 109
7 109
7 109
7 109
7 109
7 109
7 109
16 28
16 28
16 28
16 28
16 28
26 41
26 41
26 41
26 41
26 41
26 41
26 41
26 41
26 41
26 41
26 41
26 41
26 41
26 41
26 41
26 41
26 41
26 41
30 27
30 27
30 27
30 27
30 27
30 27
30 27
30 27
30 27
30 27
30 27
30 27
30 27
30 27
30 27
30 27
30 27
30 27
30 27
30 27
30 27
30 27
30 27
30 27
30 27
30 27
30 27
30 27
30 27
32 42
32 42
32 42
32 42
32 42
32 42
32 42
32 42
34 47
34 47
34 47
34 47
34 47
34 47
34 47
34 47
34 47
34 47
34 47
34 47
34 47
34 47
34 47
34 47
34 47
34 47
34 47
34 47
34 47
34 47
34 47
34 47
34 47
34 47
34 47
34 47
34 47
34 47
35 38
35 38
35 38
35 38
35 38
35 38
35 38
39 36
39 36
39 36
39 36
44 34
44 34
44 34
46 29
4 21
4 21
4 21
4 21
4 21
4 21
4 21
4 21
4 21
3 33
3 33
6 32
6 32
6 32
6 32
6 32
6 32
6 32
6 32
6 32
6 32
7 24
7 24
7 24
7 24
7 24
7 24
7 24
7 24
7 24
7 24
7 24
7 24
7 24
7 24
7 24
7 24
7 24
7 24
7 24
7 24
7 24
7 24
7 24
7 24
8 18
8 18
8 18
8 18
8 18
8 18
8 18
8 18
8 18
8 18
8 18
8 18
8 18
9 68
9 68
9 68
9 68
9 68
9 68
9 68
9 68
9 68
9 68
9 68
9 68
9 68
9 68
9 68
9 68
9 68
9 68
9 68
9 68
9 68
9 68
9 68
9 68
9 68
9 68
9 68
16 33
16 33
16 33
16 33
16 33
63 79
63 79
63 79
63 79
63 79
63 79
63 79
63 79
63 79
63 79
63 79
26 35
26 35
26 35
26 35
26 35
26 35
26 35
26 35
26 35
26 35
26 35
26 35
26 35
26 35
26 35
26 35
26 35
26 35
30 22
30 22
30 22
30 22
30 22
30 22
30 22
30 22
30 22
30 22
30 22
30 22
30 22
30 22
30 22
30 22
30 22
30 22
30 22
30 22
30 22
30 22
30 22
30 22
30 22
30 22
30 22
30 22
30 22
81 38
81 38
81 38
81 38
81 38
81 38
81 38
81 38
81 38
81 38
81 38
81 38
81 38
81 38
81 38
81 38
81 38
81 38
81 38
81 38
81 38
81 38
81 38
81 38
81 38
32 51
32 51
32 51
32 51
32 51
32 51
32 51
32 51
34 42
34 42
34 42
34 42
34 42
34 42
34 42
34 42
34 42
34 42
34 42
34 42
34 42
34 42
34 42
34 42
34 42
34 42
34 42
34 42
34 42
34 42
34 42
34 42
34 42
34 42
34 42
34 42
34 42
34 42
35 53
35 53
35 53
35 53
35 53
35 53
35 53
39 55
39 55
39 55
39 55
94 15
94 15
94 15
94 15
94 15
94 15
94 15
94 15
94 15
94 15
94 15
94 15
44 49
44 49
44 49
46 55
100 18
100 18
100 18
100 18
100 18
100 18
100 18
100 18
100 18
100 18
100 18
100 18
100 18
100 18
4 18
4 18
4 18
4 18
4 18
4 18
4 18
4 18
4 18
48 585
48 585
48 585
48 585
48 585
48 585
48 85
48 85
48 85
48 85
48 85
48 85
6 12
6 12
6 12
6 12
6 12
6 12
6 12
6 12
6 12
6 12
7 7
7 7
7 7
7 7
7 7
7 7
7 7
7 7
7 7
7 7
7 7
7 7
7 7
7 7
7 7
7 7
7 7
7 7
7 7
7 7
7 7
7 7
7 7
7 7
8 2
8 2
8 2
8 2
8 2
8 2
8 2
8 2
8 2
8 2
8 2
8 2
8 2
9 7
9 7
9 7
9 7
9 7
9 7
9 7
9 7
9 7
9 7
9 7
9 7
9 7
9 7
9 7
9 7
9 7
9 7
9 7
9 7
9 7
9 7
9 7
9 7
9 7
9 7
9 7
3 73
3 73
63 19
63 19
63 19
63 19
63 19
63 19
63 19
63 19
63 19
63 19
63 19
16 98
16 98
16 98
16 98
16 98
26 74
26 74
26 74
26 74
26 74
26 74
26 74
26 74
26 74
26 74
26 74
26 74
26 74
26 74
26 74
26 74
26 74
26 74
30 47
30 47
30 47
30 47
30 47
30 47
30 47
30 47
30 47
30 47
30 47
30 47
30 47
30 47
30 47
30 47
30 47
30 47
30 47
30 47
30 47
30 47
30 47
30 47
30 47
30 47
30 47
30 47
30 47
81 40
81 40
81 40
81 40
81 40
81 40
81 40
81 40
81 40
81 40
81 40
81 40
81 40
81 40
81 40
81 40
81 40
81 40
81 40
81 40
81 40
81 40
81 40
81 40
81 40
32 88
32 88
32 88
32 88
32 88
32 88
32 88
32 88
34 88
34 88
34 88
34 88
34 88
34 88
34 88
34 88
34 88
34 88
34 88
34 88
34 88
34 88
34 88
34 88
34 88
34 88
34 88
34 88
34 88
34 88
34 88
34 88
34 88
34 88
34 88
34 88
34 88
34 88
35 85
35 85
35 85
35 85
35 85
35 85
35 85
94 26
94 26
94 26
94 26
94 26
94 26
94 26
94 26
94 26
94 26
94 26
94 26
39 88
39 88
39 88
39 88
44 74
44 74
44 74
46 70
100 37
100 37
100 37
100 37
100 37
100 37
100 37
100 37
100 37
100 37
100 37
100 37
100 37
100 37
48 83
48 83
48 83
48 83
48 83
48 83
4 45
4 45
4 45
4 45
4 45
4 45
4 45
4 45
4 45
6 52
6 52
6 52
6 52
6 52
6 52
6 52
6 52
6 52
6 52
7 45
7 45
7 45
7 45
7 45
7 45
7 45
7 45
7 45
7 45
7 45
7 45
7 45
7 45
7 45
7 45
7 45
7 45
7 45
7 45
7 45
7 45
7 45
7 45
3 87
3 87
8 41
8 41
8 41
8 41
8 41
8 41
8 41
8 41
8 41
8 41
8 41
8 41
8 41
9 69
9 69
9 69
9 69
9 69
9 69
9 69
9 69
9 69
9 69
9 69
9 69
9 69
9 69
9 69
9 69
9 69
9 69
9 69
9 69
9 69
9 69
9 69
9 69
9 69
9 69
9 69
63 38
63 38
63 38
63 38
63 38
63 38
63 38
63 38
63 38
63 38
63 38
16 87
16 87
16 87
16 87
16 87
26 93
26 93
26 93
26 93
26 93
26 93
26 93
26 93
26 93
26 93
26 93
26 93
26 93
26 93
26 93
26 93
26 93
26 93
30 58
30 58
30 58
30 58
30 58
30 58
30 58
30 58
30 58
30 58
30 58
30 58
30 58
30 58
30 58
30 58
30 58
30 58
30 58
30 58
30 58
30 58
30 58
30 58
30 58
30 58
30 58
30 58
30 58
81 49
81 49
81 49
81 49
81 49
81 49
81 49
81 49
81 49
81 49
81 49
81 49
81 49
81 49
81 49
81 49
81 49
81 49
81 49
81 49
81 49
81 49
81 49
81 49
81 49
32 99
32 99
32 99
32 99
32 99
32 99
32 99
32 99
34 116
34 116
34 116
34 116
34 116
34 116
34 116
34 116
34 116
34 116
34 116
34 116
34 116
34 116
34 116
34 116
34 116
34 116
34 116
34 116
34 116
34 116
34 116
34 116
34 116
34 116
34 116
34 116
34 116
34 116
35 118
35 118
35 118
35 118
35 118
35 118
35 118
94 34
94 34
94 34
94 34
94 34
94 34
94 34
94 34
94 34
94 34
94 34
94 34
39 119
39 119
39 119
39 119
100 52
100 52
100 52
100 52
100 52
100 52
100 52
100 52
100 52
100 52
100 52
100 52
100 52
100 52
44 113
44 113
44 113
4 25
4 25
4 25
4 25
4 25
4 25
4 25
4 25
4 25
46 110
6 28
6 28
6 28
6 28
6 28
6 28
6 28
6 28
6 28
6 28
48 110
48 110
48 110
48 110
48 110
48 110
7 31
7 31
7 31
7 31
7 31
7 31
7 31
7 31
7 31
7 31
7 31
7 31
7 31
7 31
7 31
7 31
7 31
7 31
7 31
7 31
7 31
7 31
7 31
7 31
9 36
9 36
9 36
9 36
9 36
9 36
9 36
9 36
9 36
9 36
9 36
9 36
9 36
9 36
9 36
9 36
9 36
9 36
9 36
9 36
9 36
9 36
9 36
9 36
9 36
9 36
9 36
8 54
8 54
8 54
8 54
8 54
8 54
8 54
8 54
8 54
8 54
8 54
8 54
8 54
3 112
3 112
63 18
63 18
63 18
63 18
63 18
63 18
63 18
63 18
63 18
63 18
63 18
16 152
16 152
16 152
16 152
16 152
30 26
30 26
30 26
30 26
30 26
30 26
30 26
30 26
30 26
30 26
30 26
30 26
30 26
30 26
30 26
30 26
30 26
30 26
30 26
30 26
30 26
30 26
30 26
30 26
30 26
30 26
30 26
30 26
30 26
81 39
81 39
81 39
81 39
81 39
81 39
81 39
81 39
81 39
81 39
81 39
81 39
81 39
81 39
81 39
81 39
81 39
81 39
81 39
81 39
81 39
81 39
81 39
81 39
81 39
26 147
26 147
26 147
26 147
26 147
26 147
26 147
26 147
26 147
26 147
26 147
26 147
26 147
26 147
26 147
26 147
26 147
26 147
94 20
94 20
94 20
94 20
94 20
94 20
94 20
94 20
94 20
94 20
94 20
94 20
32 156
32 156
32 156
32 156
32 156
32 156
32 156
32 156
34 149
34 149
34 149
34 149
34 149
34 149
34 149
34 149
34 149
34 149
34 149
34 149
34 149
34 149
34 149
34 149
34 149
34 149
34 149
34 149
34 149
34 149
34 149
34 149
34 149
34 149
34 149
34 149
34 149
34 149
35 144
35 144
35 144
35 144
35 144
35 144
35 144
100 35
100 35
100 35
100 35
100 35
100 35
100 35
100 35
100 35
100 35
100 35
100 35
100 35
100 35
39 155
39 155
39 155
39 155
4 38
4 38
4 38
4 38
4 38
4 38
4 38
4 38
4 38
44 157
44 157
44 157
6 49
6 49
6 49
6 49
6 49
6 49
6 49
6 49
6 49
6 49
7 42
7 42
7 42
7 42
7 42
7 42
7 42
7 42
7 42
7 42
7 42
7 42
7 42
7 42
7 42
7 42
7 42
7 42
7 42
7 42
7 42
7 42
7 42
7 42
8 36
8 36
8 36
8 36
8 36
8 36
8 36
8 36
8 36
8 36
8 36
8 36
8 36
46 161
9 46
9 46
9 46
9 46
9 46
9 46
9 46
9 46
9 46
9 46
9 46
9 46
9 46
9 46
9 46
9 46
9 46
9 46
9 46
9 46
9 46
9 46
9 46
9 46
9 46
9 46
9 46
48 186
48 186
48 186
48 186
48 186
48 186
63 47
63 47
63 47
63 47
63 47
63 47
63 47
63 47
63 47
63 47
63 47
3 183
3 183
16 179
16 179
16 179
16 179
16 179
30 42
30 42
30 42
30 42
30 42
30 42
30 42
30 42
30 42
30 42
30 42
30 42
30 42
30 42
30 42
30 42
30 42
30 42
30 42
30 42
30 42
30 42
30 42
30 42
30 42
30 42
30 42
30 42
30 42
81 48
81 48
81 48
81 48
81 48
81 48
81 48
81 48
81 48
81 48
81 48
81 48
81 48
81 48
81 48
81 48
81 48
81 48
81 48
81 48
81 48
81 48
81 48
81 48
81 48
26 180
26 180
26 180
26 180
26 180
26 180
26 180
26 180
26 180
26 180
26 180
26 180
26 180
26 180
26 180
26 180
26 180
26 180
94 34
94 34
94 34
94 34
94 34
94 34
94 34
94 34
94 34
94 34
94 34
94 34
32 191
32 191
32 191
32 191
32 191
32 191
32 191
32 191
34 193
34 193
34 193
34 193
34 193
34 193
34 193
34 193
34 193
34 193
34 193
34 193
34 193
34 193
34 193
34 193
34 193
34 193
34 193
34 193
34 193
34 193
34 193
34 193
34 193
34 193
34 193
34 193
34 193
34 193
35 188
35 188
35 188
35 188
35 188
35 188
35 188
100 52
100 52
100 52
100 52
100 52
100 52
100 52
100 52
100 52
100 52
100 52
100 52
100 52
100 52
39 196
39 196
39 196
39 196
4 52
4 52
4 52
4 52
4 52
4 52
4 52
4 52
4 52
6 46
6 46
6 46
6 46
6 46
6 46
6 46
6 46
6 46
6 46
7 40
7 40
7 40
7 40
7 40
7 40
7 40
7 40
7 40
7 40
7 40
7 40
7 40
7 40
7 40
7 40
7 40
7 40
7 40
7 40
7 40
7 40
7 40
7 40
44 197
44 197
44 197
9 55
9 55
9 55
9 55
9 55
9 55
9 55
9 55
9 55
9 55
9 55
9 55
9 55
9 55
9 55
9 55
9 55
9 55
9 55
9 55
9 55
9 55
9 55
9 55
9 55
9 55
9 55
8 69
8 69
8 69
8 69
8 69
8 69
8 69
8 69
8 69
8 69
8 69
8 69
8 69
46 201
48 211
48 211
48 211
48 211
48 211
48 211
63 69
63 69
63 69
63 69
63 69
63 69
63 69
63 69
63 69
63 69
63 69
3 202
3 202
16 219
16 219
16 219
16 219
16 219
30 116
30 116
30 116
30 116
30 116
30 116
30 116
30 116
30 116
30 116
30 116
30 116
30 116
30 116
30 116
30 116
30 116
30 116
30 116
30 116
30 116
30 116
30 116
30 116
30 116
30 116
30 116
30 116
30 116
81 113
81 113
81 113
81 113
81 113
81 113
81 113
81 113
81 113
81 113
81 113
81 113
81 113
81 113
81 113
81 113
81 113
81 113
81 113
81 113
81 113
81 113
81 113
81 113
81 113
26 217
26 217
26 217
26 217
26 217
26 217
26 217
26 217
26 217
26 217
26 217
26 217
26 217
26 217
26 217
26 217
26 217
26 217
94 103
94 103
94 103
94 103
94 103
94 103
94 103
94 103
94 103
94 103
94 103
94 103
32 228
32 228
32 228
32 228
32 228
32 228
32 228
32 228
34 233
34 233
34 233
34 233
34 233
34 233
34 233
34 233
34 233
34 233
34 233
34 233
34 233
34 233
34 233
34 233
34 233
34 233
34 233
34 233
34 233
34 233
34 233
34 233
34 233
34 233
34 233
34 233
34 233
34 233
35 229
35 229
35 229
35 229
35 229
35 229
35 229
39 223
39 223
39 223
39 223
100 126
100 126
100 126
100 126
100 126
100 126
100 126
100 126
100 126
100 126
100 126
100 126
100 126
100 126
4 118
4 118
4 118
4 118
4 118
4 118
4 118
4 118
4 118
6 113
6 113
6 113
6 113
6 113
6 113
6 113
6 113
6 113
6 113
7 106
7 106
7 106
7 106
7 106
7 106
7 106
7 106
7 106
7 106
7 106
7 106
7 106
7 106
7 106
7 106
7 106
7 106
7 106
7 106
7 106
7 106
7 106
7 106
44 245
44 245
44 245
8 117
8 117
8 117
8 117
8 117
8 117
8 117
8 117
8 117
8 117
8 117
8 117
8 117
9 114
9 114
9 114
9 114
9 114
9 114
9 114
9 114
9 114
9 114
9 114
9 114
9 114
9 114
9 114
9 114
9 114
9 114
9 114
9 114
9 114
9 114
9 114
9 114
9 114
9 114
9 114
46 256
48 254
48 254
48 254
48 254
48 254
48 254
63 116
63 116
63 116
63 116
63 116
63 116
63 116
63 116
63 116
63 116
63 116
3 259
3 259
16 242
16 242
16 242
16 242
16 242
30 134
30 134
30 134
30 134
30 134
30 134
30 134
30 134
30 134
30 134
30 134
30 134
30 134
30 134
30 134
30 134
30 134
30 134
30 134
30 134
30 134
30 134
30 134
30 134
30 134
30 134
30 134
30 134
30 134
81 134
81 134
81 134
81 134
81 134
81 134
81 134
81 134
81 134
81 134
81 134
81 134
81 134
81 134
81 134
81 134
81 134
81 134
81 134
81 134
81 134
81 134
81 134
81 134
81 134
26 222
26 222
26 222
26 222
26 222
26 222
26 222
26 222
26 222
26 222
26 222
26 222
26 222
26 222
26 222
26 222
26 222
26 222
32 218
32 218
32 218
32 218
32 218
32 218
32 218
32 218
34 214
34 214
34 214
34 214
34 214
34 214
34 214
34 214
34 214
34 214
34 214
34 214
34 214
34 214
34 214
34 214
34 214
34 214
34 214
34 214
34 214
34 214
34 214
34 214
34 214
34 214
34 214
34 214
34 214
34 214
35 220
35 220
35 220
35 220
35 220
35 220
35 220
94 138
94 138
94 138
94 138
94 138
94 138
94 138
94 138
94 138
94 138
94 138
94 138
39 210
39 210
39 210
39 210
100 147
100 147
100 147
100 147
100 147
100 147
100 147
100 147
100 147
100 147
100 147
100 147
100 147
100 147
44 213
44 213
44 213
46 204
48 199
48 199
48 199
48 199
48 199
48 199
63 139
63 139
63 139
63 139
63 139
63 139
63 139
63 139
63 139
63 139
63 139
81 135
81 135
81 135
81 135
81 135
81 135
81 135
81 135
81 135
81 135
81 135
81 135
81 135
81 135
81 135
81 135
81 135
81 135
81 135
81 135
81 135
81 135
81 135
81 135
81 135
94 121
94 121
94 121
94 121
94 121
94 121
94 121
94 121
94 121
94 121
94 121
94 121
100 120
100 120
100 120
100 120
100 120
100 120
100 120
100 120
100 120
100 120
100 120
100 120
100 120
100 120
