1 1 3
2 3 2
3 2 2
4 4 2
5 4 2
6 4 2
7 2 2
8 2 2
9 2 2
10 4 1
11 4 1
12 4 1
13 4 1
14 1 3
15 3 1
16 3 1
17 4 1
18 2 2
19 4 1
20 2 2
21 2 2
22 4 1
23 4 1
24 1 3
25 3 1
26 3 1
27 4 1
28 2 2
29 3 1
30 1 3
31 3 1
32 1 3
33 1 3
34 2 2
35 3 1
36 3 1
37 1 3
38 3 1
39 3 1
40 3 1
41 4 1
42 1 3
43 3 1
44 1 3
45 4 1
46 1 3
47 2 2
48 3 1
49 4 1
50 3 1
51 1 1
52 1 1
53 3 1
54 1 1
55 1 1
56 2 2
57 1 1
58 3 1
59 1 1
60 2 2
61 2 2
62 4 1
63 1 1
64 4 1
65 1 1
66 1 1
67 4 1
68 2 2
69 4 1
70 3 1
71 1 1
72 1 1
73 4 1
74 2 2
75 1 1
76 1 1
77 2 2
78 4 1
79 2 2
80 3 1
81 4 1
82 4 1
83 3 1
84 1 1
85 1 1
86 1 1
87 2 2
88 4 1
89 4 2
90 1 1
91 1 1
92 3 2
93 1 1
94 4 2
95 2 2
96 1 1
97 4 2
98 2 2
99 2 2
100 4 2
