1 1 3 -20.4074 53.9437
2 3 3 16.1804 -57.6275
3 2 3 79.8256 22.2271
4 4 3 19.4156 -94.6693
5 4 3 -51.6015 78.0466
6 4 3 -80.7455 76.2132
7 2 3 -45.9162 -62.5059
8 2 3 -66.3936 -66.0677
9 2 3 -43.4646 -27.1359
10 4 3 53.5633 49.1828
11 4 3 62.7257 -41.8883
12 4 2 35.9453 70.3411
13 4 2 40.6522 -0.484571
14 1 2 80.9378 57.6246
15 3 3 -25.8505 18.1866
16 3 3 75.9229 -65.2135
17 4 2 45.2225 -98.3885
18 2 2 -64.0199 -52.8699
19 4 2 72.5589 58.6464
20 2 2 -62.4068 -70.9328
21 2 2 72.7681 -98.3182
22 4 2 -1.52228 85.4177
23 4 2 95.2125 0.713827
24 1 2 34.9602 -64.6699
25 3 3 -82.5496 -32.2675
26 3 3 32.4137 -87.9973
27 4 2 -94.0375 9.32355
28 2 2 -44.9796 76.7245
29 3 3 -78.2869 -45.376
30 1 2 -48.3853 10.6312
31 3 3 -39.8491 -86.236
32 1 2 -70.5653 68.1765
33 1 2 71.7362 -2.35792
34 2 2 53.045 85.9944
35 3 3 17.7078 -70.6907
36 3 3 -91.6465 -42.8542
37 1 2 85.329 -1.05495
38 3 3 -99.4536 16.0109
39 3 3 -47.29 -4.30807
40 3 3 -65.7706 42.99
41 4 2 -81.6558 46.3845
42 1 2 99.0962 94.8502
43 3 3 76.0564 -67.2973
44 1 2 10.7108 63.0761
45 4 2 47.1408 60.6613
46 1 2 -30.2826 54.2584
47 2 2 -8.49216 96.4588
48 3 3 -73.1868 31.6601
49 4 2 -65.2772 -69.4934
50 3 3 -94.9191 13.6129
51 1 2 44.4715 -48.4964
52 1 2 -89.8919 88.8706
53 3 3 -93.7461 -60.2951
54 1 2 34.2173 -48.8683
55 1 2 94.7875 20.9014
56 2 2 50.4003 -22.4751
57 1 2 -86.6502 22.2638
58 3 3 -80.4779 29.5609
59 1 1 -35.6151 75.2985
60 2 1 16.2238 94.8171
61 2 1 54.8053 67.7276
62 4 1 64.0113 -33.6038
63 1 1 -91.941 47.7389
64 4 1 96.858 82.3212
65 1 1 -55.5195 42.574
66 1 1 -7.43561 -71.5851
67 4 1 -48.4267 -52.8469
68 2 1 -32.9732 8.59051
69 4 1 -61.5206 41.1228
70 3 3 27.6005 69.7155
71 1 1 -74.648 44.9633
72 1 1 98.0038 10.0987
73 4 1 10.8679 54.4111
74 2 1 78.6671 87.5827
75 1 1 -34.1099 -49.7791
76 1 1 46.8105 -86.8332
77 2 1 39.5389 26.5957
78 4 1 -37.9708 90.864
79 2 1 -96.3796 54.092
80 3 3 -1.31692 80.6745
81 4 1 -75.6355 0.801835
82 4 1 -84.3785 25.4973
83 3 3 -24.6817 -79.8704
84 1 1 58.3338 84.8454
85 1 1 -80.9588 -41.5836
86 1 1 51.2544 28.5706
87 2 1 -59.6474 -43.9225
88 4 1 20.649 75.9689
89 4 1 -51.2339 -4.88586
90 1 1 38.8551 53.8866
91 1 1 82.5509 -47.0357
92 3 3 -10.4884 -29.4718
93 1 1 63.4817 -75.2601
94 4 1 24.9447 -65.8869
95 2 1 -83.7577 11.2462
96 1 1 -82.9147 -62.4139
97 4 1 -38.0409 85.8384
98 2 1 86.5841 -93.0679
99 2 1 86.4491 78.6208
100 4 1 87.1034 -97.1607
