4 39
4 39
4 39
4 39
4 39
4 39
4 39
4 39
4 39
4 39
4 39
4 39
4 39
4 39
4 39
4 39
4 39
10 20
10 20
10 20
10 20
10 20
10 20
10 20
10 20
8 43
8 43
8 43
8 43
8 43
8 43
8 43
12 22
12 22
12 22
12 22
12 22
13 32
13 32
18 15
18 15
18 15
18 15
18 15
18 15
18 15
18 15
18 15
18 15
18 15
18 15
18 15
18 15
18 15
18 15
18 15
18 15
18 15
18 15
18 15
18 15
18 15
18 15
18 15
18 15
18 15
18 15
18 15
19 44
19 44
19 44
19 44
19 44
19 44
22 38
22 38
22 38
22 38
22 38
22 38
22 38
22 38
22 38
23 32
24 35
24 35
24 35
24 35
28 22
28 22
28 22
28 22
28 22
28 22
28 22
28 22
28 22
28 22
28 22
28 22
28 22
28 22
28 22
28 22
28 22
28 22
28 22
28 22
28 22
28 22
28 22
28 22
28 22
28 22
28 22
28 22
33 24
33 24
33 24
33 24
33 24
33 24
33 24
33 24
33 24
33 24
38 27
38 27
38 27
42 9
42 9
42 9
42 9
42 9
42 9
42 9
42 9
42 9
42 9
42 9
42 9
42 9
42 9
42 9
42 9
42 9
42 9
42 9
42 9
42 9
42 9
42 9
42 9
42 9
4 1
4 1
4 1
4 1
4 1
4 1
4 1
4 1
4 1
4 1
4 1
4 1
4 1
4 1
4 1
4 1
4 1
55 17
55 17
55 17
55 17
55 17
55 17
55 17
55 17
55 17
55 17
55 17
55 17
55 17
55 17
55 17
55 17
55 17
55 17
55 17
55 17
8 15
8 15
8 15
8 15
8 15
8 15
8 15
10 14
10 14
10 14
10 14
10 14
10 14
10 14
10 14
12 17
12 17
12 17
12 17
12 17
63 17
63 17
63 17
63 17
63 17
63 17
63 17
63 17
63 17
63 17
63 17
63 17
13 32
13 32
66 12
66 12
66 12
66 12
66 12
66 12
66 12
66 12
66 12
66 12
66 12
66 12
66 12
66 12
66 12
66 12
18 13
18 13
18 13
18 13
18 13
18 13
18 13
18 13
18 13
18 13
18 13
18 13
18 13
18 13
18 13
18 13
18 13
18 13
18 13
18 13
18 13
18 13
18 13
18 13
18 13
18 13
18 13
18 13
18 13
19 18
19 18
19 18
19 18
19 18
19 18
22 9
22 9
22 9
22 9
22 9
22 9
22 9
22 9
22 9
23 7
74 12
74 12
74 12
74 12
74 12
74 12
74 12
74 12
74 12
74 12
74 12
74 12
74 12
74 12
74 12
74 12
74 12
74 12
74 12
74 12
74 12
24 15
24 15
24 15
24 15
28 3
28 3
28 3
28 3
28 3
28 3
28 3
28 3
28 3
28 3
28 3
28 3
28 3
28 3
28 3
28 3
28 3
28 3
28 3
28 3
28 3
28 3
28 3
28 3
28 3
28 3
28 3
28 3
78 14
78 14
78 14
78 14
78 14
78 14
78 14
78 14
78 14
78 14
78 14
33 19
33 19
33 19
33 19
33 19
33 19
33 19
33 19
33 19
33 19
3 853
3 853
3 853
3 853
3 853
3 853
3 853
3 853
3 853
3 853
3 853
3 853
3 853
3 853
3 853
3 853
3 853
3 853
3 853
3 853
3 853
3 853
3 853
3 853
3 853
3 853
3 853
3 853
3 853
3 853
87 18
87 18
87 18
87 18
87 18
87 18
87 18
87 18
87 18
87 18
87 18
87 18
87 18
87 18
87 18
87 18
87 18
87 18
87 18
38 17
38 17
38 17
42 1
42 1
42 1
42 1
42 1
42 1
42 1
42 1
42 1
42 1
42 1
42 1
42 1
42 1
42 1
42 1
42 1
42 1
42 1
42 1
42 1
42 1
42 1
42 1
42 1
3 397
3 397
3 397
3 397
3 397
3 397
3 397
3 397
3 397
3 397
3 397
3 397
3 397
3 397
3 397
3 397
3 397
3 397
3 397
3 397
3 397
3 397
3 397
3 397
3 397
3 397
3 397
3 397
3 397
3 397
69 302
69 302
69 302
69 302
69 302
69 302
69 302
69 302
69 302
69 302
69 302
69 302
69 302
69 302
69 302
69 302
69 302
69 302
69 302
69 302
69 302
69 302
69 302
69 302
69 302
69 302
4 39
4 39
4 39
4 39
4 39
4 39
4 39
4 39
4 39
4 39
4 39
4 39
4 39
4 39
4 39
4 39
4 39
55 52
55 52
55 52
55 52
55 52
55 52
55 52
55 52
55 52
55 52
55 52
55 52
55 52
55 52
55 52
55 52
55 52
55 52
55 52
55 52
8 216
8 216
8 216
8 216
8 216
8 216
8 216
63 186
63 186
63 186
63 186
63 186
63 186
63 186
63 186
63 186
63 186
63 186
63 186
66 210
66 210
66 210
66 210
66 210
66 210
66 210
66 210
66 210
66 210
66 210
66 210
66 210
66 210
66 210
66 210
10 274
10 274
10 274
10 274
10 274
10 274
10 274
10 274
18 228
18 228
18 228
18 228
18 228
18 228
18 228
18 228
18 228
18 228
18 228
18 228
18 228
18 228
18 228
18 228
18 228
18 228
18 228
18 228
18 228
18 228
18 228
18 228
18 228
18 228
18 228
18 228
18 228
12 306
12 306
12 306
12 306
12 306
13 310
13 310
74 282
74 282
74 282
74 282
74 282
74 282
74 282
74 282
74 282
74 282
74 282
74 282
74 282
74 282
74 282
74 282
74 282
74 282
74 282
74 282
74 282
19 333
19 333
19 333
19 333
19 333
19 333
28 244
28 244
28 244
28 244
28 244
28 244
28 244
28 244
28 244
28 244
28 244
28 244
28 244
28 244
28 244
28 244
28 244
28 244
28 244
28 244
28 244
28 244
28 244
28 244
28 244
28 244
28 244
28 244
78 245
78 245
78 245
78 245
78 245
78 245
78 245
78 245
78 245
78 245
78 245
22 307
22 307
22 307
22 307
22 307
22 307
22 307
22 307
22 307
23 300
24 293
24 293
24 293
24 293
87 169
87 169
87 169
87 169
87 169
87 169
87 169
87 169
87 169
87 169
87 169
87 169
87 169
87 169
87 169
87 169
87 169
87 169
87 169
42 120
42 120
42 120
42 120
42 120
42 120
42 120
42 120
42 120
42 120
42 120
42 120
42 120
42 120
42 120
42 120
42 120
42 120
42 120
42 120
42 120
42 120
42 120
42 120
42 120
33 210
33 210
33 210
33 210
33 210
33 210
33 210
33 210
33 210
33 210
38 163
38 163
38 163
4 13
4 13
4 13
4 13
4 13
4 13
4 13
4 13
4 13
4 13
4 13
4 13
4 13
4 13
4 13
4 13
4 13
55 10
55 10
55 10
55 10
55 10
55 10
55 10
55 10
55 10
55 10
55 10
55 10
55 10
55 10
55 10
55 10
55 10
55 10
55 10
55 10
63 11
63 11
63 11
63 11
63 11
63 11
63 11
63 11
63 11
63 11
63 11
63 11
66 3
66 3
66 3
66 3
66 3
66 3
66 3
66 3
66 3
66 3
66 3
66 3
66 3
66 3
66 3
66 3
18 4
18 4
18 4
18 4
18 4
18 4
18 4
18 4
18 4
18 4
18 4
18 4
18 4
18 4
18 4
18 4
18 4
18 4
18 4
18 4
18 4
18 4
18 4
18 4
18 4
18 4
18 4
18 4
18 4
8 132
8 132
8 132
8 132
8 132
8 132
8 132
10 131
10 131
10 131
10 131
10 131
10 131
10 131
10 131
74 10
74 10
74 10
74 10
74 10
74 10
74 10
74 10
74 10
74 10
74 10
74 10
74 10
74 10
74 10
74 10
74 10
74 10
74 10
74 10
74 10
12 136
12 136
12 136
12 136
12 136
13 147
13 147
28 3
28 3
28 3
28 3
28 3
28 3
28 3
28 3
28 3
28 3
28 3
28 3
28 3
28 3
28 3
28 3
28 3
28 3
28 3
28 3
28 3
28 3
28 3
28 3
28 3
28 3
28 3
28 3
78 4
78 4
78 4
78 4
78 4
78 4
78 4
78 4
78 4
78 4
78 4
19 143
19 143
19 143
19 143
19 143
19 143
22 131
22 131
22 131
22 131
22 131
22 131
22 131
22 131
22 131
23 137
24 129
24 129
24 129
24 129
87 10
87 10
87 10
87 10
87 10
87 10
87 10
87 10
87 10
87 10
87 10
87 10
87 10
87 10
87 10
87 10
87 10
87 10
87 10
42 2
42 2
42 2
42 2
42 2
42 2
42 2
42 2
42 2
42 2
42 2
42 2
42 2
42 2
42 2
42 2
42 2
42 2
42 2
42 2
42 2
42 2
42 2
42 2
42 2
33 115
33 115
33 115
33 115
33 115
33 115
33 115
33 115
33 115
33 115
38 124
38 124
38 124
4 5
4 5
4 5
4 5
4 5
4 5
4 5
4 5
4 5
4 5
4 5
4 5
4 5
4 5
4 5
4 5
4 5
55 14
55 14
55 14
55 14
55 14
55 14
55 14
55 14
55 14
55 14
55 14
55 14
55 14
55 14
55 14
55 14
55 14
55 14
55 14
55 14
63 5
63 5
63 5
63 5
63 5
63 5
63 5
63 5
63 5
63 5
63 5
63 5
66 2
66 2
66 2
66 2
66 2
66 2
66 2
66 2
66 2
66 2
66 2
66 2
66 2
66 2
66 2
66 2
8 96
8 96
8 96
8 96
8 96
8 96
8 96
18 13
18 13
18 13
18 13
18 13
18 13
18 13
18 13
18 13
18 13
18 13
18 13
18 13
18 13
18 13
18 13
18 13
18 13
18 13
18 13
18 13
18 13
18 13
18 13
18 13
18 13
18 13
18 13
18 13
10 101
10 101
10 101
10 101
10 101
10 101
10 101
10 101
12 101
12 101
12 101
12 101
12 101
13 98
13 98
74 7
74 7
74 7
74 7
74 7
74 7
74 7
74 7
74 7
74 7
74 7
74 7
74 7
74 7
74 7
74 7
74 7
74 7
74 7
74 7
74 7
19 83
19 83
19 83
19 83
19 83
19 83
28 2
28 2
28 2
28 2
28 2
28 2
28 2
28 2
28 2
28 2
28 2
28 2
28 2
28 2
28 2
28 2
28 2
28 2
28 2
28 2
28 2
28 2
28 2
28 2
28 2
28 2
28 2
28 2
78 6
78 6
78 6
78 6
78 6
78 6
78 6
78 6
78 6
78 6
78 6
22 91
22 91
22 91
22 91
22 91
22 91
22 91
22 91
22 91
23 95
24 89
24 89
24 89
24 89
87 10
87 10
87 10
87 10
87 10
87 10
87 10
87 10
87 10
87 10
87 10
87 10
87 10
87 10
87 10
87 10
87 10
87 10
87 10
33 73
33 73
33 73
33 73
33 73
33 73
33 73
33 73
33 73
33 73
42 4
42 4
42 4
42 4
42 4
42 4
42 4
42 4
42 4
42 4
42 4
42 4
42 4
42 4
42 4
42 4
42 4
42 4
42 4
42 4
42 4
42 4
42 4
42 4
42 4
38 61
38 61
38 61
4 5
4 5
4 5
4 5
4 5
4 5
4 5
4 5
4 5
4 5
4 5
4 5
4 5
4 5
4 5
4 5
4 5
55 16
55 16
55 16
55 16
55 16
55 16
55 16
55 16
55 16
55 16
55 16
55 16
55 16
55 16
55 16
55 16
55 16
55 16
55 16
55 16
63 3
63 3
63 3
63 3
63 3
63 3
63 3
63 3
63 3
63 3
63 3
63 3
8 57
8 57
8 57
8 57
8 57
8 57
8 57
10 53
10 53
10 53
10 53
10 53
10 53
10 53
10 53
12 40
12 40
12 40
12 40
12 40
13 37
13 37
66 14
66 14
66 14
66 14
66 14
66 14
66 14
66 14
66 14
66 14
66 14
66 14
66 14
66 14
66 14
66 14
18 8
18 8
18 8
18 8
18 8
18 8
18 8
18 8
18 8
18 8
18 8
18 8
18 8
18 8
18 8
18 8
18 8
18 8
18 8
18 8
18 8
18 8
18 8
18 8
18 8
18 8
18 8
18 8
18 8
19 43
19 43
19 43
19 43
19 43
19 43
74 2
74 2
74 2
74 2
74 2
74 2
74 2
74 2
74 2
74 2
74 2
74 2
74 2
74 2
74 2
74 2
74 2
74 2
74 2
74 2
74 2
22 41
22 41
22 41
22 41
22 41
22 41
22 41
22 41
22 41
23 54
24 46
24 46
24 46
24 46
78 15
78 15
78 15
78 15
78 15
78 15
78 15
78 15
78 15
78 15
78 15
28 16
28 16
28 16
28 16
28 16
28 16
28 16
28 16
28 16
28 16
28 16
28 16
28 16
28 16
28 16
28 16
28 16
28 16
28 16
28 16
28 16
28 16
28 16
28 16
28 16
28 16
28 16
28 16
33 46
33 46
33 46
33 46
33 46
33 46
33 46
33 46
33 46
33 46
87 8
87 8
87 8
87 8
87 8
87 8
87 8
87 8
87 8
87 8
87 8
87 8
87 8
87 8
87 8
87 8
87 8
87 8
87 8
38 29
38 29
38 29
42 5
42 5
42 5
42 5
42 5
42 5
42 5
42 5
42 5
42 5
42 5
42 5
42 5
42 5
42 5
42 5
42 5
42 5
42 5
42 5
42 5
42 5
42 5
42 5
42 5
4 1
4 1
4 1
4 1
4 1
4 1
4 1
4 1
4 1
4 1
4 1
4 1
4 1
4 1
4 1
4 1
4 1
55 6
55 6
55 6
55 6
55 6
55 6
55 6
55 6
55 6
55 6
55 6
55 6
55 6
55 6
55 6
55 6
55 6
55 6
55 6
55 6
8 13
8 13
8 13
8 13
8 13
8 13
8 13
10 13
10 13
10 13
10 13
10 13
10 13
10 13
10 13
63 4
63 4
63 4
63 4
63 4
63 4
63 4
63 4
63 4
63 4
63 4
63 4
12 18
12 18
12 18
12 18
12 18
13 21
13 21
66 3
66 3
66 3
66 3
66 3
66 3
66 3
66 3
66 3
66 3
66 3
66 3
66 3
66 3
66 3
66 3
18 1
18 1
18 1
18 1
18 1
18 1
18 1
18 1
18 1
18 1
18 1
18 1
18 1
18 1
18 1
18 1
18 1
18 1
18 1
18 1
18 1
18 1
18 1
18 1
18 1
18 1
18 1
18 1
18 1
19 3
19 3
19 3
19 3
19 3
19 3
22 15
22 15
22 15
22 15
22 15
22 15
22 15
22 15
22 15
23 7
74 7
74 7
74 7
74 7
74 7
74 7
74 7
74 7
74 7
74 7
74 7
74 7
74 7
74 7
74 7
74 7
74 7
74 7
74 7
74 7
74 7
24 19
24 19
24 19
24 19
78 7
78 7
78 7
78 7
78 7
78 7
78 7
78 7
78 7
78 7
78 7
28 20
28 20
28 20
28 20
28 20
28 20
28 20
28 20
28 20
28 20
28 20
28 20
28 20
28 20
28 20
28 20
28 20
28 20
28 20
28 20
28 20
28 20
28 20
28 20
28 20
28 20
28 20
28 20
33 6
33 6
33 6
33 6
33 6
33 6
33 6
33 6
33 6
33 6
87 7
87 7
87 7
87 7
87 7
87 7
87 7
87 7
87 7
87 7
87 7
87 7
87 7
87 7
87 7
87 7
87 7
87 7
87 7
38 16
38 16
38 16
42 4
42 4
42 4
42 4
42 4
42 4
42 4
42 4
42 4
42 4
42 4
42 4
42 4
42 4
42 4
42 4
42 4
42 4
42 4
42 4
42 4
42 4
42 4
42 4
42 4
4 15
4 15
4 15
4 15
4 15
4 15
4 15
4 15
4 15
4 15
4 15
4 15
4 15
4 15
4 15
4 15
4 15
55 19
55 19
55 19
55 19
55 19
55 19
55 19
55 19
55 19
55 19
55 19
55 19
55 19
55 19
55 19
55 19
55 19
55 19
55 19
55 19
8 13
8 13
8 13
8 13
8 13
8 13
8 13
10 12
10 12
10 12
10 12
10 12
10 12
10 12
10 12
12 7
12 7
12 7
12 7
12 7
13 18
13 18
63 26
63 26
63 26
63 26
63 26
63 26
63 26
63 26
63 26
63 26
63 26
63 26
66 6
66 6
66 6
66 6
66 6
66 6
66 6
66 6
66 6
66 6
66 6
66 6
66 6
66 6
66 6
66 6
18 6
18 6
18 6
18 6
18 6
18 6
18 6
18 6
18 6
18 6
18 6
18 6
18 6
18 6
18 6
18 6
18 6
18 6
18 6
18 6
18 6
18 6
18 6
18 6
18 6
18 6
18 6
18 6
18 6
19 12
19 12
19 12
19 12
19 12
19 12
22 24
22 24
22 24
22 24
22 24
22 24
22 24
22 24
22 24
74 18
74 18
74 18
74 18
74 18
74 18
74 18
74 18
74 18
74 18
74 18
74 18
74 18
74 18
74 18
74 18
74 18
74 18
74 18
74 18
74 18
23 32
3 1735
3 1735
3 1735
3 1735
3 1735
3 1735
3 1735
3 1735
3 1735
3 1735
3 1735
3 1735
3 1735
3 1735
3 1735
3 1735
3 1735
3 1735
3 1735
3 1735
3 1735
3 1735
3 1735
3 1735
3 1735
3 1735
3 1735
3 1735
3 1735
3 1735
24 27
24 27
24 27
24 27
78 13
78 13
78 13
78 13
78 13
78 13
78 13
78 13
78 13
78 13
78 13
28 14
28 14
28 14
28 14
28 14
28 14
28 14
28 14
28 14
28 14
28 14
28 14
28 14
28 14
28 14
28 14
28 14
28 14
28 14
28 14
28 14
28 14
28 14
28 14
28 14
28 14
28 14
28 14
69 1611
69 1611
69 1611
69 1611
69 1611
69 1611
69 1611
69 1611
69 1611
69 1611
69 1611
69 1611
69 1611
69 1611
69 1611
69 1611
69 1611
69 1611
69 1611
69 1611
69 1611
69 1611
69 1611
69 1611
69 1611
69 1611
33 19
33 19
33 19
33 19
33 19
33 19
33 19
33 19
33 19
33 19
87 11
87 11
87 11
87 11
87 11
87 11
87 11
87 11
87 11
87 11
87 11
87 11
87 11
87 11
87 11
87 11
87 11
87 11
87 11
38 18
38 18
38 18
42 6
42 6
42 6
42 6
42 6
42 6
42 6
42 6
42 6
42 6
42 6
42 6
42 6
42 6
42 6
42 6
42 6
42 6
42 6
42 6
42 6
42 6
42 6
42 6
42 6
55 5
55 5
55 5
55 5
55 5
55 5
55 5
55 5
55 5
55 5
55 5
55 5
55 5
55 5
55 5
55 5
55 5
55 5
55 5
55 5
63 6
63 6
63 6
63 6
63 6
63 6
63 6
63 6
63 6
63 6
63 6
63 6
66 11
66 11
66 11
66 11
66 11
66 11
66 11
66 11
66 11
66 11
66 11
66 11
66 11
66 11
66 11
66 11
69 1506
69 1506
69 1506
69 1506
69 1506
69 1506
69 1506
69 1506
69 1506
69 1506
69 1506
69 1506
69 1506
69 1506
69 1506
69 1506
69 1506
69 1506
69 1506
69 1506
69 1506
69 1506
69 1506
69 1506
69 1506
69 1506
74 12
74 12
74 12
74 12
74 12
74 12
74 12
74 12
74 12
74 12
74 12
74 12
74 12
74 12
74 12
74 12
74 12
74 12
74 12
74 12
74 12
78 1
78 1
78 1
78 1
78 1
78 1
78 1
78 1
78 1
78 1
78 1
87 3
87 3
87 3
87 3
87 3
87 3
87 3
87 3
87 3
87 3
87 3
87 3
87 3
87 3
87 3
87 3
87 3
87 3
87 3
