5 74
5 74
5 74
5 74
5 74
5 74
5 74
5 74
5 74
5 74
5 74
20 116
20 116
23 90
23 90
23 90
23 90
23 90
23 90
23 90
23 90
23 90
19 308
19 308
19 308
19 308
25 254
25 254
25 254
25 254
25 254
25 254
25 254
25 254
25 254
25 254
25 254
25 254
25 254
25 254
35 179
35 179
35 179
35 179
35 179
35 179
35 179
35 179
35 179
35 179
35 179
35 179
35 179
35 179
35 179
35 179
35 179
35 179
35 179
35 179
35 179
35 179
35 179
35 179
35 179
35 179
36 216
36 216
36 216
36 216
36 216
36 216
36 216
36 216
36 216
36 216
36 216
36 216
36 216
36 216
36 216
47 213
47 213
47 213
47 213
47 213
51 258
51 258
51 258
51 258
51 258
51 258
51 258
51 258
51 258
51 258
51 258
51 258
51 258
51 258
51 258
51 258
51 258
51 258
51 258
51 258
51 258
5 324
5 324
5 324
5 324
5 324
5 324
5 324
5 324
5 324
5 324
5 324
54 376
54 376
54 376
54 376
54 376
54 376
54 376
54 376
54 376
54 376
54 376
54 376
54 376
54 376
54 376
54 376
54 376
54 376
54 376
54 376
54 376
54 376
54 376
54 376
54 376
54 376
54 376
60 337
60 337
60 337
60 337
60 337
60 337
60 337
60 337
57 387
57 387
57 387
57 387
57 387
57 387
57 387
57 387
57 387
57 387
57 387
57 387
57 387
57 387
57 387
57 387
57 387
57 387
57 387
62 387
62 387
62 387
62 387
62 387
62 387
62 387
67 425
67 425
67 425
67 425
67 425
67 425
67 425
67 425
67 425
67 425
67 425
67 425
67 425
67 425
67 425
67 425
67 425
67 425
67 425
67 425
67 425
67 425
67 425
67 425
67 425
67 425
67 425
67 425
20 395
20 395
28 829
19 452
19 452
19 452
19 452
25 452
25 452
25 452
25 452
25 452
25 452
25 452
25 452
25 452
25 452
25 452
25 452
25 452
25 452
23 533
23 533
23 533
23 533
23 533
23 533
23 533
23 533
23 533
28 485
73 536
73 536
73 536
73 536
73 536
73 536
73 536
73 536
73 536
73 536
75 517
75 517
75 517
75 517
75 517
75 517
29 495
29 495
29 495
29 495
29 495
29 495
29 495
29 495
29 495
29 495
29 495
29 495
29 495
35 534
35 534
35 534
35 534
35 534
35 534
35 534
35 534
35 534
35 534
35 534
35 534
35 534
35 534
35 534
35 534
35 534
35 534
35 534
35 534
35 534
35 534
35 534
35 534
35 534
35 534
36 578
36 578
36 578
36 578
36 578
36 578
36 578
36 578
36 578
36 578
36 578
36 578
36 578
36 578
36 578
47 560
47 560
47 560
47 560
47 560
7 1488
7 1488
7 1488
7 1488
7 1488
7 1488
7 1488
7 1488
7 1488
7 1488
7 1488
7 1488
7 989
7 989
7 989
7 989
7 989
7 989
7 989
7 989
7 989
7 989
7 989
7 989
51 617
51 617
51 617
51 617
51 617
51 617
51 617
51 617
51 617
51 617
51 617
51 617
51 617
51 617
51 617
51 617
51 617
51 617
51 617
51 617
51 617
99 649
99 649
99 649
5 619
5 619
5 619
5 619
5 619
5 619
5 619
5 619
5 619
5 619
5 619
60 599
60 599
60 599
60 599
60 599
60 599
60 599
60 599
54 689
54 689
54 689
54 689
54 689
54 689
54 689
54 689
54 689
54 689
54 689
54 689
54 689
54 689
54 689
54 689
54 689
54 689
54 689
54 689
54 689
54 689
54 689
54 689
54 689
54 689
54 689
57 690
57 690
57 690
57 690
57 690
57 690
57 690
57 690
57 690
57 690
57 690
57 690
57 690
57 690
57 690
57 690
57 690
57 690
57 690
7 697
7 697
7 697
7 697
7 697
7 697
7 697
7 697
7 697
7 697
7 697
7 697
62 700
62 700
62 700
62 700
62 700
62 700
62 700
23 695
23 695
23 695
23 695
23 695
23 695
23 695
23 695
23 695
67 794
67 794
67 794
67 794
67 794
67 794
67 794
67 794
67 794
67 794
67 794
67 794
67 794
67 794
67 794
67 794
67 794
67 794
67 794
67 794
67 794
67 794
67 794
67 794
67 794
67 794
67 794
67 794
75 721
75 721
75 721
75 721
75 721
75 721
20 774
20 774
19 785
19 785
19 785
19 785
73 757
73 757
73 757
73 757
73 757
73 757
73 757
73 757
73 757
73 757
28 722
35 717
35 717
35 717
35 717
35 717
35 717
35 717
35 717
35 717
35 717
35 717
35 717
35 717
35 717
35 717
35 717
35 717
35 717
35 717
35 717
35 717
35 717
35 717
35 717
35 717
35 717
25 848
25 848
25 848
25 848
25 848
25 848
25 848
25 848
25 848
25 848
25 848
25 848
25 848
25 848
29 853
29 853
29 853
29 853
29 853
29 853
29 853
29 853
29 853
29 853
29 853
29 853
29 853
47 802
47 802
47 802
47 802
47 802
36 915
36 915
36 915
36 915
36 915
36 915
36 915
36 915
36 915
36 915
36 915
36 915
36 915
36 915
36 915
51 780
51 780
51 780
51 780
51 780
51 780
51 780
51 780
51 780
51 780
51 780
51 780
51 780
51 780
51 780
51 780
51 780
51 780
51 780
51 780
51 780
99 906
99 906
99 906
5 863
5 863
5 863
5 863
5 863
5 863
5 863
5 863
5 863
5 863
5 863
60 844
60 844
60 844
60 844
60 844
60 844
60 844
60 844
54 944
54 944
54 944
54 944
54 944
54 944
54 944
54 944
54 944
54 944
54 944
54 944
54 944
54 944
54 944
54 944
54 944
54 944
54 944
54 944
54 944
54 944
54 944
54 944
54 944
54 944
54 944
7 1018
7 1018
7 1018
7 1018
7 1018
7 1018
7 1018
7 1018
7 1018
7 1018
7 1018
7 1018
20 960
20 960
57 1094
57 1094
57 1094
57 1094
57 1094
57 1094
57 1094
57 1094
57 1094
57 1094
57 1094
57 1094
57 1094
57 1094
57 1094
57 1094
57 1094
57 1094
57 1094
23 935
23 935
23 935
23 935
23 935
23 935
23 935
23 935
23 935
75 937
75 937
75 937
75 937
75 937
75 937
73 959
73 959
73 959
73 959
73 959
73 959
73 959
73 959
73 959
73 959
62 1069
62 1069
62 1069
62 1069
62 1069
62 1069
62 1069
28 937
67 1084
67 1084
67 1084
67 1084
67 1084
67 1084
67 1084
67 1084
67 1084
67 1084
67 1084
67 1084
67 1084
67 1084
67 1084
67 1084
67 1084
67 1084
67 1084
67 1084
67 1084
67 1084
67 1084
67 1084
67 1084
67 1084
67 1084
67 1084
35 928
35 928
35 928
35 928
35 928
35 928
35 928
35 928
35 928
35 928
35 928
35 928
35 928
35 928
35 928
35 928
35 928
35 928
35 928
35 928
35 928
35 928
35 928
35 928
35 928
35 928
19 1090
19 1090
19 1090
19 1090
25 1148
25 1148
25 1148
25 1148
25 1148
25 1148
25 1148
25 1148
25 1148
25 1148
25 1148
25 1148
25 1148
25 1148
29 1175
29 1175
29 1175
29 1175
29 1175
29 1175
29 1175
29 1175
29 1175
29 1175
29 1175
29 1175
29 1175
36 1167
36 1167
36 1167
36 1167
36 1167
36 1167
36 1167
36 1167
36 1167
36 1167
36 1167
36 1167
36 1167
36 1167
36 1167
47 1082
47 1082
47 1082
47 1082
47 1082
51 1102
51 1102
51 1102
51 1102
51 1102
51 1102
51 1102
51 1102
51 1102
51 1102
51 1102
51 1102
51 1102
51 1102
51 1102
51 1102
51 1102
51 1102
51 1102
51 1102
51 1102
5 1104
5 1104
5 1104
5 1104
5 1104
5 1104
5 1104
5 1104
5 1104
5 1104
5 1104
60 1126
60 1126
60 1126
60 1126
60 1126
60 1126
60 1126
60 1126
99 1369
99 1369
99 1369
54 1321
54 1321
54 1321
54 1321
54 1321
54 1321
54 1321
54 1321
54 1321
54 1321
54 1321
54 1321
54 1321
54 1321
54 1321
54 1321
54 1321
54 1321
54 1321
54 1321
54 1321
54 1321
54 1321
54 1321
54 1321
54 1321
54 1321
7 1329
7 1329
7 1329
7 1329
7 1329
7 1329
7 1329
7 1329
7 1329
7 1329
7 1329
7 1329
23 1187
23 1187
23 1187
23 1187
23 1187
23 1187
23 1187
23 1187
23 1187
57 1348
57 1348
57 1348
57 1348
57 1348
57 1348
57 1348
57 1348
57 1348
57 1348
57 1348
57 1348
57 1348
57 1348
57 1348
57 1348
57 1348
57 1348
57 1348
75 1214
75 1214
75 1214
75 1214
75 1214
75 1214
73 1248
73 1248
73 1248
73 1248
73 1248
73 1248
73 1248
73 1248
73 1248
73 1248
62 1366
62 1366
62 1366
62 1366
62 1366
62 1366
62 1366
28 1238
20 1351
20 1351
67 1386
67 1386
67 1386
67 1386
67 1386
67 1386
67 1386
67 1386
67 1386
67 1386
67 1386
67 1386
67 1386
67 1386
67 1386
67 1386
67 1386
67 1386
67 1386
67 1386
67 1386
67 1386
67 1386
67 1386
67 1386
67 1386
67 1386
67 1386
19 1394
19 1394
19 1394
19 1394
35 1361
35 1361
35 1361
35 1361
35 1361
35 1361
35 1361
35 1361
35 1361
35 1361
35 1361
35 1361
35 1361
35 1361
35 1361
35 1361
35 1361
35 1361
35 1361
35 1361
35 1361
35 1361
35 1361
35 1361
35 1361
35 1361
25 1467
25 1467
25 1467
25 1467
25 1467
25 1467
25 1467
25 1467
25 1467
25 1467
25 1467
25 1467
25 1467
25 1467
29 1468
29 1468
29 1468
29 1468
29 1468
29 1468
29 1468
29 1468
29 1468
29 1468
29 1468
29 1468
29 1468
47 1392
47 1392
47 1392
47 1392
47 1392
36 1537
36 1537
36 1537
36 1537
36 1537
36 1537
36 1537
36 1537
36 1537
36 1537
36 1537
36 1537
36 1537
36 1537
36 1537
51 1409
51 1409
51 1409
51 1409
51 1409
51 1409
51 1409
51 1409
51 1409
51 1409
51 1409
51 1409
51 1409
51 1409
51 1409
51 1409
51 1409
51 1409
51 1409
51 1409
51 1409
5 1400
5 1400
5 1400
5 1400
5 1400
5 1400
5 1400
5 1400
5 1400
5 1400
5 1400
60 1483
60 1483
60 1483
60 1483
60 1483
60 1483
60 1483
60 1483
99 1617
99 1617
99 1617
54 1608
54 1608
54 1608
54 1608
54 1608
54 1608
54 1608
54 1608
54 1608
54 1608
54 1608
54 1608
54 1608
54 1608
54 1608
54 1608
54 1608
54 1608
54 1608
54 1608
54 1608
54 1608
54 1608
54 1608
54 1608
54 1608
54 1608
62 1653
62 1653
62 1653
62 1653
62 1653
62 1653
62 1653
73 1581
73 1581
73 1581
73 1581
73 1581
73 1581
73 1581
73 1581
73 1581
73 1581
75 1585
75 1585
75 1585
75 1585
75 1585
75 1585
57 1817
57 1817
57 1817
57 1817
57 1817
57 1817
57 1817
57 1817
57 1817
57 1817
57 1817
57 1817
57 1817
57 1817
57 1817
57 1817
57 1817
57 1817
57 1817
67 1773
67 1773
67 1773
67 1773
67 1773
67 1773
67 1773
67 1773
67 1773
67 1773
67 1773
67 1773
67 1773
67 1773
67 1773
67 1773
67 1773
67 1773
67 1773
67 1773
67 1773
67 1773
67 1773
67 1773
67 1773
67 1773
67 1773
67 1773
99 1921
99 1921
99 1921
