5 158
5 158
5 158
5 158
5 158
5 158
5 158
5 158
5 158
14 104
7 228
7 228
7 228
7 228
7 228
7 228
7 228
7 228
7 228
7 228
7 228
7 228
7 228
7 228
7 228
7 228
7 228
7 228
7 228
7 228
7 228
7 228
11 364
11 364
11 364
11 364
11 364
11 364
11 364
11 364
11 364
11 364
11 364
11 364
11 364
11 364
11 364
11 364
11 364
11 364
11 364
11 364
11 364
11 364
11 364
11 364
11 364
11 364
16 315
16 315
16 315
16 315
16 315
16 315
16 315
16 315
16 315
16 315
16 315
16 315
16 315
16 315
16 315
16 315
16 315
16 315
16 315
16 315
16 315
16 315
16 315
16 315
24 236
24 236
32 237
32 237
32 237
32 237
32 237
32 237
32 237
32 237
32 237
32 237
32 237
32 237
32 237
32 237
32 237
32 237
32 237
32 237
32 237
32 237
32 237
32 237
32 237
35 208
35 208
35 208
35 208
35 208
35 208
38 220
38 220
38 220
38 220
38 220
38 220
38 220
38 220
38 220
38 220
38 220
38 220
38 220
38 220
38 220
38 220
38 220
38 220
38 220
5 179
5 179
5 179
5 179
5 179
5 179
5 179
5 179
5 179
7 165
7 165
7 165
7 165
7 165
7 165
7 165
7 165
7 165
7 165
7 165
7 165
7 165
7 165
7 165
7 165
7 165
7 165
7 165
7 165
7 165
7 165
51 308
51 308
51 308
51 308
51 308
51 308
51 308
51 308
51 308
51 308
51 308
51 308
51 308
51 308
51 308
51 308
51 308
51 308
51 308
51 308
51 308
51 308
51 308
51 308
51 308
51 308
51 308
53 328
53 328
53 328
53 328
53 328
53 328
53 328
53 328
53 328
53 328
53 328
53 328
53 328
53 328
53 328
53 328
53 328
53 328
53 328
53 328
53 328
53 328
53 328
53 328
53 328
53 328
53 328
53 328
53 328
55 337
55 337
55 337
55 337
11 344
11 344
11 344
11 344
11 344
11 344
11 344
11 344
11 344
11 344
11 344
11 344
11 344
11 344
11 344
11 344
11 344
11 344
11 344
11 344
11 344
11 344
11 344
11 344
11 344
11 344
16 364
16 364
16 364
16 364
16 364
16 364
16 364
16 364
16 364
16 364
16 364
16 364
16 364
16 364
16 364
16 364
16 364
16 364
16 364
16 364
16 364
16 364
16 364
16 364
24 389
24 389
6 1115
6 1115
6 1115
6 1115
6 1115
6 1115
6 1115
6 618
6 618
6 618
6 618
6 618
6 618
6 618
27 409
27 409
27 409
27 409
27 409
29 408
29 408
29 408
29 408
29 408
29 408
29 408
29 408
29 408
29 408
29 408
29 408
29 408
29 408
29 408
29 408
29 408
29 408
29 408
29 408
29 408
29 408
29 408
29 408
29 408
29 408
29 408
29 408
29 408
29 408
32 415
32 415
32 415
32 415
32 415
32 415
32 415
32 415
32 415
32 415
32 415
32 415
32 415
32 415
32 415
32 415
32 415
32 415
32 415
32 415
32 415
32 415
32 415
35 459
35 459
35 459
35 459
35 459
35 459
49 838
49 838
49 838
38 469
38 469
38 469
38 469
38 469
38 469
38 469
38 469
38 469
38 469
38 469
38 469
38 469
38 469
38 469
38 469
38 469
38 469
38 469
45 969
45 969
45 969
45 969
45 969
45 969
45 969
45 969
45 969
45 969
45 969
45 969
45 969
45 969
45 969
45 969
5 391
5 391
5 391
5 391
5 391
5 391
5 391
5 391
5 391
6 390
6 390
6 390
6 390
6 390
6 390
6 390
7 393
7 393
7 393
7 393
7 393
7 393
7 393
7 393
7 393
7 393
7 393
7 393
7 393
7 393
7 393
7 393
7 393
7 393
7 393
7 393
7 393
7 393
45 541
45 541
45 541
45 541
45 541
45 541
45 541
45 541
45 541
45 541
45 541
45 541
45 541
45 541
45 541
45 541
51 531
51 531
51 531
51 531
51 531
51 531
51 531
51 531
51 531
51 531
51 531
51 531
51 531
51 531
51 531
51 531
51 531
51 531
51 531
51 531
51 531
51 531
51 531
51 531
51 531
51 531
51 531
53 543
53 543
53 543
53 543
53 543
53 543
53 543
53 543
53 543
53 543
53 543
53 543
53 543
53 543
53 543
53 543
53 543
53 543
53 543
53 543
53 543
53 543
53 543
53 543
53 543
53 543
53 543
53 543
53 543
55 561
55 561
55 561
55 561
11 599
11 599
11 599
11 599
11 599
11 599
11 599
11 599
11 599
11 599
11 599
11 599
11 599
11 599
11 599
11 599
11 599
11 599
11 599
11 599
11 599
11 599
11 599
11 599
11 599
11 599
16 612
16 612
16 612
16 612
16 612
16 612
16 612
16 612
16 612
16 612
16 612
16 612
16 612
16 612
16 612
16 612
16 612
16 612
16 612
16 612
16 612
16 612
16 612
16 612
24 647
24 647
27 639
27 639
27 639
27 639
27 639
32 631
32 631
32 631
32 631
32 631
32 631
32 631
32 631
32 631
32 631
32 631
32 631
32 631
32 631
32 631
32 631
32 631
32 631
32 631
32 631
32 631
32 631
32 631
29 664
29 664
29 664
29 664
29 664
29 664
29 664
29 664
29 664
29 664
29 664
29 664
29 664
29 664
29 664
29 664
29 664
29 664
29 664
29 664
29 664
29 664
29 664
29 664
29 664
29 664
29 664
29 664
29 664
29 664
49 966
49 966
49 966
35 670
35 670
35 670
35 670
35 670
35 670
45 574
45 574
45 574
45 574
45 574
45 574
45 574
45 574
45 574
45 574
45 574
45 574
45 574
45 574
45 574
45 574
38 703
38 703
38 703
38 703
38 703
38 703
38 703
38 703
38 703
38 703
38 703
38 703
38 703
38 703
38 703
38 703
38 703
38 703
38 703
50 1601
50 1601
50 1601
50 1601
50 1601
50 1601
50 1601
50 1601
50 1109
50 1109
50 1109
50 1109
50 1109
50 1109
50 1109
50 1109
5 599
5 599
5 599
5 599
5 599
5 599
5 599
5 599
5 599
50 650
50 650
50 650
50 650
50 650
50 650
50 650
50 650
6 614
6 614
6 614
6 614
6 614
6 614
6 614
7 605
7 605
7 605
7 605
7 605
7 605
7 605
7 605
7 605
7 605
7 605
7 605
7 605
7 605
7 605
7 605
7 605
7 605
7 605
7 605
7 605
7 605
51 788
51 788
51 788
51 788
51 788
51 788
51 788
51 788
51 788
51 788
51 788
51 788
51 788
51 788
51 788
51 788
51 788
51 788
51 788
51 788
51 788
51 788
51 788
51 788
51 788
51 788
51 788
53 817
53 817
53 817
53 817
53 817
53 817
53 817
53 817
53 817
53 817
53 817
53 817
53 817
53 817
53 817
53 817
53 817
53 817
53 817
53 817
53 817
53 817
53 817
53 817
53 817
53 817
53 817
53 817
53 817
55 851
55 851
55 851
55 851
11 884
11 884
11 884
11 884
11 884
11 884
11 884
11 884
11 884
11 884
11 884
11 884
11 884
11 884
11 884
11 884
11 884
11 884
11 884
11 884
11 884
11 884
11 884
11 884
11 884
11 884
16 895
16 895
16 895
16 895
16 895
16 895
16 895
16 895
16 895
16 895
16 895
16 895
16 895
16 895
16 895
16 895
16 895
16 895
16 895
16 895
16 895
16 895
16 895
16 895
14 1484
14 992
24 918
24 918
27 942
27 942
27 942
27 942
27 942
73 1994
73 1994
73 1994
73 1994
73 1994
73 1994
73 1994
73 1994
73 1994
73 1994
73 1994
73 1994
73 1994
73 1505
73 1505
73 1505
73 1505
73 1505
73 1505
73 1505
73 1505
73 1505
73 1505
73 1505
73 1505
73 1505
73 1041
73 1041
73 1041
73 1041
73 1041
73 1041
73 1041
73 1041
73 1041
73 1041
73 1041
73 1041
73 1041
29 992
29 992
29 992
29 992
29 992
29 992
29 992
29 992
29 992
29 992
29 992
29 992
29 992
29 992
29 992
29 992
29 992
29 992
29 992
29 992
29 992
29 992
29 992
29 992
29 992
29 992
29 992
29 992
29 992
29 992
50 822
50 822
50 822
50 822
50 822
50 822
50 822
50 822
5 787
5 787
5 787
5 787
5 787
5 787
5 787
5 787
5 787
32 1017
32 1017
32 1017
32 1017
32 1017
32 1017
32 1017
32 1017
32 1017
32 1017
32 1017
32 1017
32 1017
32 1017
32 1017
32 1017
32 1017
32 1017
32 1017
32 1017
32 1017
32 1017
32 1017
35 1001
35 1001
35 1001
35 1001
35 1001
35 1001
38 1011
38 1011
38 1011
38 1011
38 1011
38 1011
38 1011
38 1011
38 1011
38 1011
38 1011
38 1011
38 1011
38 1011
38 1011
38 1011
38 1011
38 1011
38 1011
6 838
6 838
6 838
6 838
6 838
6 838
6 838
7 864
7 864
7 864
7 864
7 864
7 864
7 864
7 864
7 864
7 864
7 864
7 864
7 864
7 864
7 864
7 864
7 864
7 864
7 864
7 864
7 864
7 864
14 873
96 1638
96 1638
96 1638
96 1638
96 1638
96 1638
96 1638
96 1638
96 1638
96 1638
96 1638
96 1638
96 1638
96 1638
96 1638
96 1638
96 1638
96 1638
96 1638
96 1638
96 1638
96 1638
96 1638
96 1638
96 1638
96 1142
96 1142
96 1142
96 1142
96 1142
96 1142
96 1142
96 1142
96 1142
96 1142
96 1142
96 1142
96 1142
96 1142
96 1142
96 1142
96 1142
96 1142
96 1142
96 1142
96 1142
96 1142
96 1142
96 1142
96 1142
51 1092
51 1092
51 1092
51 1092
51 1092
51 1092
51 1092
51 1092
51 1092
51 1092
51 1092
51 1092
51 1092
51 1092
51 1092
51 1092
51 1092
51 1092
51 1092
51 1092
51 1092
51 1092
51 1092
51 1092
51 1092
51 1092
51 1092
53 1114
53 1114
53 1114
53 1114
53 1114
53 1114
53 1114
53 1114
53 1114
53 1114
53 1114
53 1114
53 1114
53 1114
53 1114
53 1114
53 1114
53 1114
53 1114
53 1114
53 1114
53 1114
53 1114
53 1114
53 1114
53 1114
53 1114
53 1114
53 1114
55 1097
55 1097
55 1097
55 1097
11 1117
11 1117
11 1117
11 1117
11 1117
11 1117
11 1117
11 1117
11 1117
11 1117
11 1117
11 1117
11 1117
11 1117
11 1117
11 1117
11 1117
11 1117
11 1117
11 1117
11 1117
11 1117
11 1117
11 1117
11 1117
11 1117
45 1313
45 1313
45 1313
45 1313
45 1313
45 1313
45 1313
45 1313
45 1313
45 1313
45 1313
45 1313
45 1313
45 1313
45 1313
45 1313
16 1126
16 1126
16 1126
16 1126
16 1126
16 1126
16 1126
16 1126
16 1126
16 1126
16 1126
16 1126
16 1126
16 1126
16 1126
16 1126
16 1126
16 1126
16 1126
16 1126
16 1126
16 1126
16 1126
16 1126
49 1372
49 1372
49 1372
24 1160
24 1160
27 1171
27 1171
27 1171
27 1171
27 1171
29 1184
29 1184
29 1184
29 1184
29 1184
29 1184
29 1184
29 1184
29 1184
29 1184
29 1184
29 1184
29 1184
29 1184
29 1184
29 1184
29 1184
29 1184
29 1184
29 1184
29 1184
29 1184
29 1184
29 1184
29 1184
29 1184
29 1184
29 1184
29 1184
29 1184
96 1048
96 1048
96 1048
96 1048
96 1048
96 1048
96 1048
96 1048
96 1048
96 1048
96 1048
96 1048
96 1048
96 1048
96 1048
96 1048
96 1048
96 1048
96 1048
96 1048
96 1048
96 1048
96 1048
96 1048
96 1048
50 1048
50 1048
50 1048
50 1048
50 1048
50 1048
50 1048
50 1048
35 1204
35 1204
35 1204
35 1204
35 1204
35 1204
5 1032
5 1032
5 1032
5 1032
5 1032
5 1032
5 1032
5 1032
5 1032
6 1027
6 1027
6 1027
6 1027
6 1027
6 1027
6 1027
38 1229
38 1229
38 1229
38 1229
38 1229
38 1229
38 1229
38 1229
38 1229
38 1229
38 1229
38 1229
38 1229
38 1229
38 1229
38 1229
38 1229
38 1229
38 1229
7 1104
7 1104
7 1104
7 1104
7 1104
7 1104
7 1104
7 1104
7 1104
7 1104
7 1104
7 1104
7 1104
7 1104
7 1104
7 1104
7 1104
7 1104
7 1104
7 1104
7 1104
7 1104
32 1456
32 1456
32 1456
32 1456
32 1456
32 1456
32 1456
32 1456
32 1456
32 1456
32 1456
32 1456
32 1456
32 1456
32 1456
32 1456
32 1456
32 1456
32 1456
32 1456
32 1456
32 1456
32 1456
51 1314
51 1314
51 1314
51 1314
51 1314
51 1314
51 1314
51 1314
51 1314
51 1314
51 1314
51 1314
51 1314
51 1314
51 1314
51 1314
51 1314
51 1314
51 1314
51 1314
51 1314
51 1314
51 1314
51 1314
51 1314
51 1314
51 1314
53 1316
53 1316
53 1316
53 1316
53 1316
53 1316
53 1316
53 1316
53 1316
53 1316
53 1316
53 1316
53 1316
53 1316
53 1316
53 1316
53 1316
53 1316
53 1316
53 1316
53 1316
53 1316
53 1316
53 1316
53 1316
53 1316
53 1316
53 1316
53 1316
55 1339
55 1339
55 1339
55 1339
11 1379
11 1379
11 1379
11 1379
11 1379
11 1379
11 1379
11 1379
11 1379
11 1379
11 1379
11 1379
11 1379
11 1379
11 1379
11 1379
11 1379
11 1379
11 1379
11 1379
11 1379
11 1379
11 1379
11 1379
11 1379
11 1379
16 1386
16 1386
16 1386
16 1386
16 1386
16 1386
16 1386
16 1386
16 1386
16 1386
16 1386
16 1386
16 1386
16 1386
16 1386
16 1386
16 1386
16 1386
16 1386
16 1386
16 1386
16 1386
16 1386
16 1386
32 1231
32 1231
32 1231
32 1231
32 1231
32 1231
32 1231
32 1231
32 1231
32 1231
32 1231
32 1231
32 1231
32 1231
32 1231
32 1231
32 1231
32 1231
32 1231
32 1231
32 1231
32 1231
32 1231
14 1429
24 1434
24 1434
27 1431
27 1431
27 1431
27 1431
27 1431
29 1436
29 1436
29 1436
29 1436
29 1436
29 1436
29 1436
29 1436
29 1436
29 1436
29 1436
29 1436
29 1436
29 1436
29 1436
29 1436
29 1436
29 1436
29 1436
29 1436
29 1436
29 1436
29 1436
29 1436
29 1436
29 1436
29 1436
29 1436
29 1436
29 1436
35 1469
35 1469
35 1469
35 1469
35 1469
35 1469
38 1480
38 1480
38 1480
38 1480
38 1480
38 1480
38 1480
38 1480
38 1480
38 1480
38 1480
38 1480
38 1480
38 1480
38 1480
38 1480
38 1480
38 1480
38 1480
