1 3 1
2 4 2
3 2 1
4 4 2
5 4 2
6 1 3
7 3 1
8 1 3
9 2 1
10 1 3
11 1 3
12 3 1
13 3 1
14 4 2
15 3 1
16 4 2
17 1 3
18 3 1
19 3 1
20 1 3
21 1 3
22 1 3
23 4 2
24 2 1
25 2 1
26 4 2
27 2 1
28 4 2
29 4 2
30 3 1
31 1 3
32 4 2
33 2 1
34 3 1
35 3 1
36 1 3
37 1 1
38 3 1
39 4 2
40 4 2
41 2 1
42 1 1
43 3 1
44 3 1
45 2 1
46 3 1
47 3 1
48 3 1
49 2 1
50 3 1
51 1 1
52 4 2
53 4 2
54 2 1
55 1 1
56 2 1
57 1 1
58 1 2
59 4 2
60 2 1
61 1 2
62 2 1
63 3 1
64 1 2
65 1 2
66 1 2
67 2 1
68 1 2
69 2 1
70 3 1
71 3 1
72 1 2
73 2 1
74 2 1
75 2 1
76 4 2
77 4 2
78 4 2
79 1 1
80 2 1
81 1 1
82 1 1
83 1 1
84 1 1
85 4 2
86 3 1
87 4 2
88 3 1
89 2 1
90 2 1
91 3 1
92 4 2
93 1 1
94 3 1
95 4 2
96 2 1
97 4 2
98 2 1
99 1 1
100 3 1
