1 3 3 -22.8016 -81.4685
2 4 1 -0.485705 57.9553
3 2 3 9.54774 39.1778
4 4 3 -21.7095 -49.4143
5 4 2 13.6746 -9.34249
6 1 1 36.9286 87.0142
7 3 1 88.5355 -72.5644
8 1 1 -77.6539 71.6464
9 2 1 41.2195 7.55916
10 1 1 23.7811 10.3216
11 1 3 80.2177 -14.6198
12 3 1 -45.5028 49.1648
13 3 3 -14.4525 -1.26017
14 4 3 46.7068 -82.002
15 3 1 11.7503 -95.6365
16 4 1 65.4962 -87.4078
17 1 2 -93.841 75.664
18 3 3 80.7563 83.8996
19 3 1 -51.9436 75.5063
20 1 2 -71.663 17.9324
21 1 3 -36.4005 61.3858
22 1 1 -82.748 28.5797
23 4 2 -7.20062 -88.3147
24 2 1 -60.0996 81.1354
25 2 3 30.7424 16.4276
26 4 3 -63.2745 9.63966
27 2 2 -26.041 -51.9571
28 4 1 75.9383 -27.2834
29 4 3 38.0386 80.6124
30 3 2 -72.9361 -65.04
31 1 2 -55.6204 30.6897
32 4 2 91.3292 -45.2083
33 2 3 -50.5808 41.9913
34 3 2 -90.6552 -31.5616
35 3 1 -38.9848 -88.3026
36 1 1 66.6309 -23.0829
37 1 3 -1.95172 -40.4808
38 3 1 15.139 74.7905
39 4 3 87.2507 25.2616
40 4 1 -6.19598 46.5136
41 2 1 12.4461 -50.7153
42 1 2 -3.68029 13.0489
43 3 3 -91.4398 12.7429
44 3 3 -30.2345 69.0346
45 2 3 3.6617 -58.8524
46 3 3 11.3511 54.2007
47 3 1 -63.8491 92.299
48 3 3 -70.7492 -49.5495
49 2 3 38.627 77.7944
50 3 2 -43.8177 -27.2286
51 1 3 -15.1043 8.43264
52 4 2 23.0525 -49.1894
53 4 1 41.0909 -33.3676
54 2 2 -88.1014 -96.8765
55 1 2 -90.8885 62.695
56 2 1 -69.0578 -50.4234
57 1 1 89.9326 19.373
58 1 3 -1.50856 -29.8482
59 4 1 -47.0122 37.4059
60 2 2 81.6603 -84.6854
61 1 2 53.4208 -95.3267
62 2 2 -55.9625 -35.2494
63 3 2 85.2265 55.9716
64 1 1 -12.3943 57.5364
65 1 2 49.998 50.1326
66 1 1 -7.91891 64.0097
67 2 1 -24.6513 33.821
68 1 1 -29.6783 -50.9142
69 2 1 43.6621 5.42388
70 3 1 16.5051 98.9319
71 3 3 98.3461 -75.5541
72 1 2 5.26793 -9.87081
73 2 3 -23.5185 33.8883
74 2 3 -54.9247 -60.8579
75 2 1 39.1248 -29.0574
76 4 1 46.844 -71.2416
77 4 2 98.4357 52.3308
78 4 3 45.6835 -29.4978
79 1 1 19.9795 35.146
80 2 1 6.06675 -97.0047
81 1 3 32.6392 63.8033
82 1 2 81.6084 -71.1105
83 1 3 -14.278 38.6454
84 1 2 66.4625 -62.5119
85 4 2 64.5868 49.0569
86 3 2 -40.8264 -68.4848
87 4 1 91.6248 35.1529
88 3 2 6.87345 -82.2254
89 2 3 16.2232 -32.0804
90 2 1 -69.9956 -33.1577
91 3 3 -24.4206 -88.3052
92 4 1 73.7703 -88.7021
93 1 1 89.7119 73.2884
94 3 2 41.9761 96.8374
95 4 1 -96.3343 30.402
96 2 1 59.136 41.5
97 4 2 70.1242 21.2368
98 2 2 -60.6031 24.6763
99 1 1 -39.2642 -86.9893
100 3 1 91.2644 -18.0455
