1 4 1
2 2 2
3 4 1
4 1 3
5 4 1
6 3 1
7 4 1
8 1 3
9 4 1
10 3 1
11 1 3
12 2 2
13 4 1
14 1 3
15 3 1
16 2 2
17 4 1
18 4 1
19 3 1
20 1 3
21 2 2
22 4 1
23 2 2
24 4 1
25 1 3
26 2 2
27 4 1
28 3 1
29 3 1
30 2 2
31 2 2
32 1 3
33 3 1
34 4 1
35 4 1
36 3 1
37 3 1
38 3 1
39 4 1
40 1 3
41 2 2
42 3 1
43 2 2
44 1 3
45 1 2
46 2 2
47 3 1
48 1 2
49 1 2
50 3 1
51 3 1
52 1 2
53 1 2
54 1 3
55 1 3
56 2 2
57 2 2
58 2 2
59 1 3
60 2 2
61 4 1
62 3 1
63 4 1
64 1 3
65 2 2
66 1 3
67 4 3
68 4 3
69 2 2
70 1 3
71 2 2
72 2 2
73 1 3
74 3 3
75 1 3
76 3 3
77 3 3
78 4 3
79 4 3
80 4 3
81 2 2
