1 4 3 7.54733 -87.9519
2 2 3 -6.72272 -28.2163
3 4 3 0.550079 -22.7797
4 1 3 -63.6172 -6.41639
5 4 3 64.2034 -73.1304
6 3 3 -17.0612 69.9895
7 4 3 92.6634 -5.47795
8 1 3 -88.4592 -25.7669
9 4 3 -49.1579 -44.523
10 3 3 -0.298366 33.8537
11 1 2 -12.6362 44.7862
12 2 2 70.8182 74.9917
13 4 2 -39.1533 10.2411
14 1 2 -94.2092 -68.6624
15 3 3 -17.0541 48.2137
16 2 2 -38.728 -83.4648
17 4 2 61.6395 82.9305
18 4 2 5.71158 69.8263
19 3 3 5.97626 7.00867
20 1 2 75.2711 88.978
21 2 2 -8.98413 33.2505
22 4 2 -40.1122 -87.0143
23 2 2 56.0224 -73.4528
24 4 2 27.3641 13.9427
25 1 2 -97.0845 -54.9195
26 2 2 -34.8532 72.5435
27 4 2 -69.59 -92.9655
28 3 3 -23.501 -33.9545
29 3 3 -58.7997 9.6438
30 2 2 8.98713 -50.1263
31 2 2 7.41683 5.44918
32 1 2 -88.0787 81.569
33 3 3 -76.103 -47.4011
34 4 2 -51.701 -80.4704
35 4 2 -81.464 -55.1849
36 3 3 -31.776 18.3148
37 3 3 -95.1544 -9.0138
38 3 3 -47.5715 43.7287
39 4 2 -95.3791 -36.4731
40 1 2 -87.4982 90.8606
41 2 2 -91.8572 -50.9578
42 3 3 -66.7477 23.0555
43 2 2 94.9571 66.0564
44 1 2 83.3227 11.7009
45 1 2 -89.6798 72.5773
46 2 1 -43.8014 7.38422
47 3 3 73.0119 12.2406
48 1 1 9.3485 48.032
49 1 1 34.1839 -86.0044
50 3 3 92.9344 -93.6375
51 3 3 91.8678 54.4993
52 1 1 38.5669 81.5404
53 1 1 -48.8291 -55.2404
54 1 1 14.549 -96.5582
55 1 1 11.7718 -58.8273
56 2 1 98.8334 41.4337
57 2 1 -47.2008 -14.5907
58 2 1 -24.1552 65.5753
59 1 1 -51.8677 23.9469
60 2 1 14.3955 -30.5958
61 4 1 -24.6112 97.5005
62 3 3 -21.8074 34.8217
63 4 1 -25.4795 -27.2201
64 1 1 -27.0064 -85.102
65 2 1 -71.5141 -75.9522
66 1 1 -37.8811 16.3251
67 4 1 -77.9782 94.465
68 4 1 8.81801 41.7662
69 2 1 -50.656 39.4873
70 1 1 46.8029 31.9719
71 2 1 19.8297 77.0654
72 2 1 95.364 28.8069
73 1 1 35.4423 79.3759
74 3 3 -37.0324 2.25474
75 1 1 -65.6051 -84.5618
76 3 3 -8.76312 -10.2023
77 3 3 -49.4138 99.6793
78 4 1 18.0172 37.8539
79 4 1 98.8489 -86.3396
80 4 1 -70.4101 -24.9879
81 2 1 11.8785 67.9601
