7 49
7 49
7 49
7 49
7 49
8 40
8 40
16 19
16 19
16 19
16 19
16 19
16 19
16 19
16 19
16 19
16 19
16 19
16 19
16 19
16 19
16 19
16 19
16 19
16 19
16 19
16 19
16 19
16 19
16 19
16 19
16 19
16 19
16 19
16 19
16 19
18 12
18 12
18 12
18 12
18 12
18 12
19 11
19 11
19 11
19 11
19 11
19 11
19 11
19 11
19 11
19 11
19 11
19 11
19 11
19 11
19 11
19 11
19 11
19 11
19 11
19 11
19 11
21 13
21 13
21 13
21 13
21 13
21 13
21 13
21 13
21 13
21 13
21 13
21 13
21 13
21 13
22 20
23 36
23 36
23 36
23 36
23 36
23 36
23 36
23 36
23 36
23 36
23 36
23 36
23 36
23 36
23 36
23 36
23 36
23 36
23 36
23 36
23 36
23 36
24 32
24 32
24 32
24 32
24 32
24 32
24 32
24 32
24 32
24 32
24 32
24 32
24 32
24 32
24 32
24 32
28 15
28 15
28 15
28 15
31 8
31 8
31 8
31 8
31 8
31 8
31 8
33 14
33 14
33 14
33 14
33 14
33 14
33 14
33 14
33 14
33 14
34 8
34 8
34 8
45 8
45 8
45 8
45 8
45 8
45 8
45 8
45 8
45 8
45 8
45 8
45 8
45 8
45 8
45 8
45 8
45 8
45 8
45 8
7 12
7 12
7 12
7 12
7 12
8 12
8 12
16 9
16 9
16 9
16 9
16 9
16 9
16 9
16 9
16 9
16 9
16 9
16 9
16 9
16 9
16 9
16 9
16 9
16 9
16 9
16 9
16 9
16 9
16 9
16 9
16 9
16 9
16 9
16 9
16 9
66 14
66 14
66 14
66 14
66 14
66 14
66 14
66 14
66 14
66 14
66 14
66 14
18 5
18 5
18 5
18 5
18 5
18 5
19 16
19 16
19 16
19 16
19 16
19 16
19 16
19 16
19 16
19 16
19 16
19 16
19 16
19 16
19 16
19 16
19 16
19 16
19 16
19 16
19 16
21 8
21 8
21 8
21 8
21 8
21 8
21 8
21 8
21 8
21 8
21 8
21 8
21 8
21 8
22 9
23 11
23 11
23 11
23 11
23 11
23 11
23 11
23 11
23 11
23 11
23 11
23 11
23 11
23 11
23 11
23 11
23 11
23 11
23 11
23 11
23 11
23 11
24 5
24 5
24 5
24 5
24 5
24 5
24 5
24 5
24 5
24 5
24 5
24 5
24 5
24 5
24 5
24 5
78 2
78 2
78 2
78 2
78 2
78 2
78 2
78 2
78 2
78 2
78 2
78 2
78 2
78 2
78 2
78 2
78 2
78 2
28 10
28 10
28 10
28 10
31 9
31 9
31 9
31 9
31 9
31 9
31 9
33 11
33 11
33 11
33 11
33 11
33 11
33 11
33 11
33 11
33 11
34 2
34 2
34 2
83 16
83 16
83 16
83 16
83 16
83 16
83 16
83 16
83 16
83 16
83 16
83 16
83 16
83 16
83 16
83 16
83 16
83 16
83 16
83 16
85 4
85 4
85 4
85 4
85 4
85 4
85 4
85 4
85 4
85 4
85 4
85 4
85 4
88 17
88 17
88 17
88 17
88 17
88 17
88 17
88 17
90 13
90 13
90 13
90 13
90 13
90 13
90 13
90 13
90 13
90 13
90 13
90 13
90 13
90 13
90 13
90 13
90 13
90 13
90 13
90 13
90 13
90 13
90 13
90 13
90 13
90 13
90 13
90 13
90 13
90 13
45 6
45 6
45 6
45 6
45 6
45 6
45 6
45 6
45 6
45 6
45 6
45 6
45 6
45 6
45 6
45 6
45 6
45 6
45 6
7 79
7 79
7 79
7 79
7 79
8 104
8 104
66 147
66 147
66 147
66 147
66 147
66 147
66 147
66 147
66 147
66 147
66 147
66 147
16 185
16 185
16 185
16 185
16 185
16 185
16 185
16 185
16 185
16 185
16 185
16 185
16 185
16 185
16 185
16 185
16 185
16 185
16 185
16 185
16 185
16 185
16 185
16 185
16 185
16 185
16 185
16 185
16 185
18 202
18 202
18 202
18 202
18 202
18 202
19 194
19 194
19 194
19 194
19 194
19 194
19 194
19 194
19 194
19 194
19 194
19 194
19 194
19 194
19 194
19 194
19 194
19 194
19 194
19 194
19 194
21 225
21 225
21 225
21 225
21 225
21 225
21 225
21 225
21 225
21 225
21 225
21 225
21 225
21 225
22 245
23 237
23 237
23 237
23 237
23 237
23 237
23 237
23 237
23 237
23 237
23 237
23 237
23 237
23 237
23 237
23 237
23 237
23 237
23 237
23 237
23 237
23 237
24 229
24 229
24 229
24 229
24 229
24 229
24 229
24 229
24 229
24 229
24 229
24 229
24 229
24 229
24 229
24 229
78 190
78 190
78 190
78 190
78 190
78 190
78 190
78 190
78 190
78 190
78 190
78 190
78 190
78 190
78 190
78 190
78 190
78 190
31 164
31 164
31 164
31 164
31 164
31 164
31 164
28 195
28 195
28 195
28 195
83 148
83 148
83 148
83 148
83 148
83 148
83 148
83 148
83 148
83 148
83 148
83 148
83 148
83 148
83 148
83 148
83 148
83 148
83 148
83 148
33 149
33 149
33 149
33 149
33 149
33 149
33 149
33 149
33 149
33 149
85 130
85 130
85 130
85 130
85 130
85 130
85 130
85 130
85 130
85 130
85 130
85 130
85 130
88 102
88 102
88 102
88 102
88 102
88 102
88 102
88 102
34 142
34 142
34 142
90 83
90 83
90 83
90 83
90 83
90 83
90 83
90 83
90 83
90 83
90 83
90 83
90 83
90 83
90 83
90 83
90 83
90 83
90 83
90 83
90 83
90 83
90 83
90 83
90 83
90 83
90 83
90 83
90 83
90 83
45 35
45 35
45 35
45 35
45 35
45 35
45 35
45 35
45 35
45 35
45 35
45 35
45 35
45 35
45 35
45 35
45 35
45 35
45 35
7 20
7 20
7 20
7 20
7 20
8 19
8 19
66 1
66 1
66 1
66 1
66 1
66 1
66 1
66 1
66 1
66 1
66 1
66 1
16 3
16 3
16 3
16 3
16 3
16 3
16 3
16 3
16 3
16 3
16 3
16 3
16 3
16 3
16 3
16 3
16 3
16 3
16 3
16 3
16 3
16 3
16 3
16 3
16 3
16 3
16 3
16 3
16 3
18 14
18 14
18 14
18 14
18 14
18 14
19 6
19 6
19 6
19 6
19 6
19 6
19 6
19 6
19 6
19 6
19 6
19 6
19 6
19 6
19 6
19 6
19 6
19 6
19 6
19 6
19 6
21 7
21 7
21 7
21 7
21 7
21 7
21 7
21 7
21 7
21 7
21 7
21 7
21 7
21 7
22 6
23 3
23 3
23 3
23 3
23 3
23 3
23 3
23 3
23 3
23 3
23 3
23 3
23 3
23 3
23 3
23 3
23 3
23 3
23 3
23 3
23 3
23 3
24 7
24 7
24 7
24 7
24 7
24 7
24 7
24 7
24 7
24 7
24 7
24 7
24 7
24 7
24 7
24 7
28 3
28 3
28 3
28 3
78 6
78 6
78 6
78 6
78 6
78 6
78 6
78 6
78 6
78 6
78 6
78 6
78 6
78 6
78 6
78 6
78 6
78 6
31 5
31 5
31 5
31 5
31 5
31 5
31 5
83 5
83 5
83 5
83 5
83 5
83 5
83 5
83 5
83 5
83 5
83 5
83 5
83 5
83 5
83 5
83 5
83 5
83 5
83 5
83 5
33 8
33 8
33 8
33 8
33 8
33 8
33 8
33 8
33 8
33 8
34 5
34 5
34 5
85 4
85 4
85 4
85 4
85 4
85 4
85 4
85 4
85 4
85 4
85 4
85 4
85 4
88 1
88 1
88 1
88 1
88 1
88 1
88 1
88 1
90 2
90 2
90 2
90 2
90 2
90 2
90 2
90 2
90 2
90 2
90 2
90 2
90 2
90 2
90 2
90 2
90 2
90 2
90 2
90 2
90 2
90 2
90 2
90 2
90 2
90 2
90 2
90 2
90 2
90 2
64 796
64 796
64 796
64 796
64 796
64 796
64 796
64 796
64 796
64 796
64 796
64 796
64 796
64 796
64 796
45 9
45 9
45 9
45 9
45 9
45 9
45 9
45 9
45 9
45 9
45 9
45 9
45 9
45 9
45 9
45 9
45 9
45 9
45 9
41 1556
41 1556
41 1556
41 1556
41 1556
41 1556
41 1556
41 1556
41 1556
41 1556
41 1556
41 1556
41 1556
41 1556
41 1556
41 1556
41 1556
41 1556
41 1556
41 1556
41 1556
41 1556
41 1556
7 14
7 14
7 14
7 14
7 14
8 6
8 6
66 2
66 2
66 2
66 2
66 2
66 2
66 2
66 2
66 2
66 2
66 2
66 2
16 6
16 6
16 6
16 6
16 6
16 6
16 6
16 6
16 6
16 6
16 6
16 6
16 6
16 6
16 6
16 6
16 6
16 6
16 6
16 6
16 6
16 6
16 6
16 6
16 6
16 6
16 6
16 6
16 6
18 6
18 6
18 6
18 6
18 6
18 6
19 16
19 16
19 16
19 16
19 16
19 16
19 16
19 16
19 16
19 16
19 16
19 16
19 16
19 16
19 16
19 16
19 16
19 16
19 16
19 16
19 16
21 3
21 3
21 3
21 3
21 3
21 3
21 3
21 3
21 3
21 3
21 3
21 3
21 3
21 3
22 7
23 3
23 3
23 3
23 3
23 3
23 3
23 3
23 3
23 3
23 3
23 3
23 3
23 3
23 3
23 3
23 3
23 3
23 3
23 3
23 3
23 3
23 3
24 9
24 9
24 9
24 9
24 9
24 9
24 9
24 9
24 9
24 9
24 9
24 9
24 9
24 9
24 9
24 9
78 3
78 3
78 3
78 3
78 3
78 3
78 3
78 3
78 3
78 3
78 3
78 3
78 3
78 3
78 3
78 3
78 3
78 3
28 11
28 11
28 11
28 11
31 7
31 7
31 7
31 7
31 7
31 7
31 7
33 5
33 5
33 5
33 5
33 5
33 5
33 5
33 5
33 5
33 5
83 6
83 6
83 6
83 6
83 6
83 6
83 6
83 6
83 6
83 6
83 6
83 6
83 6
83 6
83 6
83 6
83 6
83 6
83 6
83 6
34 7
34 7
34 7
85 4
85 4
85 4
85 4
85 4
85 4
85 4
85 4
85 4
85 4
85 4
85 4
85 4
88 2
88 2
88 2
88 2
88 2
88 2
88 2
88 2
90 1
90 1
90 1
90 1
90 1
90 1
90 1
90 1
90 1
90 1
90 1
90 1
90 1
90 1
90 1
90 1
90 1
90 1
90 1
90 1
90 1
90 1
90 1
90 1
90 1
90 1
90 1
90 1
90 1
90 1
45 2
45 2
45 2
45 2
45 2
45 2
45 2
45 2
45 2
45 2
45 2
45 2
45 2
45 2
45 2
45 2
45 2
45 2
45 2
7 20
7 20
7 20
7 20
7 20
8 15
8 15
16 3
16 3
16 3
16 3
16 3
16 3
16 3
16 3
16 3
16 3
16 3
16 3
16 3
16 3
16 3
16 3
16 3
16 3
16 3
16 3
16 3
16 3
16 3
16 3
16 3
16 3
16 3
16 3
16 3
66 4
66 4
66 4
66 4
66 4
66 4
66 4
66 4
66 4
66 4
66 4
66 4
18 7
18 7
18 7
18 7
18 7
18 7
19 9
19 9
19 9
19 9
19 9
19 9
19 9
19 9
19 9
19 9
19 9
19 9
19 9
19 9
19 9
19 9
19 9
19 9
19 9
19 9
19 9
41 806
41 806
41 806
41 806
41 806
41 806
41 806
41 806
41 806
41 806
41 806
41 806
41 806
41 806
41 806
41 806
41 806
41 806
41 806
41 806
41 806
41 806
41 806
21 19
21 19
21 19
21 19
21 19
21 19
21 19
21 19
21 19
21 19
21 19
21 19
21 19
21 19
22 11
23 4
23 4
23 4
23 4
23 4
23 4
23 4
23 4
23 4
23 4
23 4
23 4
23 4
23 4
23 4
23 4
23 4
23 4
23 4
23 4
23 4
23 4
24 7
24 7
24 7
24 7
24 7
24 7
24 7
24 7
24 7
24 7
24 7
24 7
24 7
24 7
24 7
24 7
78 1
78 1
78 1
78 1
78 1
78 1
78 1
78 1
78 1
78 1
78 1
78 1
78 1
78 1
78 1
78 1
78 1
78 1
28 15
28 15
28 15
28 15
31 12
31 12
31 12
31 12
31 12
31 12
31 12
83 7
83 7
83 7
83 7
83 7
83 7
83 7
83 7
83 7
83 7
83 7
83 7
83 7
83 7
83 7
83 7
83 7
83 7
83 7
83 7
33 9
33 9
33 9
33 9
33 9
33 9
33 9
33 9
33 9
33 9
34 5
34 5
34 5
85 7
85 7
85 7
85 7
85 7
85 7
85 7
85 7
85 7
85 7
85 7
85 7
85 7
88 2
88 2
88 2
88 2
88 2
88 2
88 2
88 2
90 2
90 2
90 2
90 2
90 2
90 2
90 2
90 2
90 2
90 2
90 2
90 2
90 2
90 2
90 2
90 2
90 2
90 2
90 2
90 2
90 2
90 2
90 2
90 2
90 2
90 2
90 2
90 2
90 2
90 2
45 4
45 4
45 4
45 4
45 4
45 4
45 4
45 4
45 4
45 4
45 4
45 4
45 4
45 4
45 4
45 4
45 4
45 4
45 4
26 2772
26 2772
26 2772
26 2772
26 2772
26 2772
26 2772
26 2772
26 2772
26 2772
26 2772
26 2772
26 2772
26 2772
26 2772
26 2772
26 2772
26 2772
26 2772
26 2772
26 2772
26 2772
26 2772
26 2772
26 1779
26 1779
26 1779
26 1779
26 1779
26 1779
26 1779
26 1779
26 1779
26 1779
26 1779
26 1779
26 1779
26 1779
26 1779
26 1779
26 1779
26 1779
26 1779
26 1779
26 1779
26 1779
26 1779
26 1779
26 1283
26 1283
26 1283
26 1283
26 1283
26 1283
26 1283
26 1283
26 1283
26 1283
26 1283
26 1283
26 1283
26 1283
26 1283
26 1283
26 1283
26 1283
26 1283
26 1283
26 1283
26 1283
26 1283
26 1283
7 6
7 6
7 6
7 6
7 6
8 5
8 5
26 843
26 843
26 843
26 843
26 843
26 843
26 843
26 843
26 843
26 843
26 843
26 843
26 843
26 843
26 843
26 843
26 843
26 843
26 843
26 843
26 843
26 843
26 843
26 843
66 1
66 1
66 1
66 1
66 1
66 1
66 1
66 1
66 1
66 1
66 1
66 1
16 7
16 7
16 7
16 7
16 7
16 7
16 7
16 7
16 7
16 7
16 7
16 7
16 7
16 7
16 7
16 7
16 7
16 7
16 7
16 7
16 7
16 7
16 7
16 7
16 7
16 7
16 7
16 7
16 7
18 13
18 13
18 13
18 13
18 13
18 13
19 23
19 23
19 23
19 23
19 23
19 23
19 23
19 23
19 23
19 23
19 23
19 23
19 23
19 23
19 23
19 23
19 23
19 23
19 23
19 23
19 23
21 11
21 11
21 11
21 11
21 11
21 11
21 11
21 11
21 11
21 11
21 11
21 11
21 11
21 11
22 11
23 4
23 4
23 4
23 4
23 4
23 4
23 4
23 4
23 4
23 4
23 4
23 4
23 4
23 4
23 4
23 4
23 4
23 4
23 4
23 4
23 4
23 4
24 11
24 11
24 11
24 11
24 11
24 11
24 11
24 11
24 11
24 11
24 11
24 11
24 11
24 11
24 11
24 11
78 3
78 3
78 3
78 3
78 3
78 3
78 3
78 3
78 3
78 3
78 3
78 3
78 3
78 3
78 3
78 3
78 3
78 3
28 9
28 9
28 9
28 9
31 4
31 4
31 4
31 4
31 4
31 4
31 4
83 7
83 7
83 7
83 7
83 7
83 7
83 7
83 7
83 7
83 7
83 7
83 7
83 7
83 7
83 7
83 7
83 7
83 7
83 7
83 7
33 8
33 8
33 8
33 8
33 8
33 8
33 8
33 8
33 8
33 8
85 2
85 2
85 2
85 2
85 2
85 2
85 2
85 2
85 2
85 2
85 2
85 2
85 2
34 22
34 22
34 22
88 1
88 1
88 1
88 1
88 1
88 1
88 1
88 1
90 4
90 4
90 4
90 4
90 4
90 4
90 4
90 4
90 4
90 4
90 4
90 4
90 4
90 4
90 4
90 4
90 4
90 4
90 4
90 4
90 4
90 4
90 4
90 4
90 4
90 4
90 4
90 4
90 4
90 4
45 5
45 5
45 5
45 5
45 5
45 5
45 5
45 5
45 5
45 5
45 5
45 5
45 5
45 5
45 5
45 5
45 5
45 5
45 5
7 3
7 3
7 3
7 3
7 3
8 10
8 10
54 1106
54 1106
54 1106
54 1106
54 1106
54 1106
54 1106
54 1106
54 1106
54 1106
54 1106
54 1106
54 1106
54 1106
54 1106
54 1106
54 1106
54 1106
54 1106
54 1106
54 1106
54 1106
54 1106
54 1106
54 1106
54 1106
54 1106
54 1106
66 1
66 1
66 1
66 1
66 1
66 1
66 1
66 1
66 1
66 1
66 1
66 1
26 904
26 904
26 904
26 904
26 904
26 904
26 904
26 904
26 904
26 904
26 904
26 904
26 904
26 904
26 904
26 904
26 904
26 904
26 904
26 904
26 904
26 904
26 904
26 904
16 11
16 11
16 11
16 11
16 11
16 11
16 11
16 11
16 11
16 11
16 11
16 11
16 11
16 11
16 11
16 11
16 11
16 11
16 11
16 11
16 11
16 11
16 11
16 11
16 11
16 11
16 11
16 11
16 11
18 11
18 11
18 11
18 11
18 11
18 11
19 4
19 4
19 4
19 4
19 4
19 4
19 4
19 4
19 4
19 4
19 4
19 4
19 4
19 4
19 4
19 4
19 4
19 4
19 4
19 4
19 4
21 11
21 11
21 11
21 11
21 11
21 11
21 11
21 11
21 11
21 11
21 11
21 11
21 11
21 11
22 10
23 2
23 2
23 2
23 2
23 2
23 2
23 2
23 2
23 2
23 2
23 2
23 2
23 2
23 2
23 2
23 2
23 2
23 2
23 2
23 2
23 2
23 2
24 14
24 14
24 14
24 14
24 14
24 14
24 14
24 14
24 14
24 14
24 14
24 14
24 14
24 14
24 14
24 14
41 861
41 861
41 861
41 861
41 861
41 861
41 861
41 861
41 861
41 861
41 861
41 861
41 861
41 861
41 861
41 861
41 861
41 861
41 861
41 861
41 861
41 861
41 861
78 1
78 1
78 1
78 1
78 1
78 1
78 1
78 1
78 1
78 1
78 1
78 1
78 1
78 1
78 1
78 1
78 1
78 1
26 537
26 537
26 537
26 537
26 537
26 537
26 537
26 537
26 537
26 537
26 537
26 537
26 537
26 537
26 537
26 537
26 537
26 537
26 537
26 537
26 537
26 537
26 537
26 537
28 18
28 18
28 18
28 18
31 3
31 3
31 3
31 3
31 3
31 3
31 3
83 2
83 2
83 2
83 2
83 2
83 2
83 2
83 2
83 2
83 2
83 2
83 2
83 2
83 2
83 2
83 2
83 2
83 2
83 2
83 2
34 3
34 3
34 3
33 15
33 15
33 15
33 15
33 15
33 15
33 15
33 15
33 15
33 15
85 4
85 4
85 4
85 4
85 4
85 4
85 4
85 4
85 4
85 4
85 4
85 4
85 4
88 1
88 1
88 1
88 1
88 1
88 1
88 1
88 1
90 3
90 3
90 3
90 3
90 3
90 3
90 3
90 3
90 3
90 3
90 3
90 3
90 3
90 3
90 3
90 3
90 3
90 3
90 3
90 3
90 3
90 3
90 3
90 3
90 3
90 3
90 3
90 3
90 3
90 3
45 4
45 4
45 4
45 4
45 4
45 4
45 4
45 4
45 4
45 4
45 4
45 4
45 4
45 4
45 4
45 4
45 4
45 4
45 4
54 993
54 993
54 993
54 993
54 993
54 993
54 993
54 993
54 993
54 993
54 993
54 993
54 993
54 993
54 993
54 993
54 993
54 993
54 993
54 993
54 993
54 993
54 993
54 993
54 993
54 993
54 993
54 993
64 902
64 902
64 902
64 902
64 902
64 902
64 902
64 902
64 902
64 902
64 902
64 902
64 902
64 902
64 902
66 1
66 1
66 1
66 1
66 1
66 1
66 1
66 1
66 1
66 1
66 1
66 1
78 2
78 2
78 2
78 2
78 2
78 2
78 2
78 2
78 2
78 2
78 2
78 2
78 2
78 2
78 2
78 2
78 2
78 2
83 3
83 3
83 3
83 3
83 3
83 3
83 3
83 3
83 3
83 3
83 3
83 3
83 3
83 3
83 3
83 3
83 3
83 3
83 3
83 3
85 3
85 3
85 3
85 3
85 3
85 3
85 3
85 3
85 3
85 3
85 3
85 3
85 3
88 2
88 2
88 2
88 2
88 2
88 2
88 2
88 2
90 3
90 3
90 3
90 3
90 3
90 3
90 3
90 3
90 3
90 3
90 3
90 3
90 3
90 3
90 3
90 3
90 3
90 3
90 3
90 3
90 3
90 3
90 3
90 3
90 3
90 3
90 3
90 3
90 3
90 3
