13 77
13 77
13 77
13 77
5 161
5 161
16 86
16 86
16 86
16 86
16 86
16 86
16 86
16 86
16 86
16 86
16 86
16 86
16 86
38 242
38 242
38 242
38 242
38 242
38 242
38 242
38 242
38 242
38 242
38 242
38 242
38 242
38 242
38 242
38 242
38 242
38 242
38 242
38 242
18 595
18 595
18 595
18 595
18 595
18 595
18 595
18 595
18 595
18 595
18 595
18 595
18 595
18 595
18 595
18 595
18 595
18 595
18 595
28 496
28 496
28 496
28 496
28 496
28 496
28 496
28 496
28 496
28 496
28 496
28 496
28 496
28 496
28 496
28 496
28 496
28 496
28 496
28 496
28 496
5 244
5 244
49 383
49 383
49 383
49 383
49 383
49 383
49 383
51 378
51 378
51 378
51 378
51 378
51 378
51 378
51 378
51 378
13 308
13 308
13 308
13 308
72 336
72 336
72 336
72 336
72 336
72 336
72 336
72 336
72 336
72 336
72 336
72 336
72 336
72 336
72 336
72 336
72 336
72 336
72 336
72 336
72 336
72 336
16 399
16 399
16 399
16 399
16 399
16 399
16 399
16 399
16 399
16 399
16 399
16 399
16 399
11 995
11 495
15 955
15 955
15 955
15 955
15 955
15 955
15 955
15 955
15 456
15 456
15 456
15 456
15 456
15 456
15 456
15 456
8 1026
8 1026
8 1026
8 1026
8 1026
8 1026
8 1026
8 1026
8 1026
8 1026
8 1026
8 1026
8 1026
8 1026
8 1026
8 1026
8 1026
8 1026
8 1026
8 1026
8 1026
8 1026
8 1026
8 1026
8 526
8 526
8 526
8 526
8 526
8 526
8 526
8 526
8 526
8 526
8 526
8 526
8 526
8 526
8 526
8 526
8 526
8 526
8 526
8 526
8 526
8 526
8 526
8 526
4 1067
4 1067
4 1067
4 1067
4 1067
4 1067
4 1067
4 1067
4 1067
4 1067
4 1067
4 1067
4 1067
4 1067
4 1067
4 1067
4 1067
4 1067
4 1067
4 1067
4 1067
4 1067
4 1067
4 1067
4 1067
4 1067
4 567
4 567
4 567
4 567
4 567
4 567
4 567
4 567
4 567
4 567
4 567
4 567
4 567
4 567
4 567
4 567
4 567
4 567
4 567
4 567
4 567
4 567
4 567
4 567
4 567
4 567
18 464
18 464
18 464
18 464
18 464
18 464
18 464
18 464
18 464
18 464
18 464
18 464
18 464
18 464
18 464
18 464
18 464
18 464
18 464
28 523
28 523
28 523
28 523
28 523
28 523
28 523
28 523
28 523
28 523
28 523
28 523
28 523
28 523
28 523
28 523
28 523
28 523
28 523
28 523
28 523
29 524
29 524
29 524
29 524
29 524
29 524
29 524
29 524
29 524
29 524
29 524
29 524
30 551
30 551
30 551
30 551
30 551
30 551
30 551
30 551
30 551
30 551
32 555
32 555
32 555
32 555
32 555
32 555
38 559
38 559
38 559
38 559
38 559
38 559
38 559
38 559
38 559
38 559
38 559
38 559
38 559
38 559
38 559
38 559
38 559
38 559
38 559
38 559
35 591
35 591
35 591
35 591
35 591
35 591
35 591
35 591
35 591
35 591
35 591
35 591
35 591
35 591
35 591
35 591
35 591
40 604
40 604
40 604
40 604
40 604
4 528
4 528
4 528
4 528
4 528
4 528
4 528
4 528
4 528
4 528
4 528
4 528
4 528
4 528
4 528
4 528
4 528
4 528
4 528
4 528
4 528
4 528
4 528
4 528
4 528
4 528
5 539
5 539
8 529
8 529
8 529
8 529
8 529
8 529
8 529
8 529
8 529
8 529
8 529
8 529
8 529
8 529
8 529
8 529
8 529
8 529
8 529
8 529
8 529
8 529
8 529
8 529
49 671
49 671
49 671
49 671
49 671
49 671
49 671
11 551
82 855
82 855
82 855
51 689
51 689
51 689
51 689
51 689
51 689
51 689
51 689
51 689
13 572
13 572
13 572
13 572
15 616
15 616
15 616
15 616
15 616
15 616
15 616
15 616
20 1566
20 1566
20 1566
20 1566
20 1566
20 1566
20 1566
20 1566
20 1566
20 1566
20 1566
20 1566
20 1566
20 1566
20 1566
20 1566
20 1566
20 1566
20 1566
20 1566
20 1566
20 1566
20 1566
20 1566
20 1566
20 1066
20 1066
20 1066
20 1066
20 1066
20 1066
20 1066
20 1066
20 1066
20 1066
20 1066
20 1066
20 1066
20 1066
20 1066
20 1066
20 1066
20 1066
20 1066
20 1066
20 1066
20 1066
20 1066
20 1066
20 1066
18 741
18 741
18 741
18 741
18 741
18 741
18 741
18 741
18 741
18 741
18 741
18 741
18 741
18 741
18 741
18 741
18 741
18 741
18 741
20 764
20 764
20 764
20 764
20 764
20 764
20 764
20 764
20 764
20 764
20 764
20 764
20 764
20 764
20 764
20 764
20 764
20 764
20 764
20 764
20 764
20 764
20 764
20 764
20 764
16 858
16 858
16 858
16 858
16 858
16 858
16 858
16 858
16 858
16 858
16 858
16 858
16 858
72 824
72 824
72 824
72 824
72 824
72 824
72 824
72 824
72 824
72 824
72 824
72 824
72 824
72 824
72 824
72 824
72 824
72 824
72 824
72 824
72 824
72 824
82 724
82 724
82 724
28 814
28 814
28 814
28 814
28 814
28 814
28 814
28 814
28 814
28 814
28 814
28 814
28 814
28 814
28 814
28 814
28 814
28 814
28 814
28 814
28 814
29 837
29 837
29 837
29 837
29 837
29 837
29 837
29 837
29 837
29 837
29 837
29 837
30 836
30 836
30 836
30 836
30 836
30 836
30 836
30 836
30 836
30 836
38 757
38 757
38 757
38 757
38 757
38 757
38 757
38 757
38 757
38 757
38 757
38 757
38 757
38 757
38 757
38 757
38 757
38 757
38 757
38 757
32 832
32 832
32 832
32 832
32 832
32 832
35 852
35 852
35 852
35 852
35 852
35 852
35 852
35 852
35 852
35 852
35 852
35 852
35 852
35 852
35 852
35 852
35 852
40 873
40 873
40 873
40 873
40 873
49 897
49 897
49 897
49 897
49 897
49 897
49 897
51 908
51 908
51 908
51 908
51 908
51 908
51 908
51 908
51 908
5 939
5 939
8 917
8 917
8 917
8 917
8 917
8 917
8 917
8 917
8 917
8 917
8 917
8 917
8 917
8 917
8 917
8 917
8 917
8 917
8 917
8 917
8 917
8 917
8 917
8 917
13 882
13 882
13 882
13 882
11 923
15 931
15 931
15 931
15 931
15 931
15 931
15 931
15 931
16 970
16 970
16 970
16 970
16 970
16 970
16 970
16 970
16 970
16 970
16 970
16 970
16 970
4 1104
4 1104
4 1104
4 1104
4 1104
4 1104
4 1104
4 1104
4 1104
4 1104
4 1104
4 1104
4 1104
4 1104
4 1104
4 1104
4 1104
4 1104
4 1104
4 1104
4 1104
4 1104
4 1104
4 1104
4 1104
4 1104
18 1024
18 1024
18 1024
18 1024
18 1024
18 1024
18 1024
18 1024
18 1024
18 1024
18 1024
18 1024
18 1024
18 1024
18 1024
18 1024
18 1024
18 1024
18 1024
20 1043
20 1043
20 1043
20 1043
20 1043
20 1043
20 1043
20 1043
20 1043
20 1043
20 1043
20 1043
20 1043
20 1043
20 1043
20 1043
20 1043
20 1043
20 1043
20 1043
20 1043
20 1043
20 1043
20 1043
20 1043
72 1103
72 1103
72 1103
72 1103
72 1103
72 1103
72 1103
72 1103
72 1103
72 1103
72 1103
72 1103
72 1103
72 1103
72 1103
72 1103
72 1103
72 1103
72 1103
72 1103
72 1103
72 1103
82 1004
82 1004
82 1004
28 1086
28 1086
28 1086
28 1086
28 1086
28 1086
28 1086
28 1086
28 1086
28 1086
28 1086
28 1086
28 1086
28 1086
28 1086
28 1086
28 1086
28 1086
28 1086
28 1086
28 1086
29 1115
29 1115
29 1115
29 1115
29 1115
29 1115
29 1115
29 1115
29 1115
29 1115
29 1115
29 1115
30 1116
30 1116
30 1116
30 1116
30 1116
30 1116
30 1116
30 1116
30 1116
30 1116
32 1122
32 1122
32 1122
32 1122
32 1122
32 1122
35 1145
35 1145
35 1145
35 1145
35 1145
35 1145
35 1145
35 1145
35 1145
35 1145
35 1145
35 1145
35 1145
35 1145
35 1145
35 1145
35 1145
40 1179
40 1179
40 1179
40 1179
40 1179
4 1071
4 1071
4 1071
4 1071
4 1071
4 1071
4 1071
4 1071
4 1071
4 1071
4 1071
4 1071
4 1071
4 1071
4 1071
4 1071
4 1071
4 1071
4 1071
4 1071
4 1071
4 1071
4 1071
4 1071
4 1071
4 1071
5 1142
5 1142
38 1336
38 1336
38 1336
38 1336
38 1336
38 1336
38 1336
38 1336
38 1336
38 1336
38 1336
38 1336
38 1336
38 1336
38 1336
38 1336
38 1336
38 1336
38 1336
38 1336
8 1148
8 1148
8 1148
8 1148
8 1148
8 1148
8 1148
8 1148
8 1148
8 1148
8 1148
8 1148
8 1148
8 1148
8 1148
8 1148
8 1148
8 1148
8 1148
8 1148
8 1148
8 1148
8 1148
8 1148
49 1253
49 1253
49 1253
49 1253
49 1253
49 1253
49 1253
51 1250
51 1250
51 1250
51 1250
51 1250
51 1250
51 1250
51 1250
51 1250
13 1243
13 1243
13 1243
13 1243
18 1328
18 1328
18 1328
18 1328
18 1328
18 1328
18 1328
18 1328
18 1328
18 1328
18 1328
18 1328
18 1328
18 1328
18 1328
18 1328
18 1328
18 1328
18 1328
20 1336
20 1336
20 1336
20 1336
20 1336
20 1336
20 1336
20 1336
20 1336
20 1336
20 1336
20 1336
20 1336
20 1336
20 1336
20 1336
20 1336
20 1336
20 1336
20 1336
20 1336
20 1336
20 1336
20 1336
20 1336
15 1471
15 1471
15 1471
15 1471
15 1471
15 1471
15 1471
15 1471
11 1512
16 1462
16 1462
16 1462
16 1462
16 1462
16 1462
16 1462
16 1462
16 1462
16 1462
16 1462
16 1462
16 1462
72 1402
72 1402
72 1402
72 1402
72 1402
72 1402
72 1402
72 1402
72 1402
72 1402
72 1402
72 1402
72 1402
72 1402
72 1402
72 1402
72 1402
72 1402
72 1402
72 1402
72 1402
72 1402
38 1260
38 1260
38 1260
38 1260
38 1260
38 1260
38 1260
38 1260
38 1260
38 1260
38 1260
38 1260
38 1260
38 1260
38 1260
38 1260
38 1260
38 1260
38 1260
38 1260
28 1393
28 1393
28 1393
28 1393
28 1393
28 1393
28 1393
28 1393
28 1393
28 1393
28 1393
28 1393
28 1393
28 1393
28 1393
28 1393
28 1393
28 1393
28 1393
28 1393
28 1393
29 1391
29 1391
29 1391
29 1391
29 1391
29 1391
29 1391
29 1391
29 1391
29 1391
29 1391
29 1391
30 1407
30 1407
30 1407
30 1407
30 1407
30 1407
30 1407
30 1407
30 1407
30 1407
82 1409
82 1409
82 1409
32 1419
32 1419
32 1419
32 1419
32 1419
32 1419
35 1427
35 1427
35 1427
35 1427
35 1427
35 1427
35 1427
35 1427
35 1427
35 1427
35 1427
35 1427
35 1427
35 1427
35 1427
35 1427
35 1427
40 1445
40 1445
40 1445
40 1445
40 1445
4 1440
4 1440
4 1440
4 1440
4 1440
4 1440
4 1440
4 1440
4 1440
4 1440
4 1440
4 1440
4 1440
4 1440
4 1440
4 1440
4 1440
4 1440
4 1440
4 1440
4 1440
4 1440
4 1440
4 1440
4 1440
4 1440
49 1509
49 1509
49 1509
49 1509
49 1509
49 1509
49 1509
5 1470
5 1470
51 1528
51 1528
51 1528
51 1528
51 1528
51 1528
51 1528
51 1528
51 1528
72 1571
72 1571
72 1571
72 1571
72 1571
72 1571
72 1571
72 1571
72 1571
72 1571
72 1571
72 1571
72 1571
72 1571
72 1571
72 1571
72 1571
72 1571
72 1571
72 1571
72 1571
72 1571
82 1654
82 1654
82 1654
