17 317
17 317
17 317
17 317
17 317
17 317
17 317
17 317
17 317
17 317
17 317
17 317
17 317
17 317
17 317
17 317
17 317
17 317
17 317
17 317
17 317
17 317
17 317
34 148
34 148
34 148
34 148
34 148
34 148
34 148
34 148
34 148
34 148
34 148
34 148
34 148
34 148
34 148
34 148
34 148
34 148
34 148
26 231
26 231
26 231
26 231
32 172
32 172
32 172
32 172
32 172
32 172
32 172
32 172
32 172
32 172
32 172
32 172
32 172
32 172
32 172
32 172
32 172
32 172
32 172
32 172
32 172
32 172
32 172
32 172
45 223
45 223
51 257
51 257
51 257
51 257
51 257
51 257
51 257
51 257
51 257
51 257
51 257
51 257
51 257
51 257
51 257
51 257
51 257
51 257
51 257
51 257
51 257
17 234
17 234
17 234
17 234
17 234
17 234
17 234
17 234
17 234
17 234
17 234
17 234
17 234
17 234
17 234
17 234
17 234
17 234
17 234
17 234
17 234
17 234
17 234
72 238
26 222
26 222
26 222
26 222
74 247
74 247
74 247
74 247
74 247
74 247
74 247
74 247
74 247
74 247
74 247
74 247
74 247
74 247
74 247
74 247
74 247
74 247
74 247
74 247
74 247
74 247
74 247
74 247
74 247
74 247
74 247
74 247
32 272
32 272
32 272
32 272
32 272
32 272
32 272
32 272
32 272
32 272
32 272
32 272
32 272
32 272
32 272
32 272
32 272
32 272
32 272
32 272
32 272
32 272
32 272
32 272
79 308
79 308
79 308
79 308
79 308
34 320
34 320
34 320
34 320
34 320
34 320
34 320
34 320
34 320
34 320
34 320
34 320
34 320
34 320
34 320
34 320
34 320
34 320
34 320
45 298
45 298
51 302
51 302
51 302
51 302
51 302
51 302
51 302
51 302
51 302
51 302
51 302
51 302
51 302
51 302
51 302
51 302
51 302
51 302
51 302
51 302
51 302
87 619
87 619
87 619
87 619
87 619
87 619
87 619
87 619
87 619
87 619
87 619
87 619
87 619
87 619
17 478
17 478
17 478
17 478
17 478
17 478
17 478
17 478
17 478
17 478
17 478
17 478
17 478
17 478
17 478
17 478
17 478
17 478
17 478
17 478
17 478
17 478
17 478
72 483
74 503
74 503
74 503
74 503
74 503
74 503
74 503
74 503
74 503
74 503
74 503
74 503
74 503
74 503
74 503
74 503
74 503
74 503
74 503
74 503
74 503
74 503
74 503
74 503
74 503
74 503
74 503
74 503
26 498
26 498
26 498
26 498
79 499
79 499
79 499
79 499
79 499
32 485
32 485
32 485
32 485
32 485
32 485
32 485
32 485
32 485
32 485
32 485
32 485
32 485
32 485
32 485
32 485
32 485
32 485
32 485
32 485
32 485
32 485
32 485
32 485
34 500
34 500
34 500
34 500
34 500
34 500
34 500
34 500
34 500
34 500
34 500
34 500
34 500
34 500
34 500
34 500
34 500
34 500
34 500
87 536
87 536
87 536
87 536
87 536
87 536
87 536
87 536
87 536
87 536
87 536
87 536
87 536
87 536
45 528
45 528
51 578
51 578
51 578
51 578
51 578
51 578
51 578
51 578
51 578
51 578
51 578
51 578
51 578
51 578
51 578
51 578
51 578
51 578
51 578
51 578
51 578
17 597
17 597
17 597
17 597
17 597
17 597
17 597
17 597
17 597
17 597
17 597
17 597
17 597
17 597
17 597
17 597
17 597
17 597
17 597
17 597
17 597
17 597
17 597
74 620
74 620
74 620
74 620
74 620
74 620
74 620
74 620
74 620
74 620
74 620
74 620
74 620
74 620
74 620
74 620
74 620
74 620
74 620
74 620
74 620
74 620
74 620
74 620
74 620
74 620
74 620
74 620
72 656
26 627
26 627
26 627
26 627
79 656
79 656
79 656
79 656
79 656
32 643
32 643
32 643
32 643
32 643
32 643
32 643
32 643
32 643
32 643
32 643
32 643
32 643
32 643
32 643
32 643
32 643
32 643
32 643
32 643
32 643
32 643
32 643
32 643
34 654
34 654
34 654
34 654
34 654
34 654
34 654
34 654
34 654
34 654
34 654
34 654
34 654
34 654
34 654
34 654
34 654
34 654
34 654
87 764
87 764
87 764
87 764
87 764
87 764
87 764
87 764
87 764
87 764
87 764
87 764
87 764
87 764
45 759
45 759
51 769
51 769
51 769
51 769
51 769
51 769
51 769
51 769
51 769
51 769
51 769
51 769
51 769
51 769
51 769
51 769
51 769
51 769
51 769
51 769
51 769
17 771
17 771
17 771
17 771
17 771
17 771
17 771
17 771
17 771
17 771
17 771
17 771
17 771
17 771
17 771
17 771
17 771
17 771
17 771
17 771
17 771
17 771
17 771
72 803
74 858
74 858
74 858
74 858
74 858
74 858
74 858
74 858
74 858
74 858
74 858
74 858
74 858
74 858
74 858
74 858
74 858
74 858
74 858
74 858
74 858
74 858
74 858
74 858
74 858
74 858
74 858
74 858
26 873
26 873
26 873
26 873
79 887
79 887
79 887
79 887
79 887
32 871
32 871
32 871
32 871
32 871
32 871
32 871
32 871
32 871
32 871
32 871
32 871
32 871
32 871
32 871
32 871
32 871
32 871
32 871
32 871
32 871
32 871
32 871
32 871
34 901
34 901
34 901
34 901
34 901
34 901
34 901
34 901
34 901
34 901
34 901
34 901
34 901
34 901
34 901
34 901
34 901
34 901
34 901
87 874
87 874
87 874
87 874
87 874
87 874
87 874
87 874
87 874
87 874
87 874
87 874
87 874
87 874
45 891
45 891
51 929
51 929
51 929
51 929
51 929
51 929
51 929
51 929
51 929
51 929
51 929
51 929
51 929
51 929
51 929
51 929
51 929
51 929
51 929
51 929
51 929
16 3384
16 3384
16 3384
16 3384
16 3384
16 3384
16 3384
16 3384
16 3384
16 3384
16 1398
16 1398
16 1398
16 1398
16 1398
16 1398
16 1398
16 1398
16 1398
16 1398
17 1044
17 1044
17 1044
17 1044
17 1044
17 1044
17 1044
17 1044
17 1044
17 1044
17 1044
17 1044
17 1044
17 1044
17 1044
17 1044
17 1044
17 1044
17 1044
17 1044
17 1044
17 1044
17 1044
72 1040
78 1516
78 1516
78 1516
78 1516
78 1516
78 1516
78 1516
78 1516
78 1516
78 1516
78 1516
78 1516
74 1067
74 1067
74 1067
74 1067
74 1067
74 1067
74 1067
74 1067
74 1067
74 1067
74 1067
74 1067
74 1067
74 1067
74 1067
74 1067
74 1067
74 1067
74 1067
74 1067
74 1067
74 1067
74 1067
74 1067
74 1067
74 1067
74 1067
74 1067
26 1060
26 1060
26 1060
26 1060
37 1533
37 1533
37 1533
37 1533
37 1533
37 1533
37 1533
37 1533
37 1533
37 1533
37 1533
79 1118
79 1118
79 1118
79 1118
79 1118
89 1543
89 1543
89 1543
89 1543
89 1543
89 1543
32 1128
32 1128
32 1128
32 1128
32 1128
32 1128
32 1128
32 1128
32 1128
32 1128
32 1128
32 1128
32 1128
32 1128
32 1128
32 1128
32 1128
32 1128
32 1128
32 1128
32 1128
32 1128
32 1128
32 1128
43 1545
43 1545
43 1545
43 1545
43 1545
43 1545
43 1545
34 1144
34 1144
34 1144
34 1144
34 1144
34 1144
34 1144
34 1144
34 1144
34 1144
34 1144
34 1144
34 1144
34 1144
34 1144
34 1144
34 1144
34 1144
34 1144
87 1133
87 1133
87 1133
87 1133
87 1133
87 1133
87 1133
87 1133
87 1133
87 1133
87 1133
87 1133
87 1133
87 1133
48 1619
48 1619
48 1619
48 1619
48 1619
48 1619
48 1619
48 1619
48 1619
48 1619
48 1619
48 1619
48 1619
48 1619
48 1619
48 1619
48 1619
48 1619
45 1153
45 1153
53 1627
53 1627
53 1627
51 1242
51 1242
51 1242
51 1242
51 1242
51 1242
51 1242
51 1242
51 1242
51 1242
51 1242
51 1242
51 1242
51 1242
51 1242
51 1242
51 1242
51 1242
51 1242
51 1242
51 1242
72 1263
74 1264
74 1264
74 1264
74 1264
74 1264
74 1264
74 1264
74 1264
74 1264
74 1264
74 1264
74 1264
74 1264
74 1264
74 1264
74 1264
74 1264
74 1264
74 1264
74 1264
74 1264
74 1264
74 1264
74 1264
74 1264
74 1264
74 1264
74 1264
78 1808
78 1808
78 1808
78 1808
78 1808
78 1808
78 1808
78 1808
78 1808
78 1808
78 1808
78 1808
79 1364
79 1364
79 1364
79 1364
79 1364
87 1350
87 1350
87 1350
87 1350
87 1350
87 1350
87 1350
87 1350
87 1350
87 1350
87 1350
87 1350
87 1350
87 1350
89 1869
89 1869
89 1869
89 1869
89 1869
89 1869
