1 2 1
2 2 1
3 2 1
4 4 3
5 1 2
6 1 2
7 4 3
8 4 3
9 3 1
10 2 1
11 4 3
12 4 3
13 2 1
14 1 2
15 3 1
16 1 2
17 1 2
18 4 3
19 1 2
20 1 2
21 4 3
22 1 2
23 2 1
24 2 1
25 3 1
26 1 2
27 2 1
28 4 3
29 4 3
30 4 3
31 4 3
32 1 2
33 1 1
34 1 1
35 2 1
36 3 1
37 3 1
38 1 1
39 2 1
40 2 1
41 3 1
42 2 1
43 4 3
44 3 1
45 4 3
46 3 1
47 2 1
48 2 1
49 2 1
50 4 3
51 1 1
52 1 1
53 3 1
54 4 3
55 2 1
56 3 1
57 2 1
58 2 1
59 3 1
60 3 1
61 4 3
62 3 1
63 2 1
64 4 3
65 2 1
66 2 1
67 2 1
68 1 1
69 1 1
70 3 1
71 1 1
72 2 1
73 4 3
74 1 1
75 4 3
76 1 3
77 3 1
78 1 3
79 2 1
80 3 1
81 4 3
82 2 1
83 4 3
84 1 1
85 1 1
86 4 3
87 3 1
88 4 3
89 4 3
90 2 1
91 1 1
92 1 1
93 4 3
94 4 3
95 4 3
96 2 1
97 4 3
98 1 1
99 2 1
100 3 1
