1 2 2 33.7928 98.8838
2 2 3 58.8274 -64.4132
3 2 2 -17.029 82.1141
4 4 1 20.6853 -27.5276
5 1 2 99.7344 63.3542
6 1 2 -61.9756 31.7519
7 4 1 91.5977 86.1897
8 4 2 44.3629 -34.8476
9 3 2 -28.3085 -59.8544
10 2 3 -92.2703 77.1319
11 4 3 39.3364 -22.6906
12 4 1 -94.6578 88.9352
13 2 3 -32.1235 66.0116
14 1 3 57.6668 -31.1771
15 3 2 -62.2781 46.1032
16 1 3 51.9938 -7.71872
17 1 3 17.9413 85.3122
18 4 1 -74.9676 16.8711
19 1 1 -61.0102 55.2652
20 1 1 -69.4992 -38.557
21 4 2 59.6509 -79.0208
22 1 1 -92.0706 -94.8458
23 2 3 -14.6192 -91.0031
24 2 2 72.4004 90.3843
25 3 1 48.7226 34.0476
26 1 1 -79.4227 6.73097
27 2 3 8.16373 7.64497
28 4 1 17.0178 4.7717
29 4 2 27.5534 -30.076
30 4 2 27.1322 82.6701
31 4 1 -12.389 -6.34338
32 1 2 -79.3865 68.9164
33 1 1 -7.27964 60.9924
34 1 2 59.6231 -51.973
35 2 3 -20.6332 -80.6037
36 3 1 8.40324 -51.0261
37 3 3 -32.9008 86.6198
38 1 2 -61.6948 40.8207
39 2 2 -51.2026 -88.8372
40 2 3 8.62049 -74.989
41 3 3 46.2587 79.5686
42 2 1 -17.1362 76.4783
43 4 2 -17.998 -91.479
44 3 3 53.1658 55.5126
45 4 2 22.2637 -23.2371
46 3 3 -83.3573 88.2143
47 2 3 -76.7199 33.5758
48 2 1 31.7109 48.5374
49 2 2 -31.7294 31.3279
50 4 3 66.78 14.3358
51 1 3 76.2143 -97.533
52 1 3 -41.0623 -11.3409
53 3 3 74.8503 84.904
54 4 2 51.5118 -2.9959
55 2 1 -50.8607 -38.3081
56 3 1 34.4994 -43.6644
57 2 3 -37.1722 -43.1896
58 2 2 74.3904 -20.7451
59 3 1 15.6959 -75.1015
60 3 1 26.6307 62.7802
61 4 3 15.1035 22.2594
62 3 2 -67.333 90.2798
63 2 1 -14.966 43.4293
64 4 1 64.3505 42.5142
65 2 1 -12.9261 98.0927
66 2 1 2.01447 -24.1207
67 2 1 -75.6293 30.5476
68 1 3 23.5437 -97.3119
69 1 1 -2.89456 86.7407
70 3 2 9.02955 20.2314
71 1 3 73.82 -94.3279
72 2 2 67.6814 18.7846
73 4 2 -53.4754 98.9396
74 1 3 -85.669 -13.3516
75 4 3 10.3183 12.1015
76 1 3 -58.9336 -21.547
77 3 2 44.7275 -56.1212
78 1 1 -64.217 79.9381
79 2 2 -74.0015 25.5731
80 3 2 96.6362 38.8761
81 4 2 94.7478 21.3266
82 2 2 -58.3542 58.9496
83 4 3 19.5859 -82.3611
84 1 1 -1.99231 37.647
85 1 2 10.4167 12.792
86 4 3 -95.2963 29.9026
87 3 3 91.8055 -78.6416
88 4 1 12.9844 75.6598
89 4 1 33.939 -76.032
90 2 1 -72.5082 67.9584
91 1 1 69.6823 49.4928
92 1 1 26.0241 -92.9779
93 4 1 7.9821 52.2673
94 4 1 31.9918 -26.2767
95 4 1 40.8268 3.29379
96 2 1 -6.38025 1.46794
97 4 1 58.7254 2.65022
98 1 1 87.0057 85.7401
99 2 1 38.9593 50.731
100 3 1 80.7799 -1.3635
