18 98
18 98
18 98
18 98
18 98
18 98
18 98
18 98
18 98
18 98
18 98
18 98
18 98
18 98
18 98
18 98
18 98
18 98
18 98
18 98
18 98
18 98
18 98
18 98
18 98
18 98
18 98
12 234
12 234
12 234
12 234
12 234
12 234
12 234
12 234
12 234
12 234
12 234
12 234
12 234
12 234
12 234
12 234
12 234
12 234
12 234
20 155
20 155
20 155
20 155
20 155
20 155
20 155
20 155
20 155
20 155
20 155
20 155
20 155
20 155
20 155
20 155
20 155
20 155
20 155
20 155
20 155
20 155
20 155
25 111
25 111
25 111
25 111
25 111
25 111
25 111
25 111
25 111
25 111
25 111
25 111
25 111
25 111
12 266
12 266
12 266
12 266
12 266
12 266
12 266
12 266
12 266
12 266
12 266
12 266
12 266
12 266
12 266
12 266
12 266
12 266
12 266
61 341
61 341
61 341
61 341
61 341
61 341
61 341
61 341
61 341
61 341
61 341
61 341
61 341
61 341
61 341
61 341
61 341
61 341
61 341
61 341
61 341
61 341
61 341
61 341
61 341
53 434
53 434
53 434
53 434
53 434
53 434
53 434
53 434
53 434
53 434
53 434
53 434
53 434
53 434
53 434
53 434
53 434
53 434
53 434
53 434
53 434
53 434
53 434
53 434
53 434
53 434
53 434
53 434
20 318
20 318
20 318
20 318
20 318
20 318
20 318
20 318
20 318
20 318
20 318
20 318
20 318
20 318
20 318
20 318
20 318
20 318
20 318
20 318
20 318
20 318
20 318
25 380
25 380
25 380
25 380
25 380
25 380
25 380
25 380
25 380
25 380
25 380
25 380
25 380
25 380
5 1122
5 1122
5 1122
5 1122
5 1122
5 1122
5 1122
5 1122
5 1122
5 1122
5 1122
5 1122
5 1122
5 1122
5 1122
5 1122
5 1122
5 1122
5 1122
5 1122
5 1122
5 634
5 634
5 634
5 634
5 634
5 634
5 634
5 634
5 634
5 634
5 634
5 634
5 634
5 634
5 634
5 634
5 634
5 634
5 634
5 634
5 634
18 805
18 805
18 805
18 805
18 805
18 805
18 805
18 805
18 805
18 805
18 805
18 805
18 805
18 805
18 805
18 805
18 805
18 805
18 805
18 805
18 805
18 805
18 805
18 805
18 805
18 805
18 805
5 612
5 612
5 612
5 612
5 612
5 612
5 612
5 612
5 612
5 612
5 612
5 612
5 612
5 612
5 612
5 612
5 612
5 612
5 612
5 612
5 612
61 630
61 630
61 630
61 630
61 630
61 630
61 630
61 630
61 630
61 630
61 630
61 630
61 630
61 630
61 630
61 630
61 630
61 630
61 630
61 630
61 630
61 630
61 630
61 630
61 630
91 844
93 826
93 826
93 826
93 826
93 826
93 826
93 826
93 826
93 826
93 826
93 826
94 818
94 818
94 818
94 818
94 818
94 818
94 818
94 818
94 818
94 818
94 818
94 818
94 818
94 818
94 818
94 818
94 818
94 818
94 818
94 818
94 818
94 818
94 818
94 818
94 818
94 818
94 818
94 818
94 818
94 818
53 749
53 749
53 749
53 749
53 749
53 749
53 749
53 749
53 749
53 749
53 749
53 749
53 749
53 749
53 749
53 749
53 749
53 749
53 749
53 749
53 749
53 749
53 749
53 749
53 749
53 749
53 749
53 749
25 640
25 640
25 640
25 640
25 640
25 640
25 640
25 640
25 640
25 640
25 640
25 640
25 640
25 640
20 703
20 703
20 703
20 703
20 703
20 703
20 703
20 703
20 703
20 703
20 703
20 703
20 703
20 703
20 703
20 703
20 703
20 703
20 703
20 703
20 703
20 703
20 703
91 605
93 624
93 624
93 624
93 624
93 624
93 624
93 624
93 624
93 624
93 624
93 624
94 617
94 617
94 617
94 617
94 617
94 617
94 617
94 617
94 617
94 617
94 617
94 617
94 617
94 617
94 617
94 617
94 617
94 617
94 617
94 617
94 617
94 617
94 617
94 617
94 617
94 617
94 617
94 617
94 617
94 617
95 657
95 657
99 635
99 635
99 635
99 635
99 635
99 635
99 635
101 637
101 637
101 637
101 637
101 637
105 640
105 640
105 640
105 640
105 640
105 640
105 640
105 640
106 662
106 662
106 662
106 662
106 662
106 662
106 662
106 662
106 662
106 662
106 662
106 662
106 662
106 662
106 662
109 687
109 687
109 687
109 687
109 687
109 687
112 705
112 705
112 705
112 705
112 705
112 705
112 705
112 705
112 705
65 1721
65 1721
65 1721
65 1721
65 1721
65 1721
65 1721
65 1721
65 1721
65 1721
65 1721
65 1721
65 1721
65 1721
65 1721
65 1721
65 1721
65 1721
65 1721
65 1721
65 1721
65 1721
65 1721
65 1721
65 1721
65 1721
65 1721
65 1721
65 1721
65 1267
65 1267
65 1267
65 1267
65 1267
65 1267
65 1267
65 1267
65 1267
65 1267
65 1267
65 1267
65 1267
65 1267
65 1267
65 1267
65 1267
65 1267
65 1267
65 1267
65 1267
65 1267
65 1267
65 1267
65 1267
65 1267
65 1267
65 1267
65 1267
18 1409
18 1409
18 1409
18 1409
18 1409
18 1409
18 1409
18 1409
18 1409
18 1409
18 1409
18 1409
18 1409
18 1409
18 1409
18 1409
18 1409
18 1409
18 1409
18 1409
18 1409
18 1409
18 1409
18 1409
18 1409
18 1409
18 1409
91 777
20 1030
20 1030
20 1030
20 1030
20 1030
20 1030
20 1030
20 1030
20 1030
20 1030
20 1030
20 1030
20 1030
20 1030
20 1030
20 1030
20 1030
20 1030
20 1030
20 1030
20 1030
20 1030
20 1030
93 821
93 821
93 821
93 821
93 821
93 821
93 821
93 821
93 821
93 821
93 821
94 817
94 817
94 817
94 817
94 817
94 817
94 817
94 817
94 817
94 817
94 817
94 817
94 817
94 817
94 817
94 817
94 817
94 817
94 817
94 817
94 817
94 817
94 817
94 817
94 817
94 817
94 817
94 817
94 817
94 817
95 826
95 826
25 1037
25 1037
25 1037
25 1037
25 1037
25 1037
25 1037
25 1037
25 1037
25 1037
25 1037
25 1037
25 1037
25 1037
99 850
99 850
99 850
99 850
99 850
99 850
99 850
101 838
101 838
101 838
101 838
101 838
12 1244
12 1244
12 1244
12 1244
12 1244
12 1244
12 1244
12 1244
12 1244
12 1244
12 1244
12 1244
12 1244
12 1244
12 1244
12 1244
12 1244
12 1244
12 1244
53 1360
53 1360
53 1360
53 1360
53 1360
53 1360
53 1360
53 1360
53 1360
53 1360
53 1360
53 1360
53 1360
53 1360
53 1360
53 1360
53 1360
53 1360
53 1360
53 1360
53 1360
53 1360
53 1360
53 1360
53 1360
53 1360
53 1360
53 1360
105 856
105 856
105 856
105 856
105 856
105 856
105 856
105 856
106 849
106 849
106 849
106 849
106 849
106 849
106 849
106 849
106 849
106 849
106 849
106 849
106 849
106 849
106 849
109 895
109 895
109 895
109 895
109 895
109 895
112 886
112 886
112 886
112 886
112 886
112 886
112 886
112 886
112 886
5 1562
5 1562
5 1562
5 1562
5 1562
5 1562
5 1562
5 1562
5 1562
5 1562
5 1562
5 1562
5 1562
5 1562
5 1562
5 1562
5 1562
5 1562
5 1562
5 1562
5 1562
54 2576
54 2576
54 2576
54 2576
54 2576
54 2576
54 2576
54 2576
54 2576
54 2576
54 2576
54 2576
54 2576
54 2576
54 2576
54 2576
55 2573
55 2573
55 2573
55 2573
55 2573
55 2573
55 2573
55 2573
55 2573
55 2573
55 2573
55 2573
55 2573
55 2573
55 2573
55 2573
55 2573
55 2573
55 2573
55 2573
55 2573
55 2573
55 2573
55 2573
55 2573
55 2573
61 1583
61 1583
61 1583
61 1583
61 1583
61 1583
61 1583
61 1583
61 1583
61 1583
61 1583
61 1583
61 1583
61 1583
61 1583
61 1583
61 1583
61 1583
61 1583
61 1583
61 1583
61 1583
61 1583
61 1583
61 1583
80 1920
80 1920
80 1920
80 1920
80 1920
80 1920
80 1920
80 1920
80 1920
80 1920
80 1920
80 1920
80 1920
53 1202
53 1202
53 1202
53 1202
53 1202
53 1202
53 1202
53 1202
53 1202
53 1202
53 1202
53 1202
53 1202
53 1202
53 1202
53 1202
53 1202
53 1202
53 1202
53 1202
53 1202
53 1202
53 1202
53 1202
53 1202
53 1202
53 1202
53 1202
18 1620
18 1620
18 1620
18 1620
18 1620
18 1620
18 1620
18 1620
18 1620
18 1620
18 1620
18 1620
18 1620
18 1620
18 1620
18 1620
18 1620
18 1620
18 1620
18 1620
18 1620
18 1620
18 1620
18 1620
18 1620
18 1620
18 1620
12 1255
12 1255
12 1255
12 1255
12 1255
12 1255
12 1255
12 1255
12 1255
12 1255
12 1255
12 1255
12 1255
12 1255
12 1255
12 1255
12 1255
12 1255
12 1255
91 1036
93 1042
93 1042
93 1042
93 1042
93 1042
93 1042
93 1042
93 1042
93 1042
93 1042
93 1042
94 1036
94 1036
94 1036
94 1036
94 1036
94 1036
94 1036
94 1036
94 1036
94 1036
94 1036
94 1036
94 1036
94 1036
94 1036
94 1036
94 1036
94 1036
94 1036
94 1036
94 1036
94 1036
94 1036
94 1036
94 1036
94 1036
94 1036
94 1036
94 1036
94 1036
95 1044
95 1044
20 1309
20 1309
20 1309
20 1309
20 1309
20 1309
20 1309
20 1309
20 1309
20 1309
20 1309
20 1309
20 1309
20 1309
20 1309
20 1309
20 1309
20 1309
20 1309
20 1309
20 1309
20 1309
20 1309
5 1498
5 1498
5 1498
5 1498
5 1498
5 1498
5 1498
5 1498
5 1498
5 1498
5 1498
5 1498
5 1498
5 1498
5 1498
5 1498
5 1498
5 1498
5 1498
5 1498
5 1498
99 1087
99 1087
99 1087
99 1087
99 1087
99 1087
99 1087
101 1077
101 1077
101 1077
101 1077
101 1077
25 1348
25 1348
25 1348
25 1348
25 1348
25 1348
25 1348
25 1348
25 1348
25 1348
25 1348
25 1348
25 1348
25 1348
105 1088
105 1088
105 1088
105 1088
105 1088
105 1088
105 1088
105 1088
106 1095
106 1095
106 1095
106 1095
106 1095
106 1095
106 1095
106 1095
106 1095
106 1095
106 1095
106 1095
106 1095
106 1095
106 1095
54 2165
54 2165
54 2165
54 2165
54 2165
54 2165
54 2165
54 2165
54 2165
54 2165
54 2165
54 2165
54 2165
54 2165
54 2165
54 2165
112 1192
112 1192
112 1192
112 1192
112 1192
112 1192
112 1192
112 1192
112 1192
109 1228
109 1228
109 1228
109 1228
109 1228
109 1228
65 1686
65 1686
65 1686
65 1686
65 1686
65 1686
65 1686
65 1686
65 1686
65 1686
65 1686
65 1686
65 1686
65 1686
65 1686
65 1686
65 1686
65 1686
65 1686
65 1686
65 1686
65 1686
65 1686
65 1686
65 1686
65 1686
65 1686
65 1686
65 1686
60 2253
60 2253
60 2253
60 2253
60 2253
60 2253
60 2253
60 2253
60 2253
60 2253
60 2253
60 2253
55 2307
55 2307
55 2307
55 2307
55 2307
55 2307
55 2307
55 2307
55 2307
55 2307
55 2307
55 2307
55 2307
55 2307
55 2307
55 2307
55 2307
55 2307
55 2307
55 2307
55 2307
55 2307
55 2307
55 2307
55 2307
55 2307
80 2277
80 2277
80 2277
80 2277
80 2277
80 2277
80 2277
80 2277
80 2277
80 2277
80 2277
80 2277
80 2277
62 2500
62 2500
62 2500
62 2500
62 2500
62 2500
62 2500
62 2500
62 2500
62 2500
81 2817
81 2817
81 2817
81 2817
81 2319
81 2319
81 2319
81 2319
91 1260
93 1244
93 1244
93 1244
93 1244
93 1244
93 1244
93 1244
93 1244
93 1244
93 1244
93 1244
79 2887
79 2887
79 2887
79 2887
79 2887
79 2887
79 2887
79 2887
79 2887
79 2887
79 2887
79 2887
79 2887
79 2887
79 2887
79 2887
79 2887
79 2887
79 2887
79 2887
79 2887
79 2887
79 2388
79 2388
79 2388
79 2388
79 2388
79 2388
79 2388
79 2388
79 2388
79 2388
79 2388
79 2388
79 2388
79 2388
79 2388
79 2388
79 2388
79 2388
79 2388
79 2388
79 2388
79 2388
95 1281
95 1281
99 1279
99 1279
99 1279
99 1279
99 1279
99 1279
99 1279
94 1356
94 1356
94 1356
94 1356
94 1356
94 1356
94 1356
94 1356
94 1356
94 1356
94 1356
94 1356
94 1356
94 1356
94 1356
94 1356
94 1356
94 1356
94 1356
94 1356
94 1356
94 1356
94 1356
94 1356
94 1356
94 1356
94 1356
94 1356
94 1356
94 1356
101 1304
101 1304
101 1304
101 1304
101 1304
105 1357
105 1357
105 1357
105 1357
105 1357
105 1357
105 1357
105 1357
106 1357
106 1357
106 1357
106 1357
106 1357
106 1357
106 1357
106 1357
106 1357
106 1357
106 1357
106 1357
106 1357
106 1357
106 1357
109 1357
109 1357
109 1357
109 1357
109 1357
109 1357
112 1338
112 1338
112 1338
112 1338
112 1338
112 1338
112 1338
112 1338
112 1338
