8 98
8 98
8 98
8 98
8 98
8 98
8 98
8 98
8 98
8 98
8 98
8 98
8 98
8 98
8 98
8 98
8 98
8 98
8 98
8 98
8 98
8 98
8 98
8 98
8 98
8 98
3 191
3 191
3 191
3 191
3 191
3 191
7 168
7 168
7 168
7 168
7 168
7 168
7 168
7 168
7 168
7 168
7 168
7 168
7 168
7 168
7 168
7 168
7 168
7 168
7 168
7 168
7 168
7 168
7 168
7 168
7 168
7 168
7 168
7 168
7 168
35 170
35 170
35 170
35 170
35 170
35 170
35 170
35 170
35 170
35 170
35 170
35 170
35 170
35 170
35 170
35 170
35 170
35 170
35 170
36 230
36 230
36 230
36 230
36 230
36 230
36 230
36 230
36 230
36 230
36 230
36 230
36 230
36 230
36 230
36 230
36 230
19 401
19 401
19 401
19 401
19 401
19 401
19 401
19 401
19 401
19 401
19 401
19 401
19 401
19 401
19 401
19 401
19 401
19 401
19 401
19 401
19 401
19 401
19 401
19 401
7 166
7 166
7 166
7 166
7 166
7 166
7 166
7 166
7 166
7 166
7 166
7 166
7 166
7 166
7 166
7 166
7 166
7 166
7 166
7 166
7 166
7 166
7 166
7 166
7 166
7 166
7 166
7 166
7 166
8 217
8 217
8 217
8 217
8 217
8 217
8 217
8 217
8 217
8 217
8 217
8 217
8 217
8 217
8 217
8 217
8 217
8 217
8 217
8 217
8 217
8 217
8 217
8 217
8 217
8 217
28 583
28 583
28 583
28 583
61 275
61 275
61 275
61 275
61 275
61 275
61 275
61 275
61 275
61 275
47 424
47 424
47 424
47 424
47 424
47 424
47 424
47 424
47 424
47 424
47 424
47 424
47 424
47 424
47 424
47 424
47 424
47 424
47 424
47 424
47 424
47 424
47 424
47 424
47 424
19 254
19 254
19 254
19 254
19 254
19 254
19 254
19 254
19 254
19 254
19 254
19 254
19 254
19 254
19 254
19 254
19 254
19 254
19 254
19 254
19 254
19 254
19 254
19 254
36 210
36 210
36 210
36 210
36 210
36 210
36 210
36 210
36 210
36 210
36 210
36 210
36 210
36 210
36 210
36 210
36 210
80 301
80 301
80 301
80 301
80 301
80 301
80 301
80 301
80 301
80 301
80 301
80 301
80 301
80 301
80 301
37 834
37 834
37 834
37 834
37 834
37 834
37 834
37 834
58 638
58 638
58 638
58 638
58 638
58 638
58 638
58 638
58 638
58 638
58 638
58 638
58 638
58 638
58 638
58 638
58 638
58 638
58 638
58 638
58 638
58 638
47 262
47 262
47 262
47 262
47 262
47 262
47 262
47 262
47 262
47 262
47 262
47 262
47 262
47 262
47 262
47 262
47 262
47 262
47 262
47 262
47 262
47 262
47 262
47 262
47 262
85 403
85 403
85 403
85 403
85 403
85 403
85 403
85 403
85 403
85 403
85 403
85 403
85 403
85 403
85 403
85 403
85 403
85 403
85 403
85 403
35 413
35 413
35 413
35 413
35 413
35 413
35 413
35 413
35 413
35 413
35 413
35 413
35 413
35 413
35 413
35 413
35 413
35 413
35 413
42 867
42 867
42 867
42 867
42 867
42 867
42 867
42 867
42 867
42 867
42 867
42 867
42 867
42 867
42 867
42 867
42 867
42 867
42 867
42 867
42 867
42 867
42 867
42 867
42 867
42 867
42 867
42 867
42 867
42 867
94 356
94 356
94 356
94 356
94 356
94 356
94 356
94 356
94 356
94 356
94 356
94 356
94 356
94 356
94 356
94 356
94 356
94 356
94 356
94 356
94 356
94 356
94 356
94 356
94 356
94 356
94 356
94 356
45 914
45 914
45 914
45 914
45 914
7 328
7 328
7 328
7 328
7 328
7 328
7 328
7 328
7 328
7 328
7 328
7 328
7 328
7 328
7 328
7 328
7 328
7 328
7 328
7 328
7 328
7 328
7 328
7 328
7 328
7 328
7 328
7 328
7 328
89 517
89 517
89 517
89 517
89 517
89 517
89 517
89 517
89 517
89 517
89 517
89 517
89 517
89 517
89 517
89 517
58 337
58 337
58 337
58 337
58 337
58 337
58 337
58 337
58 337
58 337
58 337
58 337
58 337
58 337
58 337
58 337
58 337
58 337
58 337
58 337
58 337
58 337
8 349
8 349
8 349
8 349
8 349
8 349
8 349
8 349
8 349
8 349
8 349
8 349
8 349
8 349
8 349
8 349
8 349
8 349
8 349
8 349
8 349
8 349
8 349
8 349
8 349
8 349
78 654
78 654
78 654
78 654
78 654
78 654
78 654
78 654
78 654
78 654
78 654
78 654
78 654
78 654
78 654
78 654
78 654
78 654
87 578
87 578
87 578
87 578
87 578
87 578
87 578
87 578
87 578
87 578
87 578
87 578
87 578
87 578
102 474
102 474
102 474
102 474
102 474
102 474
102 474
102 474
102 474
102 474
102 474
3 1082
3 1082
3 1082
3 1082
3 1082
3 1082
61 544
61 544
61 544
61 544
61 544
61 544
61 544
61 544
61 544
61 544
55 1129
19 558
19 558
19 558
19 558
19 558
19 558
19 558
19 558
19 558
19 558
19 558
19 558
19 558
19 558
19 558
19 558
19 558
19 558
19 558
19 558
19 558
19 558
19 558
19 558
80 518
80 518
80 518
80 518
80 518
80 518
80 518
80 518
80 518
80 518
80 518
80 518
80 518
80 518
80 518
78 583
78 583
78 583
78 583
78 583
78 583
78 583
78 583
78 583
78 583
78 583
78 583
78 583
78 583
78 583
78 583
78 583
78 583
35 521
35 521
35 521
35 521
35 521
35 521
35 521
35 521
35 521
35 521
35 521
35 521
35 521
35 521
35 521
35 521
35 521
35 521
35 521
85 564
85 564
85 564
85 564
85 564
85 564
85 564
85 564
85 564
85 564
85 564
85 564
85 564
85 564
85 564
85 564
85 564
85 564
85 564
85 564
87 582
87 582
87 582
87 582
87 582
87 582
87 582
87 582
87 582
87 582
87 582
87 582
87 582
87 582
36 610
36 610
36 610
36 610
36 610
36 610
36 610
36 610
36 610
36 610
36 610
36 610
36 610
36 610
36 610
36 610
36 610
89 620
89 620
89 620
89 620
89 620
89 620
89 620
89 620
89 620
89 620
89 620
89 620
89 620
89 620
89 620
89 620
94 571
94 571
94 571
94 571
94 571
94 571
94 571
94 571
94 571
94 571
94 571
94 571
94 571
94 571
94 571
94 571
94 571
94 571
94 571
94 571
94 571
94 571
94 571
94 571
94 571
94 571
94 571
94 571
66 1359
66 1359
66 1359
66 1359
66 1359
66 1359
66 1359
47 554
47 554
47 554
47 554
47 554
47 554
47 554
47 554
47 554
47 554
47 554
47 554
47 554
47 554
47 554
47 554
47 554
47 554
47 554
47 554
47 554
47 554
47 554
47 554
47 554
102 591
102 591
102 591
102 591
102 591
102 591
102 591
102 591
102 591
102 591
102 591
7 594
7 594
7 594
7 594
7 594
7 594
7 594
7 594
7 594
7 594
7 594
7 594
7 594
7 594
7 594
7 594
7 594
7 594
7 594
7 594
7 594
7 594
7 594
7 594
7 594
7 594
7 594
7 594
7 594
46 1708
46 1708
46 1708
46 1708
46 1708
46 1708
46 1708
46 1708
46 1708
46 1209
46 1209
46 1209
46 1209
46 1209
46 1209
46 1209
46 1209
46 1209
46 710
46 710
46 710
46 710
46 710
46 710
46 710
46 710
46 710
34 1830
34 1830
34 1830
34 1830
34 1830
34 1830
34 1830
34 1830
34 1830
34 1830
34 1830
34 1830
34 1830
34 1830
34 1830
34 1830
34 1830
34 1830
34 1830
34 1830
34 1830
34 1330
34 1330
34 1330
34 1330
34 1330
34 1330
34 1330
34 1330
34 1330
34 1330
34 1330
34 1330
34 1330
34 1330
34 1330
34 1330
34 1330
34 1330
34 1330
34 1330
34 1330
34 831
34 831
34 831
34 831
34 831
34 831
34 831
34 831
34 831
34 831
34 831
34 831
34 831
34 831
34 831
34 831
34 831
34 831
34 831
34 831
34 831
16 2012
16 2012
16 2012
16 2012
16 2012
16 2012
16 2012
16 2012
16 2012
16 2012
16 2012
16 2012
16 2012
16 2012
16 2012
16 2012
16 2012
16 2012
16 2012
16 2012
16 2012
16 2012
16 2012
16 1512
16 1512
16 1512
16 1512
16 1512
16 1512
16 1512
16 1512
16 1512
16 1512
16 1512
16 1512
16 1512
16 1512
16 1512
16 1512
16 1512
16 1512
16 1512
16 1512
16 1512
16 1512
16 1512
16 1013
16 1013
16 1013
16 1013
16 1013
16 1013
16 1013
16 1013
16 1013
16 1013
16 1013
16 1013
16 1013
16 1013
16 1013
16 1013
16 1013
16 1013
16 1013
16 1013
16 1013
16 1013
16 1013
58 599
58 599
58 599
58 599
58 599
58 599
58 599
58 599
58 599
58 599
58 599
58 599
58 599
58 599
58 599
58 599
58 599
58 599
58 599
58 599
58 599
58 599
24 1982
24 1982
24 1982
24 1982
24 1982
24 1982
24 1982
24 1982
24 1982
24 1982
24 1982
24 1982
24 1982
24 1500
24 1500
24 1500
24 1500
24 1500
24 1500
24 1500
24 1500
24 1500
24 1500
24 1500
24 1500
24 1500
8 676
8 676
8 676
8 676
8 676
8 676
8 676
8 676
8 676
8 676
8 676
8 676
8 676
8 676
8 676
8 676
8 676
8 676
8 676
8 676
8 676
8 676
8 676
8 676
8 676
8 676
16 618
16 618
16 618
16 618
16 618
16 618
16 618
16 618
16 618
16 618
16 618
16 618
16 618
16 618
16 618
16 618
16 618
16 618
16 618
16 618
16 618
16 618
16 618
28 1578
28 1578
28 1578
28 1578
77 1591
77 1591
61 768
61 768
61 768
61 768
61 768
61 768
61 768
61 768
61 768
61 768
19 705
19 705
19 705
19 705
19 705
19 705
19 705
19 705
19 705
19 705
19 705
19 705
19 705
19 705
19 705
19 705
19 705
19 705
19 705
19 705
19 705
19 705
19 705
19 705
18 2228
18 2228
18 2228
18 2228
18 2228
18 2228
18 2228
18 2228
18 2228
18 2228
18 2228
18 2228
18 1730
18 1730
18 1730
18 1730
18 1730
18 1730
18 1730
18 1730
18 1730
18 1730
18 1730
18 1730
18 1231
18 1231
18 1231
18 1231
18 1231
18 1231
18 1231
18 1231
18 1231
18 1231
18 1231
18 1231
80 737
80 737
80 737
80 737
80 737
80 737
80 737
80 737
80 737
80 737
80 737
80 737
80 737
80 737
80 737
78 790
78 790
78 790
78 790
78 790
78 790
78 790
78 790
78 790
78 790
78 790
78 790
78 790
78 790
78 790
78 790
78 790
78 790
85 771
85 771
85 771
85 771
85 771
85 771
85 771
85 771
85 771
85 771
85 771
85 771
85 771
85 771
85 771
85 771
85 771
85 771
85 771
85 771
37 1751
37 1751
37 1751
37 1751
37 1751
37 1751
37 1751
37 1751
87 772
87 772
87 772
87 772
87 772
87 772
87 772
87 772
87 772
87 772
87 772
87 772
87 772
87 772
89 844
89 844
89 844
89 844
89 844
89 844
89 844
89 844
89 844
89 844
89 844
89 844
89 844
89 844
89 844
89 844
36 893
36 893
36 893
36 893
36 893
36 893
36 893
36 893
36 893
36 893
36 893
36 893
36 893
36 893
36 893
36 893
36 893
42 1837
42 1837
42 1837
42 1837
42 1837
42 1837
42 1837
42 1837
42 1837
42 1837
42 1837
42 1837
42 1837
42 1837
42 1837
42 1837
42 1837
42 1837
42 1837
42 1837
42 1837
42 1837
42 1837
42 1837
42 1837
42 1837
42 1837
42 1837
42 1837
42 1837
46 799
46 799
46 799
46 799
46 799
46 799
46 799
46 799
46 799
45 1884
45 1884
45 1884
45 1884
45 1884
35 985
35 985
35 985
35 985
35 985
35 985
35 985
35 985
35 985
35 985
35 985
35 985
35 985
35 985
35 985
35 985
35 985
35 985
35 985
34 1018
34 1018
34 1018
34 1018
34 1018
34 1018
34 1018
34 1018
34 1018
34 1018
34 1018
34 1018
34 1018
34 1018
34 1018
34 1018
34 1018
34 1018
34 1018
34 1018
34 1018
47 914
47 914
47 914
47 914
47 914
47 914
47 914
47 914
47 914
47 914
47 914
47 914
47 914
47 914
47 914
47 914
47 914
47 914
47 914
47 914
47 914
47 914
47 914
47 914
47 914
94 962
94 962
94 962
94 962
94 962
94 962
94 962
94 962
94 962
94 962
94 962
94 962
94 962
94 962
94 962
94 962
94 962
94 962
94 962
94 962
94 962
94 962
94 962
94 962
94 962
94 962
94 962
94 962
8 979
8 979
8 979
8 979
8 979
8 979
8 979
8 979
8 979
8 979
8 979
8 979
8 979
8 979
8 979
8 979
8 979
8 979
8 979
8 979
8 979
8 979
8 979
8 979
8 979
8 979
61 949
61 949
61 949
61 949
61 949
61 949
61 949
61 949
61 949
61 949
16 902
16 902
16 902
16 902
16 902
16 902
16 902
16 902
16 902
16 902
16 902
16 902
16 902
16 902
16 902
16 902
16 902
16 902
16 902
16 902
16 902
16 902
16 902
3 2055
3 2055
3 2055
3 2055
3 2055
3 2055
102 1066
102 1066
102 1066
102 1066
102 1066
102 1066
102 1066
102 1066
102 1066
102 1066
102 1066
55 2092
58 1064
58 1064
58 1064
58 1064
58 1064
58 1064
58 1064
58 1064
58 1064
58 1064
58 1064
58 1064
58 1064
58 1064
58 1064
58 1064
58 1064
58 1064
58 1064
58 1064
58 1064
58 1064
7 1075
7 1075
7 1075
7 1075
7 1075
7 1075
7 1075
7 1075
7 1075
7 1075
7 1075
7 1075
7 1075
7 1075
7 1075
7 1075
7 1075
7 1075
7 1075
7 1075
7 1075
7 1075
7 1075
7 1075
7 1075
7 1075
7 1075
7 1075
7 1075
18 967
18 967
18 967
18 967
18 967
18 967
18 967
18 967
18 967
18 967
18 967
18 967
107 2137
107 2137
107 2137
19 1026
19 1026
19 1026
19 1026
19 1026
19 1026
19 1026
19 1026
19 1026
19 1026
19 1026
19 1026
19 1026
19 1026
19 1026
19 1026
19 1026
19 1026
19 1026
19 1026
19 1026
19 1026
19 1026
19 1026
34 969
34 969
34 969
34 969
34 969
34 969
34 969
34 969
34 969
34 969
34 969
34 969
34 969
34 969
34 969
34 969
34 969
34 969
34 969
34 969
34 969
80 1013
80 1013
80 1013
80 1013
80 1013
80 1013
80 1013
80 1013
80 1013
80 1013
80 1013
80 1013
80 1013
80 1013
80 1013
85 1035
85 1035
85 1035
85 1035
85 1035
85 1035
85 1035
85 1035
85 1035
85 1035
85 1035
85 1035
85 1035
85 1035
85 1035
85 1035
85 1035
85 1035
85 1035
85 1035
78 1105
78 1105
78 1105
78 1105
78 1105
78 1105
78 1105
78 1105
78 1105
78 1105
78 1105
78 1105
78 1105
78 1105
78 1105
78 1105
78 1105
78 1105
36 1026
36 1026
36 1026
36 1026
36 1026
36 1026
36 1026
36 1026
36 1026
36 1026
36 1026
36 1026
36 1026
36 1026
36 1026
36 1026
36 1026
87 1068
87 1068
87 1068
87 1068
87 1068
87 1068
87 1068
87 1068
87 1068
87 1068
87 1068
87 1068
87 1068
87 1068
77 2170
77 2170
90 2551
90 2551
90 2551
90 2551
90 2551
90 2551
90 2551
90 2551
90 2551
90 2551
90 2551
90 2551
90 2551
90 2551
90 2551
90 2551
90 2551
90 2551
90 2551
90 2551
90 2551
90 2551
90 2551
90 2551
90 2551
90 2551
90 2551
90 2051
90 2051
90 2051
90 2051
90 2051
90 2051
90 2051
90 2051
90 2051
90 2051
90 2051
90 2051
90 2051
90 2051
90 2051
90 2051
90 2051
90 2051
90 2051
90 2051
90 2051
90 2051
90 2051
90 2051
90 2051
90 2051
90 2051
90 1553
90 1553
90 1553
90 1553
90 1553
90 1553
90 1553
90 1553
90 1553
90 1553
90 1553
90 1553
90 1553
90 1553
90 1553
90 1553
90 1553
90 1553
90 1553
90 1553
90 1553
90 1553
90 1553
90 1553
90 1553
90 1553
90 1553
35 1103
35 1103
35 1103
35 1103
35 1103
35 1103
35 1103
35 1103
35 1103
35 1103
35 1103
35 1103
35 1103
35 1103
35 1103
35 1103
35 1103
35 1103
35 1103
89 1079
89 1079
89 1079
89 1079
89 1079
89 1079
89 1079
89 1079
89 1079
89 1079
89 1079
89 1079
89 1079
89 1079
89 1079
89 1079
90 1079
90 1079
90 1079
90 1079
90 1079
90 1079
90 1079
90 1079
90 1079
90 1079
90 1079
90 1079
90 1079
90 1079
90 1079
90 1079
90 1079
90 1079
90 1079
90 1079
90 1079
90 1079
90 1079
90 1079
90 1079
90 1079
90 1079
46 1064
46 1064
46 1064
46 1064
46 1064
46 1064
46 1064
46 1064
46 1064
37 2191
37 2191
37 2191
37 2191
37 2191
37 2191
37 2191
37 2191
47 1113
47 1113
47 1113
47 1113
47 1113
47 1113
47 1113
47 1113
47 1113
47 1113
47 1113
47 1113
47 1113
47 1113
47 1113
47 1113
47 1113
47 1113
47 1113
47 1113
47 1113
47 1113
47 1113
47 1113
47 1113
94 1219
94 1219
94 1219
94 1219
94 1219
94 1219
94 1219
94 1219
94 1219
94 1219
94 1219
94 1219
94 1219
94 1219
94 1219
94 1219
94 1219
94 1219
94 1219
94 1219
94 1219
94 1219
94 1219
94 1219
94 1219
94 1219
94 1219
94 1219
8 1115
8 1115
8 1115
8 1115
8 1115
8 1115
8 1115
8 1115
8 1115
8 1115
8 1115
8 1115
8 1115
8 1115
8 1115
8 1115
8 1115
8 1115
8 1115
8 1115
8 1115
8 1115
8 1115
8 1115
8 1115
8 1115
102 1229
102 1229
102 1229
102 1229
102 1229
102 1229
102 1229
102 1229
102 1229
102 1229
102 1229
7 1194
7 1194
7 1194
7 1194
7 1194
7 1194
7 1194
7 1194
7 1194
7 1194
7 1194
7 1194
7 1194
7 1194
7 1194
7 1194
7 1194
7 1194
7 1194
7 1194
7 1194
7 1194
7 1194
7 1194
7 1194
7 1194
7 1194
7 1194
7 1194
58 1212
58 1212
58 1212
58 1212
58 1212
58 1212
58 1212
58 1212
58 1212
58 1212
58 1212
58 1212
58 1212
58 1212
58 1212
58 1212
58 1212
58 1212
58 1212
58 1212
58 1212
58 1212
18 1179
18 1179
18 1179
18 1179
18 1179
18 1179
18 1179
18 1179
18 1179
18 1179
18 1179
18 1179
37 2130
37 2130
37 2130
37 2130
37 2130
37 2130
37 2130
37 2130
61 1419
61 1419
61 1419
61 1419
61 1419
61 1419
61 1419
61 1419
61 1419
61 1419
19 1348
19 1348
19 1348
19 1348
19 1348
19 1348
19 1348
19 1348
19 1348
19 1348
19 1348
19 1348
19 1348
19 1348
19 1348
19 1348
19 1348
19 1348
19 1348
19 1348
19 1348
19 1348
19 1348
19 1348
78 1332
78 1332
78 1332
78 1332
78 1332
78 1332
78 1332
78 1332
78 1332
78 1332
78 1332
78 1332
78 1332
78 1332
78 1332
78 1332
78 1332
78 1332
35 1276
35 1276
35 1276
35 1276
35 1276
35 1276
35 1276
35 1276
35 1276
35 1276
35 1276
35 1276
35 1276
35 1276
35 1276
35 1276
35 1276
35 1276
35 1276
36 1290
36 1290
36 1290
36 1290
36 1290
36 1290
36 1290
36 1290
36 1290
36 1290
36 1290
36 1290
36 1290
36 1290
36 1290
36 1290
36 1290
85 1308
85 1308
85 1308
85 1308
85 1308
85 1308
85 1308
85 1308
85 1308
85 1308
85 1308
85 1308
85 1308
85 1308
85 1308
85 1308
85 1308
85 1308
85 1308
85 1308
87 1308
87 1308
87 1308
87 1308
87 1308
87 1308
87 1308
87 1308
87 1308
87 1308
87 1308
87 1308
87 1308
87 1308
34 1353
34 1353
34 1353
34 1353
34 1353
34 1353
34 1353
34 1353
34 1353
34 1353
34 1353
34 1353
34 1353
34 1353
34 1353
34 1353
34 1353
34 1353
34 1353
34 1353
34 1353
55 2150
80 1412
80 1412
80 1412
80 1412
80 1412
80 1412
80 1412
80 1412
80 1412
80 1412
80 1412
80 1412
80 1412
80 1412
80 1412
89 1335
89 1335
89 1335
89 1335
89 1335
89 1335
89 1335
89 1335
89 1335
89 1335
89 1335
89 1335
89 1335
89 1335
89 1335
89 1335
90 1346
90 1346
90 1346
90 1346
90 1346
90 1346
90 1346
90 1346
90 1346
90 1346
90 1346
90 1346
90 1346
90 1346
90 1346
90 1346
90 1346
90 1346
90 1346
90 1346
90 1346
90 1346
90 1346
90 1346
90 1346
90 1346
90 1346
46 1340
46 1340
46 1340
46 1340
46 1340
46 1340
46 1340
46 1340
46 1340
102 1408
102 1408
102 1408
102 1408
102 1408
102 1408
102 1408
102 1408
102 1408
102 1408
102 1408
58 1447
58 1447
58 1447
58 1447
58 1447
58 1447
58 1447
58 1447
58 1447
58 1447
58 1447
58 1447
58 1447
58 1447
58 1447
58 1447
58 1447
58 1447
58 1447
58 1447
58 1447
58 1447
61 1458
61 1458
61 1458
61 1458
61 1458
61 1458
61 1458
61 1458
61 1458
61 1458
94 1638
94 1638
94 1638
94 1638
94 1638
94 1638
94 1638
94 1638
94 1638
94 1638
94 1638
94 1638
94 1638
94 1638
94 1638
94 1638
94 1638
94 1638
94 1638
94 1638
94 1638
94 1638
94 1638
94 1638
94 1638
94 1638
94 1638
94 1638
78 1473
78 1473
78 1473
78 1473
78 1473
78 1473
78 1473
78 1473
78 1473
78 1473
78 1473
78 1473
78 1473
78 1473
78 1473
78 1473
78 1473
78 1473
107 2247
107 2247
107 2247
85 1496
85 1496
85 1496
85 1496
85 1496
85 1496
85 1496
85 1496
85 1496
85 1496
85 1496
85 1496
85 1496
85 1496
85 1496
85 1496
85 1496
85 1496
85 1496
85 1496
