16 2436
16 2436
16 2436
16 2436
16 2436
16 2436
105 1146
105 1146
105 1146
105 1146
105 1146
105 1146
105 1146
105 1146
105 1146
105 1146
105 1146
105 1146
105 1146
105 1146
42 2298
42 2298
42 2298
42 2298
42 2298
42 2298
42 2298
42 2298
42 2298
42 2298
42 2298
42 2298
42 2298
58 1169
58 1169
58 1169
58 1169
58 1169
58 1169
58 1169
58 1169
58 1169
58 1169
58 1169
58 1169
58 1169
58 1169
58 1169
58 1169
58 1169
58 1169
58 1169
58 1169
109 1188
109 1188
109 1188
16 1349
16 1349
16 1349
16 1349
16 1349
16 1349
68 1344
67 1384
67 1384
67 1384
67 1384
67 1384
67 1384
67 1384
67 1384
67 1384
67 1384
67 1384
67 1384
67 1384
67 1384
67 1384
67 1384
67 1384
67 1384
67 1384
67 1384
67 1384
78 1359
78 1359
78 1359
78 1359
78 1359
78 1359
78 1359
78 1359
42 1403
42 1403
42 1403
42 1403
42 1403
42 1403
42 1403
42 1403
42 1403
42 1403
42 1403
42 1403
42 1403
88 1696
88 1696
88 1696
88 1696
88 1696
88 1696
88 1696
88 1696
88 1696
88 1696
88 1696
88 1696
88 1696
88 1696
88 1696
88 1696
21 3366
21 3366
21 3366
21 3366
21 3366
21 1867
21 1867
21 1867
21 1867
21 1867
105 1562
105 1562
105 1562
105 1562
105 1562
105 1562
105 1562
105 1562
105 1562
105 1562
105 1562
105 1562
105 1562
105 1562
58 1579
58 1579
58 1579
58 1579
58 1579
58 1579
58 1579
58 1579
58 1579
58 1579
58 1579
58 1579
58 1579
58 1579
58 1579
58 1579
58 1579
58 1579
58 1579
58 1579
109 1671
109 1671
109 1671
16 1647
16 1647
16 1647
16 1647
16 1647
16 1647
67 1655
67 1655
67 1655
67 1655
67 1655
67 1655
67 1655
67 1655
67 1655
67 1655
67 1655
67 1655
67 1655
67 1655
67 1655
67 1655
67 1655
67 1655
67 1655
67 1655
67 1655
68 1648
21 1697
21 1697
21 1697
21 1697
21 1697
78 1862
78 1862
78 1862
78 1862
78 1862
78 1862
78 1862
78 1862
88 1824
88 1824
88 1824
88 1824
88 1824
88 1824
88 1824
88 1824
88 1824
88 1824
88 1824
88 1824
88 1824
88 1824
88 1824
88 1824
42 1836
42 1836
42 1836
42 1836
42 1836
42 1836
42 1836
42 1836
42 1836
42 1836
42 1836
42 1836
42 1836
105 1929
105 1929
105 1929
105 1929
105 1929
105 1929
105 1929
105 1929
105 1929
105 1929
105 1929
105 1929
105 1929
105 1929
58 1983
58 1983
58 1983
58 1983
58 1983
58 1983
58 1983
58 1983
58 1983
58 1983
58 1983
58 1983
58 1983
58 1983
58 1983
58 1983
58 1983
58 1983
58 1983
58 1983
109 2096
109 2096
109 2096
