15 75
15 75
15 75
15 75
15 75
15 75
15 75
15 75
15 75
15 75
15 75
14 99
14 99
14 99
14 99
14 99
14 99
14 99
14 99
14 99
14 99
14 99
14 99
14 99
14 99
14 99
21 43
21 43
21 43
21 43
21 43
21 43
21 43
21 43
21 43
21 43
12 148
12 148
12 148
12 148
12 148
12 148
12 148
12 148
12 148
12 148
12 148
12 148
12 148
37 47
37 47
37 47
37 47
37 47
37 47
37 47
37 47
37 47
37 47
37 47
37 47
40 18
45 14
45 14
46 15
46 15
46 15
46 15
46 15
46 15
46 15
46 15
46 15
49 29
49 29
49 29
49 29
49 29
49 29
49 29
49 29
49 29
49 29
49 29
49 29
49 29
49 29
51 26
51 26
51 26
51 26
55 19
55 19
55 19
55 19
55 19
55 19
55 19
55 19
55 19
55 19
55 19
55 19
55 19
55 19
55 19
55 19
55 19
55 19
55 19
55 19
57 27
57 27
57 27
57 27
57 27
66 9
66 9
66 9
66 9
66 9
66 9
12 65
12 65
12 65
12 65
12 65
12 65
12 65
12 65
12 65
12 65
12 65
12 65
12 65
14 122
14 122
14 122
14 122
14 122
14 122
14 122
14 122
14 122
14 122
14 122
14 122
14 122
14 122
14 122
15 138
15 138
15 138
15 138
15 138
15 138
15 138
15 138
15 138
15 138
15 138
37 10
37 10
37 10
37 10
37 10
37 10
37 10
37 10
37 10
37 10
37 10
37 10
16 234
16 234
16 234
16 234
16 234
16 234
16 234
16 234
16 234
16 234
16 234
16 234
16 234
16 234
16 234
16 234
16 234
40 9
45 17
45 17
46 10
46 10
46 10
46 10
46 10
46 10
46 10
46 10
46 10
49 20
49 20
49 20
49 20
49 20
49 20
49 20
49 20
49 20
49 20
49 20
49 20
49 20
49 20
51 16
51 16
51 16
51 16
55 7
55 7
55 7
55 7
55 7
55 7
55 7
55 7
55 7
55 7
55 7
55 7
55 7
55 7
55 7
55 7
55 7
55 7
55 7
55 7
57 11
57 11
57 11
57 11
57 11
66 5
66 5
66 5
66 5
66 5
66 5
21 488
21 488
21 488
21 488
21 488
21 488
21 488
21 488
21 488
21 488
26 987
26 987
26 987
26 987
26 987
26 987
26 987
26 987
26 987
26 987
26 987
26 987
26 987
26 987
26 987
26 987
26 987
26 987
26 499
26 499
26 499
26 499
26 499
26 499
26 499
26 499
26 499
26 499
26 499
26 499
26 499
26 499
26 499
26 499
26 499
26 499
13 1132
13 1132
13 1132
13 1132
13 1132
13 1132
13 1132
13 1132
13 645
13 645
13 645
13 645
13 645
13 645
13 645
13 645
12 168
12 168
12 168
12 168
12 168
12 168
12 168
12 168
12 168
12 168
12 168
12 168
12 168
13 209
13 209
13 209
13 209
13 209
13 209
13 209
13 209
37 19
37 19
37 19
37 19
37 19
37 19
37 19
37 19
37 19
37 19
37 19
37 19
40 14
62 796
62 796
62 796
62 296
62 296
62 296
26 158
26 158
26 158
26 158
26 158
26 158
26 158
26 158
26 158
26 158
26 158
26 158
26 158
26 158
26 158
26 158
26 158
26 158
45 8
45 8
16 303
16 303
16 303
16 303
16 303
16 303
16 303
16 303
16 303
16 303
16 303
16 303
16 303
16 303
16 303
16 303
16 303
46 13
46 13
46 13
46 13
46 13
46 13
46 13
46 13
46 13
49 9
49 9
49 9
49 9
49 9
49 9
49 9
49 9
49 9
49 9
49 9
49 9
49 9
49 9
21 308
21 308
21 308
21 308
21 308
21 308
21 308
21 308
21 308
21 308
51 17
51 17
51 17
51 17
59 951
59 951
59 951
59 951
59 951
59 951
59 951
59 951
59 951
59 951
59 951
59 951
59 951
59 951
59 951
59 951
59 951
59 951
59 951
55 18
55 18
55 18
55 18
55 18
55 18
55 18
55 18
55 18
55 18
55 18
55 18
55 18
55 18
55 18
55 18
55 18
55 18
55 18
55 18
57 13
57 13
57 13
57 13
57 13
59 500
59 500
59 500
59 500
59 500
59 500
59 500
59 500
59 500
59 500
59 500
59 500
59 500
59 500
59 500
59 500
59 500
59 500
59 500
14 470
14 470
14 470
14 470
14 470
14 470
14 470
14 470
14 470
14 470
14 470
14 470
14 470
14 470
14 470
30 1323
30 1323
30 1323
30 1323
30 1323
30 1323
30 1323
62 5
62 5
62 5
66 14
66 14
66 14
66 14
66 14
66 14
12 190
12 190
12 190
12 190
12 190
12 190
12 190
12 190
12 190
12 190
12 190
12 190
12 190
30 518
30 518
30 518
30 518
30 518
30 518
30 518
37 6
37 6
37 6
37 6
37 6
37 6
37 6
37 6
37 6
37 6
37 6
37 6
15 761
15 761
15 761
15 761
15 761
15 761
15 761
15 761
15 761
15 761
15 761
40 14
16 255
16 255
16 255
16 255
16 255
16 255
16 255
16 255
16 255
16 255
16 255
16 255
16 255
16 255
16 255
16 255
16 255
15 275
15 275
15 275
15 275
15 275
15 275
15 275
15 275
15 275
15 275
15 275
45 11
45 11
46 17
46 17
46 17
46 17
46 17
46 17
46 17
46 17
46 17
49 14
49 14
49 14
49 14
49 14
49 14
49 14
49 14
49 14
49 14
49 14
49 14
49 14
49 14
26 256
26 256
26 256
26 256
26 256
26 256
26 256
26 256
26 256
26 256
26 256
26 256
26 256
26 256
26 256
26 256
26 256
26 256
13 391
13 391
13 391
13 391
13 391
13 391
13 391
13 391
51 18
51 18
51 18
51 18
14 399
14 399
14 399
14 399
14 399
14 399
14 399
14 399
14 399
14 399
14 399
14 399
14 399
14 399
14 399
55 12
55 12
55 12
55 12
55 12
55 12
55 12
55 12
55 12
55 12
55 12
55 12
55 12
55 12
55 12
55 12
55 12
55 12
55 12
55 12
57 17
57 17
57 17
57 17
57 17
62 10
62 10
62 10
66 13
66 13
66 13
66 13
66 13
66 13
21 474
21 474
21 474
21 474
21 474
21 474
21 474
21 474
21 474
21 474
12 251
12 251
12 251
12 251
12 251
12 251
12 251
12 251
12 251
12 251
12 251
12 251
12 251
37 12
37 12
37 12
37 12
37 12
37 12
37 12
37 12
37 12
37 12
37 12
37 12
13 264
13 264
13 264
13 264
13 264
13 264
13 264
13 264
14 273
14 273
14 273
14 273
14 273
14 273
14 273
14 273
14 273
14 273
14 273
14 273
14 273
14 273
14 273
40 15
45 7
45 7
46 19
46 19
46 19
46 19
46 19
46 19
46 19
46 19
46 19
49 13
49 13
49 13
49 13
49 13
49 13
49 13
49 13
49 13
49 13
49 13
49 13
49 13
49 13
51 23
51 23
51 23
51 23
55 25
55 25
55 25
55 25
55 25
55 25
55 25
55 25
55 25
55 25
55 25
55 25
55 25
55 25
55 25
55 25
55 25
55 25
55 25
55 25
57 25
57 25
57 25
57 25
57 25
62 25
62 25
62 25
66 17
66 17
66 17
66 17
66 17
66 17
37 8
37 8
37 8
37 8
37 8
37 8
37 8
37 8
37 8
37 8
37 8
37 8
40 23
45 15
45 15
46 20
46 20
46 20
46 20
46 20
46 20
46 20
46 20
46 20
49 14
49 14
49 14
49 14
49 14
49 14
49 14
49 14
49 14
49 14
49 14
49 14
49 14
49 14
51 14
51 14
51 14
51 14
55 22
55 22
55 22
55 22
55 22
55 22
55 22
55 22
55 22
55 22
55 22
55 22
55 22
55 22
55 22
55 22
55 22
55 22
55 22
55 22
57 9
57 9
57 9
57 9
57 9
62 14
62 14
62 14
66 7
66 7
66 7
66 7
66 7
66 7
37 18
37 18
37 18
37 18
37 18
37 18
37 18
37 18
37 18
37 18
37 18
37 18
13 790
13 790
13 790
13 790
13 790
13 790
13 790
13 790
12 806
12 806
12 806
12 806
12 806
12 806
12 806
12 806
12 806
12 806
12 806
12 806
12 806
59 837
59 837
59 837
59 837
59 837
59 837
59 837
59 837
59 837
59 837
59 837
59 837
59 837
59 837
59 837
59 837
59 837
59 837
59 837
40 29
14 819
14 819
14 819
14 819
14 819
14 819
14 819
14 819
14 819
14 819
14 819
14 819
14 819
14 819
14 819
16 806
16 806
16 806
16 806
16 806
16 806
16 806
16 806
16 806
16 806
16 806
16 806
16 806
16 806
16 806
16 806
16 806
26 706
26 706
26 706
26 706
26 706
26 706
26 706
26 706
26 706
26 706
26 706
26 706
26 706
26 706
26 706
26 706
26 706
26 706
15 823
15 823
15 823
15 823
15 823
15 823
15 823
15 823
15 823
15 823
15 823
45 32
45 32
46 29
46 29
46 29
46 29
46 29
46 29
46 29
46 29
46 29
49 16
49 16
49 16
49 16
49 16
49 16
49 16
49 16
49 16
49 16
49 16
49 16
49 16
49 16
51 26
51 26
51 26
51 26
21 849
21 849
21 849
21 849
21 849
21 849
21 849
21 849
21 849
21 849
55 15
55 15
55 15
55 15
55 15
55 15
55 15
55 15
55 15
55 15
55 15
55 15
55 15
55 15
55 15
55 15
55 15
55 15
55 15
55 15
59 475
59 475
59 475
59 475
59 475
59 475
59 475
59 475
59 475
59 475
59 475
59 475
59 475
59 475
59 475
59 475
59 475
59 475
59 475
13 436
13 436
13 436
13 436
13 436
13 436
13 436
13 436
30 766
30 766
30 766
30 766
30 766
30 766
30 766
16 419
16 419
16 419
16 419
16 419
16 419
16 419
16 419
16 419
16 419
16 419
16 419
16 419
16 419
16 419
16 419
16 419
15 444
15 444
15 444
15 444
15 444
15 444
15 444
15 444
15 444
15 444
15 444
57 30
57 30
57 30
57 30
57 30
26 364
26 364
26 364
26 364
26 364
26 364
26 364
26 364
26 364
26 364
26 364
26 364
26 364
26 364
26 364
26 364
26 364
26 364
62 29
62 29
62 29
66 35
66 35
66 35
66 35
66 35
66 35
12 604
12 604
12 604
12 604
12 604
12 604
12 604
12 604
12 604
12 604
12 604
12 604
12 604
37 26
37 26
37 26
37 26
37 26
37 26
37 26
37 26
37 26
37 26
37 26
37 26
30 613
30 613
30 613
30 613
30 613
30 613
30 613
40 22
21 733
21 733
21 733
21 733
21 733
21 733
21 733
21 733
21 733
21 733
45 8
45 8
46 20
46 20
46 20
46 20
46 20
46 20
46 20
46 20
46 20
59 425
59 425
59 425
59 425
59 425
59 425
59 425
59 425
59 425
59 425
59 425
59 425
59 425
59 425
59 425
59 425
59 425
59 425
59 425
49 31
49 31
49 31
49 31
49 31
49 31
49 31
49 31
49 31
49 31
49 31
49 31
49 31
49 31
51 25
51 25
51 25
51 25
12 423
12 423
12 423
12 423
12 423
12 423
12 423
12 423
12 423
12 423
12 423
12 423
12 423
13 442
13 442
13 442
13 442
13 442
13 442
13 442
13 442
55 30
55 30
55 30
55 30
55 30
55 30
55 30
55 30
55 30
55 30
55 30
55 30
55 30
55 30
55 30
55 30
55 30
55 30
55 30
55 30
57 20
57 20
57 20
57 20
57 20
16 492
16 492
16 492
16 492
16 492
16 492
16 492
16 492
16 492
16 492
16 492
16 492
16 492
16 492
16 492
16 492
16 492
62 33
62 33
62 33
26 395
26 395
26 395
26 395
26 395
26 395
26 395
26 395
26 395
26 395
26 395
26 395
26 395
26 395
26 395
26 395
26 395
26 395
66 34
66 34
66 34
66 34
66 34
66 34
21 497
21 497
21 497
21 497
21 497
21 497
21 497
21 497
21 497
21 497
