4 79
4 79
4 79
4 79
4 79
4 79
4 79
4 79
4 79
4 79
4 79
4 79
4 79
4 79
4 79
4 79
4 79
4 79
4 79
4 79
4 79
4 79
4 79
4 79
4 79
4 79
4 79
5 70
5 70
5 70
5 70
5 70
5 70
5 70
5 70
5 70
5 70
5 70
3 91
3 91
3 91
3 91
3 91
3 91
3 91
3 91
3 91
3 91
3 91
3 91
3 91
3 91
3 91
3 91
3 91
3 91
3 91
3 91
3 91
3 91
3 91
3 91
17 29
17 29
17 29
17 29
17 29
17 29
17 29
17 29
17 29
9 111
9 111
9 111
9 111
9 111
9 111
9 111
9 111
9 111
9 111
22 16
22 16
22 16
22 16
22 16
22 16
22 16
22 16
22 16
22 16
22 16
22 16
22 16
22 16
18 59
18 59
18 59
18 59
18 59
18 59
18 59
18 59
18 59
18 59
18 59
18 59
7 180
7 180
7 180
7 180
7 180
7 180
7 180
13 122
16 94
16 94
16 94
16 94
16 94
16 94
16 94
16 94
16 94
16 94
16 94
16 94
16 94
16 94
16 94
16 94
16 94
16 94
16 94
16 94
16 94
16 94
16 94
16 94
16 94
16 94
16 94
16 94
16 94
16 94
21 45
21 45
21 45
21 45
26 4
26 4
26 4
26 4
26 4
26 4
26 4
26 4
26 4
26 4
26 4
26 4
26 4
26 4
26 4
26 4
26 4
26 4
26 4
26 4
26 4
26 4
26 4
26 4
26 4
25 39
25 39
25 39
25 39
25 39
25 39
25 39
25 39
25 39
25 39
25 39
25 39
25 39
25 39
25 39
23 62
23 62
23 62
23 62
23 62
23 62
23 62
23 62
23 62
23 62
23 62
23 62
23 62
23 62
23 62
23 62
23 62
23 62
23 62
23 62
23 62
23 62
23 62
30 28
30 28
30 28
30 28
30 28
30 28
30 28
30 28
30 28
30 28
30 28
30 28
30 28
30 28
30 28
30 28
32 21
32 21
32 21
32 21
32 21
32 21
32 21
32 21
32 21
32 21
32 21
32 21
32 21
32 21
32 21
32 21
32 21
32 21
32 21
33 18
33 18
33 18
33 18
33 18
33 18
33 18
33 18
33 18
33 18
33 18
33 18
33 18
34 16
34 16
34 16
34 16
34 16
40 65
40 65
40 65
40 65
40 65
40 65
41 56
41 56
41 56
41 56
41 56
41 56
41 56
41 56
41 56
41 56
41 56
41 56
41 56
41 56
41 56
41 56
41 56
41 56
41 56
41 56
43 106
43 106
43 106
43 106
43 106
43 106
43 106
43 106
43 106
43 106
43 106
43 106
43 106
43 106
43 106
43 106
43 106
43 106
3 57
3 57
3 57
3 57
3 57
3 57
3 57
3 57
3 57
3 57
3 57
3 57
3 57
3 57
3 57
3 57
3 57
3 57
3 57
3 57
3 57
3 57
3 57
3 57
4 53
4 53
4 53
4 53
4 53
4 53
4 53
4 53
4 53
4 53
4 53
4 53
4 53
4 53
4 53
4 53
4 53
4 53
4 53
4 53
4 53
4 53
4 53
4 53
4 53
4 53
4 53
5 46
5 46
5 46
5 46
5 46
5 46
5 46
5 46
5 46
5 46
5 46
54 58
54 58
54 58
54 58
54 58
54 58
54 58
54 58
51 95
51 95
51 95
9 64
9 64
9 64
9 64
9 64
9 64
9 64
9 64
9 64
9 64
63 45
63 45
63 45
63 45
63 45
63 45
63 45
63 45
63 45
63 45
63 45
63 45
63 45
63 45
63 45
63 45
63 45
7 129
7 129
7 129
7 129
7 129
7 129
7 129
17 49
17 49
17 49
17 49
17 49
17 49
17 49
17 49
17 49
58 140
58 140
58 140
58 140
58 140
58 140
58 140
58 140
58 140
58 140
58 140
58 140
58 140
58 140
58 140
58 140
58 140
58 140
58 140
58 140
58 140
58 140
58 140
58 140
58 140
58 140
18 55
18 55
18 55
18 55
18 55
18 55
18 55
18 55
18 55
18 55
18 55
18 55
22 43
22 43
22 43
22 43
22 43
22 43
22 43
22 43
22 43
22 43
22 43
22 43
22 43
22 43
62 146
62 146
62 146
62 146
62 146
62 146
62 146
62 146
62 146
62 146
62 146
62 146
62 146
62 146
62 146
62 146
62 146
62 146
62 146
62 146
62 146
62 146
13 137
25 37
25 37
25 37
25 37
25 37
25 37
25 37
25 37
25 37
25 37
25 37
25 37
25 37
25 37
25 37
26 42
26 42
26 42
26 42
26 42
26 42
26 42
26 42
26 42
26 42
26 42
26 42
26 42
26 42
26 42
26 42
26 42
26 42
26 42
26 42
26 42
26 42
26 42
26 42
26 42
16 158
16 158
16 158
16 158
16 158
16 158
16 158
16 158
16 158
16 158
16 158
16 158
16 158
16 158
16 158
16 158
16 158
16 158
16 158
16 158
16 158
16 158
16 158
16 158
16 158
16 158
16 158
16 158
16 158
16 158
21 160
21 160
21 160
21 160
23 155
23 155
23 155
23 155
23 155
23 155
23 155
23 155
23 155
23 155
23 155
23 155
23 155
23 155
23 155
23 155
23 155
23 155
23 155
23 155
23 155
23 155
23 155
32 77
32 77
32 77
32 77
32 77
32 77
32 77
32 77
32 77
32 77
32 77
32 77
32 77
32 77
32 77
32 77
32 77
32 77
32 77
33 69
33 69
33 69
33 69
33 69
33 69
33 69
33 69
33 69
33 69
33 69
33 69
33 69
34 74
34 74
34 74
34 74
34 74
43 35
43 35
43 35
43 35
43 35
43 35
43 35
43 35
43 35
43 35
43 35
43 35
43 35
43 35
43 35
43 35
43 35
43 35
30 179
30 179
30 179
30 179
30 179
30 179
30 179
30 179
30 179
30 179
30 179
30 179
30 179
30 179
30 179
30 179
41 114
41 114
41 114
41 114
41 114
41 114
41 114
41 114
41 114
41 114
41 114
41 114
41 114
41 114
41 114
41 114
41 114
41 114
41 114
41 114
51 56
51 56
51 56
9 37
9 37
9 37
9 37
9 37
9 37
9 37
9 37
9 37
9 37
40 247
40 247
40 247
40 247
40 247
40 247
3 121
3 121
3 121
3 121
3 121
3 121
3 121
3 121
3 121
3 121
3 121
3 121
3 121
3 121
3 121
3 121
3 121
3 121
3 121
3 121
3 121
3 121
3 121
3 121
54 150
54 150
54 150
54 150
54 150
54 150
54 150
54 150
57 622
57 622
57 622
57 622
57 622
57 622
57 622
57 622
57 622
57 622
57 622
57 622
57 622
57 622
57 622
57 622
57 622
57 622
57 622
57 622
57 622
57 622
57 622
57 622
57 622
57 622
57 622
57 622
57 622
57 123
57 123
57 123
57 123
57 123
57 123
57 123
57 123
57 123
57 123
57 123
57 123
57 123
57 123
57 123
57 123
57 123
57 123
57 123
57 123
57 123
57 123
57 123
57 123
57 123
57 123
57 123
57 123
57 123
4 165
4 165
4 165
4 165
4 165
4 165
4 165
4 165
4 165
4 165
4 165
4 165
4 165
4 165
4 165
4 165
4 165
4 165
4 165
4 165
4 165
4 165
4 165
4 165
4 165
4 165
4 165
5 156
5 156
5 156
5 156
5 156
5 156
5 156
5 156
5 156
5 156
5 156
39 817
39 817
39 328
39 328
17 63
17 63
17 63
17 63
17 63
17 63
17 63
17 63
17 63
61 639
61 639
61 639
61 639
61 639
61 639
61 639
61 639
61 639
61 639
61 639
61 639
61 639
61 639
61 639
61 639
61 639
61 639
61 639
61 639
61 639
55 699
55 699
55 699
55 699
55 699
55 699
55 699
55 699
55 699
55 699
55 699
55 699
55 699
55 699
55 699
55 699
55 699
55 699
55 699
55 699
55 699
55 699
55 699
55 699
55 699
55 699
55 699
55 699
22 72
22 72
22 72
22 72
22 72
22 72
22 72
22 72
22 72
22 72
22 72
22 72
22 72
22 72
55 251
55 251
55 251
55 251
55 251
55 251
55 251
55 251
55 251
55 251
55 251
55 251
55 251
55 251
55 251
55 251
55 251
55 251
55 251
55 251
55 251
55 251
55 251
55 251
55 251
55 251
55 251
55 251
7 252
7 252
7 252
7 252
7 252
7 252
7 252
26 65
26 65
26 65
26 65
26 65
26 65
26 65
26 65
26 65
26 65
26 65
26 65
26 65
26 65
26 65
26 65
26 65
26 65
26 65
26 65
26 65
26 65
26 65
26 65
26 65
18 148
18 148
18 148
18 148
18 148
18 148
18 148
18 148
18 148
18 148
18 148
18 148
58 257
58 257
58 257
58 257
58 257
58 257
58 257
58 257
58 257
58 257
58 257
58 257
58 257
58 257
58 257
58 257
58 257
58 257
58 257
58 257
58 257
58 257
58 257
58 257
58 257
58 257
63 214
63 214
63 214
63 214
63 214
63 214
63 214
63 214
63 214
63 214
63 214
63 214
63 214
63 214
63 214
63 214
63 214
61 263
61 263
61 263
61 263
61 263
61 263
61 263
61 263
61 263
61 263
61 263
61 263
61 263
61 263
61 263
61 263
61 263
61 263
61 263
61 263
61 263
62 259
62 259
62 259
62 259
62 259
62 259
62 259
62 259
62 259
62 259
62 259
62 259
62 259
62 259
62 259
62 259
62 259
62 259
62 259
62 259
62 259
62 259
25 130
25 130
25 130
25 130
25 130
25 130
25 130
25 130
25 130
25 130
25 130
25 130
25 130
25 130
25 130
32 62
32 62
32 62
32 62
32 62
32 62
32 62
32 62
32 62
32 62
32 62
32 62
32 62
32 62
32 62
32 62
32 62
32 62
32 62
13 262
33 72
33 72
33 72
33 72
33 72
33 72
33 72
33 72
33 72
33 72
33 72
33 72
33 72
30 112
30 112
30 112
30 112
30 112
30 112
30 112
30 112
30 112
30 112
30 112
30 112
30 112
30 112
30 112
30 112
34 72
34 72
34 72
34 72
34 72
16 302
16 302
16 302
16 302
16 302
16 302
16 302
16 302
16 302
16 302
16 302
16 302
16 302
16 302
16 302
16 302
16 302
16 302
16 302
16 302
16 302
16 302
16 302
16 302
16 302
16 302
16 302
16 302
16 302
16 302
43 88
43 88
43 88
43 88
43 88
43 88
43 88
43 88
43 88
43 88
43 88
43 88
43 88
43 88
43 88
43 88
43 88
43 88
21 329
21 329
21 329
21 329
39 158
39 158
41 140
41 140
41 140
41 140
41 140
41 140
41 140
41 140
41 140
41 140
41 140
41 140
41 140
41 140
41 140
41 140
41 140
41 140
41 140
41 140
23 326
23 326
23 326
23 326
23 326
23 326
23 326
23 326
23 326
23 326
23 326
23 326
23 326
23 326
23 326
23 326
23 326
23 326
23 326
23 326
23 326
23 326
23 326
51 85
51 85
51 85
4 121
4 121
4 121
4 121
4 121
4 121
4 121
4 121
4 121
4 121
4 121
4 121
4 121
4 121
4 121
4 121
4 121
4 121
4 121
4 121
4 121
4 121
4 121
4 121
4 121
4 121
4 121
3 133
3 133
3 133
3 133
3 133
3 133
3 133
3 133
3 133
3 133
3 133
3 133
3 133
3 133
3 133
3 133
3 133
3 133
3 133
3 133
3 133
3 133
3 133
3 133
54 128
54 128
54 128
54 128
54 128
54 128
54 128
54 128
57 100
57 100
57 100
57 100
57 100
57 100
57 100
57 100
57 100
57 100
57 100
57 100
57 100
57 100
57 100
57 100
57 100
57 100
57 100
57 100
57 100
57 100
57 100
57 100
57 100
57 100
57 100
57 100
57 100
5 126
5 126
5 126
5 126
5 126
5 126
5 126
5 126
5 126
5 126
5 126
9 105
9 105
9 105
9 105
9 105
9 105
9 105
9 105
9 105
9 105
17 78
17 78
17 78
17 78
17 78
17 78
17 78
17 78
17 78
40 364
40 364
40 364
40 364
40 364
40 364
22 66
22 66
22 66
22 66
22 66
22 66
22 66
22 66
22 66
22 66
22 66
22 66
22 66
22 66
63 158
63 158
63 158
63 158
63 158
63 158
63 158
63 158
63 158
63 158
63 158
63 158
63 158
63 158
63 158
63 158
63 158
18 136
18 136
18 136
18 136
18 136
18 136
18 136
18 136
18 136
18 136
18 136
18 136
26 79
26 79
26 79
26 79
26 79
26 79
26 79
26 79
26 79
26 79
26 79
26 79
26 79
26 79
26 79
26 79
26 79
26 79
26 79
26 79
26 79
26 79
26 79
26 79
26 79
32 68
32 68
32 68
32 68
32 68
32 68
32 68
32 68
32 68
32 68
32 68
32 68
32 68
32 68
32 68
32 68
32 68
32 68
32 68
25 147
25 147
25 147
25 147
25 147
25 147
25 147
25 147
25 147
25 147
25 147
25 147
25 147
25 147
25 147
33 68
33 68
33 68
33 68
33 68
33 68
33 68
33 68
33 68
33 68
33 68
33 68
33 68
30 128
30 128
30 128
30 128
30 128
30 128
30 128
30 128
30 128
30 128
30 128
30 128
30 128
30 128
30 128
30 128
34 109
34 109
34 109
34 109
34 109
55 439
55 439
55 439
55 439
55 439
55 439
55 439
55 439
55 439
55 439
55 439
55 439
55 439
55 439
55 439
55 439
55 439
55 439
55 439
55 439
55 439
55 439
55 439
55 439
55 439
55 439
55 439
55 439
7 421
7 421
7 421
7 421
7 421
7 421
7 421
58 424
58 424
58 424
58 424
58 424
58 424
58 424
58 424
58 424
58 424
58 424
58 424
58 424
58 424
58 424
58 424
58 424
58 424
58 424
58 424
58 424
58 424
58 424
58 424
58 424
58 424
61 427
61 427
61 427
61 427
61 427
61 427
61 427
61 427
61 427
61 427
61 427
61 427
61 427
61 427
61 427
61 427
61 427
61 427
61 427
61 427
61 427
62 423
62 423
62 423
62 423
62 423
62 423
62 423
62 423
62 423
62 423
62 423
62 423
62 423
62 423
62 423
62 423
62 423
62 423
62 423
62 423
62 423
62 423
13 414
39 165
39 165
43 133
43 133
43 133
43 133
43 133
43 133
43 133
43 133
43 133
43 133
43 133
43 133
43 133
43 133
43 133
43 133
43 133
43 133
16 420
16 420
16 420
16 420
16 420
16 420
16 420
16 420
16 420
16 420
16 420
16 420
16 420
16 420
16 420
16 420
16 420
16 420
16 420
16 420
16 420
16 420
16 420
16 420
16 420
16 420
16 420
16 420
16 420
16 420
41 193
41 193
41 193
41 193
41 193
41 193
41 193
41 193
41 193
41 193
41 193
41 193
41 193
41 193
41 193
41 193
41 193
41 193
41 193
41 193
51 97
51 97
51 97
21 432
21 432
21 432
21 432
57 81
57 81
57 81
57 81
57 81
57 81
57 81
57 81
57 81
57 81
57 81
57 81
57 81
57 81
57 81
57 81
57 81
57 81
57 81
57 81
57 81
57 81
57 81
57 81
57 81
57 81
57 81
57 81
57 81
23 455
23 455
23 455
23 455
23 455
23 455
23 455
23 455
23 455
23 455
23 455
23 455
23 455
23 455
23 455
23 455
23 455
23 455
23 455
23 455
23 455
23 455
23 455
9 109
9 109
9 109
9 109
9 109
9 109
9 109
9 109
9 109
9 109
3 185
3 185
3 185
3 185
3 185
3 185
3 185
3 185
3 185
3 185
3 185
3 185
3 185
3 185
3 185
3 185
3 185
3 185
3 185
3 185
3 185
3 185
3 185
3 185
54 177
54 177
54 177
54 177
54 177
54 177
54 177
54 177
4 178
4 178
4 178
4 178
4 178
4 178
4 178
4 178
4 178
4 178
4 178
4 178
4 178
4 178
4 178
4 178
4 178
4 178
4 178
4 178
4 178
4 178
4 178
4 178
4 178
4 178
4 178
5 175
5 175
5 175
5 175
5 175
5 175
5 175
5 175
5 175
5 175
5 175
17 87
17 87
17 87
17 87
17 87
17 87
17 87
17 87
17 87
63 176
63 176
63 176
63 176
63 176
63 176
63 176
63 176
63 176
63 176
63 176
63 176
63 176
63 176
63 176
63 176
63 176
22 102
22 102
22 102
22 102
22 102
22 102
22 102
22 102
22 102
22 102
22 102
22 102
22 102
22 102
18 153
18 153
18 153
18 153
18 153
18 153
18 153
18 153
18 153
18 153
18 153
18 153
26 136
26 136
26 136
26 136
26 136
26 136
26 136
26 136
26 136
26 136
26 136
26 136
26 136
26 136
26 136
26 136
26 136
26 136
26 136
26 136
26 136
26 136
26 136
26 136
26 136
40 508
40 508
40 508
40 508
40 508
40 508
32 129
32 129
32 129
32 129
32 129
32 129
32 129
32 129
32 129
32 129
32 129
32 129
32 129
32 129
32 129
32 129
32 129
32 129
32 129
33 131
33 131
33 131
33 131
33 131
33 131
33 131
33 131
33 131
33 131
33 131
33 131
33 131
34 122
34 122
34 122
34 122
34 122
25 223
25 223
25 223
25 223
25 223
25 223
25 223
25 223
25 223
25 223
25 223
25 223
25 223
25 223
25 223
30 241
30 241
30 241
30 241
30 241
30 241
30 241
30 241
30 241
30 241
30 241
30 241
30 241
30 241
30 241
30 241
43 138
43 138
43 138
43 138
43 138
43 138
43 138
43 138
43 138
43 138
43 138
43 138
43 138
43 138
43 138
43 138
43 138
43 138
55 520
55 520
55 520
55 520
55 520
55 520
55 520
55 520
55 520
55 520
55 520
55 520
55 520
55 520
55 520
55 520
55 520
55 520
55 520
55 520
55 520
55 520
55 520
55 520
55 520
55 520
55 520
55 520
7 502
7 502
7 502
7 502
7 502
7 502
7 502
58 525
58 525
58 525
58 525
58 525
58 525
58 525
58 525
58 525
58 525
58 525
58 525
58 525
58 525
58 525
58 525
58 525
58 525
58 525
58 525
58 525
58 525
58 525
58 525
58 525
58 525
39 244
39 244
41 229
41 229
41 229
41 229
41 229
41 229
41 229
41 229
41 229
41 229
41 229
41 229
41 229
41 229
41 229
41 229
41 229
41 229
41 229
41 229
51 142
51 142
51 142
61 555
61 555
61 555
61 555
61 555
61 555
61 555
61 555
61 555
61 555
61 555
61 555
61 555
61 555
61 555
61 555
61 555
61 555
61 555
61 555
61 555
62 551
62 551
62 551
62 551
62 551
62 551
62 551
62 551
62 551
62 551
62 551
62 551
62 551
62 551
62 551
62 551
62 551
62 551
62 551
62 551
62 551
62 551
13 554
57 129
57 129
57 129
57 129
57 129
57 129
57 129
57 129
57 129
57 129
57 129
57 129
57 129
57 129
57 129
57 129
57 129
57 129
57 129
57 129
57 129
57 129
57 129
57 129
57 129
57 129
57 129
57 129
57 129
3 177
3 177
3 177
3 177
3 177
3 177
3 177
3 177
3 177
3 177
3 177
3 177
3 177
3 177
3 177
3 177
3 177
3 177
3 177
3 177
3 177
3 177
3 177
3 177
4 171
4 171
4 171
4 171
4 171
4 171
4 171
4 171
4 171
4 171
4 171
4 171
4 171
4 171
4 171
4 171
4 171
4 171
4 171
4 171
4 171
4 171
4 171
4 171
4 171
4 171
4 171
54 174
54 174
54 174
54 174
54 174
54 174
54 174
54 174
16 556
16 556
16 556
16 556
16 556
16 556
16 556
16 556
16 556
16 556
16 556
16 556
16 556
16 556
16 556
16 556
16 556
16 556
16 556
16 556
16 556
16 556
16 556
16 556
16 556
16 556
16 556
16 556
16 556
16 556
9 144
9 144
9 144
9 144
9 144
9 144
9 144
9 144
9 144
9 144
5 204
5 204
5 204
5 204
5 204
5 204
5 204
5 204
5 204
5 204
5 204
21 575
21 575
21 575
21 575
17 148
17 148
17 148
17 148
17 148
17 148
17 148
17 148
17 148
23 616
23 616
23 616
23 616
23 616
23 616
23 616
23 616
23 616
23 616
23 616
23 616
23 616
23 616
23 616
23 616
23 616
23 616
23 616
23 616
23 616
23 616
23 616
22 152
22 152
22 152
22 152
22 152
22 152
22 152
22 152
22 152
22 152
22 152
22 152
22 152
22 152
63 268
63 268
63 268
63 268
63 268
63 268
63 268
63 268
63 268
63 268
63 268
63 268
63 268
63 268
63 268
63 268
63 268
26 147
26 147
26 147
26 147
26 147
26 147
26 147
26 147
26 147
26 147
26 147
26 147
26 147
26 147
26 147
26 147
26 147
26 147
26 147
26 147
26 147
26 147
26 147
26 147
26 147
18 289
18 289
18 289
18 289
18 289
18 289
18 289
18 289
18 289
18 289
18 289
18 289
25 225
25 225
25 225
25 225
25 225
25 225
25 225
25 225
25 225
25 225
25 225
25 225
25 225
25 225
25 225
32 156
32 156
32 156
32 156
32 156
32 156
32 156
32 156
32 156
32 156
32 156
32 156
32 156
32 156
32 156
32 156
32 156
32 156
32 156
33 162
33 162
33 162
33 162
33 162
33 162
33 162
33 162
33 162
33 162
33 162
33 162
33 162
34 160
34 160
34 160
34 160
34 160
30 213
30 213
30 213
30 213
30 213
30 213
30 213
30 213
30 213
30 213
30 213
30 213
30 213
30 213
30 213
30 213
40 613
40 613
40 613
40 613
40 613
40 613
43 157
43 157
43 157
43 157
43 157
43 157
43 157
43 157
43 157
43 157
43 157
43 157
43 157
43 157
43 157
43 157
43 157
43 157
39 207
39 207
41 196
41 196
41 196
41 196
41 196
41 196
41 196
41 196
41 196
41 196
41 196
41 196
41 196
41 196
41 196
41 196
41 196
41 196
41 196
41 196
55 652
55 652
55 652
55 652
55 652
55 652
55 652
55 652
55 652
55 652
55 652
55 652
55 652
55 652
55 652
55 652
55 652
55 652
55 652
55 652
55 652
55 652
55 652
55 652
55 652
55 652
55 652
55 652
51 203
51 203
51 203
58 654
58 654
58 654
58 654
58 654
58 654
58 654
58 654
58 654
58 654
58 654
58 654
58 654
58 654
58 654
58 654
58 654
58 654
58 654
58 654
58 654
58 654
58 654
58 654
58 654
58 654
7 669
7 669
7 669
7 669
7 669
7 669
7 669
57 208
57 208
57 208
57 208
57 208
57 208
57 208
57 208
57 208
57 208
57 208
57 208
57 208
57 208
57 208
57 208
57 208
57 208
57 208
57 208
57 208
57 208
57 208
57 208
57 208
57 208
57 208
57 208
57 208
3 261
3 261
3 261
3 261
3 261
3 261
3 261
3 261
3 261
3 261
3 261
3 261
3 261
3 261
3 261
3 261
3 261
3 261
3 261
3 261
3 261
3 261
3 261
3 261
9 206
9 206
9 206
9 206
9 206
9 206
9 206
9 206
9 206
9 206
54 262
54 262
54 262
54 262
54 262
54 262
54 262
54 262
4 264
4 264
4 264
4 264
4 264
4 264
4 264
4 264
4 264
4 264
4 264
4 264
4 264
4 264
4 264
4 264
4 264
4 264
4 264
4 264
4 264
4 264
4 264
4 264
4 264
4 264
4 264
62 684
62 684
62 684
62 684
62 684
62 684
62 684
62 684
62 684
62 684
62 684
62 684
62 684
62 684
62 684
62 684
62 684
62 684
62 684
62 684
62 684
62 684
61 713
61 713
61 713
61 713
61 713
61 713
61 713
61 713
61 713
61 713
61 713
61 713
61 713
61 713
61 713
61 713
61 713
61 713
61 713
61 713
61 713
5 274
5 274
5 274
5 274
5 274
5 274
5 274
5 274
5 274
5 274
5 274
63 229
63 229
63 229
63 229
63 229
63 229
63 229
63 229
63 229
63 229
63 229
63 229
63 229
63 229
63 229
63 229
63 229
13 730
17 210
17 210
17 210
17 210
17 210
17 210
17 210
17 210
17 210
16 726
16 726
16 726
16 726
16 726
16 726
16 726
16 726
16 726
16 726
16 726
16 726
16 726
16 726
16 726
16 726
16 726
16 726
16 726
16 726
16 726
16 726
16 726
16 726
16 726
16 726
16 726
16 726
16 726
16 726
22 187
22 187
22 187
22 187
22 187
22 187
22 187
22 187
22 187
22 187
22 187
22 187
22 187
22 187
18 241
18 241
18 241
18 241
18 241
18 241
18 241
18 241
18 241
18 241
18 241
18 241
21 723
21 723
21 723
21 723
26 183
26 183
26 183
26 183
26 183
26 183
26 183
26 183
26 183
26 183
26 183
26 183
26 183
26 183
26 183
26 183
26 183
26 183
26 183
26 183
26 183
26 183
26 183
26 183
26 183
23 722
23 722
23 722
23 722
23 722
23 722
23 722
23 722
23 722
23 722
23 722
23 722
23 722
23 722
23 722
23 722
23 722
23 722
23 722
23 722
23 722
23 722
23 722
25 220
25 220
25 220
25 220
25 220
25 220
25 220
25 220
25 220
25 220
25 220
25 220
25 220
25 220
25 220
32 223
32 223
32 223
32 223
32 223
32 223
32 223
32 223
32 223
32 223
32 223
32 223
32 223
32 223
32 223
32 223
32 223
32 223
32 223
30 265
30 265
30 265
30 265
30 265
30 265
30 265
30 265
30 265
30 265
30 265
30 265
30 265
30 265
30 265
30 265
33 256
33 256
33 256
33 256
33 256
33 256
33 256
33 256
33 256
33 256
33 256
33 256
33 256
34 252
34 252
34 252
34 252
34 252
40 700
40 700
40 700
40 700
40 700
40 700
43 238
43 238
43 238
43 238
43 238
43 238
43 238
43 238
43 238
43 238
43 238
43 238
43 238
43 238
43 238
43 238
43 238
43 238
39 318
39 318
51 207
51 207
51 207
41 307
41 307
41 307
41 307
41 307
41 307
41 307
41 307
41 307
41 307
41 307
41 307
41 307
41 307
41 307
41 307
41 307
41 307
41 307
41 307
57 220
57 220
57 220
57 220
57 220
57 220
57 220
57 220
57 220
57 220
57 220
57 220
57 220
57 220
57 220
57 220
57 220
57 220
57 220
57 220
57 220
57 220
57 220
57 220
57 220
57 220
57 220
57 220
57 220
55 764
55 764
55 764
55 764
55 764
55 764
55 764
55 764
55 764
55 764
55 764
55 764
55 764
55 764
55 764
55 764
55 764
55 764
55 764
55 764
55 764
55 764
55 764
55 764
55 764
55 764
55 764
55 764
3 288
3 288
3 288
3 288
3 288
3 288
3 288
3 288
3 288
3 288
3 288
3 288
3 288
3 288
3 288
3 288
3 288
3 288
3 288
3 288
3 288
3 288
3 288
3 288
9 231
9 231
9 231
9 231
9 231
9 231
9 231
9 231
9 231
9 231
54 288
54 288
54 288
54 288
54 288
54 288
54 288
54 288
4 294
4 294
4 294
4 294
4 294
4 294
4 294
4 294
4 294
4 294
4 294
4 294
4 294
4 294
4 294
4 294
4 294
4 294
4 294
4 294
4 294
4 294
4 294
4 294
4 294
4 294
4 294
7 765
7 765
7 765
7 765
7 765
7 765
7 765
58 757
58 757
58 757
58 757
58 757
58 757
58 757
58 757
58 757
58 757
58 757
58 757
58 757
58 757
58 757
58 757
58 757
58 757
58 757
58 757
58 757
58 757
58 757
58 757
58 757
58 757
61 746
61 746
61 746
61 746
61 746
61 746
61 746
61 746
61 746
61 746
61 746
61 746
61 746
61 746
61 746
61 746
61 746
61 746
61 746
61 746
61 746
62 742
62 742
62 742
62 742
62 742
62 742
62 742
62 742
62 742
62 742
62 742
62 742
62 742
62 742
62 742
62 742
62 742
62 742
62 742
62 742
62 742
62 742
13 734
5 341
5 341
5 341
5 341
5 341
5 341
5 341
5 341
5 341
5 341
5 341
16 739
16 739
16 739
16 739
16 739
16 739
16 739
16 739
16 739
16 739
16 739
16 739
16 739
16 739
16 739
16 739
16 739
16 739
16 739
16 739
16 739
16 739
16 739
16 739
16 739
16 739
16 739
16 739
16 739
16 739
63 288
63 288
63 288
63 288
63 288
63 288
63 288
63 288
63 288
63 288
63 288
63 288
63 288
63 288
63 288
63 288
63 288
17 250
17 250
17 250
17 250
17 250
17 250
17 250
17 250
17 250
22 240
22 240
22 240
22 240
22 240
22 240
22 240
22 240
22 240
22 240
22 240
22 240
22 240
22 240
26 219
26 219
26 219
26 219
26 219
26 219
26 219
26 219
26 219
26 219
26 219
26 219
26 219
26 219
26 219
26 219
26 219
26 219
26 219
26 219
26 219
26 219
26 219
26 219
26 219
21 775
21 775
21 775
21 775
23 767
23 767
23 767
23 767
23 767
23 767
23 767
23 767
23 767
23 767
23 767
23 767
23 767
23 767
23 767
23 767
23 767
23 767
23 767
23 767
23 767
23 767
23 767
32 208
32 208
32 208
32 208
32 208
32 208
32 208
32 208
32 208
32 208
32 208
32 208
32 208
32 208
32 208
32 208
32 208
32 208
32 208
33 220
33 220
33 220
33 220
33 220
33 220
33 220
33 220
33 220
33 220
33 220
33 220
33 220
34 215
34 215
34 215
34 215
34 215
18 384
18 384
18 384
18 384
18 384
18 384
18 384
18 384
18 384
18 384
18 384
18 384
43 209
43 209
43 209
43 209
43 209
43 209
43 209
43 209
43 209
43 209
43 209
43 209
43 209
43 209
43 209
43 209
43 209
43 209
25 434
25 434
25 434
25 434
25 434
25 434
25 434
25 434
25 434
25 434
25 434
25 434
25 434
25 434
25 434
40 801
40 801
40 801
40 801
40 801
40 801
30 409
30 409
30 409
30 409
30 409
30 409
30 409
30 409
30 409
30 409
30 409
30 409
30 409
30 409
30 409
30 409
51 220
51 220
51 220
39 381
39 381
57 225
57 225
57 225
57 225
57 225
57 225
57 225
57 225
57 225
57 225
57 225
57 225
57 225
57 225
57 225
57 225
57 225
57 225
57 225
57 225
57 225
57 225
57 225
57 225
57 225
57 225
57 225
57 225
57 225
41 406
41 406
41 406
41 406
41 406
41 406
41 406
41 406
41 406
41 406
41 406
41 406
41 406
41 406
41 406
41 406
41 406
41 406
41 406
41 406
55 853
55 853
55 853
55 853
55 853
55 853
55 853
55 853
55 853
55 853
55 853
55 853
55 853
55 853
55 853
55 853
55 853
55 853
55 853
55 853
55 853
55 853
55 853
55 853
55 853
55 853
55 853
55 853
58 840
58 840
58 840
58 840
58 840
58 840
58 840
58 840
58 840
58 840
58 840
58 840
58 840
58 840
58 840
58 840
58 840
58 840
58 840
58 840
58 840
58 840
58 840
58 840
58 840
58 840
61 830
61 830
61 830
61 830
61 830
61 830
61 830
61 830
61 830
61 830
61 830
61 830
61 830
61 830
61 830
61 830
61 830
61 830
61 830
61 830
61 830
62 831
62 831
62 831
62 831
62 831
62 831
62 831
62 831
62 831
62 831
62 831
62 831
62 831
62 831
62 831
62 831
62 831
62 831
62 831
62 831
62 831
62 831
63 447
63 447
63 447
63 447
63 447
63 447
63 447
63 447
63 447
63 447
63 447
63 447
63 447
63 447
63 447
63 447
63 447
