5 48
5 48
5 48
5 48
5 48
5 48
3 69
3 69
3 69
3 69
3 69
3 69
3 69
3 69
3 69
3 69
3 69
3 69
3 69
3 69
3 69
3 69
3 69
3 69
3 69
10 24
10 24
10 24
10 24
10 24
10 24
10 24
10 24
10 24
10 24
10 24
12 12
15 9
15 9
16 7
16 7
16 7
19 9
19 9
19 9
19 9
19 9
19 9
19 9
19 9
19 9
19 9
19 9
19 9
19 9
21 13
21 13
21 13
21 13
21 13
22 17
22 17
22 17
22 17
22 17
22 17
22 17
22 17
23 13
23 13
23 13
23 13
3 4
3 4
3 4
3 4
3 4
3 4
3 4
3 4
3 4
3 4
3 4
3 4
3 4
3 4
3 4
3 4
3 4
3 4
3 4
5 6
5 6
5 6
5 6
5 6
5 6
36 206
36 206
36 206
36 206
36 206
36 206
36 206
36 206
36 206
36 206
36 206
36 206
36 206
36 206
36 206
36 206
36 206
36 206
36 206
36 206
40 184
40 184
40 184
40 184
40 184
40 184
40 184
10 1
10 1
10 1
10 1
10 1
10 1
10 1
10 1
10 1
10 1
10 1
12 2
15 25
15 25
16 20
16 20
16 20
19 10
19 10
19 10
19 10
19 10
19 10
19 10
19 10
19 10
19 10
19 10
19 10
19 10
55 156
55 156
55 156
55 156
55 156
55 156
55 156
55 156
55 156
55 156
55 156
55 156
55 156
55 156
55 156
55 156
21 4
21 4
21 4
21 4
21 4
22 2
22 2
22 2
22 2
22 2
22 2
22 2
22 2
23 9
23 9
23 9
23 9
59 210
59 210
59 210
59 210
59 210
59 210
59 210
59 210
59 210
59 210
59 210
59 210
3 12
3 12
3 12
3 12
3 12
3 12
3 12
3 12
3 12
3 12
3 12
3 12
3 12
3 12
3 12
3 12
3 12
3 12
3 12
5 4
5 4
5 4
5 4
5 4
5 4
40 183
40 183
40 183
40 183
40 183
40 183
40 183
10 1
10 1
10 1
10 1
10 1
10 1
10 1
10 1
10 1
10 1
10 1
12 8
15 19
15 19
16 29
16 29
16 29
19 48
19 48
19 48
19 48
19 48
19 48
19 48
19 48
19 48
19 48
19 48
19 48
19 48
21 30
21 30
21 30
21 30
21 30
22 23
22 23
22 23
22 23
22 23
22 23
22 23
22 23
23 19
23 19
23 19
23 19
36 422
36 422
36 422
36 422
36 422
36 422
36 422
36 422
36 422
36 422
36 422
36 422
36 422
36 422
36 422
36 422
36 422
36 422
36 422
36 422
55 327
55 327
55 327
55 327
55 327
55 327
55 327
55 327
55 327
55 327
55 327
55 327
55 327
55 327
55 327
55 327
59 318
59 318
59 318
59 318
59 318
59 318
59 318
59 318
59 318
59 318
59 318
59 318
39 557
39 557
39 557
39 557
39 557
39 557
39 557
39 557
39 557
39 557
39 557
39 557
39 557
39 557
39 557
62 916
62 916
62 916
62 916
62 916
62 916
62 916
62 916
62 916
62 916
62 916
62 916
62 916
62 916
62 916
62 916
62 916
62 419
62 419
62 419
62 419
62 419
62 419
62 419
62 419
62 419
62 419
62 419
62 419
62 419
62 419
62 419
62 419
62 419
54 1005
54 1005
54 1005
54 1005
54 1005
54 1005
54 1005
54 1005
54 1005
54 1005
54 523
54 523
54 523
54 523
54 523
54 523
54 523
54 523
54 523
54 523
3 43
3 43
3 43
3 43
3 43
3 43
3 43
3 43
3 43
3 43
3 43
3 43
3 43
3 43
3 43
3 43
3 43
3 43
3 43
5 34
5 34
5 34
5 34
5 34
5 34
10 2
10 2
10 2
10 2
10 2
10 2
10 2
10 2
10 2
10 2
10 2
12 2
15 7
15 7
16 2
16 2
16 2
48 1190
48 1190
48 1190
48 1190
48 1190
48 1190
48 1190
48 1190
48 1190
48 692
48 692
48 692
48 692
48 692
48 692
48 692
48 692
48 692
19 8
19 8
19 8
19 8
19 8
19 8
19 8
19 8
19 8
19 8
19 8
19 8
19 8
21 12
21 12
21 12
21 12
21 12
22 18
22 18
22 18
22 18
22 18
22 18
22 18
22 18
23 24
23 24
23 24
23 24
40 466
40 466
40 466
40 466
40 466
40 466
40 466
3 11
3 11
3 11
3 11
3 11
3 11
3 11
3 11
3 11
3 11
3 11
3 11
3 11
3 11
3 11
3 11
3 11
3 11
3 11
36 689
36 689
36 689
36 689
36 689
36 689
36 689
36 689
36 689
36 689
36 689
36 689
36 689
36 689
36 689
36 689
36 689
36 689
36 689
36 689
39 659
39 659
39 659
39 659
39 659
39 659
39 659
39 659
39 659
39 659
39 659
39 659
39 659
39 659
39 659
54 510
54 510
54 510
54 510
54 510
54 510
54 510
54 510
54 510
54 510
5 2
5 2
5 2
5 2
5 2
5 2
55 503
55 503
55 503
55 503
55 503
55 503
55 503
55 503
55 503
55 503
55 503
55 503
55 503
55 503
55 503
55 503
48 618
48 618
48 618
48 618
48 618
48 618
48 618
48 618
48 618
10 11
10 11
10 11
10 11
10 11
10 11
10 11
10 11
10 11
10 11
10 11
12 5
62 515
62 515
62 515
62 515
62 515
62 515
62 515
62 515
62 515
62 515
62 515
62 515
62 515
62 515
62 515
62 515
62 515
15 12
15 12
16 4
16 4
16 4
59 579
59 579
59 579
59 579
59 579
59 579
59 579
59 579
59 579
59 579
59 579
59 579
19 16
19 16
19 16
19 16
19 16
19 16
19 16
19 16
19 16
19 16
19 16
19 16
19 16
21 17
21 17
21 17
21 17
21 17
22 34
22 34
22 34
22 34
22 34
22 34
22 34
22 34
23 26
23 26
23 26
23 26
36 612
36 612
36 612
36 612
36 612
36 612
36 612
36 612
36 612
36 612
36 612
36 612
36 612
36 612
36 612
36 612
36 612
36 612
36 612
36 612
27 2255
27 2255
27 2255
27 2255
27 2255
27 2255
27 2255
27 2255
27 2255
27 2255
27 2255
27 2255
27 2255
27 2255
27 2255
27 2255
27 2255
27 2255
27 1755
27 1755
27 1755
27 1755
27 1755
27 1755
27 1755
27 1755
27 1755
27 1755
27 1755
27 1755
27 1755
27 1755
27 1755
27 1755
27 1755
27 1755
27 1256
27 1256
27 1256
27 1256
27 1256
27 1256
27 1256
27 1256
27 1256
27 1256
27 1256
27 1256
27 1256
27 1256
27 1256
27 1256
27 1256
27 1256
3 7
3 7
3 7
3 7
3 7
3 7
3 7
3 7
3 7
3 7
3 7
3 7
3 7
3 7
3 7
3 7
3 7
3 7
3 7
52 2018
52 2018
52 2018
52 2018
52 2018
52 2018
52 2018
52 2018
52 2018
52 2018
52 2018
52 2018
52 2018
52 2018
52 1519
52 1519
52 1519
52 1519
52 1519
52 1519
52 1519
52 1519
52 1519
52 1519
52 1519
52 1519
52 1519
52 1519
52 1020
52 1020
52 1020
52 1020
52 1020
52 1020
52 1020
52 1020
52 1020
52 1020
52 1020
52 1020
52 1020
52 1020
40 647
40 647
40 647
40 647
40 647
40 647
40 647
5 11
5 11
5 11
5 11
5 11
5 11
48 615
48 615
48 615
48 615
48 615
48 615
48 615
48 615
48 615
10 54
10 54
10 54
10 54
10 54
10 54
10 54
10 54
10 54
10 54
10 54
39 773
39 773
39 773
39 773
39 773
39 773
39 773
39 773
39 773
39 773
39 773
39 773
39 773
39 773
39 773
12 52
52 662
52 662
52 662
52 662
52 662
52 662
52 662
52 662
52 662
52 662
52 662
52 662
52 662
52 662
15 38
15 38
16 29
16 29
16 29
19 13
19 13
19 13
19 13
19 13
19 13
19 13
19 13
19 13
19 13
19 13
19 13
19 13
54 675
54 675
54 675
54 675
54 675
54 675
54 675
54 675
54 675
54 675
21 9
21 9
21 9
21 9
21 9
22 5
22 5
22 5
22 5
22 5
22 5
22 5
22 5
55 679
55 679
55 679
55 679
55 679
55 679
55 679
55 679
55 679
55 679
55 679
55 679
55 679
55 679
55 679
55 679
23 13
23 13
23 13
23 13
62 696
62 696
62 696
62 696
62 696
62 696
62 696
62 696
62 696
62 696
62 696
62 696
62 696
62 696
62 696
62 696
62 696
59 811
59 811
59 811
59 811
59 811
59 811
59 811
59 811
59 811
59 811
59 811
59 811
27 713
27 713
27 713
27 713
27 713
27 713
27 713
27 713
27 713
27 713
27 713
27 713
27 713
27 713
27 713
27 713
27 713
27 713
3 23
3 23
3 23
3 23
3 23
3 23
3 23
3 23
3 23
3 23
3 23
3 23
3 23
3 23
3 23
3 23
3 23
3 23
3 23
5 19
5 19
5 19
5 19
5 19
5 19
10 1
10 1
10 1
10 1
10 1
10 1
10 1
10 1
10 1
10 1
10 1
12 1
15 19
15 19
39 782
39 782
39 782
39 782
39 782
39 782
39 782
39 782
39 782
39 782
39 782
39 782
39 782
39 782
39 782
16 30
16 30
16 30
19 38
19 38
19 38
19 38
19 38
19 38
19 38
19 38
19 38
19 38
19 38
19 38
19 38
21 26
21 26
21 26
21 26
21 26
22 19
22 19
22 19
22 19
22 19
22 19
22 19
22 19
40 839
40 839
40 839
40 839
40 839
40 839
40 839
23 11
23 11
23 11
23 11
48 909
48 909
48 909
48 909
48 909
48 909
48 909
48 909
48 909
52 887
52 887
52 887
52 887
52 887
52 887
52 887
52 887
52 887
52 887
52 887
52 887
52 887
52 887
54 870
54 870
54 870
54 870
54 870
54 870
54 870
54 870
54 870
54 870
36 1078
36 1078
36 1078
36 1078
36 1078
36 1078
36 1078
36 1078
36 1078
36 1078
36 1078
36 1078
36 1078
36 1078
36 1078
36 1078
36 1078
36 1078
36 1078
36 1078
55 893
55 893
55 893
55 893
55 893
55 893
55 893
55 893
55 893
55 893
55 893
55 893
55 893
55 893
55 893
55 893
62 853
62 853
62 853
62 853
62 853
62 853
62 853
62 853
62 853
62 853
62 853
62 853
62 853
62 853
62 853
62 853
62 853
3 28
3 28
3 28
3 28
3 28
3 28
3 28
3 28
3 28
3 28
3 28
3 28
3 28
3 28
3 28
3 28
3 28
3 28
3 28
5 16
5 16
5 16
5 16
5 16
5 16
10 1
10 1
10 1
10 1
10 1
10 1
10 1
10 1
10 1
10 1
10 1
12 2
59 1041
59 1041
59 1041
59 1041
59 1041
59 1041
59 1041
59 1041
59 1041
59 1041
59 1041
59 1041
15 13
15 13
27 955
27 955
27 955
27 955
27 955
27 955
27 955
27 955
27 955
27 955
27 955
27 955
27 955
27 955
27 955
27 955
27 955
27 955
19 48
19 48
19 48
19 48
19 48
19 48
19 48
19 48
19 48
19 48
19 48
19 48
19 48
16 89
16 89
16 89
21 52
21 52
21 52
21 52
21 52
22 47
22 47
22 47
22 47
22 47
22 47
22 47
22 47
23 45
23 45
23 45
23 45
36 929
36 929
36 929
36 929
36 929
36 929
36 929
36 929
36 929
36 929
36 929
36 929
36 929
36 929
36 929
36 929
36 929
36 929
36 929
36 929
39 972
39 972
39 972
39 972
39 972
39 972
39 972
39 972
39 972
39 972
39 972
39 972
39 972
39 972
39 972
40 966
40 966
40 966
40 966
40 966
40 966
40 966
55 1182
55 1182
55 1182
55 1182
55 1182
55 1182
55 1182
55 1182
55 1182
55 1182
55 1182
55 1182
55 1182
55 1182
55 1182
55 1182
52 1235
52 1235
52 1235
52 1235
52 1235
52 1235
52 1235
52 1235
52 1235
52 1235
52 1235
52 1235
52 1235
52 1235
59 1186
59 1186
59 1186
59 1186
59 1186
59 1186
59 1186
59 1186
59 1186
59 1186
59 1186
59 1186
62 1181
62 1181
62 1181
62 1181
62 1181
62 1181
62 1181
62 1181
62 1181
62 1181
62 1181
62 1181
62 1181
62 1181
62 1181
62 1181
62 1181
48 1325
48 1325
48 1325
48 1325
48 1325
48 1325
48 1325
48 1325
48 1325
