1 3 3 62.4314 -92.0019
2 2 2 -60.3158 -79.1618
3 2 3 -69.7084 87.1205
4 4 2 -71.0274 -52.8811
5 1 2 -75.9847 58.6026
6 1 3 -41.1317 -9.87744
7 1 1 66.8836 -9.24479
8 1 1 -77.8788 -32.2461
9 4 3 83.4773 62.1313
10 2 1 -78.8988 24.8133
11 2 3 -34.6173 -6.68225
12 2 1 88.0171 94.1804
13 3 3 -57.2899 14.3194
14 3 1 12.3545 -72.8585
15 3 2 2.1996 94.3717
16 4 3 -90.0939 41.0577
17 1 3 37.6936 -17.3343
18 3 2 -6.54056 6.58681
19 4 1 -8.35884 -46.5142
20 2 1 31.6678 2.86102
21 1 2 10.091 22.7241
22 4 2 -5.60005 -64.2307
23 1 3 -66.8245 -98.6745
24 4 2 57.8024 87.8861
25 2 1 28.2273 -62.0915
26 2 2 -54.7588 -43.1096
27 3 1 16.0491 55.3989
28 4 1 -77.3322 43.4431
29 3 2 -83.453 -18.9308
30 2 2 -96.9023 91.9099
31 1 1 86.28 -32.0989
32 2 1 83.9042 -18.508
33 2 2 -42.8096 -20.091
34 2 3 -20.5548 -32.9893
35 4 2 71.3551 -9.67812
36 4 1 -40.3381 52.2421
37 1 3 -5.2837 15.1046
38 1 1 37.5465 -65.8613
39 1 2 89.049 82.061
40 1 1 -91.5607 6.41733
41 4 3 20.1941 93.6058
42 2 2 -97.7581 -51.3446
43 4 2 72.8187 43.6887
44 1 1 23.4662 28.2389
45 2 1 39.0748 87.6917
46 4 1 31.6956 -23.6555
47 3 3 31.9539 84.3346
48 4 3 -62.3501 -90.0472
49 2 2 -72.6706 68.1994
50 3 2 0.828946 1.8779
51 4 3 32.5994 -70.9252
52 4 2 78.1554 -83.5435
53 1 3 18.49 -53.6162
54 3 2 -74.8087 76.0518
55 2 3 -90.4883 23.3479
56 1 3 -15.3959 -11.7356
57 1 1 64.0474 -45.1858
58 1 3 -9.57418 -5.98272
59 4 1 37.2062 38.1507
60 2 3 -86.4161 -53.5967
61 4 1 84.6013 71.7047
62 2 1 26.1756 83.8917
63 4 1 -78.395 -43.3225
64 1 1 89.4028 -2.11887
