1 4 2 -22.4171 28.7138
2 3 3 4.91694 -39.943
3 4 2 20.6729 80.2549
4 1 2 -16.2882 13.7249
5 4 2 -90.7858 89.3074
6 2 2 60.1823 -39.2306
7 2 2 77.3988 -10.0691
8 2 2 36.0832 12.3527
9 2 2 -73.5569 88.9426
10 3 3 12.4113 -22.525
11 3 3 -71.8784 -70.6848
12 2 2 65.4007 -89.557
13 3 3 63.8697 82.2376
14 1 2 -82.4812 -91.0481
15 2 2 72.5542 95.7775
16 3 3 -84.5133 -81.1707
17 2 2 39.5577 87.6184
18 3 3 -30.7877 6.52021
19 4 2 -98.6384 86.2932
20 2 2 -2.46595 9.52005
21 4 2 -99.1806 -65.5281
22 3 3 57.3178 -64.8353
23 3 3 14.929 -30.8432
24 1 2 55.4273 6.84066
25 4 2 26.473 -3.12339
26 1 2 -56.8942 -79.474
27 1 2 5.34121 -56.6926
28 2 2 -57.5004 5.71384
29 3 3 42.1657 -59.043
30 1 1 -53.8512 7.52325
31 3 3 -64.5574 46.4465
32 1 1 -33.9448 88.5618
33 3 3 96.3855 -8.29462
34 3 3 99.1013 -23.2515
35 4 1 -62.7439 34.967
36 4 1 -79.8547 85.615
37 3 3 -38.0693 -40.8896
38 4 1 56.8859 58.4929
39 2 1 76.7862 -39.2018
40 3 3 68.9486 -60.8334
41 4 1 -60.9392 22.3024
42 4 1 61.9354 42.7172
43 2 1 -96.5147 35.0951
44 3 3 -56.0825 -42.8191
45 2 1 96.6686 98.9701
46 4 1 -96.9368 71.5177
47 4 1 91.7571 -29.7578
48 1 1 77.5359 66.8869
49 2 1 -37.1898 -20.1884
50 2 1 -99.0594 55.3728
51 2 1 43.7988 78.1519
52 4 1 18.2523 -67.1509
53 3 3 86.7165 88.5897
54 3 3 -63.0203 85.3909
55 1 1 80.6878 -57.5115
56 3 3 -3.11044 -36.6707
57 1 1 -78.09 -95.4993
58 2 1 -53.6906 -19.1619
59 3 3 74.9811 60.3145
60 4 1 38.3893 8.48416
61 3 3 -60.9147 87.9265
62 3 3 28.2698 58.8249
63 3 2 -46.1527 54.1057
64 1 1 6.34864 -7.6792
