9 248
9 248
9 248
9 248
9 248
9 248
9 248
9 248
9 248
9 248
9 248
9 248
9 248
9 248
9 248
9 248
9 248
9 248
9 248
9 248
9 248
9 248
9 248
9 248
14 212
14 212
14 212
14 212
14 212
14 212
14 212
14 212
14 212
14 212
14 212
23 139
23 139
23 139
23 139
23 139
23 139
23 139
23 139
23 139
23 139
23 139
23 139
23 139
23 139
36 313
36 313
36 313
36 313
36 313
36 313
36 313
36 313
36 313
36 313
36 313
36 313
36 313
36 313
36 313
36 313
36 313
36 313
36 313
36 313
36 313
36 313
9 314
9 314
9 314
9 314
9 314
9 314
9 314
9 314
9 314
9 314
9 314
9 314
9 314
9 314
9 314
9 314
9 314
9 314
9 314
9 314
9 314
9 314
9 314
9 314
59 339
59 339
59 339
59 339
59 339
59 339
13 348
47 534
47 534
47 534
47 534
47 534
23 390
23 390
23 390
23 390
23 390
23 390
23 390
23 390
23 390
23 390
23 390
23 390
23 390
23 390
14 633
14 633
14 633
14 633
14 633
14 633
14 633
14 633
14 633
14 633
14 633
4 1296
4 1296
4 1296
4 1296
4 800
4 800
4 800
4 800
47 595
47 595
47 595
47 595
47 595
4 566
4 566
4 566
4 566
59 602
59 602
59 602
59 602
59 602
59 602
9 610
9 610
9 610
9 610
9 610
9 610
9 610
9 610
9 610
9 610
9 610
9 610
9 610
9 610
9 610
9 610
9 610
9 610
9 610
9 610
9 610
9 610
9 610
9 610
36 865
36 865
36 865
36 865
36 865
36 865
36 865
36 865
36 865
36 865
36 865
36 865
36 865
36 865
36 865
36 865
36 865
36 865
36 865
36 865
36 865
36 865
13 693
23 699
23 699
23 699
23 699
23 699
23 699
23 699
23 699
23 699
23 699
23 699
23 699
23 699
23 699
30 2018
30 2018
30 1026
30 1026
14 1441
14 1441
14 1441
14 1441
14 1441
14 1441
14 1441
14 1441
14 1441
14 1441
14 1441
47 1247
47 1247
47 1247
47 1247
47 1247
13 1101
63 2114
63 2114
63 2114
63 2114
63 2114
63 2114
63 2114
63 2114
63 2114
63 2114
63 2114
63 2114
63 2114
63 2114
63 2114
63 2114
63 2114
63 2114
63 2114
63 2114
63 2114
63 2114
63 2114
63 2114
63 2114
63 1619
63 1619
63 1619
63 1619
63 1619
63 1619
63 1619
63 1619
63 1619
63 1619
63 1619
63 1619
63 1619
63 1619
63 1619
63 1619
63 1619
63 1619
63 1619
63 1619
63 1619
63 1619
63 1619
63 1619
63 1619
14 1187
14 1187
14 1187
14 1187
14 1187
14 1187
14 1187
14 1187
14 1187
14 1187
14 1187
23 1099
23 1099
23 1099
23 1099
23 1099
23 1099
23 1099
23 1099
23 1099
23 1099
23 1099
23 1099
23 1099
23 1099
59 1240
59 1240
59 1240
59 1240
59 1240
59 1240
36 1652
36 1652
36 1652
36 1652
36 1652
36 1652
36 1652
36 1652
36 1652
36 1652
36 1652
36 1652
36 1652
36 1652
36 1652
36 1652
36 1652
36 1652
36 1652
36 1652
36 1652
36 1652
9 1568
9 1568
9 1568
9 1568
9 1568
9 1568
9 1568
9 1568
9 1568
9 1568
9 1568
9 1568
9 1568
9 1568
9 1568
9 1568
9 1568
9 1568
9 1568
9 1568
9 1568
9 1568
9 1568
9 1568
36 1431
36 1431
36 1431
36 1431
36 1431
36 1431
36 1431
36 1431
36 1431
36 1431
36 1431
36 1431
36 1431
36 1431
36 1431
36 1431
36 1431
36 1431
36 1431
36 1431
36 1431
36 1431
30 1534
30 1534
59 1245
59 1245
59 1245
59 1245
59 1245
59 1245
9 1299
9 1299
9 1299
9 1299
9 1299
9 1299
9 1299
9 1299
9 1299
9 1299
9 1299
9 1299
9 1299
9 1299
9 1299
9 1299
9 1299
9 1299
9 1299
9 1299
9 1299
9 1299
9 1299
9 1299
13 1277
86 2561
86 2561
86 2561
86 2561
86 2561
86 2561
86 2561
86 2561
86 2561
86 2561
86 2561
86 2561
86 2561
86 2561
86 2561
86 2561
86 2561
86 2561
86 2561
86 2561
86 2561
86 2561
86 2561
83 2592
83 2592
83 2592
83 2592
83 2592
83 2592
83 2592
83 2592
83 2592
83 2592
83 2592
83 2592
83 2592
83 2592
83 2592
83 2592
83 2592
83 2592
83 2592
90 2524
90 2524
90 2524
90 2524
90 2524
90 2524
90 2524
90 2524
90 2524
90 2524
14 1288
14 1288
14 1288
14 1288
14 1288
14 1288
14 1288
14 1288
14 1288
14 1288
14 1288
94 1509
94 1509
94 1509
94 1509
94 1509
94 1509
94 1509
94 1509
94 1509
94 1509
94 1509
94 1509
94 1509
94 1509
94 1509
94 1509
94 1509
94 1509
94 1509
94 1509
94 1509
94 1509
94 1509
94 1509
94 1509
94 1509
94 1509
94 1509
64 2835
64 2835
64 2835
64 2835
64 2835
64 2835
64 2835
97 1554
97 1554
97 1554
97 1554
97 1554
97 1554
97 1554
97 1554
97 1554
97 1554
97 1554
97 1554
97 1554
47 1582
47 1582
47 1582
47 1582
47 1582
23 1345
23 1345
23 1345
23 1345
23 1345
23 1345
23 1345
23 1345
23 1345
23 1345
23 1345
23 1345
23 1345
23 1345
104 1624
104 1624
104 1624
104 1624
104 1624
104 1624
104 1624
104 1624
104 1624
104 1624
104 1624
104 1624
104 1624
104 1624
104 1624
104 1624
104 1624
104 1624
104 1624
104 1624
104 1624
104 1624
104 1624
104 1624
104 1624
104 1624
104 1624
104 1624
104 1624
104 1624
30 1369
30 1369
108 1637
108 1637
108 1637
108 1637
108 1637
108 1637
108 1637
108 1637
108 1637
108 1637
108 1637
108 1637
108 1637
108 1637
108 1637
4 1722
4 1722
4 1722
4 1722
36 1402
36 1402
36 1402
36 1402
36 1402
36 1402
36 1402
36 1402
36 1402
36 1402
36 1402
36 1402
36 1402
36 1402
36 1402
36 1402
36 1402
36 1402
36 1402
36 1402
36 1402
36 1402
112 1669
112 1669
112 1669
112 1669
112 1669
112 1669
112 1669
112 1669
112 1669
112 1669
112 1669
112 1669
113 1673
113 1673
113 1673
113 1673
113 1673
113 1673
113 1673
113 1673
113 1673
113 1673
113 1673
113 1673
113 1673
113 1673
113 1673
113 1673
113 1673
115 1692
115 1692
115 1692
115 1692
115 1692
115 1692
115 1692
115 1692
63 1811
63 1811
63 1811
63 1811
63 1811
63 1811
63 1811
63 1811
63 1811
63 1811
63 1811
63 1811
63 1811
63 1811
63 1811
63 1811
63 1811
63 1811
63 1811
63 1811
63 1811
63 1811
63 1811
63 1811
63 1811
47 1534
47 1534
47 1534
47 1534
47 1534
59 1502
59 1502
59 1502
59 1502
59 1502
59 1502
71 2455
71 2455
71 2455
71 2455
71 2455
71 2455
71 2455
71 2455
71 2455
71 2455
71 2455
71 2455
71 2455
71 2455
71 2455
71 2455
71 2455
71 2455
71 2455
71 2455
71 2455
74 2426
74 2426
74 2426
83 1871
83 1871
83 1871
83 1871
83 1871
83 1871
83 1871
83 1871
83 1871
83 1871
83 1871
83 1871
83 1871
83 1871
83 1871
83 1871
83 1871
83 1871
83 1871
86 1897
86 1897
86 1897
86 1897
86 1897
86 1897
86 1897
86 1897
86 1897
86 1897
86 1897
86 1897
86 1897
86 1897
86 1897
86 1897
86 1897
86 1897
86 1897
86 1897
86 1897
86 1897
86 1897
90 1916
90 1916
90 1916
90 1916
90 1916
90 1916
90 1916
90 1916
90 1916
90 1916
97 1952
97 1952
97 1952
97 1952
97 1952
97 1952
97 1952
97 1952
97 1952
97 1952
97 1952
97 1952
97 1952
94 2025
94 2025
94 2025
94 2025
94 2025
94 2025
94 2025
94 2025
94 2025
94 2025
94 2025
94 2025
94 2025
94 2025
94 2025
94 2025
94 2025
94 2025
94 2025
94 2025
94 2025
94 2025
94 2025
94 2025
94 2025
94 2025
94 2025
94 2025
66 2819
66 2819
66 2819
66 2819
66 2819
66 2819
66 2819
66 2819
66 2819
82 2708
82 2708
82 2708
82 2708
82 2708
82 2708
82 2708
82 2708
82 2708
82 2708
82 2708
82 2708
82 2708
82 2708
82 2708
82 2708
82 2708
82 2708
82 2708
82 2708
82 2708
82 2708
82 2708
82 2708
82 2708
82 2708
82 2708
104 1994
104 1994
104 1994
104 1994
104 1994
104 1994
104 1994
104 1994
104 1994
104 1994
104 1994
104 1994
104 1994
104 1994
104 1994
104 1994
104 1994
104 1994
104 1994
104 1994
104 1994
104 1994
104 1994
104 1994
104 1994
104 1994
104 1994
104 1994
104 1994
104 1994
71 2331
71 2331
71 2331
71 2331
71 2331
71 2331
71 2331
71 2331
71 2331
71 2331
71 2331
71 2331
71 2331
71 2331
71 2331
71 2331
71 2331
71 2331
71 2331
71 2331
71 2331
108 2030
108 2030
108 2030
108 2030
108 2030
108 2030
108 2030
108 2030
108 2030
108 2030
108 2030
108 2030
108 2030
108 2030
108 2030
74 2427
74 2427
74 2427
115 2112
115 2112
115 2112
115 2112
115 2112
115 2112
115 2112
115 2112
112 2172
112 2172
112 2172
112 2172
112 2172
112 2172
112 2172
112 2172
112 2172
112 2172
112 2172
112 2172
