3 185
3 185
3 185
3 185
3 185
3 185
3 185
3 185
3 185
3 185
3 185
3 185
3 185
3 185
3 185
3 185
3 185
3 185
4 298
4 298
4 298
4 298
4 298
4 298
4 298
4 298
4 298
4 298
4 298
4 298
11 436
11 436
11 436
11 436
11 436
11 436
11 436
11 436
11 436
11 436
11 436
11 436
11 436
11 436
11 436
11 436
11 436
11 436
11 436
11 436
11 436
11 436
11 436
31 245
31 245
31 245
31 245
31 245
31 245
31 245
31 245
31 245
31 245
31 245
31 245
31 245
31 245
31 245
31 245
31 245
31 245
31 245
31 245
31 245
31 245
33 253
33 253
33 253
33 253
33 253
33 253
33 253
33 253
33 253
33 253
33 253
33 253
33 253
33 253
33 253
33 253
33 253
33 253
33 253
33 253
33 253
33 253
33 253
33 253
36 260
36 260
46 440
46 440
46 440
46 440
46 440
46 440
46 440
46 440
46 440
46 440
46 440
46 440
46 440
46 440
46 440
46 440
46 440
46 440
46 440
46 440
46 440
46 440
46 440
46 440
46 440
46 440
46 440
51 415
51 415
51 415
51 415
51 415
51 415
51 415
51 415
51 415
51 415
51 415
51 415
51 415
51 415
51 415
51 415
51 415
3 499
3 499
3 499
3 499
3 499
3 499
3 499
3 499
3 499
3 499
3 499
3 499
3 499
3 499
3 499
3 499
3 499
3 499
11 475
11 475
11 475
11 475
11 475
11 475
11 475
11 475
11 475
11 475
11 475
11 475
11 475
11 475
11 475
11 475
11 475
11 475
11 475
11 475
11 475
11 475
11 475
4 612
4 612
4 612
4 612
4 612
4 612
4 612
4 612
4 612
4 612
4 612
4 612
69 576
69 576
69 576
69 576
19 1132
19 1132
19 1132
19 1132
19 1132
19 1132
19 1132
19 1132
19 1132
19 1132
19 1132
19 1132
19 1132
19 1132
19 1132
19 1132
19 1132
19 1132
19 1132
19 1132
19 1132
10 1222
10 1222
10 1222
10 1222
10 1222
10 1222
10 1222
10 1222
10 1222
10 1222
10 1222
10 1222
10 1222
10 1222
10 1222
10 1222
10 1222
10 1222
10 1222
10 1222
7 1255
7 1255
7 1255
7 1255
7 1255
7 1255
7 1255
7 1255
7 1255
7 1255
7 1255
7 1255
7 1255
7 1255
7 1255
7 1255
7 1255
7 1255
7 1255
19 651
19 651
19 651
19 651
19 651
19 651
19 651
19 651
19 651
19 651
19 651
19 651
19 651
19 651
19 651
19 651
19 651
19 651
19 651
19 651
19 651
53 925
53 925
53 925
53 925
53 925
53 925
53 925
53 925
53 925
53 925
53 925
53 925
53 925
53 925
53 925
53 925
33 667
33 667
33 667
33 667
33 667
33 667
33 667
33 667
33 667
33 667
33 667
33 667
33 667
33 667
33 667
33 667
33 667
33 667
33 667
33 667
33 667
33 667
33 667
33 667
85 714
85 714
85 714
85 714
85 714
85 714
85 714
85 714
85 714
85 714
85 714
85 714
85 714
85 714
85 714
85 714
85 714
85 714
85 714
85 714
85 714
85 714
85 714
85 714
85 714
85 714
85 714
85 714
85 714
85 714
78 861
78 861
78 861
78 861
78 861
78 861
31 836
31 836
31 836
31 836
31 836
31 836
31 836
31 836
31 836
31 836
31 836
31 836
31 836
31 836
31 836
31 836
31 836
31 836
31 836
31 836
31 836
31 836
36 804
36 804
83 856
83 856
83 856
83 856
83 856
83 856
83 856
83 856
83 856
83 856
83 856
83 856
83 856
83 856
83 856
83 856
83 856
83 856
83 856
83 856
83 856
83 856
83 856
83 856
83 856
83 856
83 856
83 856
46 777
46 777
46 777
46 777
46 777
46 777
46 777
46 777
46 777
46 777
46 777
46 777
46 777
46 777
46 777
46 777
46 777
46 777
46 777
46 777
46 777
46 777
46 777
46 777
46 777
46 777
46 777
88 922
88 922
88 922
88 922
88 922
88 922
88 922
88 922
88 922
51 841
51 841
51 841
51 841
51 841
51 841
51 841
51 841
51 841
51 841
51 841
51 841
51 841
51 841
51 841
51 841
51 841
100 909
100 909
100 909
100 909
100 909
11 918
11 918
11 918
11 918
11 918
11 918
11 918
11 918
11 918
11 918
11 918
11 918
11 918
11 918
11 918
11 918
11 918
11 918
11 918
11 918
11 918
11 918
11 918
7 987
7 987
7 987
7 987
7 987
7 987
7 987
7 987
7 987
7 987
7 987
7 987
7 987
7 987
7 987
7 987
7 987
7 987
7 987
10 1011
10 1011
10 1011
10 1011
10 1011
10 1011
10 1011
10 1011
10 1011
10 1011
10 1011
10 1011
10 1011
10 1011
10 1011
10 1011
10 1011
10 1011
10 1011
10 1011
117 968
117 968
117 968
117 968
117 968
117 968
117 968
62 1024
62 1024
62 1024
62 1024
62 1024
62 1024
62 1024
62 1024
62 1024
62 1024
62 1024
62 1024
62 1024
62 1024
62 1024
62 1024
62 1024
62 1024
62 1024
62 1024
62 1024
62 1024
62 1024
62 1024
62 1024
61 1075
61 1075
61 1075
61 1075
61 1075
61 1075
61 1075
61 1075
61 1075
61 1075
61 1075
61 1075
61 1075
61 1075
61 1075
61 1075
61 1075
61 1075
61 1075
61 1075
61 1075
61 1075
61 1075
61 1075
61 1075
61 1075
61 1075
61 1075
61 1075
4 1196
4 1196
4 1196
4 1196
4 1196
4 1196
4 1196
4 1196
4 1196
4 1196
4 1196
4 1196
69 1153
69 1153
69 1153
69 1153
19 1185
19 1185
19 1185
19 1185
19 1185
19 1185
19 1185
19 1185
19 1185
19 1185
19 1185
19 1185
19 1185
19 1185
19 1185
19 1185
19 1185
19 1185
19 1185
19 1185
19 1185
65 1227
65 1227
65 1227
65 1227
65 1227
65 1227
65 1227
65 1227
94 1437
94 1437
94 1437
94 1437
94 1437
94 1437
94 1437
94 1437
94 1437
94 1437
94 1437
94 1437
94 1437
94 1437
42 1458
42 1458
42 1458
42 1458
42 1458
42 1458
42 1458
42 1458
42 1458
42 1458
42 1458
42 1458
42 1458
42 1458
42 1458
42 1458
42 1458
42 1458
42 1458
42 1458
42 1458
42 1458
42 1458
42 1458
42 1458
42 1458
31 1132
31 1132
31 1132
31 1132
31 1132
31 1132
31 1132
31 1132
31 1132
31 1132
31 1132
31 1132
31 1132
31 1132
31 1132
31 1132
31 1132
31 1132
31 1132
31 1132
31 1132
31 1132
78 1165
78 1165
78 1165
78 1165
78 1165
78 1165
53 1425
53 1425
53 1425
53 1425
53 1425
53 1425
53 1425
53 1425
53 1425
53 1425
53 1425
53 1425
53 1425
53 1425
53 1425
53 1425
33 1132
33 1132
33 1132
33 1132
33 1132
33 1132
33 1132
33 1132
33 1132
33 1132
33 1132
33 1132
33 1132
33 1132
33 1132
33 1132
33 1132
33 1132
33 1132
33 1132
33 1132
33 1132
33 1132
33 1132
89 1587
89 1587
89 1587
89 1587
89 1587
89 1587
89 1587
89 1587
89 1587
89 1587
89 1587
89 1587
89 1587
83 1160
83 1160
83 1160
83 1160
83 1160
83 1160
83 1160
83 1160
83 1160
83 1160
83 1160
83 1160
83 1160
83 1160
83 1160
83 1160
83 1160
83 1160
83 1160
83 1160
83 1160
83 1160
83 1160
83 1160
83 1160
83 1160
83 1160
83 1160
85 1155
85 1155
85 1155
85 1155
85 1155
85 1155
85 1155
85 1155
85 1155
85 1155
85 1155
85 1155
85 1155
85 1155
85 1155
85 1155
85 1155
85 1155
85 1155
85 1155
85 1155
85 1155
85 1155
85 1155
85 1155
85 1155
85 1155
85 1155
85 1155
85 1155
89 1247
89 1247
89 1247
89 1247
89 1247
89 1247
89 1247
89 1247
89 1247
89 1247
89 1247
89 1247
89 1247
88 1275
88 1275
88 1275
88 1275
88 1275
88 1275
88 1275
88 1275
88 1275
36 1303
36 1303
104 1666
104 1666
104 1666
104 1666
104 1666
104 1666
104 1666
104 1666
104 1666
104 1666
42 1287
42 1287
42 1287
42 1287
42 1287
42 1287
42 1287
42 1287
42 1287
42 1287
42 1287
42 1287
42 1287
42 1287
42 1287
42 1287
42 1287
42 1287
42 1287
42 1287
42 1287
42 1287
42 1287
42 1287
42 1287
42 1287
94 1308
94 1308
94 1308
94 1308
94 1308
94 1308
94 1308
94 1308
94 1308
94 1308
94 1308
94 1308
94 1308
94 1308
101 1739
101 1739
101 1739
101 1739
101 1739
101 1739
101 1739
101 1739
101 1739
101 1739
101 1739
104 1299
104 1299
104 1299
104 1299
104 1299
104 1299
104 1299
104 1299
104 1299
104 1299
100 1342
100 1342
100 1342
100 1342
100 1342
4 1327
4 1327
4 1327
4 1327
4 1327
4 1327
4 1327
4 1327
4 1327
4 1327
4 1327
4 1327
11 1352
11 1352
11 1352
11 1352
11 1352
11 1352
11 1352
11 1352
11 1352
11 1352
11 1352
11 1352
11 1352
11 1352
11 1352
11 1352
11 1352
11 1352
11 1352
11 1352
11 1352
11 1352
11 1352
7 1429
7 1429
7 1429
7 1429
7 1429
7 1429
7 1429
7 1429
7 1429
7 1429
7 1429
7 1429
7 1429
7 1429
7 1429
7 1429
7 1429
7 1429
7 1429
51 1492
51 1492
51 1492
51 1492
51 1492
51 1492
51 1492
51 1492
51 1492
51 1492
51 1492
51 1492
51 1492
51 1492
51 1492
51 1492
51 1492
46 1565
46 1565
46 1565
46 1565
46 1565
46 1565
46 1565
46 1565
46 1565
46 1565
46 1565
46 1565
46 1565
46 1565
46 1565
46 1565
46 1565
46 1565
46 1565
46 1565
46 1565
46 1565
46 1565
46 1565
46 1565
46 1565
46 1565
61 1460
61 1460
61 1460
61 1460
61 1460
61 1460
61 1460
61 1460
61 1460
61 1460
61 1460
61 1460
61 1460
61 1460
61 1460
61 1460
61 1460
61 1460
61 1460
61 1460
61 1460
61 1460
61 1460
61 1460
61 1460
61 1460
61 1460
61 1460
61 1460
62 1493
62 1493
62 1493
62 1493
62 1493
62 1493
62 1493
62 1493
62 1493
62 1493
62 1493
62 1493
62 1493
62 1493
62 1493
62 1493
62 1493
62 1493
62 1493
62 1493
62 1493
62 1493
62 1493
62 1493
62 1493
117 1454
117 1454
117 1454
117 1454
117 1454
117 1454
117 1454
10 1545
10 1545
10 1545
10 1545
10 1545
10 1545
10 1545
10 1545
10 1545
10 1545
10 1545
10 1545
10 1545
10 1545
10 1545
10 1545
10 1545
10 1545
10 1545
10 1545
69 1477
69 1477
69 1477
69 1477
65 1566
65 1566
65 1566
65 1566
65 1566
65 1566
65 1566
65 1566
77 1951
101 1779
101 1779
101 1779
101 1779
101 1779
101 1779
101 1779
101 1779
101 1779
101 1779
101 1779
19 1638
19 1638
19 1638
19 1638
19 1638
19 1638
19 1638
19 1638
19 1638
19 1638
19 1638
19 1638
19 1638
19 1638
19 1638
19 1638
19 1638
19 1638
19 1638
19 1638
19 1638
31 1568
31 1568
31 1568
31 1568
31 1568
31 1568
31 1568
31 1568
31 1568
31 1568
31 1568
31 1568
31 1568
31 1568
31 1568
31 1568
31 1568
31 1568
31 1568
31 1568
31 1568
31 1568
33 1573
33 1573
33 1573
33 1573
33 1573
33 1573
33 1573
33 1573
33 1573
33 1573
33 1573
33 1573
33 1573
33 1573
33 1573
33 1573
33 1573
33 1573
33 1573
33 1573
33 1573
33 1573
33 1573
33 1573
83 1611
83 1611
83 1611
83 1611
83 1611
83 1611
83 1611
83 1611
83 1611
83 1611
83 1611
83 1611
83 1611
83 1611
83 1611
83 1611
83 1611
83 1611
83 1611
83 1611
83 1611
83 1611
83 1611
83 1611
83 1611
83 1611
83 1611
83 1611
78 1694
78 1694
78 1694
78 1694
78 1694
78 1694
3 2024
3 2024
3 2024
3 2024
3 2024
3 2024
3 2024
3 2024
3 2024
3 2024
3 2024
3 2024
3 2024
3 2024
3 2024
3 2024
3 2024
3 2024
53 2026
53 2026
53 2026
53 2026
53 2026
53 2026
53 2026
53 2026
53 2026
53 2026
53 2026
53 2026
53 2026
53 2026
53 2026
53 2026
85 1712
85 1712
85 1712
85 1712
85 1712
85 1712
85 1712
85 1712
85 1712
85 1712
85 1712
85 1712
85 1712
85 1712
85 1712
85 1712
85 1712
85 1712
85 1712
85 1712
85 1712
85 1712
85 1712
85 1712
85 1712
85 1712
85 1712
85 1712
85 1712
85 1712
36 1703
36 1703
77 1801
46 1616
46 1616
46 1616
46 1616
46 1616
46 1616
46 1616
46 1616
46 1616
46 1616
46 1616
46 1616
46 1616
46 1616
46 1616
46 1616
46 1616
46 1616
46 1616
46 1616
46 1616
46 1616
46 1616
46 1616
46 1616
46 1616
46 1616
88 1715
88 1715
88 1715
88 1715
88 1715
88 1715
88 1715
88 1715
88 1715
42 1874
42 1874
42 1874
42 1874
42 1874
42 1874
42 1874
42 1874
42 1874
42 1874
42 1874
42 1874
42 1874
42 1874
42 1874
42 1874
42 1874
42 1874
42 1874
42 1874
42 1874
42 1874
42 1874
42 1874
42 1874
42 1874
100 1800
100 1800
100 1800
100 1800
100 1800
51 1802
51 1802
51 1802
51 1802
51 1802
51 1802
51 1802
51 1802
51 1802
51 1802
51 1802
51 1802
51 1802
51 1802
51 1802
51 1802
51 1802
94 1885
94 1885
94 1885
94 1885
94 1885
94 1885
94 1885
94 1885
94 1885
94 1885
94 1885
94 1885
94 1885
94 1885
104 1807
104 1807
104 1807
104 1807
104 1807
104 1807
104 1807
104 1807
104 1807
104 1807
3 1894
3 1894
3 1894
3 1894
3 1894
3 1894
3 1894
3 1894
3 1894
3 1894
3 1894
3 1894
3 1894
3 1894
3 1894
3 1894
3 1894
3 1894
11 1843
11 1843
11 1843
11 1843
11 1843
11 1843
11 1843
11 1843
11 1843
11 1843
11 1843
11 1843
11 1843
11 1843
11 1843
11 1843
11 1843
11 1843
11 1843
11 1843
11 1843
11 1843
11 1843
117 1922
117 1922
117 1922
117 1922
117 1922
117 1922
117 1922
61 2005
61 2005
61 2005
61 2005
61 2005
61 2005
61 2005
61 2005
61 2005
61 2005
61 2005
61 2005
61 2005
61 2005
61 2005
61 2005
61 2005
61 2005
61 2005
61 2005
61 2005
61 2005
61 2005
61 2005
61 2005
61 2005
61 2005
61 2005
61 2005
62 1997
62 1997
62 1997
62 1997
62 1997
62 1997
62 1997
62 1997
62 1997
62 1997
62 1997
62 1997
62 1997
62 1997
62 1997
62 1997
62 1997
62 1997
62 1997
62 1997
62 1997
62 1997
62 1997
62 1997
62 1997
69 1942
69 1942
69 1942
69 1942
65 2055
65 2055
65 2055
65 2055
65 2055
65 2055
65 2055
65 2055
53 2335
53 2335
53 2335
53 2335
53 2335
53 2335
53 2335
53 2335
53 2335
53 2335
53 2335
53 2335
53 2335
53 2335
53 2335
53 2335
89 2487
89 2487
89 2487
89 2487
89 2487
89 2487
89 2487
89 2487
89 2487
89 2487
89 2487
89 2487
89 2487
83 2174
83 2174
83 2174
83 2174
83 2174
83 2174
83 2174
83 2174
83 2174
83 2174
83 2174
83 2174
83 2174
83 2174
83 2174
83 2174
83 2174
83 2174
83 2174
83 2174
83 2174
83 2174
83 2174
83 2174
83 2174
83 2174
83 2174
83 2174
85 2171
85 2171
85 2171
85 2171
85 2171
85 2171
85 2171
85 2171
85 2171
85 2171
85 2171
85 2171
85 2171
85 2171
85 2171
85 2171
85 2171
85 2171
85 2171
85 2171
85 2171
85 2171
85 2171
85 2171
85 2171
85 2171
85 2171
85 2171
85 2171
85 2171
63 3948
63 3948
63 3948
78 2337
78 2337
78 2337
78 2337
78 2337
78 2337
88 2266
88 2266
88 2266
88 2266
88 2266
88 2266
88 2266
88 2266
88 2266
101 2667
101 2667
101 2667
101 2667
101 2667
101 2667
101 2667
101 2667
101 2667
101 2667
101 2667
100 2182
100 2182
100 2182
100 2182
100 2182
94 2312
94 2312
94 2312
94 2312
94 2312
94 2312
94 2312
94 2312
94 2312
94 2312
94 2312
94 2312
94 2312
94 2312
89 2435
89 2435
89 2435
89 2435
89 2435
89 2435
89 2435
89 2435
89 2435
89 2435
89 2435
89 2435
89 2435
