21 102
21 102
21 102
21 102
21 102
21 102
21 102
21 102
21 102
21 102
21 102
21 102
21 102
21 102
7 416
7 416
7 416
7 416
7 416
7 416
7 416
7 416
7 416
7 416
7 416
7 416
7 416
7 416
7 416
38 127
38 127
38 127
38 127
38 127
38 127
38 127
38 127
38 127
38 127
38 127
38 127
38 127
38 127
38 127
38 127
38 127
38 127
38 127
38 127
38 127
38 127
38 127
38 127
51 228
51 228
51 228
51 228
51 228
51 228
51 228
51 228
51 228
51 228
51 228
51 228
51 228
51 228
51 228
51 228
51 228
51 228
51 228
51 228
51 228
51 228
51 228
51 228
51 228
51 228
51 228
51 228
51 228
7 249
7 249
7 249
7 249
7 249
7 249
7 249
7 249
7 249
7 249
7 249
7 249
7 249
7 249
7 249
63 297
63 297
63 297
63 297
63 297
63 297
63 297
63 297
63 297
63 297
63 297
63 297
63 297
63 297
63 297
63 297
63 297
63 297
63 297
63 297
63 297
63 297
63 297
63 297
63 297
21 247
21 247
21 247
21 247
21 247
21 247
21 247
21 247
21 247
21 247
21 247
21 247
21 247
21 247
64 414
64 414
64 414
64 414
64 414
64 414
64 414
64 414
64 414
64 414
64 414
34 338
34 338
34 338
34 338
34 338
34 338
34 338
34 338
34 338
34 338
34 338
34 338
34 338
34 338
34 338
34 338
38 344
38 344
38 344
38 344
38 344
38 344
38 344
38 344
38 344
38 344
38 344
38 344
38 344
38 344
38 344
38 344
38 344
38 344
38 344
38 344
38 344
38 344
38 344
38 344
89 339
89 339
89 339
89 339
89 339
89 339
90 395
90 395
90 395
90 395
90 395
90 395
90 395
90 395
90 395
90 395
90 395
90 395
90 395
90 395
90 395
90 395
90 395
90 395
90 395
90 395
90 395
90 395
90 395
90 395
90 395
90 395
90 395
31 490
31 490
31 490
31 490
31 490
31 490
31 490
31 490
31 490
31 490
31 490
31 490
31 490
31 490
31 490
31 490
31 490
31 490
31 490
31 490
31 490
31 490
31 490
31 490
31 490
31 490
70 621
70 621
70 621
70 621
70 621
70 621
70 621
70 621
70 621
70 621
93 394
93 394
93 394
93 394
93 394
93 394
93 394
93 394
93 394
93 394
93 394
93 394
93 394
93 394
93 394
93 394
93 394
93 394
93 394
103 383
103 383
103 383
103 383
103 383
103 383
103 383
103 383
103 383
103 383
103 383
103 383
103 383
48 984
48 984
48 984
48 984
48 984
48 984
48 984
48 984
48 984
48 984
48 984
48 984
48 984
48 984
48 984
48 984
48 984
48 484
48 484
48 484
48 484
48 484
48 484
48 484
48 484
48 484
48 484
48 484
48 484
48 484
48 484
48 484
48 484
48 484
32 1144
32 1144
32 1144
32 1144
32 1144
32 1144
32 1144
32 1144
32 1144
32 1144
32 1144
32 1144
32 1144
32 1144
32 1144
32 1144
32 1144
32 1144
32 1144
32 1144
32 1144
32 645
32 645
32 645
32 645
32 645
32 645
32 645
32 645
32 645
32 645
32 645
32 645
32 645
32 645
32 645
32 645
32 645
32 645
32 645
32 645
32 645
16 1305
16 1305
16 1305
16 1305
16 1305
16 1305
16 1305
16 1305
16 1305
16 1305
16 1305
16 1305
16 1305
16 1305
16 1305
16 1305
16 1305
16 1305
16 1305
16 1305
16 1305
16 1305
16 1305
16 1305
16 1305
16 1305
16 1305
16 1305
16 1305
16 1305
16 805
16 805
16 805
16 805
16 805
16 805
16 805
16 805
16 805
16 805
16 805
16 805
16 805
16 805
16 805
16 805
16 805
16 805
16 805
16 805
16 805
16 805
16 805
16 805
16 805
16 805
16 805
16 805
16 805
16 805
51 459
51 459
51 459
51 459
51 459
51 459
51 459
51 459
51 459
51 459
51 459
51 459
51 459
51 459
51 459
51 459
51 459
51 459
51 459
51 459
51 459
51 459
51 459
51 459
51 459
51 459
51 459
51 459
51 459
106 461
106 461
106 461
106 461
106 461
106 461
106 461
106 461
106 461
106 461
106 461
106 461
106 461
106 461
106 461
106 461
106 461
106 461
106 461
106 461
106 461
106 461
106 461
106 461
106 461
106 461
106 461
106 461
7 464
7 464
7 464
7 464
7 464
7 464
7 464
7 464
7 464
7 464
7 464
7 464
7 464
7 464
7 464
64 470
64 470
64 470
64 470
64 470
64 470
64 470
64 470
64 470
64 470
64 470
21 603
21 603
21 603
21 603
21 603
21 603
21 603
21 603
21 603
21 603
21 603
21 603
21 603
21 603
31 564
31 564
31 564
31 564
31 564
31 564
31 564
31 564
31 564
31 564
31 564
31 564
31 564
31 564
31 564
31 564
31 564
31 564
31 564
31 564
31 564
31 564
31 564
31 564
31 564
31 564
32 625
32 625
32 625
32 625
32 625
32 625
32 625
32 625
32 625
32 625
32 625
32 625
32 625
32 625
32 625
32 625
32 625
32 625
32 625
32 625
32 625
70 752
70 752
70 752
70 752
70 752
70 752
70 752
70 752
70 752
70 752
63 824
63 824
63 824
63 824
63 824
63 824
63 824
63 824
63 824
63 824
63 824
63 824
63 824
63 824
63 824
63 824
63 824
63 824
63 824
63 824
63 824
63 824
63 824
63 824
63 824
16 809
16 809
16 809
16 809
16 809
16 809
16 809
16 809
16 809
16 809
16 809
16 809
16 809
16 809
16 809
16 809
16 809
16 809
16 809
16 809
16 809
16 809
16 809
16 809
16 809
16 809
16 809
16 809
16 809
16 809
34 629
34 629
34 629
34 629
34 629
34 629
34 629
34 629
34 629
34 629
34 629
34 629
34 629
34 629
34 629
34 629
38 609
38 609
38 609
38 609
38 609
38 609
38 609
38 609
38 609
38 609
38 609
38 609
38 609
38 609
38 609
38 609
38 609
38 609
38 609
38 609
38 609
38 609
38 609
38 609
51 617
51 617
51 617
51 617
51 617
51 617
51 617
51 617
51 617
51 617
51 617
51 617
51 617
51 617
51 617
51 617
51 617
51 617
51 617
51 617
51 617
51 617
51 617
51 617
51 617
51 617
51 617
51 617
51 617
93 716
93 716
93 716
93 716
93 716
93 716
93 716
93 716
93 716
93 716
93 716
93 716
93 716
93 716
93 716
93 716
93 716
93 716
93 716
89 767
89 767
89 767
89 767
89 767
89 767
90 766
90 766
90 766
90 766
90 766
90 766
90 766
90 766
90 766
90 766
90 766
90 766
90 766
90 766
90 766
90 766
90 766
90 766
90 766
90 766
90 766
90 766
90 766
90 766
90 766
90 766
90 766
7 664
7 664
7 664
7 664
7 664
7 664
7 664
7 664
7 664
7 664
7 664
7 664
7 664
7 664
7 664
48 776
48 776
48 776
48 776
48 776
48 776
48 776
48 776
48 776
48 776
48 776
48 776
48 776
48 776
48 776
48 776
48 776
106 729
106 729
106 729
106 729
106 729
106 729
106 729
106 729
106 729
106 729
106 729
106 729
106 729
106 729
106 729
106 729
106 729
106 729
106 729
106 729
106 729
106 729
106 729
106 729
106 729
106 729
106 729
106 729
108 1238
108 1238
108 1238
108 1238
108 1238
108 1238
108 1238
108 1238
64 683
64 683
64 683
64 683
64 683
64 683
64 683
64 683
64 683
64 683
64 683
108 746
108 746
108 746
108 746
108 746
108 746
108 746
108 746
103 810
103 810
103 810
103 810
103 810
103 810
103 810
103 810
103 810
103 810
103 810
103 810
103 810
16 706
16 706
16 706
16 706
16 706
16 706
16 706
16 706
16 706
16 706
16 706
16 706
16 706
16 706
16 706
16 706
16 706
16 706
16 706
16 706
16 706
16 706
16 706
16 706
16 706
16 706
16 706
16 706
16 706
16 706
63 784
63 784
63 784
63 784
63 784
63 784
63 784
63 784
63 784
63 784
63 784
63 784
63 784
63 784
63 784
63 784
63 784
63 784
63 784
63 784
63 784
63 784
63 784
63 784
63 784
70 824
70 824
70 824
70 824
70 824
70 824
70 824
70 824
70 824
70 824
21 872
21 872
21 872
21 872
21 872
21 872
21 872
21 872
21 872
21 872
21 872
21 872
21 872
21 872
31 902
31 902
31 902
31 902
31 902
31 902
31 902
31 902
31 902
31 902
31 902
31 902
31 902
31 902
31 902
31 902
31 902
31 902
31 902
31 902
31 902
31 902
31 902
31 902
31 902
31 902
32 893
32 893
32 893
32 893
32 893
32 893
32 893
32 893
32 893
32 893
32 893
32 893
32 893
32 893
32 893
32 893
32 893
32 893
32 893
32 893
32 893
34 873
34 873
34 873
34 873
34 873
34 873
34 873
34 873
34 873
34 873
34 873
34 873
34 873
34 873
34 873
34 873
38 872
38 872
38 872
38 872
38 872
38 872
38 872
38 872
38 872
38 872
38 872
38 872
38 872
38 872
38 872
38 872
38 872
38 872
38 872
38 872
38 872
38 872
38 872
38 872
89 873
89 873
89 873
89 873
89 873
89 873
90 961
90 961
90 961
90 961
90 961
90 961
90 961
90 961
90 961
90 961
90 961
90 961
90 961
90 961
90 961
90 961
90 961
90 961
90 961
90 961
90 961
90 961
90 961
90 961
90 961
90 961
90 961
51 891
51 891
51 891
51 891
51 891
51 891
51 891
51 891
51 891
51 891
51 891
51 891
51 891
51 891
51 891
51 891
51 891
51 891
51 891
51 891
51 891
51 891
51 891
51 891
51 891
51 891
51 891
51 891
51 891
48 967
48 967
48 967
48 967
48 967
48 967
48 967
48 967
48 967
48 967
48 967
48 967
48 967
48 967
48 967
48 967
48 967
7 923
7 923
7 923
7 923
7 923
7 923
7 923
7 923
7 923
7 923
7 923
7 923
7 923
7 923
7 923
103 980
103 980
103 980
103 980
103 980
103 980
103 980
103 980
103 980
103 980
103 980
103 980
103 980
63 949
63 949
63 949
63 949
63 949
63 949
63 949
63 949
63 949
63 949
63 949
63 949
63 949
63 949
63 949
63 949
63 949
63 949
63 949
63 949
63 949
63 949
63 949
63 949
63 949
64 949
64 949
64 949
64 949
64 949
64 949
64 949
64 949
64 949
64 949
64 949
106 1063
106 1063
106 1063
106 1063
106 1063
106 1063
106 1063
106 1063
106 1063
106 1063
106 1063
106 1063
106 1063
106 1063
106 1063
106 1063
106 1063
106 1063
106 1063
106 1063
106 1063
106 1063
106 1063
106 1063
106 1063
106 1063
106 1063
106 1063
108 1043
108 1043
108 1043
108 1043
108 1043
108 1043
108 1043
108 1043
16 985
16 985
16 985
16 985
16 985
16 985
16 985
16 985
16 985
16 985
16 985
16 985
16 985
16 985
16 985
16 985
16 985
16 985
16 985
16 985
16 985
16 985
16 985
16 985
16 985
16 985
16 985
16 985
16 985
16 985
93 1280
93 1280
93 1280
93 1280
93 1280
93 1280
93 1280
93 1280
93 1280
93 1280
93 1280
93 1280
93 1280
93 1280
93 1280
93 1280
93 1280
93 1280
93 1280
34 1057
34 1057
34 1057
34 1057
34 1057
34 1057
34 1057
34 1057
34 1057
34 1057
34 1057
34 1057
34 1057
34 1057
34 1057
34 1057
32 1113
32 1113
32 1113
32 1113
32 1113
32 1113
32 1113
32 1113
32 1113
32 1113
32 1113
32 1113
32 1113
32 1113
32 1113
32 1113
32 1113
32 1113
32 1113
32 1113
32 1113
21 1248
21 1248
21 1248
21 1248
21 1248
21 1248
21 1248
21 1248
21 1248
21 1248
21 1248
21 1248
21 1248
21 1248
38 1119
38 1119
38 1119
38 1119
38 1119
38 1119
38 1119
38 1119
38 1119
38 1119
38 1119
38 1119
38 1119
38 1119
38 1119
38 1119
38 1119
38 1119
38 1119
38 1119
38 1119
38 1119
38 1119
38 1119
90 1109
90 1109
90 1109
90 1109
90 1109
90 1109
90 1109
90 1109
90 1109
90 1109
90 1109
90 1109
90 1109
90 1109
90 1109
90 1109
90 1109
90 1109
90 1109
90 1109
90 1109
90 1109
90 1109
90 1109
90 1109
90 1109
90 1109
31 1244
31 1244
31 1244
31 1244
31 1244
31 1244
31 1244
31 1244
31 1244
31 1244
31 1244
31 1244
31 1244
31 1244
31 1244
31 1244
31 1244
31 1244
31 1244
31 1244
31 1244
31 1244
31 1244
31 1244
31 1244
31 1244
89 1207
89 1207
89 1207
89 1207
89 1207
89 1207
70 1398
70 1398
70 1398
70 1398
70 1398
70 1398
70 1398
70 1398
70 1398
70 1398
48 1129
48 1129
48 1129
48 1129
48 1129
48 1129
48 1129
48 1129
48 1129
48 1129
48 1129
48 1129
48 1129
48 1129
48 1129
48 1129
48 1129
51 1136
51 1136
51 1136
51 1136
51 1136
51 1136
51 1136
51 1136
51 1136
51 1136
51 1136
51 1136
51 1136
51 1136
51 1136
51 1136
51 1136
51 1136
51 1136
51 1136
51 1136
51 1136
51 1136
51 1136
51 1136
51 1136
51 1136
51 1136
51 1136
7 1190
7 1190
7 1190
7 1190
7 1190
7 1190
7 1190
7 1190
7 1190
7 1190
7 1190
7 1190
7 1190
7 1190
7 1190
93 1349
93 1349
93 1349
93 1349
93 1349
93 1349
93 1349
93 1349
93 1349
93 1349
93 1349
93 1349
93 1349
93 1349
93 1349
93 1349
93 1349
93 1349
93 1349
103 1254
103 1254
103 1254
103 1254
103 1254
103 1254
103 1254
103 1254
103 1254
103 1254
103 1254
103 1254
103 1254
64 1168
64 1168
64 1168
64 1168
64 1168
64 1168
64 1168
64 1168
64 1168
64 1168
64 1168
106 1263
106 1263
106 1263
106 1263
106 1263
106 1263
106 1263
106 1263
106 1263
106 1263
106 1263
106 1263
106 1263
106 1263
106 1263
106 1263
106 1263
106 1263
106 1263
106 1263
106 1263
106 1263
106 1263
106 1263
106 1263
106 1263
106 1263
106 1263
16 1245
16 1245
16 1245
16 1245
16 1245
16 1245
16 1245
16 1245
16 1245
16 1245
16 1245
16 1245
16 1245
16 1245
16 1245
16 1245
16 1245
16 1245
16 1245
16 1245
16 1245
16 1245
16 1245
16 1245
16 1245
16 1245
16 1245
16 1245
16 1245
16 1245
63 1335
63 1335
63 1335
63 1335
63 1335
63 1335
63 1335
63 1335
63 1335
63 1335
63 1335
63 1335
63 1335
63 1335
63 1335
63 1335
63 1335
63 1335
63 1335
63 1335
63 1335
63 1335
63 1335
63 1335
63 1335
31 1305
31 1305
31 1305
31 1305
31 1305
31 1305
31 1305
31 1305
31 1305
31 1305
31 1305
31 1305
31 1305
31 1305
31 1305
31 1305
31 1305
31 1305
31 1305
31 1305
31 1305
31 1305
31 1305
31 1305
31 1305
31 1305
21 1447
21 1447
21 1447
21 1447
21 1447
21 1447
21 1447
21 1447
21 1447
21 1447
21 1447
21 1447
21 1447
21 1447
108 1613
108 1613
108 1613
108 1613
108 1613
108 1613
108 1613
108 1613
70 1506
70 1506
70 1506
70 1506
70 1506
70 1506
70 1506
70 1506
70 1506
70 1506
34 1367
34 1367
34 1367
34 1367
34 1367
34 1367
34 1367
34 1367
34 1367
34 1367
34 1367
34 1367
34 1367
34 1367
34 1367
34 1367
32 1388
32 1388
32 1388
32 1388
32 1388
32 1388
32 1388
32 1388
32 1388
32 1388
32 1388
32 1388
32 1388
32 1388
32 1388
32 1388
32 1388
32 1388
32 1388
32 1388
32 1388
38 1328
38 1328
38 1328
38 1328
38 1328
38 1328
38 1328
38 1328
38 1328
38 1328
38 1328
38 1328
38 1328
38 1328
38 1328
38 1328
38 1328
38 1328
38 1328
38 1328
38 1328
38 1328
38 1328
38 1328
105 3238
105 3238
105 3238
105 3238
105 3238
105 3238
105 3238
105 3238
105 3238
105 2751
105 2751
105 2751
105 2751
105 2751
105 2751
105 2751
105 2751
105 2751
105 2258
105 2258
105 2258
105 2258
105 2258
105 2258
105 2258
105 2258
105 2258
84 3474
84 3474
84 3474
84 3474
84 3474
84 3474
84 3474
84 3474
84 3474
84 3474
84 3474
84 3474
84 3474
84 3474
84 3474
84 3474
84 3474
84 3474
84 3474
84 3474
84 3474
84 3474
84 3474
84 2976
84 2976
84 2976
84 2976
84 2976
84 2976
84 2976
84 2976
84 2976
84 2976
84 2976
84 2976
84 2976
84 2976
84 2976
84 2976
84 2976
84 2976
84 2976
84 2976
84 2976
84 2976
84 2976
84 2477
84 2477
84 2477
84 2477
84 2477
84 2477
84 2477
84 2477
84 2477
84 2477
84 2477
84 2477
84 2477
84 2477
84 2477
84 2477
84 2477
84 2477
84 2477
84 2477
84 2477
84 2477
84 2477
89 1443
89 1443
89 1443
89 1443
89 1443
89 1443
51 1332
51 1332
51 1332
51 1332
51 1332
51 1332
51 1332
51 1332
51 1332
51 1332
51 1332
51 1332
51 1332
51 1332
51 1332
51 1332
51 1332
51 1332
51 1332
51 1332
51 1332
51 1332
51 1332
51 1332
51 1332
51 1332
51 1332
51 1332
51 1332
90 1443
90 1443
90 1443
90 1443
90 1443
90 1443
90 1443
90 1443
90 1443
90 1443
90 1443
90 1443
90 1443
90 1443
90 1443
90 1443
90 1443
90 1443
90 1443
90 1443
90 1443
90 1443
90 1443
90 1443
90 1443
90 1443
90 1443
48 1470
48 1470
48 1470
48 1470
48 1470
48 1470
48 1470
48 1470
48 1470
48 1470
48 1470
48 1470
48 1470
48 1470
48 1470
48 1470
48 1470
93 1549
93 1549
93 1549
93 1549
93 1549
93 1549
93 1549
93 1549
93 1549
93 1549
93 1549
93 1549
93 1549
93 1549
93 1549
93 1549
93 1549
93 1549
93 1549
105 1479
105 1479
105 1479
105 1479
105 1479
105 1479
105 1479
105 1479
105 1479
103 1517
103 1517
103 1517
103 1517
103 1517
103 1517
103 1517
103 1517
103 1517
103 1517
103 1517
103 1517
103 1517
108 1492
108 1492
108 1492
108 1492
108 1492
108 1492
108 1492
108 1492
63 1483
63 1483
63 1483
63 1483
63 1483
63 1483
63 1483
63 1483
63 1483
63 1483
63 1483
63 1483
63 1483
63 1483
63 1483
63 1483
63 1483
63 1483
63 1483
63 1483
63 1483
63 1483
63 1483
63 1483
63 1483
106 1592
106 1592
106 1592
106 1592
106 1592
106 1592
106 1592
106 1592
106 1592
106 1592
106 1592
106 1592
106 1592
106 1592
106 1592
106 1592
106 1592
106 1592
106 1592
106 1592
106 1592
106 1592
106 1592
106 1592
106 1592
106 1592
106 1592
106 1592
