6 175
6 175
6 175
6 175
6 175
6 175
6 175
6 175
6 175
6 175
6 175
6 175
6 175
6 175
6 175
6 175
6 175
6 175
6 175
6 175
6 175
6 175
6 175
6 175
6 175
6 175
6 175
6 175
6 175
6 175
13 108
13 108
13 108
13 108
13 108
13 108
13 108
13 108
13 108
13 108
13 108
13 108
13 108
13 108
13 108
13 108
13 108
13 108
13 108
13 108
13 108
13 108
13 108
13 108
13 108
10 140
10 140
10 140
10 140
10 140
10 140
10 140
10 140
10 140
10 140
10 140
10 140
10 140
10 140
10 140
10 140
10 140
10 140
10 140
10 140
10 140
10 140
10 140
10 140
10 140
10 140
15 93
15 93
15 93
15 93
15 93
15 93
15 93
15 93
15 93
15 93
15 93
15 93
15 93
15 93
15 93
14 114
14 114
14 114
14 114
14 114
14 114
14 114
14 114
14 114
14 114
14 114
14 114
14 114
14 114
14 114
14 114
14 114
14 114
14 114
14 114
14 114
14 114
14 114
14 114
14 114
14 114
14 114
14 114
14 114
9 225
9 225
9 225
9 225
9 225
18 138
24 79
24 79
24 79
24 79
29 95
29 95
29 95
29 95
29 95
29 95
29 95
29 95
29 95
29 95
29 95
29 95
29 95
29 95
29 95
29 95
27 156
27 156
37 95
37 95
37 95
37 95
37 95
37 95
37 95
32 146
32 146
32 146
32 146
32 146
32 146
32 146
32 146
35 116
35 116
35 116
35 116
35 116
35 116
35 116
35 116
35 116
35 116
35 116
35 116
36 114
36 114
36 114
36 114
36 114
36 114
36 114
36 114
36 114
36 114
36 114
36 114
36 114
36 114
36 114
36 114
36 114
36 114
36 114
36 114
36 114
36 114
36 114
36 114
40 77
40 77
40 77
40 77
40 77
40 77
40 77
40 77
40 77
40 77
40 77
40 77
40 77
40 77
40 77
40 77
40 77
30 186
30 186
30 186
30 186
30 186
30 186
30 186
30 186
30 186
30 186
30 186
30 186
30 186
30 186
30 186
30 186
30 186
30 186
42 88
42 88
42 88
45 208
45 208
45 208
45 208
45 208
45 208
45 208
45 208
45 208
45 208
45 208
45 208
45 208
10 106
10 106
10 106
10 106
10 106
10 106
10 106
10 106
10 106
10 106
10 106
10 106
10 106
10 106
10 106
10 106
10 106
10 106
10 106
10 106
10 106
10 106
10 106
10 106
10 106
10 106
62 105
62 105
62 105
62 105
62 105
62 105
62 105
62 105
62 105
62 105
62 105
62 105
62 105
62 105
62 105
62 105
62 105
62 105
62 105
13 99
13 99
13 99
13 99
13 99
13 99
13 99
13 99
13 99
13 99
13 99
13 99
13 99
13 99
13 99
13 99
13 99
13 99
13 99
13 99
13 99
13 99
13 99
13 99
13 99
47 273
47 273
47 273
47 273
47 273
47 273
47 273
47 273
47 273
47 273
47 273
47 273
47 273
47 273
47 273
47 273
47 273
47 273
47 273
47 273
47 273
15 140
15 140
15 140
15 140
15 140
15 140
15 140
15 140
15 140
15 140
15 140
15 140
15 140
15 140
15 140
57 259
57 259
57 259
57 259
57 259
57 259
57 259
57 259
57 259
57 259
57 259
57 259
57 259
57 259
57 259
57 259
57 259
57 259
57 259
57 259
57 259
57 259
57 259
57 259
57 259
57 259
57 259
57 259
9 243
9 243
9 243
9 243
9 243
54 358
54 358
54 358
54 358
54 358
54 358
54 358
54 358
54 358
54 358
54 358
6 339
6 339
6 339
6 339
6 339
6 339
6 339
6 339
6 339
6 339
6 339
6 339
6 339
6 339
6 339
6 339
6 339
6 339
6 339
6 339
6 339
6 339
6 339
6 339
6 339
6 339
6 339
6 339
6 339
6 339
14 279
14 279
14 279
14 279
14 279
14 279
14 279
14 279
14 279
14 279
14 279
14 279
14 279
14 279
14 279
14 279
14 279
14 279
14 279
14 279
14 279
14 279
14 279
14 279
14 279
14 279
14 279
14 279
14 279
29 154
29 154
29 154
29 154
29 154
29 154
29 154
29 154
29 154
29 154
29 154
29 154
29 154
29 154
29 154
29 154
18 279
64 330
64 330
64 330
64 330
64 330
64 330
64 330
64 330
64 330
64 330
64 330
64 330
64 330
64 330
70 276
70 276
70 276
70 276
70 276
70 276
70 276
70 276
70 276
70 276
24 264
24 264
24 264
24 264
75 259
75 259
75 259
75 259
75 259
75 259
75 259
75 259
75 259
75 259
75 259
75 259
75 259
75 259
75 259
75 259
75 259
75 259
75 259
75 259
74 307
74 307
74 307
74 307
74 307
74 307
74 307
74 307
74 307
27 303
27 303
37 208
37 208
37 208
37 208
37 208
37 208
37 208
40 206
40 206
40 206
40 206
40 206
40 206
40 206
40 206
40 206
40 206
40 206
40 206
40 206
40 206
40 206
40 206
40 206
42 209
42 209
42 209
32 357
32 357
32 357
32 357
32 357
32 357
32 357
32 357
35 356
35 356
35 356
35 356
35 356
35 356
35 356
35 356
35 356
35 356
35 356
35 356
36 364
36 364
36 364
36 364
36 364
36 364
36 364
36 364
36 364
36 364
36 364
36 364
36 364
36 364
36 364
36 364
36 364
36 364
36 364
36 364
36 364
36 364
36 364
36 364
67 567
67 567
67 567
67 567
67 567
67 567
67 567
67 567
67 567
67 567
67 567
67 567
67 567
67 567
67 567
67 567
67 567
67 567
67 567
67 567
67 567
67 567
23 1007
23 1007
23 1007
23 1007
23 1007
23 1007
23 1007
23 1007
23 1007
23 1007
23 1007
23 1007
23 1007
23 1007
23 1007
23 1007
23 1007
23 1007
23 1007
23 1007
23 1007
23 1007
23 1007
23 508
23 508
23 508
23 508
23 508
23 508
23 508
23 508
23 508
23 508
23 508
23 508
23 508
23 508
23 508
23 508
23 508
23 508
23 508
23 508
23 508
23 508
23 508
72 547
72 547
72 547
72 547
72 547
72 547
30 483
30 483
30 483
30 483
30 483
30 483
30 483
30 483
30 483
30 483
30 483
30 483
30 483
30 483
30 483
30 483
30 483
30 483
10 203
10 203
10 203
10 203
10 203
10 203
10 203
10 203
10 203
10 203
10 203
10 203
10 203
10 203
10 203
10 203
10 203
10 203
10 203
10 203
10 203
10 203
10 203
10 203
10 203
10 203
34 972
34 972
34 972
34 972
34 972
34 972
34 972
34 972
34 972
34 972
34 972
34 972
34 972
34 972
34 972
34 972
34 972
34 972
34 972
34 972
34 972
34 972
34 972
34 972
34 972
34 972
34 972
34 473
34 473
34 473
34 473
34 473
34 473
34 473
34 473
34 473
34 473
34 473
34 473
34 473
34 473
34 473
34 473
34 473
34 473
34 473
34 473
34 473
34 473
34 473
34 473
34 473
34 473
34 473
45 367
45 367
45 367
45 367
45 367
45 367
45 367
45 367
45 367
45 367
45 367
45 367
45 367
62 204
62 204
62 204
62 204
62 204
62 204
62 204
62 204
62 204
62 204
62 204
62 204
62 204
62 204
62 204
62 204
62 204
62 204
62 204
47 407
47 407
47 407
47 407
47 407
47 407
47 407
47 407
47 407
47 407
47 407
47 407
47 407
47 407
47 407
47 407
47 407
47 407
47 407
47 407
47 407
13 290
13 290
13 290
13 290
13 290
13 290
13 290
13 290
13 290
13 290
13 290
13 290
13 290
13 290
13 290
13 290
13 290
13 290
13 290
13 290
13 290
13 290
13 290
13 290
13 290
57 367
57 367
57 367
57 367
57 367
57 367
57 367
57 367
57 367
57 367
57 367
57 367
57 367
57 367
57 367
57 367
57 367
57 367
57 367
57 367
57 367
57 367
57 367
57 367
57 367
57 367
57 367
57 367
9 364
9 364
9 364
9 364
9 364
15 308
15 308
15 308
15 308
15 308
15 308
15 308
15 308
15 308
15 308
15 308
15 308
15 308
15 308
15 308
54 449
54 449
54 449
54 449
54 449
54 449
54 449
54 449
54 449
54 449
54 449
6 464
6 464
6 464
6 464
6 464
6 464
6 464
6 464
6 464
6 464
6 464
6 464
6 464
6 464
6 464
6 464
6 464
6 464
6 464
6 464
6 464
6 464
6 464
6 464
6 464
6 464
6 464
6 464
6 464
6 464
67 379
67 379
67 379
67 379
67 379
67 379
67 379
67 379
67 379
67 379
67 379
67 379
67 379
67 379
67 379
67 379
67 379
67 379
67 379
67 379
67 379
67 379
23 320
23 320
23 320
23 320
23 320
23 320
23 320
23 320
23 320
23 320
23 320
23 320
23 320
23 320
23 320
23 320
23 320
23 320
23 320
23 320
23 320
23 320
23 320
14 468
14 468
14 468
14 468
14 468
14 468
14 468
14 468
14 468
14 468
14 468
14 468
14 468
14 468
14 468
14 468
14 468
14 468
14 468
14 468
14 468
14 468
14 468
14 468
14 468
14 468
14 468
14 468
14 468
29 322
29 322
29 322
29 322
29 322
29 322
29 322
29 322
29 322
29 322
29 322
29 322
29 322
29 322
29 322
29 322
70 443
70 443
70 443
70 443
70 443
70 443
70 443
70 443
70 443
70 443
18 495
24 436
24 436
24 436
24 436
75 439
75 439
75 439
75 439
75 439
75 439
75 439
75 439
75 439
75 439
75 439
75 439
75 439
75 439
75 439
75 439
75 439
75 439
75 439
75 439
64 596
64 596
64 596
64 596
64 596
64 596
64 596
64 596
64 596
64 596
64 596
64 596
64 596
64 596
37 383
37 383
37 383
37 383
37 383
37 383
37 383
32 435
32 435
32 435
32 435
32 435
32 435
32 435
32 435
34 432
34 432
34 432
34 432
34 432
34 432
34 432
34 432
34 432
34 432
34 432
34 432
34 432
34 432
34 432
34 432
34 432
34 432
34 432
34 432
34 432
34 432
34 432
34 432
34 432
34 432
34 432
40 384
40 384
40 384
40 384
40 384
40 384
40 384
40 384
40 384
40 384
40 384
40 384
40 384
40 384
40 384
40 384
40 384
42 372
42 372
42 372
35 444
35 444
35 444
35 444
35 444
35 444
35 444
35 444
35 444
35 444
35 444
35 444
72 611
72 611
72 611
72 611
72 611
72 611
36 478
36 478
36 478
36 478
36 478
36 478
36 478
36 478
36 478
36 478
36 478
36 478
36 478
36 478
36 478
36 478
36 478
36 478
36 478
36 478
36 478
36 478
36 478
36 478
74 629
74 629
74 629
74 629
74 629
74 629
74 629
74 629
74 629
27 611
27 611
30 611
30 611
30 611
30 611
30 611
30 611
30 611
30 611
30 611
30 611
30 611
30 611
30 611
30 611
30 611
30 611
30 611
30 611
45 485
45 485
45 485
45 485
45 485
45 485
45 485
45 485
45 485
45 485
45 485
45 485
45 485
47 595
47 595
47 595
47 595
47 595
47 595
47 595
47 595
47 595
47 595
47 595
47 595
47 595
47 595
47 595
47 595
47 595
47 595
47 595
47 595
47 595
10 509
10 509
10 509
10 509
10 509
10 509
10 509
10 509
10 509
10 509
10 509
10 509
10 509
10 509
10 509
10 509
10 509
10 509
10 509
10 509
10 509
10 509
10 509
10 509
10 509
10 509
62 489
62 489
62 489
62 489
62 489
62 489
62 489
62 489
62 489
62 489
62 489
62 489
62 489
62 489
62 489
62 489
62 489
62 489
62 489
13 480
13 480
13 480
13 480
13 480
13 480
13 480
13 480
13 480
13 480
13 480
13 480
13 480
13 480
13 480
13 480
13 480
13 480
13 480
13 480
13 480
13 480
13 480
13 480
13 480
15 462
15 462
15 462
15 462
15 462
15 462
15 462
15 462
15 462
15 462
15 462
15 462
15 462
15 462
15 462
67 457
67 457
67 457
67 457
67 457
67 457
67 457
67 457
67 457
67 457
67 457
67 457
67 457
67 457
67 457
67 457
67 457
67 457
67 457
67 457
67 457
67 457
57 575
57 575
57 575
57 575
57 575
57 575
57 575
57 575
57 575
57 575
57 575
57 575
57 575
57 575
57 575
57 575
57 575
57 575
57 575
57 575
57 575
57 575
57 575
57 575
57 575
57 575
57 575
57 575
9 563
9 563
9 563
9 563
9 563
54 627
54 627
54 627
54 627
54 627
54 627
54 627
54 627
54 627
54 627
54 627
23 492
23 492
23 492
23 492
23 492
23 492
23 492
23 492
23 492
23 492
23 492
23 492
23 492
23 492
23 492
23 492
23 492
23 492
23 492
23 492
23 492
23 492
23 492
70 565
70 565
70 565
70 565
70 565
70 565
70 565
70 565
70 565
70 565
29 493
29 493
29 493
29 493
29 493
29 493
29 493
29 493
29 493
29 493
29 493
29 493
29 493
29 493
29 493
29 493
24 576
24 576
24 576
24 576
6 760
6 760
6 760
6 760
6 760
6 760
6 760
6 760
6 760
6 760
6 760
6 760
6 760
6 760
6 760
6 760
6 760
6 760
6 760
6 760
6 760
6 760
6 760
6 760
6 760
6 760
6 760
6 760
6 760
6 760
75 591
75 591
75 591
75 591
75 591
75 591
75 591
75 591
75 591
75 591
75 591
75 591
75 591
75 591
75 591
75 591
75 591
75 591
75 591
75 591
14 719
14 719
14 719
14 719
14 719
14 719
14 719
14 719
14 719
14 719
14 719
14 719
14 719
14 719
14 719
14 719
14 719
14 719
14 719
14 719
14 719
14 719
14 719
14 719
14 719
14 719
14 719
14 719
14 719
64 724
64 724
64 724
64 724
64 724
64 724
64 724
64 724
64 724
64 724
64 724
64 724
64 724
64 724
18 701
37 530
37 530
37 530
37 530
37 530
37 530
37 530
32 585
32 585
32 585
32 585
32 585
32 585
32 585
32 585
36 610
36 610
36 610
36 610
36 610
36 610
36 610
36 610
36 610
36 610
36 610
36 610
36 610
36 610
36 610
36 610
36 610
36 610
36 610
36 610
36 610
36 610
36 610
36 610
34 636
34 636
34 636
34 636
34 636
34 636
34 636
34 636
34 636
34 636
34 636
34 636
34 636
34 636
34 636
34 636
34 636
34 636
34 636
34 636
34 636
34 636
34 636
34 636
34 636
34 636
34 636
72 761
72 761
72 761
72 761
72 761
72 761
74 742
74 742
74 742
74 742
74 742
74 742
74 742
74 742
74 742
42 573
42 573
42 573
40 598
40 598
40 598
40 598
40 598
40 598
40 598
40 598
40 598
40 598
40 598
40 598
40 598
40 598
40 598
40 598
40 598
27 733
27 733
30 724
30 724
30 724
30 724
30 724
30 724
30 724
30 724
30 724
30 724
30 724
30 724
30 724
30 724
30 724
30 724
30 724
30 724
35 740
35 740
35 740
35 740
35 740
35 740
35 740
35 740
35 740
35 740
35 740
35 740
45 695
45 695
45 695
45 695
45 695
45 695
45 695
45 695
45 695
45 695
45 695
45 695
45 695
10 600
10 600
10 600
10 600
10 600
10 600
10 600
10 600
10 600
10 600
10 600
10 600
10 600
10 600
10 600
10 600
10 600
10 600
10 600
10 600
10 600
10 600
10 600
10 600
10 600
10 600
62 592
62 592
62 592
62 592
62 592
62 592
62 592
62 592
62 592
62 592
62 592
62 592
62 592
62 592
62 592
62 592
62 592
62 592
62 592
13 584
13 584
13 584
13 584
13 584
13 584
13 584
13 584
13 584
13 584
13 584
13 584
13 584
13 584
13 584
13 584
13 584
13 584
13 584
13 584
13 584
13 584
13 584
13 584
13 584
15 596
15 596
15 596
15 596
15 596
15 596
15 596
15 596
15 596
15 596
15 596
15 596
15 596
15 596
15 596
57 694
57 694
57 694
57 694
57 694
57 694
57 694
57 694
57 694
57 694
57 694
57 694
57 694
57 694
57 694
57 694
57 694
57 694
57 694
57 694
57 694
57 694
57 694
57 694
57 694
57 694
57 694
57 694
67 602
67 602
67 602
67 602
67 602
67 602
67 602
67 602
67 602
67 602
67 602
67 602
67 602
67 602
67 602
67 602
67 602
67 602
67 602
67 602
67 602
67 602
9 724
9 724
9 724
9 724
9 724
47 846
47 846
47 846
47 846
47 846
47 846
47 846
47 846
47 846
47 846
47 846
47 846
47 846
47 846
47 846
47 846
47 846
47 846
47 846
47 846
47 846
23 654
23 654
23 654
23 654
23 654
23 654
23 654
23 654
23 654
23 654
23 654
23 654
23 654
23 654
23 654
23 654
23 654
23 654
23 654
23 654
23 654
23 654
23 654
54 866
54 866
54 866
54 866
54 866
54 866
54 866
54 866
54 866
54 866
54 866
70 752
70 752
70 752
70 752
70 752
70 752
70 752
70 752
70 752
70 752
29 676
29 676
29 676
29 676
29 676
29 676
29 676
29 676
29 676
29 676
29 676
29 676
29 676
29 676
29 676
29 676
6 924
6 924
6 924
6 924
6 924
6 924
6 924
6 924
6 924
6 924
6 924
6 924
6 924
6 924
6 924
6 924
6 924
6 924
6 924
6 924
6 924
6 924
6 924
6 924
6 924
6 924
6 924
6 924
6 924
6 924
24 762
24 762
24 762
24 762
75 758
75 758
75 758
75 758
75 758
75 758
75 758
75 758
75 758
75 758
75 758
75 758
75 758
75 758
75 758
75 758
75 758
75 758
75 758
75 758
64 911
64 911
64 911
64 911
64 911
64 911
64 911
64 911
64 911
64 911
64 911
64 911
64 911
64 911
14 913
14 913
14 913
14 913
14 913
14 913
14 913
14 913
14 913
14 913
14 913
14 913
14 913
14 913
14 913
14 913
14 913
14 913
14 913
14 913
14 913
14 913
14 913
14 913
14 913
14 913
14 913
14 913
14 913
37 683
37 683
37 683
37 683
37 683
37 683
37 683
18 898
40 689
40 689
40 689
40 689
40 689
40 689
40 689
40 689
40 689
40 689
40 689
40 689
40 689
40 689
40 689
40 689
40 689
32 786
32 786
32 786
32 786
32 786
32 786
32 786
32 786
42 691
42 691
42 691
34 789
34 789
34 789
34 789
34 789
34 789
34 789
34 789
34 789
34 789
34 789
34 789
34 789
34 789
34 789
34 789
34 789
34 789
34 789
34 789
34 789
34 789
34 789
34 789
34 789
34 789
34 789
35 784
35 784
35 784
35 784
35 784
35 784
35 784
35 784
35 784
35 784
35 784
35 784
36 787
36 787
36 787
36 787
36 787
36 787
36 787
36 787
36 787
36 787
36 787
36 787
36 787
36 787
36 787
36 787
36 787
36 787
36 787
36 787
36 787
36 787
36 787
36 787
72 937
72 937
72 937
72 937
72 937
72 937
27 937
27 937
30 945
30 945
30 945
30 945
30 945
30 945
30 945
30 945
30 945
30 945
30 945
30 945
30 945
30 945
30 945
30 945
30 945
30 945
45 805
45 805
45 805
45 805
45 805
45 805
45 805
45 805
45 805
45 805
45 805
45 805
45 805
74 1119
74 1119
74 1119
74 1119
74 1119
74 1119
74 1119
74 1119
74 1119
57 839
57 839
57 839
57 839
57 839
57 839
57 839
57 839
57 839
57 839
57 839
57 839
57 839
57 839
57 839
57 839
57 839
57 839
57 839
57 839
57 839
57 839
57 839
57 839
57 839
57 839
57 839
57 839
13 782
13 782
13 782
13 782
13 782
13 782
13 782
13 782
13 782
13 782
13 782
13 782
13 782
13 782
13 782
13 782
13 782
13 782
13 782
13 782
13 782
13 782
13 782
13 782
13 782
62 794
62 794
62 794
62 794
62 794
62 794
62 794
62 794
62 794
62 794
62 794
62 794
62 794
62 794
62 794
62 794
62 794
62 794
62 794
10 843
10 843
10 843
10 843
10 843
10 843
10 843
10 843
10 843
10 843
10 843
10 843
10 843
10 843
10 843
10 843
10 843
10 843
10 843
10 843
10 843
10 843
10 843
10 843
10 843
10 843
15 813
15 813
15 813
15 813
15 813
15 813
15 813
15 813
15 813
15 813
15 813
15 813
15 813
15 813
15 813
67 803
67 803
67 803
67 803
67 803
67 803
67 803
67 803
67 803
67 803
67 803
67 803
67 803
67 803
67 803
67 803
67 803
67 803
67 803
67 803
67 803
67 803
47 1059
47 1059
47 1059
47 1059
47 1059
47 1059
47 1059
47 1059
47 1059
47 1059
47 1059
47 1059
47 1059
47 1059
47 1059
47 1059
47 1059
47 1059
47 1059
47 1059
47 1059
23 806
23 806
23 806
23 806
23 806
23 806
23 806
23 806
23 806
23 806
23 806
23 806
23 806
23 806
23 806
23 806
23 806
23 806
23 806
23 806
23 806
23 806
23 806
9 957
9 957
9 957
9 957
9 957
29 800
29 800
29 800
29 800
29 800
29 800
29 800
29 800
29 800
29 800
29 800
29 800
29 800
29 800
29 800
29 800
54 1057
54 1057
54 1057
54 1057
54 1057
54 1057
54 1057
54 1057
54 1057
54 1057
54 1057
70 906
70 906
70 906
70 906
70 906
70 906
70 906
70 906
70 906
70 906
24 917
24 917
24 917
24 917
75 911
75 911
75 911
75 911
75 911
75 911
75 911
75 911
75 911
75 911
75 911
75 911
75 911
75 911
75 911
75 911
75 911
75 911
75 911
75 911
37 823
37 823
37 823
37 823
37 823
37 823
37 823
40 839
40 839
40 839
40 839
40 839
40 839
40 839
40 839
40 839
40 839
40 839
40 839
40 839
40 839
40 839
40 839
40 839
32 931
32 931
32 931
32 931
32 931
32 931
32 931
32 931
42 850
42 850
42 850
34 936
34 936
34 936
34 936
34 936
34 936
34 936
34 936
34 936
34 936
34 936
34 936
34 936
34 936
34 936
34 936
34 936
34 936
34 936
34 936
34 936
34 936
34 936
34 936
34 936
34 936
34 936
64 1159
64 1159
64 1159
64 1159
64 1159
64 1159
64 1159
64 1159
64 1159
64 1159
64 1159
64 1159
64 1159
64 1159
35 951
35 951
35 951
35 951
35 951
35 951
35 951
35 951
35 951
35 951
35 951
35 951
36 948
36 948
36 948
36 948
36 948
36 948
36 948
36 948
36 948
36 948
36 948
36 948
36 948
36 948
36 948
36 948
36 948
36 948
36 948
36 948
36 948
36 948
36 948
36 948
14 1237
14 1237
14 1237
14 1237
14 1237
14 1237
14 1237
14 1237
14 1237
14 1237
14 1237
14 1237
14 1237
14 1237
14 1237
14 1237
14 1237
14 1237
14 1237
14 1237
14 1237
14 1237
14 1237
14 1237
14 1237
14 1237
14 1237
14 1237
14 1237
6 1330
6 1330
6 1330
6 1330
6 1330
6 1330
6 1330
6 1330
6 1330
6 1330
6 1330
6 1330
6 1330
6 1330
6 1330
6 1330
6 1330
6 1330
6 1330
6 1330
6 1330
6 1330
6 1330
6 1330
6 1330
6 1330
6 1330
6 1330
6 1330
6 1330
18 1245
45 984
45 984
45 984
45 984
45 984
45 984
45 984
45 984
45 984
45 984
45 984
45 984
45 984
72 1232
72 1232
72 1232
72 1232
72 1232
72 1232
74 1243
74 1243
74 1243
74 1243
74 1243
74 1243
74 1243
74 1243
74 1243
10 887
10 887
10 887
10 887
10 887
10 887
10 887
10 887
10 887
10 887
10 887
10 887
10 887
10 887
10 887
10 887
10 887
10 887
10 887
10 887
10 887
10 887
10 887
10 887
10 887
10 887
62 882
62 882
62 882
62 882
62 882
62 882
62 882
62 882
62 882
62 882
62 882
62 882
62 882
62 882
62 882
62 882
62 882
62 882
62 882
13 881
13 881
13 881
13 881
13 881
13 881
13 881
13 881
13 881
13 881
13 881
13 881
13 881
13 881
13 881
13 881
13 881
13 881
13 881
13 881
13 881
13 881
13 881
13 881
13 881
15 875
15 875
15 875
15 875
15 875
15 875
15 875
15 875
15 875
15 875
15 875
15 875
15 875
15 875
15 875
27 1261
27 1261
67 891
67 891
67 891
67 891
67 891
67 891
67 891
67 891
67 891
67 891
67 891
67 891
67 891
67 891
67 891
67 891
67 891
67 891
67 891
67 891
67 891
67 891
57 1001
57 1001
57 1001
57 1001
57 1001
57 1001
57 1001
57 1001
57 1001
57 1001
57 1001
57 1001
57 1001
57 1001
57 1001
57 1001
57 1001
57 1001
57 1001
57 1001
57 1001
57 1001
57 1001
57 1001
57 1001
57 1001
57 1001
57 1001
9 986
9 986
9 986
9 986
9 986
30 1340
30 1340
30 1340
30 1340
30 1340
30 1340
30 1340
30 1340
30 1340
30 1340
30 1340
30 1340
30 1340
30 1340
30 1340
30 1340
30 1340
30 1340
23 915
23 915
23 915
23 915
23 915
23 915
23 915
23 915
23 915
23 915
23 915
23 915
23 915
23 915
23 915
23 915
23 915
23 915
23 915
23 915
23 915
23 915
23 915
70 1017
70 1017
70 1017
70 1017
70 1017
70 1017
70 1017
70 1017
70 1017
70 1017
75 1032
75 1032
75 1032
75 1032
75 1032
75 1032
75 1032
75 1032
75 1032
75 1032
75 1032
75 1032
75 1032
75 1032
75 1032
75 1032
75 1032
75 1032
75 1032
75 1032
42 986
42 986
42 986
54 1374
54 1374
54 1374
54 1374
54 1374
54 1374
54 1374
54 1374
54 1374
54 1374
54 1374
47 1456
47 1456
47 1456
47 1456
47 1456
47 1456
47 1456
47 1456
47 1456
47 1456
47 1456
47 1456
47 1456
47 1456
47 1456
47 1456
47 1456
47 1456
47 1456
47 1456
47 1456
64 1421
64 1421
64 1421
64 1421
64 1421
64 1421
64 1421
64 1421
64 1421
64 1421
64 1421
64 1421
64 1421
64 1421
62 984
62 984
62 984
62 984
62 984
62 984
62 984
62 984
62 984
62 984
62 984
62 984
62 984
62 984
62 984
62 984
62 984
62 984
62 984
72 1476
72 1476
72 1476
72 1476
72 1476
72 1476
74 1478
74 1478
74 1478
74 1478
74 1478
74 1478
74 1478
74 1478
74 1478
