8 64
8 64
8 64
8 64
8 64
8 64
8 64
8 64
8 64
8 64
8 64
8 64
8 64
8 64
8 64
8 64
8 64
14 29
14 29
14 29
14 29
14 29
14 29
14 29
14 29
14 29
14 29
16 43
16 43
16 43
16 43
16 43
16 43
16 43
16 43
16 43
17 39
17 39
17 39
17 39
17 39
17 39
17 39
17 39
17 39
17 39
17 39
17 39
17 39
17 39
17 39
17 39
17 39
17 39
17 39
20 39
20 39
20 39
20 39
20 39
21 35
21 35
21 35
21 35
21 35
21 35
21 35
21 35
21 35
21 35
21 35
24 23
24 23
24 23
24 23
24 23
24 23
24 23
24 23
24 23
24 23
24 23
24 23
24 23
24 23
24 23
24 23
24 23
24 23
24 23
24 23
24 23
24 23
8 70
8 70
8 70
8 70
8 70
8 70
8 70
8 70
8 70
8 70
8 70
8 70
8 70
8 70
8 70
8 70
8 70
16 52
16 52
16 52
16 52
16 52
16 52
16 52
16 52
16 52
14 76
14 76
14 76
14 76
14 76
14 76
14 76
14 76
14 76
14 76
75 31
76 25
76 25
76 25
76 25
76 25
76 25
76 25
76 25
76 25
76 25
76 25
76 25
76 25
76 25
17 154
17 154
17 154
17 154
17 154
17 154
17 154
17 154
17 154
17 154
17 154
17 154
17 154
17 154
17 154
17 154
17 154
17 154
17 154
20 125
20 125
20 125
20 125
20 125
21 120
21 120
21 120
21 120
21 120
21 120
21 120
21 120
21 120
21 120
21 120
24 104
24 104
24 104
24 104
24 104
24 104
24 104
24 104
24 104
24 104
24 104
24 104
24 104
24 104
24 104
24 104
24 104
24 104
24 104
24 104
24 104
24 104
73 129
73 129
73 129
73 129
73 129
73 129
8 124
8 124
8 124
8 124
8 124
8 124
8 124
8 124
8 124
8 124
8 124
8 124
8 124
8 124
8 124
8 124
8 124
69 560
69 560
69 560
69 560
69 560
69 560
69 560
69 560
69 560
69 560
69 560
69 560
69 560
69 560
69 560
69 560
69 560
69 560
75 1
76 3
76 3
76 3
76 3
76 3
76 3
76 3
76 3
76 3
76 3
76 3
76 3
76 3
76 3
14 145
14 145
14 145
14 145
14 145
14 145
14 145
14 145
14 145
14 145
30 995
30 995
30 995
30 995
30 995
30 995
30 995
30 995
30 995
30 995
30 995
30 995
30 995
30 995
30 995
30 995
20 147
20 147
20 147
20 147
20 147
16 205
16 205
16 205
16 205
16 205
16 205
16 205
16 205
16 205
73 165
73 165
73 165
73 165
73 165
73 165
24 167
24 167
24 167
24 167
24 167
24 167
24 167
24 167
24 167
24 167
24 167
24 167
24 167
24 167
24 167
24 167
24 167
24 167
24 167
24 167
24 167
24 167
17 251
17 251
17 251
17 251
17 251
17 251
17 251
17 251
17 251
17 251
17 251
17 251
17 251
17 251
17 251
17 251
17 251
17 251
17 251
69 262
69 262
69 262
69 262
69 262
69 262
69 262
69 262
69 262
69 262
69 262
69 262
69 262
69 262
69 262
69 262
69 262
69 262
21 261
21 261
21 261
21 261
21 261
21 261
21 261
21 261
21 261
21 261
21 261
75 2
76 2
76 2
76 2
76 2
76 2
76 2
76 2
76 2
76 2
76 2
76 2
76 2
76 2
76 2
54 781
54 781
54 781
30 1041
30 1041
30 1041
30 1041
30 1041
30 1041
30 1041
30 1041
30 1041
30 1041
30 1041
30 1041
30 1041
30 1041
30 1041
30 1041
62 754
62 754
62 754
62 754
8 310
8 310
8 310
8 310
8 310
8 310
8 310
8 310
8 310
8 310
8 310
8 310
8 310
8 310
8 310
8 310
8 310
14 288
14 288
14 288
14 288
14 288
14 288
14 288
14 288
14 288
14 288
16 268
16 268
16 268
16 268
16 268
16 268
16 268
16 268
16 268
60 835
60 835
60 835
60 835
60 835
60 835
60 835
60 835
60 835
60 835
60 835
60 835
60 835
17 269
17 269
17 269
17 269
17 269
17 269
17 269
17 269
17 269
17 269
17 269
17 269
17 269
17 269
17 269
17 269
17 269
17 269
17 269
69 259
69 259
69 259
69 259
69 259
69 259
69 259
69 259
69 259
69 259
69 259
69 259
69 259
69 259
69 259
69 259
69 259
69 259
20 254
20 254
20 254
20 254
20 254
24 268
24 268
24 268
24 268
24 268
24 268
24 268
24 268
24 268
24 268
24 268
24 268
24 268
24 268
24 268
24 268
24 268
24 268
24 268
24 268
24 268
24 268
73 313
73 313
73 313
73 313
73 313
73 313
21 342
21 342
21 342
21 342
21 342
21 342
21 342
21 342
21 342
21 342
21 342
30 809
30 809
30 809
30 809
30 809
30 809
30 809
30 809
30 809
30 809
30 809
30 809
30 809
30 809
30 809
30 809
72 1421
72 1421
72 1421
72 1421
72 1421
72 1421
72 1421
72 1421
72 1421
72 1421
72 1421
72 1421
72 1421
72 1421
72 1421
72 1421
72 1421
72 1421
72 1421
72 1421
72 1421
72 921
72 921
72 921
72 921
72 921
72 921
72 921
72 921
72 921
72 921
72 921
72 921
72 921
72 921
72 921
72 921
72 921
72 921
72 921
72 921
72 921
72 422
72 422
72 422
72 422
72 422
72 422
72 422
72 422
72 422
72 422
72 422
72 422
72 422
72 422
72 422
72 422
72 422
72 422
72 422
72 422
72 422
75 1
76 2
76 2
76 2
76 2
76 2
76 2
76 2
76 2
76 2
76 2
76 2
76 2
76 2
76 2
46 1333
46 1333
46 1333
46 1333
46 1333
46 1333
46 1333
46 1333
46 1333
46 1333
46 1333
46 1333
43 1392
43 1392
43 920
43 920
46 952
46 952
46 952
46 952
46 952
46 952
46 952
46 952
46 952
46 952
46 952
46 952
8 395
8 395
8 395
8 395
8 395
8 395
8 395
8 395
8 395
8 395
8 395
8 395
8 395
8 395
8 395
8 395
8 395
14 363
14 363
14 363
14 363
14 363
14 363
14 363
14 363
14 363
14 363
16 353
16 353
16 353
16 353
16 353
16 353
16 353
16 353
16 353
17 351
17 351
17 351
17 351
17 351
17 351
17 351
17 351
17 351
17 351
17 351
17 351
17 351
17 351
17 351
17 351
17 351
17 351
17 351
57 1456
57 1456
57 1456
57 1456
57 1456
57 1456
57 1456
57 1456
69 343
69 343
69 343
69 343
69 343
69 343
69 343
69 343
69 343
69 343
69 343
69 343
69 343
69 343
69 343
69 343
69 343
69 343
20 353
20 353
20 353
20 353
20 353
62 979
62 979
62 979
62 979
72 397
72 397
72 397
72 397
72 397
72 397
72 397
72 397
72 397
72 397
72 397
72 397
72 397
72 397
72 397
72 397
72 397
72 397
72 397
72 397
72 397
21 421
21 421
21 421
21 421
21 421
21 421
21 421
21 421
21 421
21 421
21 421
24 451
24 451
24 451
24 451
24 451
24 451
24 451
24 451
24 451
24 451
24 451
24 451
24 451
24 451
24 451
24 451
24 451
24 451
24 451
24 451
24 451
24 451
73 462
73 462
73 462
73 462
73 462
73 462
57 1130
57 1130
57 1130
57 1130
57 1130
57 1130
57 1130
57 1130
60 1105
60 1105
60 1105
60 1105
60 1105
60 1105
60 1105
60 1105
60 1105
60 1105
60 1105
60 1105
60 1105
54 1182
54 1182
54 1182
75 1
76 5
76 5
76 5
76 5
76 5
76 5
76 5
76 5
76 5
76 5
76 5
76 5
76 5
76 5
30 1211
30 1211
30 1211
30 1211
30 1211
30 1211
30 1211
30 1211
30 1211
30 1211
30 1211
30 1211
30 1211
30 1211
30 1211
30 1211
8 484
8 484
8 484
8 484
8 484
8 484
8 484
8 484
8 484
8 484
8 484
8 484
8 484
8 484
8 484
8 484
8 484
43 1136
43 1136
46 1135
46 1135
46 1135
46 1135
46 1135
46 1135
46 1135
46 1135
46 1135
46 1135
46 1135
46 1135
16 517
16 517
16 517
16 517
16 517
16 517
16 517
16 517
16 517
69 489
69 489
69 489
69 489
69 489
69 489
69 489
69 489
69 489
69 489
69 489
69 489
69 489
69 489
69 489
69 489
69 489
69 489
17 531
17 531
17 531
17 531
17 531
17 531
17 531
17 531
17 531
17 531
17 531
17 531
17 531
17 531
17 531
17 531
17 531
17 531
17 531
20 505
20 505
20 505
20 505
20 505
14 575
14 575
14 575
14 575
14 575
14 575
14 575
14 575
14 575
14 575
21 511
21 511
21 511
21 511
21 511
21 511
21 511
21 511
21 511
21 511
21 511
72 508
72 508
72 508
72 508
72 508
72 508
72 508
72 508
72 508
72 508
72 508
72 508
72 508
72 508
72 508
72 508
72 508
72 508
72 508
72 508
72 508
73 511
73 511
73 511
73 511
73 511
73 511
24 507
24 507
24 507
24 507
24 507
24 507
24 507
24 507
24 507
24 507
24 507
24 507
24 507
24 507
24 507
24 507
24 507
24 507
24 507
24 507
24 507
24 507
75 1
76 4
76 4
76 4
76 4
76 4
76 4
76 4
76 4
76 4
76 4
76 4
76 4
76 4
76 4
54 1246
54 1246
54 1246
60 1277
60 1277
60 1277
60 1277
60 1277
60 1277
60 1277
60 1277
60 1277
60 1277
60 1277
60 1277
60 1277
62 1376
62 1376
62 1376
62 1376
8 554
8 554
8 554
8 554
8 554
8 554
8 554
8 554
8 554
8 554
8 554
8 554
8 554
8 554
8 554
8 554
8 554
14 566
14 566
14 566
14 566
14 566
14 566
14 566
14 566
14 566
14 566
17 556
17 556
17 556
17 556
17 556
17 556
17 556
17 556
17 556
17 556
17 556
17 556
17 556
17 556
17 556
17 556
17 556
17 556
17 556
75 2
16 600
16 600
16 600
16 600
16 600
16 600
16 600
16 600
16 600
76 5
76 5
76 5
76 5
76 5
76 5
76 5
76 5
76 5
76 5
76 5
76 5
76 5
76 5
20 569
20 569
20 569
20 569
20 569
69 583
69 583
69 583
69 583
69 583
69 583
69 583
69 583
69 583
69 583
69 583
69 583
69 583
69 583
69 583
69 583
69 583
69 583
21 585
21 585
21 585
21 585
21 585
21 585
21 585
21 585
21 585
21 585
21 585
72 582
72 582
72 582
72 582
72 582
72 582
72 582
72 582
72 582
72 582
72 582
72 582
72 582
72 582
72 582
72 582
72 582
72 582
72 582
72 582
72 582
73 579
73 579
73 579
73 579
73 579
73 579
24 588
24 588
24 588
24 588
24 588
24 588
24 588
24 588
24 588
24 588
24 588
24 588
24 588
24 588
24 588
24 588
24 588
24 588
24 588
24 588
24 588
24 588
30 1563
30 1563
30 1563
30 1563
30 1563
30 1563
30 1563
30 1563
30 1563
30 1563
30 1563
30 1563
30 1563
30 1563
30 1563
30 1563
46 1548
46 1548
46 1548
46 1548
46 1548
46 1548
46 1548
46 1548
46 1548
46 1548
46 1548
46 1548
43 1698
43 1698
54 1650
54 1650
54 1650
75 3
76 1
76 1
76 1
76 1
76 1
76 1
76 1
76 1
76 1
76 1
76 1
76 1
76 1
76 1
62 1648
62 1648
62 1648
62 1648
58 3216
58 3216
58 3216
58 3216
58 3216
58 3216
58 3216
58 2717
58 2717
58 2717
58 2717
58 2717
58 2717
58 2717
58 2218
58 2218
58 2218
58 2218
58 2218
58 2218
58 2218
60 1747
60 1747
60 1747
60 1747
60 1747
60 1747
60 1747
60 1747
60 1747
60 1747
60 1747
60 1747
60 1747
69 723
69 723
69 723
69 723
69 723
69 723
69 723
69 723
69 723
69 723
69 723
69 723
69 723
69 723
69 723
69 723
69 723
69 723
73 690
73 690
73 690
73 690
73 690
73 690
72 749
72 749
72 749
72 749
72 749
72 749
72 749
72 749
72 749
72 749
72 749
72 749
72 749
72 749
72 749
72 749
72 749
72 749
72 749
72 749
72 749
