6 134
6 134
20 48
18 81
18 81
18 81
18 81
18 81
18 81
18 81
18 81
18 81
18 81
18 81
18 81
18 81
18 81
18 81
18 81
18 81
18 81
18 81
47 154
47 154
47 154
47 154
47 154
47 154
47 154
47 154
47 154
47 154
6 99
6 99
48 211
48 211
48 211
48 211
20 69
18 164
18 164
18 164
18 164
18 164
18 164
18 164
18 164
18 164
18 164
18 164
18 164
18 164
18 164
18 164
18 164
18 164
18 164
18 164
48 105
48 105
48 105
48 105
6 112
6 112
33 924
33 924
33 924
33 924
33 924
33 924
43 831
43 831
43 831
43 831
43 831
43 831
43 831
43 831
43 831
43 831
43 831
43 831
43 831
43 831
43 831
43 831
43 831
16 1103
16 1103
16 1103
16 1103
16 1103
16 1103
16 1103
16 1103
16 1103
33 450
33 450
33 450
33 450
33 450
33 450
16 647
16 647
16 647
16 647
16 647
16 647
16 647
16 647
16 647
20 195
18 231
18 231
18 231
18 231
18 231
18 231
18 231
18 231
18 231
18 231
18 231
18 231
18 231
18 231
18 231
18 231
18 231
18 231
18 231
16 260
16 260
16 260
16 260
16 260
16 260
16 260
16 260
16 260
43 507
43 507
43 507
43 507
43 507
43 507
43 507
43 507
43 507
43 507
43 507
43 507
43 507
43 507
43 507
43 507
43 507
44 508
44 508
44 508
44 508
44 508
44 508
44 508
44 508
44 508
44 508
44 508
44 508
44 508
44 508
36 1156
36 1156
36 1156
36 1156
36 1156
54 555
54 555
54 555
54 555
54 555
54 555
54 555
54 555
54 555
54 555
54 555
54 555
54 555
54 555
54 555
57 557
57 557
57 557
57 557
57 557
57 557
57 557
57 557
60 561
60 561
60 561
60 561
60 561
60 561
60 561
60 561
60 561
60 561
60 561
60 561
60 561
64 587
64 587
64 587
64 587
64 587
64 587
64 587
64 587
64 587
64 587
64 587
64 587
64 587
64 587
64 587
64 587
64 587
64 587
70 647
70 647
70 647
70 647
70 647
70 647
70 647
70 647
70 647
70 647
70 647
70 647
70 647
70 647
70 647
70 647
6 333
6 333
20 258
18 315
18 315
18 315
18 315
18 315
18 315
18 315
18 315
18 315
18 315
18 315
18 315
18 315
18 315
18 315
18 315
18 315
18 315
18 315
16 348
16 348
16 348
16 348
16 348
16 348
16 348
16 348
16 348
33 713
33 713
33 713
33 713
33 713
33 713
27 1870
27 1870
27 1870
27 1384
27 1384
27 1384
27 884
27 884
27 884
47 686
47 686
47 686
47 686
47 686
47 686
47 686
47 686
47 686
47 686
43 763
43 763
43 763
43 763
43 763
43 763
43 763
43 763
43 763
43 763
43 763
43 763
43 763
43 763
43 763
43 763
43 763
48 738
48 738
48 738
48 738
44 781
44 781
44 781
44 781
44 781
44 781
44 781
44 781
44 781
44 781
44 781
44 781
44 781
44 781
71 1047
71 1047
71 1047
71 1047
71 1047
71 1047
71 1047
71 1047
71 1047
71 1047
71 1047
71 1047
54 806
54 806
54 806
54 806
54 806
54 806
54 806
54 806
54 806
54 806
54 806
54 806
54 806
54 806
54 806
6 340
6 340
57 850
57 850
57 850
57 850
57 850
57 850
57 850
57 850
18 290
18 290
18 290
18 290
18 290
18 290
18 290
18 290
18 290
18 290
18 290
18 290
18 290
18 290
18 290
18 290
18 290
18 290
18 290
60 873
60 873
60 873
60 873
60 873
60 873
60 873
60 873
60 873
60 873
60 873
60 873
60 873
20 324
36 672
36 672
36 672
36 672
36 672
64 895
64 895
64 895
64 895
64 895
64 895
64 895
64 895
64 895
64 895
64 895
64 895
64 895
64 895
64 895
64 895
64 895
64 895
27 308
27 308
27 308
70 910
70 910
70 910
70 910
70 910
70 910
70 910
70 910
70 910
70 910
70 910
70 910
70 910
70 910
70 910
70 910
71 932
71 932
71 932
71 932
71 932
71 932
71 932
71 932
71 932
71 932
71 932
71 932
16 484
16 484
16 484
16 484
16 484
16 484
16 484
16 484
16 484
47 782
47 782
47 782
47 782
47 782
47 782
47 782
47 782
47 782
47 782
33 981
33 981
33 981
33 981
33 981
33 981
47 462
47 462
47 462
47 462
47 462
47 462
47 462
47 462
47 462
47 462
43 1028
43 1028
43 1028
43 1028
43 1028
43 1028
43 1028
43 1028
43 1028
43 1028
43 1028
43 1028
43 1028
43 1028
43 1028
43 1028
43 1028
44 1036
44 1036
44 1036
44 1036
44 1036
44 1036
44 1036
44 1036
44 1036
44 1036
44 1036
44 1036
44 1036
44 1036
6 499
6 499
54 1048
54 1048
54 1048
54 1048
54 1048
54 1048
54 1048
54 1048
54 1048
54 1048
54 1048
54 1048
54 1048
54 1048
54 1048
48 639
48 639
48 639
48 639
57 1054
57 1054
57 1054
57 1054
57 1054
57 1054
57 1054
57 1054
16 473
16 473
16 473
16 473
16 473
16 473
16 473
16 473
16 473
60 1074
60 1074
60 1074
60 1074
60 1074
60 1074
60 1074
60 1074
60 1074
60 1074
60 1074
60 1074
60 1074
64 1085
64 1085
64 1085
64 1085
64 1085
64 1085
64 1085
64 1085
64 1085
64 1085
64 1085
64 1085
64 1085
64 1085
64 1085
64 1085
64 1085
64 1085
40 2848
40 2848
40 2848
40 2848
40 2848
40 2848
40 2848
40 2848
40 2848
40 2848
40 2848
40 2349
40 2349
40 2349
40 2349
40 2349
40 2349
40 2349
40 2349
40 2349
40 2349
40 2349
40 1849
40 1849
40 1849
40 1849
40 1849
40 1849
40 1849
40 1849
40 1849
40 1849
40 1849
70 1122
70 1122
70 1122
70 1122
70 1122
70 1122
70 1122
70 1122
70 1122
70 1122
70 1122
70 1122
70 1122
70 1122
70 1122
70 1122
71 1118
71 1118
71 1118
71 1118
71 1118
71 1118
71 1118
71 1118
71 1118
71 1118
71 1118
71 1118
33 1173
33 1173
33 1173
33 1173
33 1173
33 1173
18 865
18 865
18 865
18 865
18 865
18 865
18 865
18 865
18 865
18 865
18 865
18 865
18 865
18 865
18 865
18 865
18 865
18 865
18 865
27 781
27 781
27 781
20 857
47 593
47 593
47 593
47 593
47 593
47 593
47 593
47 593
47 593
47 593
48 590
48 590
48 590
48 590
36 754
36 754
36 754
36 754
36 754
40 1215
40 1215
40 1215
40 1215
40 1215
40 1215
40 1215
40 1215
40 1215
40 1215
40 1215
43 1209
43 1209
43 1209
43 1209
43 1209
43 1209
43 1209
43 1209
43 1209
43 1209
43 1209
43 1209
43 1209
43 1209
43 1209
43 1209
43 1209
18 472
18 472
18 472
18 472
18 472
18 472
18 472
18 472
18 472
18 472
18 472
18 472
18 472
18 472
18 472
18 472
18 472
18 472
18 472
44 1213
44 1213
44 1213
44 1213
44 1213
44 1213
44 1213
44 1213
44 1213
44 1213
44 1213
44 1213
44 1213
44 1213
16 505
16 505
16 505
16 505
16 505
16 505
16 505
16 505
16 505
27 454
27 454
27 454
54 1269
54 1269
54 1269
54 1269
54 1269
54 1269
54 1269
54 1269
54 1269
54 1269
54 1269
54 1269
54 1269
54 1269
54 1269
20 653
57 1314
57 1314
57 1314
57 1314
57 1314
57 1314
57 1314
57 1314
60 1305
60 1305
60 1305
60 1305
60 1305
60 1305
60 1305
60 1305
60 1305
60 1305
60 1305
60 1305
60 1305
48 462
48 462
48 462
48 462
6 895
6 895
64 1342
64 1342
64 1342
64 1342
64 1342
64 1342
64 1342
64 1342
64 1342
64 1342
64 1342
64 1342
64 1342
64 1342
64 1342
64 1342
64 1342
64 1342
70 1367
70 1367
70 1367
70 1367
70 1367
70 1367
70 1367
70 1367
70 1367
70 1367
70 1367
70 1367
70 1367
70 1367
70 1367
70 1367
71 1373
71 1373
71 1373
71 1373
71 1373
71 1373
71 1373
71 1373
71 1373
71 1373
71 1373
71 1373
36 756
36 756
36 756
36 756
36 756
33 1408
33 1408
33 1408
33 1408
33 1408
33 1408
40 1417
40 1417
40 1417
40 1417
40 1417
40 1417
40 1417
40 1417
40 1417
40 1417
40 1417
43 1427
43 1427
43 1427
43 1427
43 1427
43 1427
43 1427
43 1427
43 1427
43 1427
43 1427
43 1427
43 1427
43 1427
43 1427
43 1427
43 1427
44 1472
44 1472
44 1472
44 1472
44 1472
44 1472
44 1472
44 1472
44 1472
44 1472
44 1472
44 1472
44 1472
44 1472
