1 1 2 -5.14724 25.3179
2 1 3 -80.9591 -75.8636
3 4 3 17.6456 -63.4105
4 1 1 -7.40186 74.0581
5 2 3 70.0015 -50.1484
6 4 2 22.8024 88.5809
7 3 2 -32.1895 11.9211
8 1 2 -47.1641 -83.2703
9 4 2 -24.7212 -57.3279
10 1 3 79.1261 -51.3487
11 1 1 19.0563 8.5694
12 3 1 78.6736 14.9222
13 2 3 -24.6942 98.7356
14 2 3 70.8506 -93.3538
15 4 1 25.7868 -80.2812
16 2 2 44.0275 77.1515
17 2 2 71.1516 56.2197
18 1 1 -16.3479 -55.8364
19 2 1 5.82425 76.2103
20 2 2 -62.6793 82.7504
21 3 1 14.5579 -75.1731
22 2 2 65.7035 2.25409
23 1 1 -82.6017 32.1957
24 1 1 64.159 3.37455
25 3 1 -51.5756 -93.8642
26 4 3 43.5373 -33.3492
27 4 3 84.2224 25.3774
28 2 1 77.4261 77.2173
29 3 3 52.8801 -73.534
30 3 3 -58.5105 -17.4855
31 2 3 -33.4808 -41.6086
32 2 3 96.677 19.0624
33 1 2 -82.4861 77.2851
34 2 1 -61.0436 15.3152
35 1 2 -2.36103 96.4143
36 1 1 17.2145 -16.3334
37 1 2 -94.9461 58.7959
38 3 2 63.2502 -21.1625
39 1 2 -62.9915 -81.4035
40 2 2 -17.1443 98.2894
41 2 3 36.1393 70.6581
42 3 1 -47.3218 -38.5904
43 4 2 -86.1242 -48.0233
44 4 3 -64.7982 -54.6462
45 3 3 -22.6821 -53.182
46 2 1 66.2762 -26.6766
47 2 2 -64.5214 97.9034
48 3 2 -38.0324 56.604
49 4 1 -17.7809 68.786
50 3 2 74.1909 -14.926
51 4 3 67.9142 -7.26583
52 2 2 29.3256 30.1505
53 3 1 88.9348 -59.7871
54 1 3 59.7355 92.5592
55 2 3 -1.17472 -9.82423
56 4 1 40.6729 41.2306
57 1 3 85.167 -75.8057
58 2 3 34.3375 -60.9554
59 2 1 31.8384 -43.19
60 1 1 27.4211 -36.8283
61 4 1 -87.2535 44.141
62 3 1 -73.2279 23.5807
63 4 1 22.1089 -44.5013
64 4 1 49.0867 21.4185
