14 67
14 67
14 67
14 67
9 162
9 162
9 162
9 162
9 162
9 162
9 162
9 162
9 162
9 162
4 213
4 213
4 213
4 213
4 213
4 213
4 213
4 213
4 213
4 213
4 213
4 213
4 213
4 213
23 198
23 198
23 198
23 198
23 198
23 198
23 198
23 198
23 198
23 198
23 198
23 198
14 7
14 7
14 7
14 7
4 431
4 431
4 431
4 431
4 431
4 431
4 431
4 431
4 431
4 431
4 431
4 431
4 431
4 431
9 396
9 396
9 396
9 396
9 396
9 396
9 396
9 396
9 396
9 396
14 28
14 28
14 28
14 28
23 537
23 537
23 537
23 537
23 537
23 537
23 537
23 537
23 537
23 537
23 537
23 537
126 38
126 38
126 38
126 38
126 38
126 38
126 38
126 38
126 38
126 38
126 38
126 38
126 38
126 38
126 38
126 38
126 38
128 41
128 41
128 41
128 41
128 41
129 44
129 44
129 44
130 35
132 24
132 24
132 24
132 24
132 24
132 24
132 24
132 24
132 24
132 24
132 24
132 24
132 24
135 17
135 17
135 17
135 17
135 17
135 17
135 17
135 17
135 17
135 17
135 17
135 17
135 17
135 17
135 17
135 17
135 17
135 17
135 17
135 17
135 17
135 17
135 17
135 17
135 17
137 48
137 48
140 40
140 40
140 40
140 40
140 40
140 40
139 53
139 53
139 53
139 53
139 53
139 53
139 53
4 648
4 648
4 648
4 648
4 648
4 648
4 648
4 648
4 648
4 648
4 648
4 648
4 648
4 648
14 74
14 74
14 74
14 74
9 728
9 728
9 728
9 728
9 728
9 728
9 728
9 728
9 728
9 728
111 719
111 719
111 719
111 719
111 719
111 719
111 719
111 719
111 719
111 719
111 719
126 86
126 86
126 86
126 86
126 86
126 86
126 86
126 86
126 86
126 86
126 86
126 86
126 86
126 86
126 86
126 86
126 86
128 92
128 92
128 92
128 92
128 92
129 97
129 97
129 97
130 89
132 76
132 76
132 76
132 76
132 76
132 76
132 76
132 76
132 76
132 76
132 76
132 76
132 76
135 97
135 97
135 97
135 97
135 97
135 97
135 97
135 97
135 97
135 97
135 97
135 97
135 97
135 97
135 97
135 97
135 97
135 97
135 97
135 97
135 97
135 97
135 97
135 97
135 97
137 106
137 106
139 128
139 128
139 128
139 128
139 128
139 128
139 128
140 123
140 123
140 123
140 123
140 123
140 123
106 1101
106 1101
106 1101
106 1101
106 1101
106 1101
106 1101
106 1101
106 1101
106 1101
106 1101
106 1101
106 1101
106 1101
106 1101
106 1101
106 1101
106 1101
106 1101
106 1101
106 1101
106 1101
106 1101
106 1101
106 1101
106 1101
14 102
14 102
14 102
14 102
115 1163
115 1163
115 1163
115 1163
115 1163
115 1163
115 1163
115 1163
115 1163
115 1163
115 1163
115 1163
115 1163
115 1163
115 1163
115 1163
115 1163
115 1163
115 1163
115 1163
115 1163
115 1163
126 112
126 112
126 112
126 112
126 112
126 112
126 112
126 112
126 112
126 112
126 112
126 112
126 112
126 112
126 112
126 112
126 112
128 108
128 108
128 108
128 108
128 108
41 1980
41 1980
41 1980
41 1980
41 1980
41 1980
41 1980
41 1980
41 1980
129 117
129 117
129 117
130 115
132 122
132 122
132 122
132 122
132 122
132 122
132 122
132 122
132 122
132 122
132 122
132 122
132 122
135 107
135 107
135 107
135 107
135 107
135 107
135 107
135 107
135 107
135 107
135 107
135 107
135 107
135 107
135 107
135 107
135 107
135 107
135 107
135 107
135 107
135 107
135 107
135 107
135 107
137 91
137 91
4 947
4 947
4 947
4 947
4 947
4 947
4 947
4 947
4 947
4 947
4 947
4 947
4 947
4 947
139 105
139 105
139 105
139 105
139 105
139 105
139 105
140 105
140 105
140 105
140 105
140 105
140 105
106 998
106 998
106 998
106 998
106 998
106 998
106 998
106 998
106 998
106 998
106 998
106 998
106 998
106 998
106 998
106 998
106 998
106 998
106 998
106 998
106 998
106 998
106 998
106 998
106 998
106 998
9 992
9 992
9 992
9 992
9 992
9 992
9 992
9 992
9 992
9 992
111 995
111 995
111 995
111 995
111 995
111 995
111 995
111 995
111 995
111 995
111 995
115 1008
115 1008
115 1008
115 1008
115 1008
115 1008
115 1008
115 1008
115 1008
115 1008
115 1008
115 1008
115 1008
115 1008
115 1008
115 1008
115 1008
115 1008
115 1008
115 1008
115 1008
115 1008
41 1341
41 1341
41 1341
41 1341
41 1341
41 1341
41 1341
41 1341
41 1341
14 119
14 119
14 119
14 119
126 71
126 71
126 71
126 71
126 71
126 71
126 71
126 71
126 71
126 71
126 71
126 71
126 71
126 71
126 71
126 71
126 71
128 68
128 68
128 68
128 68
128 68
129 71
129 71
129 71
130 80
132 86
132 86
132 86
132 86
132 86
132 86
132 86
132 86
132 86
132 86
132 86
132 86
132 86
135 89
135 89
135 89
135 89
135 89
135 89
135 89
135 89
135 89
135 89
135 89
135 89
135 89
135 89
135 89
135 89
135 89
135 89
135 89
135 89
135 89
135 89
135 89
135 89
135 89
137 81
137 81
139 75
139 75
139 75
139 75
139 75
139 75
139 75
140 72
140 72
140 72
140 72
140 72
140 72
14 57
14 57
14 57
14 57
126 31
126 31
126 31
126 31
126 31
126 31
126 31
126 31
126 31
126 31
126 31
126 31
126 31
126 31
126 31
126 31
126 31
128 32
128 32
128 32
128 32
128 32
4 1272
4 1272
4 1272
4 1272
4 1272
4 1272
4 1272
4 1272
4 1272
4 1272
4 1272
4 1272
4 1272
4 1272
129 61
129 61
129 61
130 68
132 98
132 98
132 98
132 98
132 98
132 98
132 98
132 98
132 98
132 98
132 98
132 98
132 98
106 1388
106 1388
106 1388
106 1388
106 1388
106 1388
106 1388
106 1388
106 1388
106 1388
106 1388
106 1388
106 1388
106 1388
106 1388
106 1388
106 1388
106 1388
106 1388
106 1388
106 1388
106 1388
106 1388
106 1388
106 1388
106 1388
23 1727
23 1727
23 1727
23 1727
23 1727
23 1727
23 1727
23 1727
23 1727
23 1727
23 1727
23 1727
135 108
135 108
135 108
135 108
135 108
135 108
135 108
135 108
135 108
135 108
135 108
135 108
135 108
135 108
135 108
135 108
135 108
135 108
135 108
135 108
135 108
135 108
135 108
135 108
135 108
115 1316
115 1316
115 1316
115 1316
115 1316
115 1316
115 1316
115 1316
115 1316
115 1316
115 1316
115 1316
115 1316
115 1316
115 1316
115 1316
115 1316
115 1316
115 1316
115 1316
115 1316
115 1316
137 110
137 110
139 103
139 103
139 103
139 103
139 103
139 103
139 103
140 106
140 106
140 106
140 106
140 106
140 106
111 1401
111 1401
111 1401
111 1401
111 1401
111 1401
111 1401
111 1401
111 1401
111 1401
111 1401
14 87
14 87
14 87
14 87
41 1934
41 1934
41 1934
41 1934
41 1934
41 1934
41 1934
41 1934
41 1934
23 1615
23 1615
23 1615
23 1615
23 1615
23 1615
23 1615
23 1615
23 1615
23 1615
23 1615
23 1615
10 3266
10 3266
10 3266
10 3266
10 3266
10 3266
10 3266
10 3266
10 3266
10 3266
10 3266
10 3266
10 3266
10 3266
10 3266
10 3266
10 2768
10 2768
10 2768
10 2768
10 2768
10 2768
10 2768
10 2768
10 2768
10 2768
10 2768
10 2768
10 2768
10 2768
10 2768
10 2768
10 2273
10 2273
10 2273
10 2273
10 2273
10 2273
10 2273
10 2273
10 2273
10 2273
10 2273
10 2273
10 2273
10 2273
10 2273
10 2273
126 122
126 122
126 122
126 122
126 122
126 122
126 122
126 122
126 122
126 122
126 122
126 122
126 122
126 122
126 122
126 122
126 122
128 115
128 115
128 115
128 115
128 115
129 108
129 108
129 108
130 112
132 100
132 100
132 100
132 100
132 100
132 100
132 100
132 100
132 100
132 100
132 100
132 100
132 100
9 1850
9 1850
9 1850
9 1850
9 1850
9 1850
9 1850
9 1850
9 1850
9 1850
135 108
135 108
135 108
135 108
135 108
135 108
135 108
135 108
135 108
135 108
135 108
135 108
135 108
135 108
135 108
135 108
135 108
135 108
135 108
135 108
135 108
135 108
135 108
135 108
135 108
139 116
139 116
139 116
139 116
139 116
139 116
139 116
137 140
137 140
140 115
140 115
140 115
140 115
140 115
140 115
106 1509
106 1509
106 1509
106 1509
106 1509
106 1509
106 1509
106 1509
106 1509
106 1509
106 1509
106 1509
106 1509
106 1509
106 1509
106 1509
106 1509
106 1509
106 1509
106 1509
106 1509
106 1509
106 1509
106 1509
106 1509
106 1509
111 1598
111 1598
111 1598
111 1598
111 1598
111 1598
111 1598
111 1598
111 1598
111 1598
111 1598
126 164
126 164
126 164
126 164
126 164
126 164
126 164
126 164
126 164
126 164
126 164
126 164
126 164
126 164
126 164
126 164
126 164
128 165
128 165
128 165
128 165
128 165
129 170
129 170
129 170
130 174
132 164
132 164
132 164
132 164
132 164
132 164
132 164
132 164
132 164
132 164
132 164
132 164
132 164
135 184
135 184
135 184
135 184
135 184
135 184
135 184
135 184
135 184
135 184
135 184
135 184
135 184
135 184
135 184
135 184
135 184
135 184
135 184
135 184
135 184
135 184
135 184
135 184
135 184
137 173
137 173
139 180
139 180
139 180
139 180
139 180
139 180
139 180
140 187
140 187
140 187
140 187
140 187
140 187
126 222
126 222
126 222
126 222
126 222
126 222
126 222
126 222
126 222
126 222
126 222
126 222
126 222
126 222
126 222
126 222
126 222
128 228
128 228
128 228
128 228
128 228
129 244
129 244
129 244
130 235
132 225
132 225
132 225
132 225
132 225
132 225
132 225
132 225
132 225
132 225
132 225
132 225
132 225
135 229
135 229
135 229
135 229
135 229
135 229
135 229
135 229
135 229
135 229
135 229
135 229
135 229
135 229
135 229
135 229
135 229
135 229
135 229
135 229
135 229
135 229
135 229
135 229
135 229
111 1982
111 1982
111 1982
111 1982
111 1982
111 1982
111 1982
111 1982
111 1982
111 1982
111 1982
137 243
137 243
115 1964
115 1964
115 1964
115 1964
115 1964
115 1964
115 1964
115 1964
115 1964
115 1964
115 1964
115 1964
115 1964
115 1964
115 1964
115 1964
115 1964
115 1964
115 1964
115 1964
115 1964
115 1964
139 251
139 251
139 251
139 251
139 251
139 251
139 251
140 248
140 248
140 248
140 248
140 248
140 248
