6 177
6 177
6 177
6 177
6 177
6 177
6 177
6 177
6 177
6 177
6 177
6 177
6 177
6 177
6 177
3 213
3 213
3 213
3 213
3 213
3 213
3 213
3 213
5 194
5 194
5 194
5 194
5 194
5 194
5 194
5 194
5 194
52 375
52 375
52 375
52 375
52 375
52 375
52 375
52 375
52 375
52 375
52 375
52 375
52 375
52 375
52 375
52 375
5 420
5 420
5 420
5 420
5 420
5 420
5 420
5 420
5 420
6 416
6 416
6 416
6 416
6 416
6 416
6 416
6 416
6 416
6 416
6 416
6 416
6 416
6 416
6 416
3 744
3 744
3 744
3 744
3 744
3 744
3 744
3 744
86 659
86 659
81 963
81 963
81 963
81 963
3 756
3 756
3 756
3 756
3 756
3 756
3 756
3 756
5 758
5 758
5 758
5 758
5 758
5 758
5 758
5 758
5 758
6 1001
6 1001
6 1001
6 1001
6 1001
6 1001
6 1001
6 1001
6 1001
6 1001
6 1001
6 1001
6 1001
6 1001
6 1001
52 1060
52 1060
52 1060
52 1060
52 1060
52 1060
52 1060
52 1060
52 1060
52 1060
52 1060
52 1060
52 1060
52 1060
52 1060
52 1060
79 1334
79 1334
79 1334
79 1334
79 1334
89 1524
89 1524
89 1524
89 1524
89 1524
89 1524
89 1524
89 1524
89 1524
89 1524
89 1524
89 1524
89 1524
89 1524
89 1524
89 1524
89 1524
89 1524
89 1524
89 1524
89 1524
89 1524
89 1524
89 1524
89 1524
89 1524
89 1524
89 1524
86 1064
86 1064
81 1254
81 1254
81 1254
81 1254
3 1161
3 1161
3 1161
3 1161
3 1161
3 1161
3 1161
3 1161
77 1997
5 1283
5 1283
5 1283
5 1283
5 1283
5 1283
5 1283
5 1283
5 1283
77 1575
6 1530
6 1530
6 1530
6 1530
6 1530
6 1530
6 1530
6 1530
6 1530
6 1530
6 1530
6 1530
6 1530
6 1530
6 1530
79 1811
79 1811
79 1811
79 1811
79 1811
89 1835
89 1835
89 1835
89 1835
89 1835
89 1835
89 1835
89 1835
89 1835
89 1835
89 1835
89 1835
89 1835
89 1835
89 1835
89 1835
89 1835
89 1835
89 1835
89 1835
89 1835
89 1835
89 1835
89 1835
89 1835
89 1835
89 1835
89 1835
52 1758
52 1758
52 1758
52 1758
52 1758
52 1758
52 1758
52 1758
52 1758
52 1758
52 1758
52 1758
52 1758
52 1758
52 1758
52 1758
86 2180
86 2180
6 1988
6 1988
6 1988
6 1988
6 1988
6 1988
6 1988
6 1988
6 1988
6 1988
6 1988
6 1988
6 1988
6 1988
6 1988
89 2161
89 2161
89 2161
89 2161
89 2161
89 2161
89 2161
89 2161
89 2161
89 2161
89 2161
89 2161
89 2161
89 2161
89 2161
89 2161
89 2161
89 2161
89 2161
89 2161
89 2161
89 2161
89 2161
89 2161
89 2161
89 2161
89 2161
89 2161
86 1696
86 1696
89 1707
89 1707
89 1707
89 1707
89 1707
89 1707
89 1707
89 1707
89 1707
89 1707
89 1707
89 1707
89 1707
89 1707
89 1707
89 1707
89 1707
89 1707
89 1707
89 1707
89 1707
89 1707
89 1707
89 1707
89 1707
89 1707
89 1707
89 1707
