11 260
11 260
11 260
11 260
11 260
11 260
11 260
11 260
11 260
11 260
7 306
7 306
7 306
7 306
7 306
7 306
7 306
7 306
7 306
7 306
7 306
7 306
7 306
7 306
7 306
24 360
24 360
24 360
24 360
24 360
24 360
24 360
24 360
24 360
24 360
24 360
24 360
24 360
24 360
24 360
24 360
24 360
24 360
24 360
24 360
41 334
41 334
41 334
41 334
41 334
41 334
41 334
41 334
41 334
41 334
41 334
41 334
41 334
41 334
41 334
41 334
41 334
41 334
41 334
41 334
41 334
41 334
41 334
41 334
41 334
41 334
41 334
41 334
7 325
7 325
7 325
7 325
7 325
7 325
7 325
7 325
7 325
7 325
7 325
7 325
7 325
7 325
7 325
11 382
11 382
11 382
11 382
11 382
11 382
11 382
11 382
11 382
11 382
24 435
24 435
24 435
24 435
24 435
24 435
24 435
24 435
24 435
24 435
24 435
24 435
24 435
24 435
24 435
24 435
24 435
24 435
24 435
24 435
9 1235
9 1235
9 1235
9 1235
9 1235
9 1235
9 1235
9 1235
9 811
9 811
9 811
9 811
9 811
9 811
9 811
9 811
5 1360
5 1360
5 1360
5 1360
5 861
5 861
5 861
5 861
19 1228
19 1228
19 1228
19 1228
19 1228
19 1228
19 1228
19 1228
19 1228
19 1228
19 1228
19 1228
19 1228
19 1228
19 1228
19 1228
19 1228
19 1228
19 1228
19 1228
19 1228
19 744
19 744
19 744
19 744
19 744
19 744
19 744
19 744
19 744
19 744
19 744
19 744
19 744
19 744
19 744
19 744
19 744
19 744
19 744
19 744
19 744
17 1553
17 1553
17 1553
17 1553
17 1553
17 1553
17 1553
17 1553
17 1553
17 1553
17 1553
17 1553
17 1553
17 1553
17 1553
17 1553
17 1553
17 1553
17 1553
17 1553
17 1553
17 1553
17 1553
17 1081
17 1081
17 1081
17 1081
17 1081
17 1081
17 1081
17 1081
17 1081
17 1081
17 1081
17 1081
17 1081
17 1081
17 1081
17 1081
17 1081
17 1081
17 1081
17 1081
17 1081
17 1081
17 1081
5 701
5 701
5 701
5 701
7 707
7 707
7 707
7 707
7 707
7 707
7 707
7 707
7 707
7 707
7 707
7 707
7 707
7 707
7 707
11 674
11 674
11 674
11 674
11 674
11 674
11 674
11 674
11 674
11 674
9 731
9 731
9 731
9 731
9 731
9 731
9 731
9 731
41 942
41 942
41 942
41 942
41 942
41 942
41 942
41 942
41 942
41 942
41 942
41 942
41 942
41 942
41 942
41 942
41 942
41 942
41 942
41 942
41 942
41 942
41 942
41 942
41 942
41 942
41 942
41 942
17 852
17 852
17 852
17 852
17 852
17 852
17 852
17 852
17 852
17 852
17 852
17 852
17 852
17 852
17 852
17 852
17 852
17 852
17 852
17 852
17 852
17 852
17 852
19 872
19 872
19 872
19 872
19 872
19 872
19 872
19 872
19 872
19 872
19 872
19 872
19 872
19 872
19 872
19 872
19 872
19 872
19 872
19 872
19 872
18 1485
18 1485
18 1485
18 1485
18 1485
18 1485
18 1485
18 1485
18 1485
5 827
5 827
5 827
5 827
7 825
7 825
7 825
7 825
7 825
7 825
7 825
7 825
7 825
7 825
7 825
7 825
7 825
7 825
7 825
9 896
9 896
9 896
9 896
9 896
9 896
9 896
9 896
11 882
11 882
11 882
11 882
11 882
11 882
11 882
11 882
11 882
11 882
41 1341
41 1341
41 1341
41 1341
41 1341
41 1341
41 1341
41 1341
41 1341
41 1341
41 1341
41 1341
41 1341
41 1341
41 1341
41 1341
41 1341
41 1341
41 1341
41 1341
41 1341
41 1341
41 1341
41 1341
41 1341
41 1341
41 1341
41 1341
19 1280
19 1280
19 1280
19 1280
19 1280
19 1280
19 1280
19 1280
19 1280
19 1280
19 1280
19 1280
19 1280
19 1280
19 1280
19 1280
19 1280
19 1280
19 1280
19 1280
19 1280
18 1574
18 1574
18 1574
18 1574
18 1574
18 1574
18 1574
18 1574
18 1574
11 1210
11 1210
11 1210
11 1210
11 1210
11 1210
11 1210
11 1210
11 1210
11 1210
7 1273
7 1273
7 1273
7 1273
7 1273
7 1273
7 1273
7 1273
7 1273
7 1273
7 1273
7 1273
7 1273
7 1273
7 1273
9 1305
9 1305
9 1305
9 1305
9 1305
9 1305
9 1305
9 1305
53 2896
53 2896
53 2896
53 2896
53 2896
53 2430
53 2430
53 2430
53 2430
53 2430
53 1934
53 1934
53 1934
53 1934
53 1934
19 1293
19 1293
19 1293
19 1293
19 1293
19 1293
19 1293
19 1293
19 1293
19 1293
19 1293
19 1293
19 1293
19 1293
19 1293
19 1293
19 1293
19 1293
19 1293
19 1293
19 1293
5 1521
5 1521
5 1521
5 1521
18 1392
18 1392
18 1392
18 1392
18 1392
18 1392
18 1392
18 1392
18 1392
24 1885
24 1885
24 1885
24 1885
24 1885
24 1885
24 1885
24 1885
24 1885
24 1885
24 1885
24 1885
24 1885
24 1885
24 1885
24 1885
24 1885
24 1885
24 1885
24 1885
53 1808
53 1808
53 1808
53 1808
53 1808
24 1935
24 1935
24 1935
24 1935
24 1935
24 1935
24 1935
24 1935
24 1935
24 1935
24 1935
24 1935
24 1935
24 1935
24 1935
24 1935
24 1935
24 1935
24 1935
24 1935
41 1938
41 1938
41 1938
41 1938
41 1938
41 1938
41 1938
41 1938
41 1938
41 1938
41 1938
41 1938
41 1938
41 1938
41 1938
41 1938
41 1938
41 1938
41 1938
41 1938
41 1938
41 1938
41 1938
41 1938
41 1938
41 1938
41 1938
41 1938
