1 4 1
2 1 3
3 1 3
4 4 1
5 2 2
6 3 1
7 2 2
8 2 2
9 4 1
10 4 1
11 1 3
12 2 2
13 2 2
14 1 3
15 2 2
16 1 3
17 4 1
18 1 3
19 4 1
20 2 2
21 2 2
22 1 3
23 2 2
24 3 1
25 1 3
26 1 3
27 1 3
28 3 1
29 1 3
30 2 2
31 4 1
32 2 2
33 4 1
34 3 1
35 2 2
36 1 3
37 3 1
38 2 2
39 3 1
40 2 2
41 2 2
42 2 2
43 4 1
44 3 1
45 3 1
46 1 3
47 4 1
48 4 1
49 1 3
50 1 3
51 4 1
52 3 1
53 1 3
54 4 1
55 3 1
56 4 1
57 4 1
58 3 1
59 1 3
60 3 1
61 1 3
62 3 1
63 2 2
64 1 3
65 2 2
66 4 1
67 3 1
68 2 2
69 4 1
70 2 2
71 2 2
72 1 3
73 1 3
74 2 2
75 2 2
76 2 2
77 2 2
78 1 3
79 1 3
80 3 1
81 1 3
82 4 1
83 3 1
84 1 3
85 4 1
86 4 1
87 4 1
88 1 3
89 2 2
90 1 3
91 2 2
92 2 2
93 4 1
94 3 1
95 2 2
96 2 2
97 4 1
98 2 3
99 2 3
100 2 3
