1 4 3 28.0155 74.8178
2 1 3 34.9344 78.3508
3 1 3 75.4499 15.243
4 4 3 0.719059 66.4422
5 2 3 27.9138 89.3903
6 3 3 -35.3912 25.1733
7 2 3 -16.5516 -23.4986
8 2 3 -43.1783 26.3375
9 4 3 98.5348 -17.9557
10 4 3 80.5899 -48.4352
11 1 3 -62.0335 -10.2609
12 2 3 -0.764157 47.1788
13 2 3 75.996 -47.5481
14 1 3 96.6501 78.0078
15 2 3 -19.082 7.61327
16 1 2 -65.2815 13.7425
17 4 2 7.52814 16.801
18 1 2 2.61623 -59.7275
19 4 2 -21.0863 19.729
20 2 2 -26.7365 65.0112
21 2 2 -61.8861 -8.36604
22 1 2 11.2621 -91.3538
23 2 2 -52.2256 6.58327
24 3 3 61.4377 33.7447
25 1 2 26.2597 99.4301
26 1 2 -2.4541 -56.6871
27 1 2 36.912 11.8903
28 3 3 86.4236 -65.3147
29 1 2 -61.4348 18.0367
30 2 2 56.3257 64.6332
31 4 2 97.4029 5.78455
32 2 2 -9.69893 -4.2504
33 4 2 -73.8775 75.4319
34 3 3 -83.3412 -74.5657
35 2 2 25.0819 -10.2131
36 1 2 -98.436 -46.3533
37 3 3 -58.0165 -3.50524
38 2 2 30.1858 -93.3511
39 3 3 87.9452 -92.1895
40 2 2 -91.8557 -8.87442
41 2 2 7.11974 -52.3331
42 2 2 64.6106 -6.56687
43 4 2 -57.9254 74.2777
44 3 3 70.2105 -40.6887
45 3 3 11.033 -20.8337
46 1 2 8.55838 14.3161
47 4 2 70.7021 71.5892
48 4 2 10.2532 76.2279
49 1 2 51.9619 82.88
50 1 2 -52.9554 98.2582
51 4 2 93.3058 61.5682
52 3 3 -55.7602 11.3983
53 1 2 20.5494 36.1346
54 4 2 59.8609 -84.8452
55 3 3 4.26746 82.8726
56 4 1 97.6858 16.3601
57 4 1 -55.3475 24.1141
58 3 3 1.95842 59.2939
59 1 1 -93.9536 87.0105
60 3 3 -77.0843 -86.4156
61 1 1 -47.4931 -42.2375
62 3 3 -95.2457 -40.6346
63 2 1 40.9241 -63.7617
64 1 1 -7.85784 -22.8232
65 2 1 -68.1304 52.3934
66 4 1 -40.992 -80.2148
67 3 3 76.5366 24.7738
68 2 1 -96.2177 -52.1376
69 4 1 -65.091 18.4692
70 2 1 -15.4443 -23.7274
71 2 1 -54.2803 -90.9245
72 1 1 -26.1187 47.9982
73 1 1 48.208 -61.5979
74 2 1 -65.0992 8.02881
75 2 1 93.1561 22.5116
76 2 1 3.22549 6.41557
77 2 1 28.9899 -97.6239
78 1 1 25.6734 -61.3115
79 1 1 -55.8391 44.9042
80 3 3 -23.5607 64.9203
81 1 1 -48.5471 52.3707
82 4 1 -71.8228 26.0192
83 3 3 73.7838 -26.0712
84 1 1 -56.5764 -12.4864
85 4 1 27.16 -41.7641
86 4 1 19.6545 -53.0876
87 4 1 -70.8795 -94.6778
88 1 1 1.03232 63.7539
89 2 1 20.3222 84.1661
90 1 1 30.6193 61.9729
91 2 1 -1.47132 12.6898
92 2 1 -49.0578 80.9302
93 4 1 20.293 1.64772
94 3 3 -28.8523 83.9983
95 2 1 56.8496 -64.2521
96 2 1 3.63804 27.2178
97 4 1 -96.8106 -89.6774
98 2 1 61.9224 -25.759
99 2 1 -95.3302 83.6229
100 2 1 -4.50531 -5.51926
