10 108
10 108
10 108
10 108
10 108
10 108
10 108
10 108
10 108
10 108
10 108
10 108
10 108
10 108
10 108
10 108
10 108
10 108
10 108
10 108
10 108
10 108
10 108
10 108
10 108
10 108
10 108
10 108
9 120
9 120
9 120
9 120
9 120
9 120
9 120
9 120
9 120
9 120
9 120
9 120
9 120
9 120
9 120
9 120
9 120
9 120
9 120
9 120
9 120
9 120
11 115
11 115
11 115
11 115
11 115
11 115
11 115
11 115
11 115
11 115
11 115
11 115
11 115
11 115
11 115
11 115
11 115
11 115
11 115
11 115
11 115
11 115
11 115
11 115
11 115
7 157
7 157
7 157
7 157
7 157
7 157
7 157
7 157
7 157
7 157
7 157
7 157
7 157
7 157
7 157
7 157
7 157
7 157
7 157
7 157
7 157
7 157
7 157
7 157
7 157
7 157
7 157
7 57
7 57
7 57
7 57
7 57
7 57
7 57
7 57
7 57
7 57
7 57
7 57
7 57
7 57
7 57
7 57
7 57
7 57
7 57
7 57
7 57
7 57
7 57
7 57
7 57
7 57
7 57
9 58
9 58
9 58
9 58
9 58
9 58
9 58
9 58
9 58
9 58
9 58
9 58
9 58
9 58
9 58
9 58
9 58
9 58
9 58
9 58
9 58
9 58
11 82
11 82
11 82
11 82
11 82
11 82
11 82
11 82
11 82
11 82
11 82
11 82
11 82
11 82
11 82
11 82
11 82
11 82
11 82
11 82
11 82
11 82
11 82
11 82
11 82
10 166
10 166
10 166
10 166
10 166
10 166
10 166
10 166
10 166
10 166
10 166
10 166
10 166
10 166
10 166
10 166
10 166
10 166
10 166
10 166
10 166
10 166
10 166
10 166
10 166
10 166
10 166
10 166
85 80
85 80
85 80
85 80
85 80
85 80
85 80
85 80
85 80
85 80
85 80
85 80
85 80
85 80
85 80
85 80
85 80
85 80
85 80
85 80
85 80
85 80
85 80
85 80
85 80
85 80
85 80
85 80
85 80
85 80
70 264
70 264
70 264
70 264
70 264
70 264
70 264
70 264
70 264
70 264
70 264
70 264
70 264
70 264
70 264
70 264
70 264
70 264
70 264
70 264
70 264
70 264
70 264
70 264
70 264
70 264
70 264
70 264
70 264
97 19
97 19
97 19
97 19
97 19
97 19
97 19
96 35
96 35
96 35
96 35
98 16
98 16
98 16
99 17
99 17
99 17
99 17
99 17
99 17
99 17
99 17
100 13
100 13
100 13
100 13
100 13
100 13
100 13
100 13
100 13
100 13
100 13
101 14
101 14
101 14
101 14
101 14
101 14
101 14
101 14
101 14
101 14
101 14
101 14
101 14
101 14
101 14
101 14
101 14
101 14
101 14
101 14
102 11
102 11
103 8
103 8
103 8
103 8
103 8
104 13
105 10
105 10
105 10
105 10
105 10
105 10
68 396
68 396
68 396
68 396
68 396
68 396
68 396
68 396
68 396
68 396
68 396
68 396
68 396
93 162
93 162
93 162
93 162
93 162
93 162
93 162
93 162
93 162
93 162
7 174
7 174
7 174
7 174
7 174
7 174
7 174
7 174
7 174
7 174
7 174
7 174
7 174
7 174
7 174
7 174
7 174
7 174
7 174
7 174
7 174
7 174
7 174
7 174
7 174
7 174
7 174
9 177
9 177
9 177
9 177
9 177
9 177
9 177
9 177
9 177
9 177
9 177
9 177
9 177
9 177
9 177
9 177
9 177
9 177
9 177
9 177
9 177
9 177
10 213
10 213
10 213
10 213
10 213
10 213
10 213
10 213
10 213
10 213
10 213
10 213
10 213
10 213
10 213
10 213
10 213
10 213
10 213
10 213
10 213
10 213
10 213
10 213
10 213
10 213
10 213
10 213
63 688
63 688
63 688
63 688
63 688
63 688
63 688
63 688
63 688
63 688
63 688
63 688
63 688
63 688
63 688
63 688
63 688
63 688
63 688
63 688
63 688
68 197
68 197
68 197
68 197
68 197
68 197
68 197
68 197
68 197
68 197
68 197
68 197
68 197
11 324
11 324
11 324
11 324
11 324
11 324
11 324
11 324
11 324
11 324
11 324
11 324
11 324
11 324
11 324
11 324
11 324
11 324
11 324
11 324
11 324
11 324
11 324
11 324
11 324
96 2
96 2
96 2
96 2
97 7
97 7
97 7
97 7
97 7
97 7
97 7
98 10
98 10
98 10
99 12
99 12
99 12
99 12
99 12
99 12
99 12
99 12
100 7
100 7
100 7
100 7
100 7
100 7
100 7
100 7
100 7
100 7
100 7
101 4
101 4
101 4
101 4
101 4
101 4
101 4
101 4
101 4
101 4
101 4
101 4
101 4
101 4
101 4
101 4
101 4
101 4
101 4
101 4
102 4
102 4
103 12
103 12
103 12
103 12
103 12
104 5
63 415
63 415
63 415
63 415
63 415
63 415
63 415
63 415
63 415
63 415
63 415
63 415
63 415
63 415
63 415
63 415
63 415
63 415
63 415
63 415
63 415
105 10
105 10
105 10
105 10
105 10
105 10
70 364
70 364
70 364
70 364
70 364
70 364
70 364
70 364
70 364
70 364
70 364
70 364
70 364
70 364
70 364
70 364
70 364
70 364
70 364
70 364
70 364
70 364
70 364
70 364
70 364
70 364
70 364
70 364
70 364
93 265
93 265
93 265
93 265
93 265
93 265
93 265
93 265
93 265
93 265
85 524
85 524
85 524
85 524
85 524
85 524
85 524
85 524
85 524
85 524
85 524
85 524
85 524
85 524
85 524
85 524
85 524
85 524
85 524
85 524
85 524
85 524
85 524
85 524
85 524
85 524
85 524
85 524
85 524
85 524
9 330
9 330
9 330
9 330
9 330
9 330
9 330
9 330
9 330
9 330
9 330
9 330
9 330
9 330
9 330
9 330
9 330
9 330
9 330
9 330
9 330
9 330
10 341
10 341
10 341
10 341
10 341
10 341
10 341
10 341
10 341
10 341
10 341
10 341
10 341
10 341
10 341
10 341
10 341
10 341
10 341
10 341
10 341
10 341
10 341
10 341
10 341
10 341
10 341
10 341
11 347
11 347
11 347
11 347
11 347
11 347
11 347
11 347
11 347
11 347
11 347
11 347
11 347
11 347
11 347
11 347
11 347
11 347
11 347
11 347
11 347
11 347
11 347
11 347
11 347
96 2
96 2
96 2
96 2
97 6
97 6
97 6
97 6
97 6
97 6
97 6
98 3
98 3
98 3
99 5
99 5
99 5
99 5
99 5
99 5
99 5
99 5
100 1
100 1
100 1
100 1
100 1
100 1
100 1
100 1
100 1
100 1
100 1
101 3
101 3
101 3
101 3
101 3
101 3
101 3
101 3
101 3
101 3
101 3
101 3
101 3
101 3
101 3
101 3
101 3
101 3
101 3
101 3
102 2
102 2
103 4
103 4
103 4
103 4
103 4
104 1
68 373
68 373
68 373
68 373
68 373
68 373
68 373
68 373
68 373
68 373
68 373
68 373
68 373
105 8
105 8
105 8
105 8
105 8
105 8
70 369
70 369
70 369
70 369
70 369
70 369
70 369
70 369
70 369
70 369
70 369
70 369
70 369
70 369
70 369
70 369
70 369
70 369
70 369
70 369
70 369
70 369
70 369
70 369
70 369
70 369
70 369
70 369
70 369
85 387
85 387
85 387
85 387
85 387
85 387
85 387
85 387
85 387
85 387
85 387
85 387
85 387
85 387
85 387
85 387
85 387
85 387
85 387
85 387
85 387
85 387
85 387
85 387
85 387
85 387
85 387
85 387
85 387
85 387
96 1
96 1
96 1
96 1
97 4
97 4
97 4
97 4
97 4
97 4
97 4
63 845
63 845
63 845
63 845
63 845
63 845
63 845
63 845
63 845
63 845
63 845
63 845
63 845
63 845
63 845
63 845
63 845
63 845
63 845
63 845
63 845
98 2
98 2
98 2
7 918
7 918
7 918
7 918
7 918
7 918
7 918
7 918
7 918
7 918
7 918
7 918
7 918
7 918
7 918
7 918
7 918
7 918
7 918
7 918
7 918
7 918
7 918
7 918
7 918
7 918
7 918
7 427
7 427
7 427
7 427
7 427
7 427
7 427
7 427
7 427
7 427
7 427
7 427
7 427
7 427
7 427
7 427
7 427
7 427
7 427
7 427
7 427
7 427
7 427
7 427
7 427
7 427
7 427
99 8
99 8
99 8
99 8
99 8
99 8
99 8
99 8
100 2
100 2
100 2
100 2
100 2
100 2
100 2
100 2
100 2
100 2
100 2
101 4
101 4
101 4
101 4
101 4
101 4
101 4
101 4
101 4
101 4
101 4
101 4
101 4
101 4
101 4
101 4
101 4
101 4
101 4
101 4
102 5
102 5
103 8
103 8
103 8
103 8
103 8
104 3
11 438
11 438
11 438
11 438
11 438
11 438
11 438
11 438
11 438
11 438
11 438
11 438
11 438
11 438
11 438
11 438
11 438
11 438
11 438
11 438
11 438
11 438
11 438
11 438
11 438
105 7
105 7
105 7
105 7
105 7
105 7
10 506
10 506
10 506
10 506
10 506
10 506
10 506
10 506
10 506
10 506
10 506
10 506
10 506
10 506
10 506
10 506
10 506
10 506
10 506
10 506
10 506
10 506
10 506
10 506
10 506
10 506
10 506
10 506
9 538
9 538
9 538
9 538
9 538
9 538
9 538
9 538
9 538
9 538
9 538
9 538
9 538
9 538
9 538
9 538
9 538
9 538
9 538
9 538
9 538
9 538
63 499
63 499
63 499
63 499
63 499
63 499
63 499
63 499
63 499
63 499
63 499
63 499
63 499
63 499
63 499
63 499
63 499
63 499
63 499
63 499
63 499
68 457
68 457
68 457
68 457
68 457
68 457
68 457
68 457
68 457
68 457
68 457
68 457
68 457
70 588
70 588
70 588
70 588
70 588
70 588
70 588
70 588
70 588
70 588
70 588
70 588
70 588
70 588
70 588
70 588
70 588
70 588
70 588
70 588
70 588
70 588
70 588
70 588
70 588
70 588
70 588
70 588
70 588
93 892
93 892
93 892
93 892
93 892
93 892
93 892
93 892
93 892
93 892
85 483
85 483
85 483
85 483
85 483
85 483
85 483
85 483
85 483
85 483
85 483
85 483
85 483
85 483
85 483
85 483
85 483
85 483
85 483
85 483
85 483
85 483
85 483
85 483
85 483
85 483
85 483
85 483
85 483
85 483
96 4
96 4
96 4
96 4
97 13
97 13
97 13
97 13
97 13
97 13
97 13
98 15
98 15
98 15
99 18
99 18
99 18
99 18
99 18
99 18
99 18
99 18
100 9
100 9
100 9
100 9
100 9
100 9
100 9
100 9
100 9
100 9
100 9
101 5
101 5
101 5
101 5
101 5
101 5
101 5
101 5
101 5
101 5
101 5
101 5
101 5
101 5
101 5
101 5
101 5
101 5
101 5
101 5
102 1
102 1
103 7
103 7
103 7
103 7
103 7
104 7
105 2
105 2
105 2
105 2
105 2
105 2
96 2
96 2
96 2
96 2
97 3
97 3
97 3
97 3
97 3
97 3
97 3
98 4
98 4
98 4
99 3
99 3
99 3
99 3
99 3
99 3
99 3
99 3
100 3
100 3
100 3
100 3
100 3
100 3
100 3
100 3
100 3
100 3
100 3
101 6
101 6
101 6
101 6
101 6
101 6
101 6
101 6
101 6
101 6
101 6
101 6
101 6
101 6
101 6
101 6
101 6
101 6
101 6
101 6
102 16
102 16
103 11
103 11
103 11
103 11
103 11
104 11
105 3
105 3
105 3
105 3
105 3
105 3
9 1081
9 1081
9 1081
9 1081
9 1081
9 1081
9 1081
9 1081
9 1081
9 1081
9 1081
9 1081
9 1081
9 1081
9 1081
9 1081
9 1081
9 1081
9 1081
9 1081
9 1081
9 1081
68 1028
68 1028
68 1028
68 1028
68 1028
68 1028
68 1028
68 1028
68 1028
68 1028
68 1028
68 1028
68 1028
70 1011
70 1011
70 1011
70 1011
70 1011
70 1011
70 1011
70 1011
70 1011
70 1011
70 1011
70 1011
70 1011
70 1011
70 1011
70 1011
70 1011
70 1011
70 1011
70 1011
70 1011
70 1011
70 1011
70 1011
70 1011
70 1011
70 1011
70 1011
70 1011
63 1081
63 1081
63 1081
63 1081
63 1081
63 1081
63 1081
63 1081
63 1081
63 1081
63 1081
63 1081
63 1081
63 1081
63 1081
63 1081
63 1081
63 1081
63 1081
63 1081
63 1081
10 1117
10 1117
10 1117
10 1117
10 1117
10 1117
10 1117
10 1117
10 1117
10 1117
10 1117
10 1117
10 1117
10 1117
10 1117
10 1117
10 1117
10 1117
10 1117
10 1117
10 1117
10 1117
10 1117
10 1117
10 1117
10 1117
10 1117
10 1117
85 884
85 884
85 884
85 884
85 884
85 884
85 884
85 884
85 884
85 884
85 884
85 884
85 884
85 884
85 884
85 884
85 884
85 884
85 884
85 884
85 884
85 884
85 884
85 884
85 884
85 884
85 884
85 884
85 884
85 884
93 880
93 880
93 880
93 880
93 880
93 880
93 880
93 880
93 880
93 880
7 745
7 745
7 745
7 745
7 745
7 745
7 745
7 745
7 745
7 745
7 745
7 745
7 745
7 745
7 745
7 745
7 745
7 745
7 745
7 745
7 745
7 745
7 745
7 745
7 745
7 745
7 745
11 705
11 705
11 705
11 705
11 705
11 705
11 705
11 705
11 705
11 705
11 705
11 705
11 705
11 705
11 705
11 705
11 705
11 705
11 705
11 705
11 705
11 705
11 705
11 705
11 705
96 1
96 1
96 1
96 1
97 2
97 2
97 2
97 2
97 2
97 2
97 2
10 879
10 879
10 879
10 879
10 879
10 879
10 879
10 879
10 879
10 879
10 879
10 879
10 879
10 879
10 879
10 879
10 879
10 879
10 879
10 879
10 879
10 879
10 879
10 879
10 879
10 879
10 879
10 879
98 4
98 4
98 4
99 4
99 4
99 4
99 4
99 4
99 4
99 4
99 4
100 10
100 10
100 10
100 10
100 10
100 10
100 10
100 10
100 10
100 10
100 10
101 3
101 3
101 3
101 3
101 3
101 3
101 3
101 3
101 3
101 3
101 3
101 3
101 3
101 3
101 3
101 3
101 3
101 3
101 3
101 3
102 1
102 1
103 7
103 7
103 7
103 7
103 7
104 12
105 7
105 7
105 7
105 7
105 7
105 7
68 978
68 978
68 978
68 978
68 978
68 978
68 978
68 978
68 978
68 978
68 978
68 978
68 978
95 3233
95 3233
95 3233
95 3233
95 3233
95 3233
95 3233
95 3233
95 3233
95 3233
95 3233
95 3233
95 3233
95 3233
95 3233
95 3233
95 2741
95 2741
95 2741
95 2741
95 2741
95 2741
95 2741
95 2741
95 2741
95 2741
95 2741
95 2741
95 2741
95 2741
95 2741
95 2741
95 2247
95 2247
95 2247
95 2247
95 2247
95 2247
95 2247
95 2247
95 2247
95 2247
95 2247
95 2247
95 2247
95 2247
95 2247
95 2247
63 1070
63 1070
63 1070
63 1070
63 1070
63 1070
63 1070
63 1070
63 1070
63 1070
63 1070
63 1070
63 1070
63 1070
63 1070
63 1070
63 1070
63 1070
63 1070
63 1070
63 1070
85 859
85 859
85 859
85 859
85 859
85 859
85 859
85 859
85 859
85 859
85 859
85 859
85 859
85 859
85 859
85 859
85 859
85 859
85 859
85 859
85 859
85 859
85 859
85 859
85 859
85 859
85 859
85 859
85 859
85 859
96 1
96 1
96 1
96 1
97 3
97 3
97 3
97 3
97 3
97 3
97 3
98 4
98 4
98 4
99 5
99 5
99 5
99 5
99 5
99 5
99 5
99 5
100 2
100 2
100 2
100 2
100 2
100 2
100 2
100 2
100 2
100 2
100 2
101 2
101 2
101 2
101 2
101 2
101 2
101 2
101 2
101 2
101 2
101 2
101 2
101 2
101 2
101 2
101 2
101 2
101 2
101 2
101 2
102 1
102 1
103 2
103 2
103 2
103 2
103 2
104 2
105 3
105 3
105 3
105 3
105 3
105 3
93 1268
93 1268
93 1268
93 1268
93 1268
93 1268
93 1268
93 1268
93 1268
93 1268
95 1753
95 1753
95 1753
95 1753
95 1753
95 1753
95 1753
95 1753
95 1753
95 1753
95 1753
95 1753
95 1753
95 1753
95 1753
95 1753
95 1256
95 1256
95 1256
95 1256
95 1256
95 1256
95 1256
95 1256
95 1256
95 1256
95 1256
95 1256
95 1256
95 1256
95 1256
95 1256
85 856
85 856
85 856
85 856
85 856
85 856
85 856
85 856
85 856
85 856
85 856
85 856
85 856
85 856
85 856
85 856
85 856
85 856
85 856
85 856
85 856
85 856
85 856
85 856
85 856
85 856
85 856
85 856
85 856
85 856
93 888
93 888
93 888
93 888
93 888
93 888
93 888
93 888
93 888
93 888
95 910
95 910
95 910
95 910
95 910
95 910
95 910
95 910
95 910
95 910
95 910
95 910
95 910
95 910
95 910
95 910
