33 1289
33 1289
33 1289
33 1289
33 1289
33 1289
33 1289
33 1289
33 1289
33 1289
33 1289
33 1289
33 1289
33 1289
33 1289
33 1289
33 1289
33 1289
33 1289
33 1289
33 1289
33 1289
31 1311
31 1311
31 1311
31 1311
31 1311
31 1311
31 1311
34 1282
34 1282
34 1282
34 1282
34 1282
34 1282
34 1282
34 1282
34 1282
34 1282
34 1282
34 1282
34 1282
34 1282
34 1282
34 1282
34 1282
34 1282
34 1282
34 1282
34 1282
34 1282
34 1282
15 1485
15 1485
15 1485
15 1485
15 1485
15 1485
15 1485
15 1485
15 1485
15 1485
15 1485
15 1485
15 1485
15 1485
15 1485
15 1485
15 1485
15 1485
15 1485
15 1485
15 1485
15 1485
15 1485
15 1485
15 1485
15 1485
15 1485
15 1485
13 1510
13 1510
13 1510
13 1510
13 1510
13 1510
13 1510
13 1510
13 1510
13 1510
13 1510
13 1510
13 1510
13 1510
13 1510
13 1510
13 1510
13 1510
13 1510
13 1510
13 1510
13 1510
13 1510
13 1510
13 1510
13 1510
13 1510
13 1510
13 1510
13 1510
16 1482
16 1482
16 1482
16 1482
16 1482
16 1482
16 1482
16 1482
16 1482
16 1482
16 1482
16 1482
16 1482
16 1482
16 1482
16 1482
102 664
102 664
102 664
102 664
102 664
102 664
102 664
102 664
62 704
62 704
62 704
62 704
62 704
62 704
62 704
62 704
62 704
62 704
62 704
62 704
62 704
62 704
62 704
62 704
62 704
62 704
62 704
62 704
62 704
62 704
62 704
62 704
62 704
62 704
62 704
13 738
13 738
13 738
13 738
13 738
13 738
13 738
13 738
13 738
13 738
13 738
13 738
13 738
13 738
13 738
13 738
13 738
13 738
13 738
13 738
13 738
13 738
13 738
13 738
13 738
13 738
13 738
13 738
13 738
13 738
15 719
15 719
15 719
15 719
15 719
15 719
15 719
15 719
15 719
15 719
15 719
15 719
15 719
15 719
15 719
15 719
15 719
15 719
15 719
15 719
15 719
15 719
15 719
15 719
15 719
15 719
15 719
15 719
70 766
70 766
70 766
65 832
65 832
65 832
65 832
65 832
65 832
65 832
65 832
65 832
65 832
65 832
65 832
65 832
65 832
65 832
65 832
65 832
65 832
65 832
65 832
65 832
65 832
65 832
65 832
65 832
65 832
16 841
16 841
16 841
16 841
16 841
16 841
16 841
16 841
16 841
16 841
16 841
16 841
16 841
16 841
16 841
16 841
23 812
23 812
23 812
23 812
23 812
23 812
23 812
23 812
23 812
23 812
23 812
23 812
23 812
23 812
23 812
23 812
23 812
23 812
23 812
23 812
23 812
23 812
23 812
23 812
23 812
23 812
23 812
23 812
23 812
21 833
31 747
31 747
31 747
31 747
31 747
31 747
31 747
33 748
33 748
33 748
33 748
33 748
33 748
33 748
33 748
33 748
33 748
33 748
33 748
33 748
33 748
33 748
33 748
33 748
33 748
33 748
33 748
33 748
33 748
34 758
34 758
34 758
34 758
34 758
34 758
34 758
34 758
34 758
34 758
34 758
34 758
34 758
34 758
34 758
34 758
34 758
34 758
34 758
34 758
34 758
34 758
34 758
85 772
85 772
85 772
85 772
85 772
85 772
85 772
85 772
85 772
85 772
85 772
85 772
85 772
85 772
85 772
85 772
85 772
78 859
78 859
78 859
78 859
78 859
78 859
78 859
78 859
78 859
78 859
78 859
35 812
35 812
43 821
43 821
43 821
43 821
43 821
43 821
43 821
43 821
43 821
43 821
43 821
43 821
99 814
99 814
99 814
99 814
102 826
102 826
102 826
102 826
102 826
102 826
102 826
102 826
42 944
42 944
42 944
42 944
42 944
42 944
42 944
42 944
42 944
42 944
42 944
42 944
42 944
94 974
94 974
94 974
94 974
94 974
94 974
94 974
94 974
94 974
94 974
94 974
94 974
94 974
94 974
94 974
94 974
94 974
94 974
94 974
70 941
70 941
70 941
45 1195
45 1195
45 1195
45 1195
45 1195
45 1195
45 1195
45 1195
45 1195
45 1195
45 1195
45 1195
45 1195
45 1195
62 1104
62 1104
62 1104
62 1104
62 1104
62 1104
62 1104
62 1104
62 1104
62 1104
62 1104
62 1104
62 1104
62 1104
62 1104
62 1104
62 1104
62 1104
62 1104
62 1104
62 1104
62 1104
62 1104
62 1104
62 1104
62 1104
62 1104
13 1103
13 1103
13 1103
13 1103
13 1103
13 1103
13 1103
13 1103
13 1103
13 1103
13 1103
13 1103
13 1103
13 1103
13 1103
13 1103
13 1103
13 1103
13 1103
13 1103
13 1103
13 1103
13 1103
13 1103
13 1103
13 1103
13 1103
13 1103
13 1103
13 1103
15 1131
15 1131
15 1131
15 1131
15 1131
15 1131
15 1131
15 1131
15 1131
15 1131
15 1131
15 1131
15 1131
15 1131
15 1131
15 1131
15 1131
15 1131
15 1131
15 1131
15 1131
15 1131
15 1131
15 1131
15 1131
15 1131
15 1131
15 1131
65 1137
65 1137
65 1137
65 1137
65 1137
65 1137
65 1137
65 1137
65 1137
65 1137
65 1137
65 1137
65 1137
65 1137
65 1137
65 1137
65 1137
65 1137
65 1137
65 1137
65 1137
65 1137
65 1137
65 1137
65 1137
65 1137
31 1001
31 1001
31 1001
31 1001
31 1001
31 1001
31 1001
16 1160
16 1160
16 1160
16 1160
16 1160
16 1160
16 1160
16 1160
16 1160
16 1160
16 1160
16 1160
16 1160
16 1160
16 1160
16 1160
33 996
33 996
33 996
33 996
33 996
33 996
33 996
33 996
33 996
33 996
33 996
33 996
33 996
33 996
33 996
33 996
33 996
33 996
33 996
33 996
33 996
33 996
21 1133
34 1006
34 1006
34 1006
34 1006
34 1006
34 1006
34 1006
34 1006
34 1006
34 1006
34 1006
34 1006
34 1006
34 1006
34 1006
34 1006
34 1006
34 1006
34 1006
34 1006
34 1006
34 1006
34 1006
23 1155
23 1155
23 1155
23 1155
23 1155
23 1155
23 1155
23 1155
23 1155
23 1155
23 1155
23 1155
23 1155
23 1155
23 1155
23 1155
23 1155
23 1155
23 1155
23 1155
23 1155
23 1155
23 1155
23 1155
23 1155
23 1155
23 1155
23 1155
23 1155
35 1049
35 1049
78 1190
78 1190
78 1190
78 1190
78 1190
78 1190
78 1190
78 1190
78 1190
78 1190
78 1190
43 1067
43 1067
43 1067
43 1067
43 1067
43 1067
43 1067
43 1067
43 1067
43 1067
43 1067
43 1067
85 1187
85 1187
85 1187
85 1187
85 1187
85 1187
85 1187
85 1187
85 1187
85 1187
85 1187
85 1187
85 1187
85 1187
85 1187
85 1187
85 1187
45 1102
45 1102
45 1102
45 1102
45 1102
45 1102
45 1102
45 1102
45 1102
45 1102
45 1102
45 1102
45 1102
45 1102
99 1123
99 1123
99 1123
99 1123
102 1115
102 1115
102 1115
102 1115
102 1115
102 1115
102 1115
102 1115
94 1385
94 1385
94 1385
94 1385
94 1385
94 1385
94 1385
94 1385
94 1385
94 1385
94 1385
94 1385
94 1385
94 1385
94 1385
94 1385
94 1385
94 1385
94 1385
42 1442
42 1442
42 1442
42 1442
42 1442
42 1442
42 1442
42 1442
42 1442
42 1442
42 1442
42 1442
42 1442
70 1260
70 1260
70 1260
62 1426
62 1426
62 1426
62 1426
62 1426
62 1426
62 1426
62 1426
62 1426
62 1426
62 1426
62 1426
62 1426
62 1426
62 1426
62 1426
62 1426
62 1426
62 1426
62 1426
62 1426
62 1426
62 1426
62 1426
62 1426
62 1426
62 1426
13 1440
13 1440
13 1440
13 1440
13 1440
13 1440
13 1440
13 1440
13 1440
13 1440
13 1440
13 1440
13 1440
13 1440
13 1440
13 1440
13 1440
13 1440
13 1440
13 1440
13 1440
13 1440
13 1440
13 1440
13 1440
13 1440
13 1440
13 1440
13 1440
13 1440
15 1438
15 1438
15 1438
15 1438
15 1438
15 1438
15 1438
15 1438
15 1438
15 1438
15 1438
15 1438
15 1438
15 1438
15 1438
15 1438
15 1438
15 1438
15 1438
15 1438
15 1438
15 1438
15 1438
15 1438
15 1438
15 1438
15 1438
15 1438
65 1446
65 1446
65 1446
65 1446
65 1446
65 1446
65 1446
65 1446
65 1446
65 1446
65 1446
65 1446
65 1446
65 1446
65 1446
65 1446
65 1446
65 1446
65 1446
65 1446
65 1446
65 1446
65 1446
65 1446
65 1446
65 1446
31 1297
31 1297
31 1297
31 1297
31 1297
31 1297
31 1297
16 1448
16 1448
16 1448
16 1448
16 1448
16 1448
16 1448
16 1448
16 1448
16 1448
16 1448
16 1448
16 1448
16 1448
16 1448
16 1448
33 1332
33 1332
33 1332
33 1332
33 1332
33 1332
33 1332
33 1332
33 1332
33 1332
33 1332
33 1332
33 1332
33 1332
33 1332
33 1332
33 1332
33 1332
33 1332
33 1332
33 1332
33 1332
34 1347
34 1347
34 1347
34 1347
34 1347
34 1347
34 1347
34 1347
34 1347
34 1347
34 1347
34 1347
34 1347
34 1347
34 1347
34 1347
34 1347
34 1347
34 1347
34 1347
34 1347
34 1347
34 1347
85 1343
85 1343
85 1343
85 1343
85 1343
85 1343
85 1343
85 1343
85 1343
85 1343
85 1343
85 1343
85 1343
85 1343
85 1343
85 1343
85 1343
35 1348
35 1348
21 1537
43 1349
43 1349
43 1349
43 1349
43 1349
43 1349
43 1349
43 1349
43 1349
43 1349
43 1349
43 1349
78 1522
78 1522
78 1522
78 1522
78 1522
78 1522
78 1522
78 1522
78 1522
78 1522
78 1522
45 1391
45 1391
45 1391
45 1391
45 1391
45 1391
45 1391
45 1391
45 1391
45 1391
45 1391
45 1391
45 1391
45 1391
23 1662
23 1662
23 1662
23 1662
23 1662
23 1662
23 1662
23 1662
23 1662
23 1662
23 1662
23 1662
23 1662
23 1662
23 1662
23 1662
23 1662
23 1662
23 1662
23 1662
23 1662
23 1662
23 1662
23 1662
23 1662
23 1662
23 1662
23 1662
23 1662
99 1403
99 1403
99 1403
99 1403
102 1399
102 1399
102 1399
102 1399
102 1399
102 1399
102 1399
102 1399
42 1592
42 1592
42 1592
42 1592
42 1592
42 1592
42 1592
42 1592
42 1592
42 1592
42 1592
42 1592
42 1592
94 1665
94 1665
94 1665
94 1665
94 1665
94 1665
94 1665
94 1665
94 1665
94 1665
94 1665
94 1665
94 1665
94 1665
94 1665
94 1665
94 1665
94 1665
94 1665
70 1554
70 1554
70 1554
62 1681
62 1681
62 1681
62 1681
62 1681
62 1681
62 1681
62 1681
62 1681
62 1681
62 1681
62 1681
62 1681
62 1681
62 1681
62 1681
62 1681
62 1681
62 1681
62 1681
62 1681
62 1681
62 1681
62 1681
62 1681
62 1681
62 1681
65 1712
65 1712
65 1712
65 1712
65 1712
65 1712
65 1712
65 1712
65 1712
65 1712
65 1712
65 1712
65 1712
65 1712
65 1712
65 1712
65 1712
65 1712
65 1712
65 1712
65 1712
65 1712
65 1712
65 1712
65 1712
65 1712
85 1643
85 1643
85 1643
85 1643
85 1643
85 1643
85 1643
85 1643
85 1643
85 1643
85 1643
85 1643
85 1643
85 1643
85 1643
85 1643
85 1643
78 1787
78 1787
78 1787
78 1787
78 1787
78 1787
78 1787
78 1787
78 1787
78 1787
78 1787
99 1752
99 1752
99 1752
99 1752
102 1774
102 1774
102 1774
102 1774
102 1774
102 1774
102 1774
102 1774
