3 169
3 169
3 169
3 169
3 169
3 169
3 169
3 169
3 169
3 169
3 169
3 169
3 169
3 169
3 169
3 169
3 169
3 169
3 169
3 169
3 169
3 169
3 169
3 169
3 169
3 169
3 169
3 169
3 169
16 57
16 57
16 57
16 57
16 57
16 57
16 57
16 57
16 57
16 57
16 57
16 57
18 77
18 77
18 77
18 77
18 77
18 77
18 77
18 77
18 77
18 77
18 77
18 77
18 77
18 77
18 77
18 77
18 77
18 77
18 77
18 77
18 77
25 137
25 137
25 137
25 137
25 137
25 137
25 137
25 137
25 137
25 137
25 137
25 137
25 137
25 137
25 137
25 137
25 137
25 137
25 137
25 137
25 137
25 137
25 137
25 137
25 137
25 137
25 137
26 128
26 128
26 128
26 128
26 128
26 128
26 128
26 128
26 128
26 128
26 128
26 128
26 128
26 128
26 128
26 128
26 128
26 128
26 128
26 128
26 128
26 128
26 128
26 128
84 167
84 167
84 167
84 167
84 167
84 167
84 167
84 167
84 167
84 167
84 167
84 167
84 167
84 167
84 167
84 167
84 167
84 167
84 167
84 167
84 167
84 167
84 167
84 167
84 167
84 167
84 167
84 167
84 167
84 167
83 179
83 179
83 179
83 179
83 179
83 179
83 179
83 179
85 164
98 38
98 38
98 38
98 38
98 38
98 38
98 38
98 38
98 38
98 38
98 38
98 38
98 38
98 38
98 38
98 38
98 38
98 38
98 38
98 38
98 38
98 38
102 40
102 40
103 45
103 45
103 45
103 45
103 45
103 45
103 45
103 45
103 45
105 44
105 44
105 44
105 44
105 44
105 44
18 427
18 427
18 427
18 427
18 427
18 427
18 427
18 427
18 427
18 427
18 427
18 427
18 427
18 427
18 427
18 427
18 427
18 427
18 427
18 427
18 427
3 694
3 694
3 694
3 694
3 694
3 694
3 694
3 694
3 694
3 694
3 694
3 694
3 694
3 694
3 694
3 694
3 694
3 694
3 694
3 694
3 694
3 694
3 694
3 694
3 694
3 694
3 694
3 694
3 694
25 477
25 477
25 477
25 477
25 477
25 477
25 477
25 477
25 477
25 477
25 477
25 477
25 477
25 477
25 477
25 477
25 477
25 477
25 477
25 477
25 477
25 477
25 477
25 477
25 477
25 477
25 477
26 488
26 488
26 488
26 488
26 488
26 488
26 488
26 488
26 488
26 488
26 488
26 488
26 488
26 488
26 488
26 488
26 488
26 488
26 488
26 488
26 488
26 488
26 488
26 488
83 11
83 11
83 11
83 11
83 11
83 11
83 11
83 11
84 29
84 29
84 29
84 29
84 29
84 29
84 29
84 29
84 29
84 29
84 29
84 29
84 29
84 29
84 29
84 29
84 29
84 29
84 29
84 29
84 29
84 29
84 29
84 29
84 29
84 29
84 29
84 29
84 29
84 29
85 25
28 1160
28 1160
28 1160
28 1160
28 1160
28 1160
28 1160
28 1160
28 1160
28 1160
28 1160
28 1160
28 1160
28 1160
28 1160
6 1382
6 1382
6 1382
6 1382
6 1382
6 1382
6 1382
6 1382
6 1382
6 1382
6 1382
6 1382
6 1382
6 1382
6 1382
6 1382
6 1382
6 1382
6 1382
6 883
6 883
6 883
6 883
6 883
6 883
6 883
6 883
6 883
6 883
6 883
6 883
6 883
6 883
6 883
6 883
6 883
6 883
6 883
28 698
28 698
28 698
28 698
28 698
28 698
28 698
28 698
28 698
28 698
28 698
28 698
28 698
28 698
28 698
97 29
97 29
97 29
97 29
97 29
97 29
97 29
97 29
97 29
97 29
97 29
97 29
97 29
97 29
97 29
97 29
97 29
97 29
97 29
97 29
97 29
97 29
97 29
97 29
97 29
97 29
94 67
94 67
94 67
94 67
94 67
94 67
94 67
94 67
94 67
94 67
94 67
94 67
94 67
94 67
94 67
94 67
94 67
94 67
98 68
98 68
98 68
98 68
98 68
98 68
98 68
98 68
98 68
98 68
98 68
98 68
98 68
98 68
98 68
98 68
98 68
98 68
98 68
98 68
98 68
98 68
102 65
102 65
103 65
103 65
103 65
103 65
103 65
103 65
103 65
103 65
103 65
6 553
6 553
6 553
6 553
6 553
6 553
6 553
6 553
6 553
6 553
6 553
6 553
6 553
6 553
6 553
6 553
6 553
6 553
6 553
105 82
105 82
105 82
105 82
105 82
105 82
83 22
83 22
83 22
83 22
83 22
83 22
83 22
83 22
85 34
84 65
84 65
84 65
84 65
84 65
84 65
84 65
84 65
84 65
84 65
84 65
84 65
84 65
84 65
84 65
84 65
84 65
84 65
84 65
84 65
84 65
84 65
84 65
84 65
84 65
84 65
84 65
84 65
84 65
84 65
94 61
94 61
94 61
94 61
94 61
94 61
94 61
94 61
94 61
94 61
94 61
94 61
94 61
94 61
94 61
94 61
94 61
94 61
96 545
96 545
96 545
96 545
96 545
96 545
96 545
96 54
96 54
96 54
96 54
96 54
96 54
96 54
97 47
97 47
97 47
97 47
97 47
97 47
97 47
97 47
97 47
97 47
97 47
97 47
97 47
97 47
97 47
97 47
97 47
97 47
97 47
97 47
97 47
97 47
97 47
97 47
97 47
97 47
98 48
98 48
98 48
98 48
98 48
98 48
98 48
98 48
98 48
98 48
98 48
98 48
98 48
98 48
98 48
98 48
98 48
98 48
98 48
98 48
98 48
98 48
102 32
102 32
103 27
103 27
103 27
103 27
103 27
103 27
103 27
103 27
103 27
105 43
105 43
105 43
105 43
105 43
105 43
25 990
25 990
25 990
25 990
25 990
25 990
25 990
25 990
25 990
25 990
25 990
25 990
25 990
25 990
25 990
25 990
25 990
25 990
25 990
25 990
25 990
25 990
25 990
25 990
25 990
25 990
25 990
3 1226
3 1226
3 1226
3 1226
3 1226
3 1226
3 1226
3 1226
3 1226
3 1226
3 1226
3 1226
3 1226
3 1226
3 1226
3 1226
3 1226
3 1226
3 1226
3 1226
3 1226
3 1226
3 1226
3 1226
3 1226
3 1226
3 1226
3 1226
3 1226
18 1091
18 1091
18 1091
18 1091
18 1091
18 1091
18 1091
18 1091
18 1091
18 1091
18 1091
18 1091
18 1091
18 1091
18 1091
18 1091
18 1091
18 1091
18 1091
18 1091
18 1091
28 992
28 992
28 992
28 992
28 992
28 992
28 992
28 992
28 992
28 992
28 992
28 992
28 992
28 992
28 992
26 1051
26 1051
26 1051
26 1051
26 1051
26 1051
26 1051
26 1051
26 1051
26 1051
26 1051
26 1051
26 1051
26 1051
26 1051
26 1051
26 1051
26 1051
26 1051
26 1051
26 1051
26 1051
26 1051
26 1051
16 1165
16 1165
16 1165
16 1165
16 1165
16 1165
16 1165
16 1165
16 1165
16 1165
16 1165
16 1165
83 68
83 68
83 68
83 68
83 68
83 68
83 68
83 68
84 66
84 66
84 66
84 66
84 66
84 66
84 66
84 66
84 66
84 66
84 66
84 66
84 66
84 66
84 66
84 66
84 66
84 66
84 66
84 66
84 66
84 66
84 66
84 66
84 66
84 66
84 66
84 66
84 66
84 66
85 58
94 77
94 77
94 77
94 77
94 77
94 77
94 77
94 77
94 77
94 77
94 77
94 77
94 77
94 77
94 77
94 77
94 77
94 77
96 76
96 76
96 76
96 76
96 76
96 76
96 76
97 67
97 67
97 67
97 67
97 67
97 67
97 67
97 67
97 67
97 67
97 67
97 67
97 67
97 67
97 67
97 67
97 67
97 67
97 67
97 67
97 67
97 67
97 67
97 67
97 67
97 67
98 64
98 64
98 64
98 64
98 64
98 64
98 64
98 64
98 64
98 64
98 64
98 64
98 64
98 64
98 64
98 64
98 64
98 64
98 64
98 64
98 64
98 64
102 52
102 52
103 47
103 47
103 47
103 47
103 47
103 47
103 47
103 47
103 47
105 48
105 48
105 48
105 48
105 48
105 48
6 1057
6 1057
6 1057
6 1057
6 1057
6 1057
6 1057
6 1057
6 1057
6 1057
6 1057
6 1057
6 1057
6 1057
6 1057
6 1057
6 1057
6 1057
6 1057
18 947
18 947
18 947
18 947
18 947
18 947
18 947
18 947
18 947
18 947
18 947
18 947
18 947
18 947
18 947
18 947
18 947
18 947
18 947
18 947
18 947
3 1150
3 1150
3 1150
3 1150
3 1150
3 1150
3 1150
3 1150
3 1150
3 1150
3 1150
3 1150
3 1150
3 1150
3 1150
3 1150
3 1150
3 1150
3 1150
3 1150
3 1150
3 1150
3 1150
3 1150
3 1150
3 1150
3 1150
3 1150
3 1150
25 1017
25 1017
25 1017
25 1017
25 1017
25 1017
25 1017
25 1017
25 1017
25 1017
25 1017
25 1017
25 1017
25 1017
25 1017
25 1017
25 1017
25 1017
25 1017
25 1017
25 1017
25 1017
25 1017
25 1017
25 1017
25 1017
25 1017
26 1010
26 1010
26 1010
26 1010
26 1010
26 1010
26 1010
26 1010
26 1010
26 1010
26 1010
26 1010
26 1010
26 1010
26 1010
26 1010
26 1010
26 1010
26 1010
26 1010
26 1010
26 1010
26 1010
26 1010
83 15
83 15
83 15
83 15
83 15
83 15
83 15
83 15
84 24
84 24
84 24
84 24
84 24
84 24
84 24
84 24
84 24
84 24
84 24
84 24
84 24
84 24
84 24
84 24
84 24
84 24
84 24
84 24
84 24
84 24
84 24
84 24
84 24
84 24
84 24
84 24
84 24
84 24
85 17
96 40
96 40
96 40
96 40
96 40
96 40
96 40
97 57
97 57
97 57
97 57
97 57
97 57
97 57
97 57
97 57
97 57
97 57
97 57
97 57
97 57
97 57
97 57
97 57
97 57
97 57
97 57
97 57
97 57
97 57
97 57
97 57
97 57
94 99
94 99
94 99
94 99
94 99
94 99
94 99
94 99
94 99
94 99
94 99
94 99
94 99
94 99
94 99
94 99
94 99
94 99
98 60
98 60
98 60
98 60
98 60
98 60
98 60
98 60
98 60
98 60
98 60
98 60
98 60
98 60
98 60
98 60
98 60
98 60
98 60
98 60
98 60
98 60
102 47
102 47
103 39
103 39
103 39
103 39
103 39
103 39
103 39
103 39
103 39
105 38
105 38
105 38
105 38
105 38
105 38
6 1175
6 1175
6 1175
6 1175
6 1175
6 1175
6 1175
6 1175
6 1175
6 1175
6 1175
6 1175
6 1175
6 1175
6 1175
6 1175
6 1175
6 1175
6 1175
83 40
83 40
83 40
83 40
83 40
83 40
83 40
83 40
84 54
84 54
84 54
84 54
84 54
84 54
84 54
84 54
84 54
84 54
84 54
84 54
84 54
84 54
84 54
84 54
84 54
84 54
84 54
84 54
84 54
84 54
84 54
84 54
84 54
84 54
84 54
84 54
84 54
84 54
28 1627
28 1627
28 1627
28 1627
28 1627
28 1627
28 1627
28 1627
28 1627
28 1627
28 1627
28 1627
28 1627
28 1627
28 1627
85 60
18 1249
18 1249
18 1249
18 1249
18 1249
18 1249
18 1249
18 1249
18 1249
18 1249
18 1249
18 1249
18 1249
18 1249
18 1249
18 1249
18 1249
18 1249
18 1249
18 1249
18 1249
94 17
94 17
94 17
94 17
94 17
94 17
94 17
94 17
94 17
94 17
94 17
94 17
94 17
94 17
94 17
94 17
94 17
94 17
96 1
96 1
96 1
96 1
96 1
96 1
96 1
97 4
97 4
97 4
97 4
97 4
97 4
97 4
97 4
97 4
97 4
97 4
97 4
97 4
97 4
97 4
97 4
97 4
97 4
97 4
97 4
97 4
97 4
97 4
97 4
97 4
97 4
98 6
98 6
98 6
98 6
98 6
98 6
98 6
98 6
98 6
98 6
98 6
98 6
98 6
98 6
98 6
98 6
98 6
98 6
98 6
98 6
98 6
98 6
47 2536
47 2536
47 2536
47 2536
47 2536
47 2536
47 2536
47 2536
47 2536
47 2536
47 2536
47 2536
47 2536
47 2536
47 2536
47 2536
47 2536
47 2536
47 2536
47 2536
47 2037
47 2037
47 2037
47 2037
47 2037
47 2037
47 2037
47 2037
47 2037
47 2037
47 2037
47 2037
47 2037
47 2037
47 2037
47 2037
47 2037
47 2037
47 2037
47 2037
102 29
102 29
47 1580
47 1580
47 1580
47 1580
47 1580
47 1580
47 1580
47 1580
47 1580
47 1580
47 1580
47 1580
47 1580
47 1580
47 1580
47 1580
47 1580
47 1580
47 1580
47 1580
26 1291
26 1291
26 1291
26 1291
26 1291
26 1291
26 1291
26 1291
26 1291
26 1291
26 1291
26 1291
26 1291
26 1291
26 1291
26 1291
26 1291
26 1291
26 1291
26 1291
26 1291
26 1291
26 1291
26 1291
25 1319
25 1319
25 1319
25 1319
25 1319
25 1319
25 1319
25 1319
25 1319
25 1319
25 1319
25 1319
25 1319
25 1319
25 1319
25 1319
25 1319
25 1319
25 1319
25 1319
25 1319
25 1319
25 1319
25 1319
25 1319
25 1319
25 1319
103 62
103 62
103 62
103 62
103 62
103 62
103 62
103 62
103 62
105 44
105 44
105 44
105 44
105 44
105 44
16 1491
16 1491
16 1491
16 1491
16 1491
16 1491
16 1491
16 1491
16 1491
16 1491
16 1491
16 1491
83 21
83 21
83 21
83 21
83 21
83 21
83 21
83 21
84 54
84 54
84 54
84 54
84 54
84 54
84 54
84 54
84 54
84 54
84 54
84 54
84 54
84 54
84 54
84 54
84 54
84 54
84 54
84 54
84 54
84 54
84 54
84 54
84 54
84 54
84 54
84 54
84 54
84 54
85 45
3 1883
3 1883
3 1883
3 1883
3 1883
3 1883
3 1883
3 1883
3 1883
3 1883
3 1883
3 1883
3 1883
3 1883
3 1883
3 1883
3 1883
3 1883
3 1883
3 1883
3 1883
3 1883
3 1883
3 1883
3 1883
3 1883
3 1883
3 1883
3 1883
94 37
94 37
94 37
94 37
94 37
94 37
94 37
94 37
94 37
94 37
94 37
94 37
94 37
94 37
94 37
94 37
94 37
94 37
96 23
96 23
96 23
96 23
96 23
96 23
96 23
97 21
97 21
97 21
97 21
97 21
97 21
97 21
97 21
97 21
97 21
97 21
97 21
97 21
97 21
97 21
97 21
97 21
97 21
97 21
97 21
97 21
97 21
97 21
97 21
97 21
97 21
98 17
98 17
98 17
98 17
98 17
98 17
98 17
98 17
98 17
98 17
98 17
98 17
98 17
98 17
98 17
98 17
98 17
98 17
98 17
98 17
98 17
98 17
102 62
102 62
103 67
103 67
103 67
103 67
103 67
103 67
103 67
103 67
103 67
105 86
105 86
105 86
105 86
105 86
105 86
83 58
83 58
83 58
83 58
83 58
83 58
83 58
83 58
84 65
84 65
84 65
84 65
84 65
84 65
84 65
84 65
84 65
84 65
84 65
84 65
84 65
84 65
84 65
84 65
84 65
84 65
84 65
84 65
84 65
84 65
84 65
84 65
84 65
84 65
84 65
84 65
84 65
84 65
85 91
94 111
94 111
94 111
94 111
94 111
94 111
94 111
94 111
94 111
94 111
94 111
94 111
94 111
94 111
94 111
94 111
94 111
94 111
96 100
96 100
96 100
96 100
96 100
96 100
96 100
97 92
97 92
97 92
97 92
97 92
97 92
97 92
97 92
97 92
97 92
97 92
97 92
97 92
97 92
97 92
97 92
97 92
97 92
97 92
97 92
97 92
97 92
97 92
97 92
97 92
97 92
98 97
98 97
98 97
98 97
98 97
98 97
98 97
98 97
98 97
98 97
98 97
98 97
98 97
98 97
98 97
98 97
98 97
98 97
98 97
98 97
98 97
98 97
102 86
102 86
103 78
103 78
103 78
103 78
103 78
103 78
103 78
103 78
103 78
105 76
105 76
105 76
105 76
105 76
105 76
