4 178
4 178
4 178
4 178
4 178
4 178
4 178
4 178
4 178
4 178
4 178
4 178
4 178
4 178
4 178
4 178
6 159
6 159
6 159
6 159
6 159
6 159
6 159
6 159
6 159
6 159
6 159
6 159
6 159
6 159
6 159
6 159
6 159
17 81
17 81
17 81
17 81
17 81
17 81
17 81
17 81
17 81
17 81
17 81
17 81
17 81
17 81
17 81
17 81
17 81
17 81
17 81
17 81
17 81
5 214
5 214
5 214
5 214
5 214
5 214
5 214
5 214
5 214
5 214
5 214
5 214
5 214
5 214
5 214
5 214
5 214
5 214
5 214
5 214
5 214
5 214
5 214
5 214
20 122
20 122
20 122
20 122
20 122
20 122
20 122
20 122
20 122
20 122
20 122
20 122
20 122
20 122
20 122
20 122
20 122
20 122
20 122
20 122
20 122
20 122
20 122
20 122
20 122
20 122
20 122
20 122
4 262
4 262
4 262
4 262
4 262
4 262
4 262
4 262
4 262
4 262
4 262
4 262
4 262
4 262
4 262
4 262
5 294
5 294
5 294
5 294
5 294
5 294
5 294
5 294
5 294
5 294
5 294
5 294
5 294
5 294
5 294
5 294
5 294
5 294
5 294
5 294
5 294
5 294
5 294
5 294
17 387
17 387
17 387
17 387
17 387
17 387
17 387
17 387
17 387
17 387
17 387
17 387
17 387
17 387
17 387
17 387
17 387
17 387
17 387
17 387
17 387
41 648
41 648
41 648
41 648
41 648
41 648
41 648
41 648
41 648
41 648
41 648
41 648
41 648
41 648
41 648
41 648
41 648
41 648
41 648
41 648
20 408
20 408
20 408
20 408
20 408
20 408
20 408
20 408
20 408
20 408
20 408
20 408
20 408
20 408
20 408
20 408
20 408
20 408
20 408
20 408
20 408
20 408
20 408
20 408
20 408
20 408
20 408
20 408
11 1011
11 1011
11 1011
11 1011
11 1011
11 1011
11 1011
11 1011
11 1011
11 1011
11 1011
11 1011
11 1011
11 1011
11 1011
11 1011
11 1011
11 1011
11 1011
11 1011
11 1011
11 1011
11 1011
11 1011
11 1011
11 1011
11 1011
11 1011
11 1011
11 1011
11 616
11 616
11 616
11 616
11 616
11 616
11 616
11 616
11 616
11 616
11 616
11 616
11 616
11 616
11 616
11 616
11 616
11 616
11 616
11 616
11 616
11 616
11 616
11 616
11 616
11 616
11 616
11 616
11 616
11 616
16 1273
16 1273
16 1273
16 1273
16 1273
16 1273
16 1273
16 1273
16 1273
16 1273
16 1273
16 1273
16 1273
16 1273
16 1273
16 1273
16 1273
16 1273
16 1273
16 1273
16 1273
16 1273
16 1273
16 1273
16 1273
16 773
16 773
16 773
16 773
16 773
16 773
16 773
16 773
16 773
16 773
16 773
16 773
16 773
16 773
16 773
16 773
16 773
16 773
16 773
16 773
16 773
16 773
16 773
16 773
16 773
41 684
41 684
41 684
41 684
41 684
41 684
41 684
41 684
41 684
41 684
41 684
41 684
41 684
41 684
41 684
41 684
41 684
41 684
41 684
41 684
4 619
4 619
4 619
4 619
4 619
4 619
4 619
4 619
4 619
4 619
4 619
4 619
4 619
4 619
4 619
4 619
6 1105
6 1105
6 1105
6 1105
6 1105
6 1105
6 1105
6 1105
6 1105
6 1105
6 1105
6 1105
6 1105
6 1105
6 1105
6 1105
6 1105
5 620
5 620
5 620
5 620
5 620
5 620
5 620
5 620
5 620
5 620
5 620
5 620
5 620
5 620
5 620
5 620
5 620
5 620
5 620
5 620
5 620
5 620
5 620
5 620
6 723
6 723
6 723
6 723
6 723
6 723
6 723
6 723
6 723
6 723
6 723
6 723
6 723
6 723
6 723
6 723
6 723
11 700
11 700
11 700
11 700
11 700
11 700
11 700
11 700
11 700
11 700
11 700
11 700
11 700
11 700
11 700
11 700
11 700
11 700
11 700
11 700
11 700
11 700
11 700
11 700
11 700
11 700
11 700
11 700
11 700
11 700
20 703
20 703
20 703
20 703
20 703
20 703
20 703
20 703
20 703
20 703
20 703
20 703
20 703
20 703
20 703
20 703
20 703
20 703
20 703
20 703
20 703
20 703
20 703
20 703
20 703
20 703
20 703
20 703
16 784
16 784
16 784
16 784
16 784
16 784
16 784
16 784
16 784
16 784
16 784
16 784
16 784
16 784
16 784
16 784
16 784
16 784
16 784
16 784
16 784
16 784
16 784
16 784
16 784
41 847
41 847
41 847
41 847
41 847
41 847
41 847
41 847
41 847
41 847
41 847
41 847
41 847
41 847
41 847
41 847
41 847
41 847
41 847
41 847
5 987
5 987
5 987
5 987
5 987
5 987
5 987
5 987
5 987
5 987
5 987
5 987
5 987
5 987
5 987
5 987
5 987
5 987
5 987
5 987
5 987
5 987
5 987
5 987
11 1010
11 1010
11 1010
11 1010
11 1010
11 1010
11 1010
11 1010
11 1010
11 1010
11 1010
11 1010
11 1010
11 1010
11 1010
11 1010
11 1010
11 1010
11 1010
11 1010
11 1010
11 1010
11 1010
11 1010
11 1010
11 1010
11 1010
11 1010
11 1010
11 1010
17 1550
17 1550
17 1550
17 1550
17 1550
17 1550
17 1550
17 1550
17 1550
17 1550
17 1550
17 1550
17 1550
17 1550
17 1550
17 1550
17 1550
17 1550
17 1550
17 1550
17 1550
16 1235
16 1235
16 1235
16 1235
16 1235
16 1235
16 1235
16 1235
16 1235
16 1235
16 1235
16 1235
16 1235
16 1235
16 1235
16 1235
16 1235
16 1235
16 1235
16 1235
16 1235
16 1235
16 1235
16 1235
16 1235
20 1195
20 1195
20 1195
20 1195
20 1195
20 1195
20 1195
20 1195
20 1195
20 1195
20 1195
20 1195
20 1195
20 1195
20 1195
20 1195
20 1195
20 1195
20 1195
20 1195
20 1195
20 1195
20 1195
20 1195
20 1195
20 1195
20 1195
20 1195
9 3023
9 3023
9 3023
9 3023
9 3023
9 3023
9 3023
9 3023
9 3023
9 3023
9 3023
9 3023
9 3023
9 3023
9 3023
9 3023
9 3023
9 3023
9 3023
6 2109
6 2109
6 2109
6 2109
6 2109
6 2109
6 2109
6 2109
6 2109
6 2109
6 2109
6 2109
6 2109
6 2109
6 2109
6 2109
6 2109
4 2157
4 2157
4 2157
4 2157
4 2157
4 2157
4 2157
4 2157
4 2157
4 2157
4 2157
4 2157
4 2157
4 2157
4 2157
4 2157
11 1594
11 1594
11 1594
11 1594
11 1594
11 1594
11 1594
11 1594
11 1594
11 1594
11 1594
11 1594
11 1594
11 1594
11 1594
11 1594
11 1594
11 1594
11 1594
11 1594
11 1594
11 1594
11 1594
11 1594
11 1594
11 1594
11 1594
11 1594
11 1594
11 1594
9 1616
9 1616
9 1616
9 1616
9 1616
9 1616
9 1616
9 1616
9 1616
9 1616
9 1616
9 1616
9 1616
9 1616
9 1616
9 1616
9 1616
9 1616
9 1616
4 1677
4 1677
4 1677
4 1677
4 1677
4 1677
4 1677
4 1677
4 1677
4 1677
4 1677
4 1677
4 1677
4 1677
4 1677
4 1677
6 1688
6 1688
6 1688
6 1688
6 1688
6 1688
6 1688
6 1688
6 1688
6 1688
6 1688
6 1688
6 1688
6 1688
6 1688
6 1688
6 1688
20 1620
20 1620
20 1620
20 1620
20 1620
20 1620
20 1620
20 1620
20 1620
20 1620
20 1620
20 1620
20 1620
20 1620
20 1620
20 1620
20 1620
20 1620
20 1620
20 1620
20 1620
20 1620
20 1620
20 1620
20 1620
20 1620
20 1620
20 1620
23 1593
23 1593
23 1593
23 1593
23 1593
23 1593
23 1593
23 1593
23 1593
23 1593
23 1593
23 1593
16 1680
16 1680
16 1680
16 1680
16 1680
16 1680
16 1680
16 1680
16 1680
16 1680
16 1680
16 1680
16 1680
16 1680
16 1680
16 1680
16 1680
16 1680
16 1680
16 1680
16 1680
16 1680
16 1680
16 1680
16 1680
5 1792
5 1792
5 1792
5 1792
5 1792
5 1792
5 1792
5 1792
5 1792
5 1792
5 1792
5 1792
5 1792
5 1792
5 1792
5 1792
5 1792
5 1792
5 1792
5 1792
5 1792
5 1792
5 1792
5 1792
34 3856
34 3856
34 3856
34 3856
34 2357
34 2357
34 2357
34 2357
38 3818
38 3818
38 3818
38 3818
38 3818
38 3818
38 3818
38 3818
38 3818
38 3818
38 3818
38 3818
38 3818
38 3818
38 3818
38 3818
38 3818
38 3818
38 3818
38 3818
38 3818
38 3818
38 3818
40 3799
40 3799
40 3799
40 3799
40 3799
40 3799
40 3799
40 3799
40 3799
40 3799
40 3799
40 3799
40 3799
70 2495
70 2495
70 2495
