3 35
3 35
14 6
14 6
14 6
17 15
9 135
9 135
9 135
9 135
9 135
9 135
9 135
9 135
6 166
6 166
6 166
6 166
6 166
6 166
6 166
6 166
6 166
3 7
3 7
14 28
14 28
14 28
17 7
31 368
31 368
31 368
31 368
31 368
31 368
31 368
31 368
31 368
31 368
31 368
31 368
31 368
31 368
31 368
31 368
9 158
9 158
9 158
9 158
9 158
9 158
9 158
9 158
3 5
3 5
6 550
6 550
6 550
6 550
6 550
6 550
6 550
6 550
6 550
32 793
32 793
32 793
32 793
32 793
14 6
14 6
14 6
17 3
126 11
126 11
126 11
126 11
126 11
126 11
127 3
127 3
127 3
127 3
32 503
32 503
32 503
32 503
32 503
9 325
9 325
9 325
9 325
9 325
9 325
9 325
9 325
50 919
50 919
50 919
50 919
50 919
50 919
50 919
50 919
50 919
50 919
50 919
50 919
50 919
100 421
100 421
100 421
100 421
100 421
100 421
100 421
5 1373
5 1373
5 1373
5 1373
5 1373
5 1373
5 1373
5 1373
5 1373
5 1373
5 876
5 876
5 876
5 876
5 876
5 876
5 876
5 876
5 876
5 876
3 7
3 7
14 1
14 1
14 1
5 600
5 600
5 600
5 600
5 600
5 600
5 600
5 600
5 600
5 600
31 842
31 842
31 842
31 842
31 842
31 842
31 842
31 842
31 842
31 842
31 842
31 842
31 842
31 842
31 842
31 842
112 540
112 540
112 540
112 540
112 540
112 540
112 540
112 540
112 540
112 540
112 540
112 540
112 540
112 540
17 5
126 2
126 2
126 2
126 2
126 2
126 2
127 7
127 7
127 7
127 7
50 786
50 786
50 786
50 786
50 786
50 786
50 786
50 786
50 786
50 786
50 786
50 786
50 786
100 369
100 369
100 369
100 369
100 369
100 369
100 369
50 392
50 392
50 392
50 392
50 392
50 392
50 392
50 392
50 392
50 392
50 392
50 392
50 392
6 842
6 842
6 842
6 842
6 842
6 842
6 842
6 842
6 842
112 395
112 395
112 395
112 395
112 395
112 395
112 395
112 395
112 395
112 395
112 395
112 395
112 395
112 395
3 3
3 3
9 451
9 451
9 451
9 451
9 451
9 451
9 451
9 451
31 781
31 781
31 781
31 781
31 781
31 781
31 781
31 781
31 781
31 781
31 781
31 781
31 781
31 781
31 781
31 781
32 794
32 794
32 794
32 794
32 794
14 2
14 2
14 2
17 3
126 8
126 8
126 8
126 8
126 8
126 8
127 2
127 2
127 2
127 2
100 450
100 450
100 450
100 450
100 450
100 450
100 450
5 918
5 918
5 918
5 918
5 918
5 918
5 918
5 918
5 918
5 918
3 4
3 4
31 729
31 729
31 729
31 729
31 729
31 729
31 729
31 729
31 729
31 729
31 729
31 729
31 729
31 729
31 729
31 729
112 476
112 476
112 476
112 476
112 476
112 476
112 476
112 476
112 476
112 476
112 476
112 476
112 476
112 476
5 558
5 558
5 558
5 558
5 558
5 558
5 558
5 558
5 558
5 558
14 2
14 2
14 2
17 5
126 2
126 2
126 2
126 2
126 2
126 2
127 12
127 12
127 12
127 12
9 769
9 769
9 769
9 769
9 769
9 769
9 769
9 769
6 942
6 942
6 942
6 942
6 942
6 942
6 942
6 942
6 942
3 2
3 2
14 1
14 1
14 1
17 2
100 747
100 747
100 747
100 747
100 747
100 747
100 747
5 697
5 697
5 697
5 697
5 697
5 697
5 697
5 697
5 697
5 697
126 1
126 1
126 1
126 1
126 1
126 1
32 946
32 946
32 946
32 946
32 946
127 16
127 16
127 16
127 16
31 1145
31 1145
31 1145
31 1145
31 1145
31 1145
31 1145
31 1145
31 1145
31 1145
31 1145
31 1145
31 1145
31 1145
31 1145
31 1145
3 7
3 7
32 786
32 786
32 786
32 786
32 786
14 11
14 11
14 11
17 13
5 687
5 687
5 687
5 687
5 687
5 687
5 687
5 687
5 687
5 687
126 1
126 1
126 1
126 1
126 1
126 1
127 8
127 8
127 8
127 8
112 1192
112 1192
112 1192
112 1192
112 1192
112 1192
112 1192
112 1192
112 1192
112 1192
112 1192
112 1192
112 1192
112 1192
100 874
100 874
100 874
100 874
100 874
100 874
100 874
112 843
112 843
112 843
112 843
112 843
112 843
112 843
112 843
112 843
112 843
112 843
112 843
112 843
112 843
50 1205
50 1205
50 1205
50 1205
50 1205
50 1205
50 1205
50 1205
50 1205
50 1205
50 1205
50 1205
50 1205
126 2
126 2
126 2
126 2
126 2
126 2
127 6
127 6
127 6
127 6
126 1
126 1
126 1
126 1
126 1
126 1
112 1149
112 1149
112 1149
112 1149
112 1149
112 1149
112 1149
112 1149
112 1149
112 1149
112 1149
112 1149
112 1149
112 1149
127 8
127 8
127 8
127 8
