24 3472
24 3472
24 3472
24 3472
24 3472
24 3472
24 3472
24 3472
24 3472
24 3472
24 3472
24 3472
24 3472
24 3472
104 1734
104 1734
64 1797
64 1797
64 1797
64 1797
65 1816
65 1816
65 1816
24 1907
24 1907
24 1907
24 1907
24 1907
24 1907
24 1907
24 1907
24 1907
24 1907
24 1907
24 1907
24 1907
24 1907
77 1909
77 1909
77 1909
77 1909
77 1909
77 1909
77 1909
77 1909
77 1909
77 1909
77 1909
77 1909
77 1909
77 1909
77 1909
76 1941
76 1941
76 1941
76 1941
76 1941
95 2175
95 2175
95 2175
95 2175
95 2175
95 2175
95 2175
95 2175
95 2175
95 2175
95 2175
95 2175
95 2175
95 2175
95 2175
95 2175
95 2175
95 2175
95 2175
95 2175
95 2175
99 2137
99 2137
99 2137
99 2137
99 2137
99 2137
99 2137
99 2137
99 2137
99 2137
99 2137
99 2137
99 2137
99 2137
99 2137
99 2137
99 2137
99 2137
99 2137
99 2137
99 2137
99 2137
99 2137
104 2180
104 2180
