29 75
29 75
29 75
29 75
29 75
59 65
59 65
59 65
61 46
61 46
66 13
66 13
66 13
66 13
29 8
29 8
29 8
29 8
29 8
88 28
59 27
59 27
59 27
61 22
61 22
66 6
66 6
66 6
66 6
29 2
29 2
29 2
29 2
29 2
88 14
59 6
59 6
59 6
61 8
61 8
66 34
66 34
66 34
66 34
29 17
29 17
29 17
29 17
29 17
88 18
59 8
59 8
59 8
61 8
61 8
66 32
66 32
66 32
66 32
29 5
29 5
29 5
29 5
29 5
88 19
59 18
59 18
59 18
61 9
61 9
66 15
66 15
66 15
66 15
29 2
29 2
29 2
29 2
29 2
88 38
59 8
59 8
59 8
61 17
61 17
66 16
66 16
66 16
66 16
29 6
29 6
29 6
29 6
29 6
88 9
59 17
59 17
59 17
61 19
61 19
66 19
66 19
66 19
66 19
29 5
29 5
29 5
29 5
29 5
88 17
59 14
59 14
59 14
61 13
61 13
66 13
66 13
66 13
66 13
88 14
