3 100
3 100
14 152
14 152
14 152
14 152
14 152
27 63
27 63
27 63
3 157
3 157
14 171
14 171
14 171
14 171
14 171
58 309
58 309
58 309
58 309
58 309
58 309
27 176
27 176
27 176
3 234
3 234
92 345
92 345
92 345
92 345
98 291
14 218
14 218
14 218
14 218
14 218
58 292
58 292
58 292
58 292
58 292
58 292
27 341
27 341
27 341
92 337
92 337
92 337
92 337
14 295
14 295
14 295
14 295
14 295
98 470
3 442
3 442
58 456
58 456
58 456
58 456
58 456
58 456
27 562
27 562
27 562
14 371
14 371
14 371
14 371
14 371
92 714
92 714
92 714
92 714
98 695
3 663
3 663
58 636
58 636
58 636
58 636
58 636
58 636
27 785
27 785
27 785
14 433
14 433
14 433
14 433
14 433
92 753
92 753
92 753
92 753
98 738
3 820
3 820
58 834
58 834
58 834
58 834
58 834
58 834
27 818
27 818
27 818
14 576
14 576
14 576
14 576
14 576
92 918
92 918
92 918
92 918
98 932
58 1017
58 1017
58 1017
58 1017
58 1017
58 1017
92 1056
92 1056
92 1056
92 1056
98 1053
