1 1 2
2 3 2
3 2 3
4 1 2
5 4 1
6 2 3
7 4 1
8 4 1
9 2 3
10 1 2
11 2 3
12 1 2
13 2 3
14 2 3
15 2 3
16 4 1
17 3 2
18 1 2
19 4 1
20 2 3
21 3 2
22 4 1
23 1 2
24 1 1
25 1 1
26 2 3
27 2 3
28 1 1
29 4 1
30 1 1
31 4 1
32 3 2
33 1 1
34 4 1
35 2 3
36 4 1
37 1 1
38 4 1
39 3 2
40 2 3
41 1 1
42 2 3
43 3 2
44 2 3
45 2 3
46 1 1
47 3 2
48 3 2
49 4 1
50 3 2
51 4 1
52 2 3
53 3 2
54 2 3
55 1 2
56 3 2
57 4 1
58 1 2
59 4 1
60 2 3
61 1 2
62 4 1
63 1 2
64 1 2
65 3 2
66 4 1
67 1 2
68 4 1
69 4 1
70 4 1
71 4 1
72 2 3
73 1 2
74 4 1
75 3 2
76 3 2
77 4 1
78 1 2
79 2 3
80 2 3
81 2 3
82 1 2
83 1 2
84 4 1
85 1 1
86 2 3
87 1 1
88 4 1
89 2 3
90 3 1
91 2 3
92 3 1
93 4 1
94 4 1
95 2 3
96 2 3
97 1 1
98 2 3
99 2 3
100 2 3
