1 1 2 -85.1781 -44.2622
2 3 1 49.3342 -6.7669
3 2 3 -28.4633 -15.4489
4 1 1 -13.9114 -22.7039
5 4 1 43.9836 -29.372
6 2 2 -65.6078 -84.9295
7 4 2 -44.8291 39.1713
8 4 3 -3.34499 2.71599
9 2 3 42.9359 -1.60177
10 1 2 69.5785 56.5564
11 2 3 -28.8359 77.724
12 1 2 53.183 43.8685
13 2 1 91.9922 -99.124
14 2 2 -66.0576 90.5986
15 2 2 66.8389 19.3562
16 4 3 98.3136 -43.1363
17 3 2 68.5881 -51.8045
18 1 1 -21.9694 -33.1121
19 4 1 -77.3754 -99.8904
20 2 3 5.55445 -30.0547
21 3 1 -2.43338 -78.8166
22 4 2 -16.4218 22.2812
23 1 2 -12.1171 -37.1118
24 1 2 -0.621729 -31.1852
25 1 1 -14.9597 93.8049
26 2 1 -79.5182 -26.8721
27 2 1 -41.5122 4.09557
28 1 1 -48.7164 91.1043
29 4 2 91.5066 37.0717
30 1 2 -45.1013 -10.7641
31 4 2 -59.386 -53.1382
32 3 2 38.4733 -4.88035
33 1 2 -81.087 -60.8472
34 4 2 49.7205 32.4995
35 2 3 8.95085 70.4163
36 4 2 47.6124 -4.33843
37 1 3 93.3572 12.8953
38 4 3 -51.8062 12.9583
39 3 1 30.2521 11.3572
40 2 2 15.2663 23.2535
41 1 3 -1.57653 -8.63785
42 2 3 21.783 85.079
43 3 2 -63.6801 28.7735
44 2 2 98.3896 -17.4612
45 2 1 29.1592 50.5139
46 1 1 -31.4412 -45.1111
47 3 3 47.7864 -68.0793
48 3 2 87.156 -57.0523
49 4 3 -98.8352 -23.8593
50 3 3 35.5079 -87.1516
51 4 3 34.4231 -51.3757
52 2 2 36.5389 19.5043
53 3 3 19.6091 10.3362
54 2 1 52.2108 -23.3515
55 1 1 -60.9431 -50.2005
56 3 3 -86.4743 -86.9202
57 4 2 14.4835 -40.527
58 1 2 75.3144 25.2932
59 4 1 -54.9837 -82.4326
60 2 3 44.9498 32.6455
61 1 2 -22.3101 -0.361166
62 4 1 22.299 -87.0831
63 1 3 -15.734 12.8745
64 1 3 31.5344 71.1346
65 3 1 3.26516 -3.37874
66 4 1 -9.71535 -70.6697
67 1 3 63.5825 9.07559
68 4 3 -10.5541 51.1156
69 4 2 -68.6591 -95.6835
70 4 3 -62.1889 -99.0786
71 4 1 -93.2036 -40.27
72 2 3 0.117083 -34.0029
73 1 1 -20.3466 30.6779
74 4 2 8.53845 74.8251
75 3 1 -63.8468 -84.099
76 3 3 88.6065 -79.0962
77 4 3 -37.8743 67.877
78 1 2 -94.4168 -98.7215
79 2 2 -55.4039 -13.4528
80 2 1 26.8644 -17.2724
81 2 1 -2.82347 22.621
82 1 3 -51.727 67.4633
83 1 1 -90.211 53.197
84 4 3 -99.7693 -48.0708
85 1 3 -44.3694 -1.86697
86 2 1 -78.2764 91.3456
87 1 1 4.79145 -83.2035
88 4 1 -61.8778 -97.7305
89 2 1 17.4667 47.8951
90 3 3 52.9818 -50.2926
91 2 1 -47.1705 51.9342
92 3 1 58.1828 23.8545
93 4 1 57.0851 36.1221
94 4 1 -25.383 7.24908
95 2 1 -20.5641 4.84024
96 2 1 27.404 -36.9484
97 1 1 -62.3168 -99.4214
98 2 1 41.9996 -14.2493
99 2 1 -40.9469 -50.9952
100 2 1 -46.0843 -33.5483
