6 129
6 129
6 129
6 129
6 129
6 129
3 159
3 159
3 159
3 159
3 159
3 159
3 159
3 159
3 159
3 159
3 159
3 159
3 159
3 159
3 159
3 159
3 159
3 159
3 159
9 117
9 117
9 117
9 117
9 117
9 117
9 117
9 117
9 117
9 117
9 117
9 117
9 117
5 162
5 162
5 162
5 162
5 162
5 162
5 162
5 162
5 162
10 116
10 116
10 116
10 116
10 116
10 116
10 116
10 116
10 116
10 116
10 116
10 116
10 116
10 116
10 116
10 116
10 116
10 116
10 116
10 116
10 116
10 116
10 116
10 116
10 116
10 116
10 116
10 116
10 116
10 116
12 96
12 96
17 53
17 53
17 53
17 53
17 53
17 53
17 53
17 53
17 53
17 53
17 53
25 70
25 70
25 70
25 70
25 70
25 70
25 70
25 70
25 70
25 70
25 70
25 70
25 70
25 70
25 70
25 70
25 70
25 70
25 70
25 70
25 70
25 70
25 70
11 237
11 237
11 237
11 237
11 237
11 237
11 237
11 237
11 237
11 237
11 237
11 237
11 237
11 237
11 237
11 237
11 237
11 237
11 237
11 237
11 237
11 237
11 237
11 237
11 237
11 237
11 237
11 237
33 63
33 63
33 63
33 63
33 63
33 63
33 63
33 63
33 63
33 63
33 63
33 63
33 63
33 63
35 64
35 64
35 64
35 64
35 64
35 64
35 64
35 64
35 64
35 64
35 64
35 64
35 64
35 64
35 64
35 64
35 64
35 64
35 64
35 64
35 64
35 64
35 64
35 64
37 76
37 76
37 76
39 93
39 93
39 93
39 93
39 93
39 93
39 93
39 93
39 93
39 93
39 93
39 93
9 89
9 89
9 89
9 89
9 89
9 89
9 89
9 89
9 89
9 89
9 89
9 89
9 89
10 88
10 88
10 88
10 88
10 88
10 88
10 88
10 88
10 88
10 88
10 88
10 88
10 88
10 88
10 88
10 88
10 88
10 88
10 88
10 88
10 88
10 88
10 88
10 88
10 88
10 88
10 88
10 88
10 88
10 88
12 72
12 72
6 149
6 149
6 149
6 149
6 149
6 149
49 235
49 235
49 235
49 235
49 235
49 235
49 235
17 73
17 73
17 73
17 73
17 73
17 73
17 73
17 73
17 73
17 73
17 73
16 85
16 85
16 85
16 85
16 85
16 85
16 85
16 85
16 85
16 85
16 85
16 85
16 85
16 85
16 85
16 85
16 85
16 85
16 85
16 85
3 248
3 248
3 248
3 248
3 248
3 248
3 248
3 248
3 248
3 248
3 248
3 248
3 248
3 248
3 248
3 248
3 248
3 248
3 248
5 240
5 240
5 240
5 240
5 240
5 240
5 240
5 240
5 240
11 235
11 235
11 235
11 235
11 235
11 235
11 235
11 235
11 235
11 235
11 235
11 235
11 235
11 235
11 235
11 235
11 235
11 235
11 235
11 235
11 235
11 235
11 235
11 235
11 235
11 235
11 235
11 235
25 103
25 103
25 103
25 103
25 103
25 103
25 103
25 103
25 103
25 103
25 103
25 103
25 103
25 103
25 103
25 103
25 103
25 103
25 103
25 103
25 103
25 103
25 103
42 457
42 457
42 457
42 457
42 457
42 457
42 457
42 457
42 457
42 457
42 457
42 457
42 457
42 457
42 457
46 419
46 419
46 419
46 419
46 419
46 419
46 419
46 419
46 419
46 419
46 419
46 419
46 419
46 419
46 419
46 419
46 419
46 419
66 223
66 223
66 223
66 223
41 479
41 479
41 479
41 479
41 479
41 479
41 479
41 479
41 479
41 479
41 479
41 479
41 479
41 479
41 479
41 479
41 479
41 479
41 479
41 479
41 479
41 479
41 479
41 479
41 479
68 247
68 247
68 247
68 247
68 247
68 247
68 247
68 247
68 247
68 247
68 247
68 247
68 247
68 247
68 247
68 247
33 110
33 110
33 110
33 110
33 110
33 110
33 110
33 110
33 110
33 110
33 110
33 110
33 110
33 110
35 112
35 112
35 112
35 112
35 112
35 112
35 112
35 112
35 112
35 112
35 112
35 112
35 112
35 112
35 112
35 112
35 112
35 112
35 112
35 112
35 112
35 112
35 112
35 112
73 237
73 237
73 237
73 237
73 237
73 237
73 237
73 237
73 237
73 237
73 237
73 237
73 237
73 237
73 237
73 237
73 237
73 237
73 237
73 237
73 237
73 237
73 237
73 237
73 237
73 237
73 237
37 104
37 104
37 104
39 107
39 107
39 107
39 107
39 107
39 107
39 107
39 107
39 107
39 107
39 107
39 107
78 277
78 277
78 277
78 277
78 277
78 277
78 277
78 277
80 327
80 327
80 327
80 327
80 327
56 601
56 601
56 601
56 601
56 601
56 601
56 601
56 601
56 601
56 601
56 601
56 601
56 601
56 601
56 601
56 601
56 601
41 657
41 657
41 657
41 657
41 657
41 657
41 657
41 657
41 657
41 657
41 657
41 657
41 657
41 657
41 657
41 657
41 657
41 657
41 657
41 657
41 657
41 657
41 657
41 657
41 657
42 653
42 653
42 653
42 653
42 653
42 653
42 653
42 653
42 653
42 653
42 653
42 653
42 653
42 653
42 653
9 506
9 506
9 506
9 506
9 506
9 506
9 506
9 506
9 506
9 506
9 506
9 506
9 506
10 498
10 498
10 498
10 498
10 498
10 498
10 498
10 498
10 498
10 498
10 498
10 498
10 498
10 498
10 498
10 498
10 498
10 498
10 498
10 498
10 498
10 498
10 498
10 498
10 498
10 498
10 498
10 498
10 498
10 498
12 482
12 482
16 458
16 458
16 458
16 458
16 458
16 458
16 458
16 458
16 458
16 458
16 458
16 458
16 458
16 458
16 458
16 458
16 458
16 458
16 458
16 458
17 451
17 451
17 451
17 451
17 451
17 451
17 451
17 451
17 451
17 451
17 451
25 372
25 372
25 372
25 372
25 372
25 372
25 372
25 372
25 372
25 372
25 372
25 372
25 372
25 372
25 372
25 372
25 372
25 372
25 372
25 372
25 372
25 372
25 372
33 307
33 307
33 307
33 307
33 307
33 307
33 307
33 307
33 307
33 307
33 307
33 307
33 307
33 307
49 649
49 649
49 649
49 649
49 649
49 649
49 649
3 612
3 612
3 612
3 612
3 612
3 612
3 612
3 612
3 612
3 612
3 612
3 612
3 612
3 612
3 612
3 612
3 612
3 612
3 612
35 295
35 295
35 295
35 295
35 295
35 295
35 295
35 295
35 295
35 295
35 295
35 295
35 295
35 295
35 295
35 295
35 295
35 295
35 295
35 295
35 295
35 295
35 295
35 295
46 691
46 691
46 691
46 691
46 691
46 691
46 691
46 691
46 691
46 691
46 691
46 691
46 691
46 691
46 691
46 691
46 691
46 691
66 494
66 494
66 494
66 494
68 476
68 476
68 476
68 476
68 476
68 476
68 476
68 476
68 476
68 476
68 476
68 476
68 476
68 476
68 476
68 476
51 646
65 506
65 506
65 506
65 506
65 506
65 506
65 506
65 506
65 506
65 506
65 506
65 506
65 506
65 506
65 506
65 506
65 506
65 506
65 506
65 506
65 506
37 296
37 296
37 296
5 638
5 638
5 638
5 638
5 638
5 638
5 638
5 638
5 638
56 628
56 628
56 628
56 628
56 628
56 628
56 628
56 628
56 628
56 628
56 628
56 628
56 628
56 628
56 628
56 628
56 628
6 630
6 630
6 630
6 630
6 630
6 630
39 301
39 301
39 301
39 301
39 301
39 301
39 301
39 301
39 301
39 301
39 301
39 301
79 911
79 911
79 911
79 911
79 911
79 911
79 911
79 911
79 911
79 911
73 475
73 475
73 475
73 475
73 475
73 475
73 475
73 475
73 475
73 475
73 475
73 475
73 475
73 475
73 475
73 475
73 475
73 475
73 475
73 475
73 475
73 475
73 475
73 475
73 475
73 475
73 475
78 531
78 531
78 531
78 531
78 531
78 531
78 531
78 531
80 529
80 529
80 529
80 529
80 529
9 318
9 318
9 318
9 318
9 318
9 318
9 318
9 318
9 318
9 318
9 318
9 318
9 318
10 318
10 318
10 318
10 318
10 318
10 318
10 318
10 318
10 318
10 318
10 318
10 318
10 318
10 318
10 318
10 318
10 318
10 318
10 318
10 318
10 318
10 318
10 318
10 318
10 318
10 318
10 318
10 318
10 318
10 318
12 311
12 311
41 543
41 543
41 543
41 543
41 543
41 543
41 543
41 543
41 543
41 543
41 543
41 543
41 543
41 543
41 543
41 543
41 543
41 543
41 543
41 543
41 543
41 543
41 543
41 543
41 543
42 548
42 548
42 548
42 548
42 548
42 548
42 548
42 548
42 548
42 548
42 548
42 548
42 548
42 548
42 548
16 336
16 336
16 336
16 336
16 336
16 336
16 336
16 336
16 336
16 336
16 336
16 336
16 336
16 336
16 336
16 336
16 336
16 336
16 336
16 336
17 344
17 344
17 344
17 344
17 344
17 344
17 344
17 344
17 344
17 344
17 344
46 562
46 562
46 562
46 562
46 562
46 562
46 562
46 562
46 562
46 562
46 562
46 562
46 562
46 562
46 562
46 562
46 562
46 562
25 349
25 349
25 349
25 349
25 349
25 349
25 349
25 349
25 349
25 349
25 349
25 349
25 349
25 349
25 349
25 349
25 349
25 349
25 349
25 349
25 349
25 349
25 349
33 351
33 351
33 351
33 351
33 351
33 351
33 351
33 351
33 351
33 351
33 351
33 351
33 351
33 351
35 353
35 353
35 353
35 353
35 353
35 353
35 353
35 353
35 353
35 353
35 353
35 353
35 353
35 353
35 353
35 353
35 353
35 353
35 353
35 353
35 353
35 353
35 353
35 353
37 343
37 343
37 343
51 744
39 373
39 373
39 373
39 373
39 373
39 373
39 373
39 373
39 373
39 373
39 373
39 373
65 634
65 634
65 634
65 634
65 634
65 634
65 634
65 634
65 634
65 634
65 634
65 634
65 634
65 634
65 634
65 634
65 634
65 634
65 634
65 634
65 634
11 1176
11 1176
11 1176
11 1176
11 1176
11 1176
11 1176
11 1176
11 1176
11 1176
11 1176
11 1176
11 1176
11 1176
11 1176
11 1176
11 1176
11 1176
11 1176
11 1176
11 1176
11 1176
11 1176
11 1176
11 1176
11 1176
11 1176
11 1176
66 629
66 629
66 629
66 629
68 631
68 631
68 631
68 631
68 631
68 631
68 631
68 631
68 631
68 631
68 631
68 631
68 631
68 631
68 631
68 631
73 631
73 631
73 631
73 631
73 631
73 631
73 631
73 631
73 631
73 631
73 631
73 631
73 631
73 631
73 631
73 631
73 631
73 631
73 631
73 631
73 631
73 631
73 631
73 631
73 631
73 631
73 631
79 1094
79 1094
79 1094
79 1094
79 1094
79 1094
79 1094
79 1094
79 1094
79 1094
3 861
3 861
3 861
3 861
3 861
3 861
3 861
3 861
3 861
3 861
3 861
3 861
3 861
3 861
3 861
3 861
3 861
3 861
3 861
49 906
49 906
49 906
49 906
49 906
49 906
49 906
6 840
6 840
6 840
6 840
6 840
6 840
53 1878
53 1878
53 1878
53 1878
53 1878
53 1878
53 1878
53 1878
53 1878
53 1878
53 1878
53 1878
53 1878
53 1878
53 1878
53 1878
53 1878
53 1878
53 1878
53 1878
53 1878
53 1878
53 1385
53 1385
53 1385
53 1385
53 1385
53 1385
53 1385
53 1385
53 1385
53 1385
53 1385
53 1385
53 1385
53 1385
53 1385
53 1385
53 1385
53 1385
53 1385
53 1385
53 1385
53 1385
78 654
78 654
78 654
78 654
78 654
78 654
78 654
78 654
80 675
80 675
80 675
80 675
80 675
5 940
5 940
5 940
5 940
5 940
5 940
5 940
5 940
5 940
56 935
56 935
56 935
56 935
56 935
56 935
56 935
56 935
56 935
56 935
56 935
56 935
56 935
56 935
56 935
56 935
56 935
9 413
9 413
9 413
9 413
9 413
9 413
9 413
9 413
9 413
9 413
9 413
9 413
9 413
10 409
10 409
10 409
10 409
10 409
10 409
10 409
10 409
10 409
10 409
10 409
10 409
10 409
10 409
10 409
10 409
10 409
10 409
10 409
10 409
10 409
10 409
10 409
10 409
10 409
10 409
10 409
10 409
10 409
10 409
12 408
12 408
16 420
16 420
16 420
16 420
16 420
16 420
16 420
16 420
16 420
16 420
16 420
16 420
16 420
16 420
16 420
16 420
16 420
16 420
16 420
16 420
17 413
17 413
17 413
17 413
17 413
17 413
17 413
17 413
17 413
17 413
17 413
41 678
41 678
41 678
41 678
41 678
41 678
41 678
41 678
41 678
41 678
41 678
41 678
41 678
41 678
41 678
41 678
41 678
41 678
41 678
41 678
41 678
41 678
41 678
41 678
41 678
42 671
42 671
42 671
42 671
42 671
42 671
42 671
42 671
42 671
42 671
42 671
42 671
42 671
42 671
42 671
46 686
46 686
46 686
46 686
46 686
46 686
46 686
46 686
46 686
46 686
46 686
46 686
46 686
46 686
46 686
46 686
46 686
46 686
79 875
79 875
79 875
79 875
79 875
79 875
79 875
79 875
79 875
79 875
25 441
25 441
25 441
25 441
25 441
25 441
25 441
25 441
25 441
25 441
25 441
25 441
25 441
25 441
25 441
25 441
25 441
25 441
25 441
25 441
25 441
25 441
25 441
53 1171
53 1171
53 1171
53 1171
53 1171
53 1171
53 1171
53 1171
53 1171
53 1171
53 1171
53 1171
53 1171
53 1171
53 1171
53 1171
53 1171
53 1171
53 1171
53 1171
53 1171
53 1171
51 734
64 2139
64 2139
64 2139
64 2139
64 2139
64 2139
64 2139
64 2139
64 2139
64 2139
64 2139
64 2139
64 2139
64 2139
64 2139
64 2139
64 2139
64 2139
64 2139
64 2139
64 2139
64 2139
64 2139
64 2139
64 2139
64 2139
64 2139
64 2139
64 2139
33 457
33 457
33 457
33 457
33 457
33 457
33 457
33 457
33 457
33 457
33 457
33 457
33 457
33 457
64 1652
64 1652
64 1652
64 1652
64 1652
64 1652
64 1652
64 1652
64 1652
64 1652
64 1652
64 1652
64 1652
64 1652
64 1652
64 1652
64 1652
64 1652
64 1652
64 1652
64 1652
64 1652
64 1652
64 1652
64 1652
64 1652
64 1652
64 1652
64 1652
64 1153
64 1153
64 1153
64 1153
64 1153
64 1153
64 1153
64 1153
64 1153
64 1153
64 1153
64 1153
64 1153
64 1153
64 1153
64 1153
64 1153
64 1153
64 1153
64 1153
64 1153
64 1153
64 1153
64 1153
64 1153
64 1153
64 1153
64 1153
64 1153
35 444
35 444
35 444
35 444
35 444
35 444
35 444
35 444
35 444
35 444
35 444
35 444
35 444
35 444
35 444
35 444
35 444
35 444
35 444
35 444
35 444
35 444
35 444
35 444
37 442
37 442
37 442
39 472
39 472
39 472
39 472
39 472
39 472
39 472
39 472
39 472
39 472
39 472
39 472
65 776
65 776
65 776
65 776
65 776
65 776
65 776
65 776
65 776
65 776
65 776
65 776
65 776
65 776
65 776
65 776
65 776
65 776
65 776
65 776
65 776
66 782
66 782
66 782
66 782
3 926
3 926
3 926
3 926
3 926
3 926
3 926
3 926
3 926
3 926
3 926
3 926
3 926
3 926
3 926
3 926
3 926
3 926
3 926
68 786
68 786
68 786
68 786
68 786
68 786
68 786
68 786
68 786
68 786
68 786
68 786
68 786
68 786
68 786
68 786
5 971
5 971
5 971
5 971
5 971
5 971
5 971
5 971
5 971
73 798
73 798
73 798
73 798
73 798
73 798
73 798
73 798
73 798
73 798
73 798
73 798
73 798
73 798
73 798
73 798
73 798
73 798
73 798
73 798
73 798
73 798
73 798
73 798
73 798
73 798
73 798
6 985
6 985
6 985
6 985
6 985
6 985
9 480
9 480
9 480
9 480
9 480
9 480
9 480
9 480
9 480
9 480
9 480
9 480
9 480
10 479
10 479
10 479
10 479
10 479
10 479
10 479
10 479
10 479
10 479
10 479
10 479
10 479
10 479
10 479
10 479
10 479
10 479
10 479
10 479
10 479
10 479
10 479
10 479
10 479
10 479
10 479
10 479
10 479
10 479
78 803
78 803
78 803
78 803
78 803
78 803
78 803
78 803
12 474
12 474
16 469
16 469
16 469
16 469
16 469
16 469
16 469
16 469
16 469
16 469
16 469
16 469
16 469
16 469
16 469
16 469
16 469
16 469
16 469
16 469
80 833
80 833
80 833
80 833
80 833
17 469
17 469
17 469
17 469
17 469
17 469
17 469
17 469
17 469
17 469
17 469
52 2626
52 2626
52 2626
52 2626
52 2626
52 2626
52 2626
52 2626
52 2626
52 2626
52 2626
52 2626
52 2626
52 2626
52 2626
52 2626
52 2626
52 2626
52 2626
52 2626
52 2626
52 2626
52 2626
52 2626
52 2626
52 2626
52 2130
52 2130
52 2130
52 2130
52 2130
52 2130
52 2130
52 2130
52 2130
52 2130
52 2130
52 2130
52 2130
52 2130
52 2130
52 2130
52 2130
52 2130
52 2130
52 2130
52 2130
52 2130
52 2130
52 2130
52 2130
52 2130
52 1648
52 1648
52 1648
52 1648
52 1648
52 1648
52 1648
52 1648
52 1648
52 1648
52 1648
52 1648
52 1648
52 1648
52 1648
52 1648
52 1648
52 1648
52 1648
52 1648
52 1648
52 1648
52 1648
52 1648
52 1648
52 1648
25 494
25 494
25 494
25 494
25 494
25 494
25 494
25 494
25 494
25 494
25 494
25 494
25 494
25 494
25 494
25 494
25 494
25 494
25 494
25 494
25 494
25 494
25 494
64 1119
64 1119
64 1119
64 1119
64 1119
64 1119
64 1119
64 1119
64 1119
64 1119
64 1119
64 1119
64 1119
64 1119
64 1119
64 1119
64 1119
64 1119
64 1119
64 1119
64 1119
64 1119
64 1119
64 1119
64 1119
64 1119
64 1119
64 1119
64 1119
56 1202
56 1202
56 1202
56 1202
56 1202
56 1202
56 1202
56 1202
56 1202
56 1202
56 1202
56 1202
56 1202
56 1202
56 1202
56 1202
56 1202
53 1237
53 1237
53 1237
53 1237
53 1237
53 1237
53 1237
53 1237
53 1237
53 1237
53 1237
53 1237
53 1237
53 1237
53 1237
53 1237
53 1237
53 1237
53 1237
53 1237
53 1237
53 1237
49 1279
49 1279
49 1279
49 1279
49 1279
49 1279
49 1279
41 864
41 864
41 864
41 864
41 864
41 864
41 864
41 864
41 864
41 864
41 864
41 864
41 864
41 864
41 864
41 864
41 864
41 864
41 864
41 864
41 864
41 864
41 864
41 864
41 864
42 863
42 863
42 863
42 863
42 863
42 863
42 863
42 863
42 863
42 863
42 863
42 863
42 863
42 863
42 863
33 483
33 483
33 483
33 483
33 483
33 483
33 483
33 483
33 483
33 483
33 483
33 483
33 483
33 483
46 885
46 885
46 885
46 885
46 885
46 885
46 885
46 885
46 885
46 885
46 885
46 885
46 885
46 885
46 885
46 885
46 885
46 885
35 511
35 511
35 511
35 511
35 511
35 511
35 511
35 511
35 511
35 511
35 511
35 511
35 511
35 511
35 511
35 511
35 511
35 511
35 511
35 511
35 511
35 511
35 511
35 511
37 497
37 497
37 497
39 498
39 498
39 498
39 498
39 498
39 498
39 498
39 498
39 498
39 498
39 498
39 498
51 912
79 1225
79 1225
79 1225
79 1225
79 1225
79 1225
79 1225
79 1225
79 1225
79 1225
65 910
65 910
65 910
65 910
65 910
65 910
65 910
65 910
65 910
65 910
65 910
65 910
65 910
65 910
65 910
65 910
65 910
65 910
65 910
65 910
65 910
66 919
66 919
66 919
66 919
68 917
68 917
68 917
68 917
68 917
68 917
68 917
68 917
68 917
68 917
68 917
68 917
68 917
68 917
68 917
68 917
11 1500
11 1500
11 1500
11 1500
11 1500
11 1500
11 1500
11 1500
11 1500
11 1500
11 1500
11 1500
11 1500
11 1500
11 1500
11 1500
11 1500
11 1500
11 1500
11 1500
11 1500
11 1500
11 1500
11 1500
11 1500
11 1500
11 1500
11 1500
9 532
9 532
9 532
9 532
9 532
9 532
9 532
9 532
9 532
9 532
9 532
9 532
9 532
10 536
10 536
10 536
10 536
10 536
10 536
10 536
10 536
10 536
10 536
10 536
10 536
10 536
10 536
10 536
10 536
10 536
10 536
10 536
10 536
10 536
10 536
10 536
10 536
10 536
10 536
10 536
10 536
10 536
10 536
12 532
12 532
73 934
73 934
73 934
73 934
73 934
73 934
73 934
73 934
73 934
73 934
73 934
73 934
73 934
73 934
73 934
73 934
73 934
73 934
73 934
73 934
73 934
73 934
73 934
73 934
73 934
73 934
73 934
16 531
16 531
16 531
16 531
16 531
16 531
16 531
16 531
16 531
16 531
16 531
16 531
16 531
16 531
16 531
16 531
16 531
16 531
16 531
16 531
17 538
17 538
17 538
17 538
17 538
17 538
17 538
17 538
17 538
17 538
17 538
53 1218
53 1218
53 1218
53 1218
53 1218
53 1218
53 1218
53 1218
53 1218
53 1218
53 1218
53 1218
53 1218
53 1218
53 1218
53 1218
53 1218
53 1218
53 1218
53 1218
53 1218
53 1218
3 1224
3 1224
3 1224
3 1224
3 1224
3 1224
3 1224
3 1224
3 1224
3 1224
3 1224
3 1224
3 1224
3 1224
3 1224
3 1224
3 1224
3 1224
3 1224
49 1266
49 1266
49 1266
49 1266
49 1266
49 1266
49 1266
78 983
78 983
78 983
78 983
78 983
78 983
78 983
78 983
80 979
80 979
80 979
80 979
80 979
25 546
25 546
25 546
25 546
25 546
25 546
25 546
25 546
25 546
25 546
25 546
25 546
25 546
25 546
25 546
25 546
25 546
25 546
25 546
25 546
25 546
25 546
25 546
6 1257
6 1257
6 1257
6 1257
6 1257
6 1257
33 557
33 557
33 557
33 557
33 557
33 557
33 557
33 557
33 557
33 557
33 557
33 557
33 557
33 557
35 551
35 551
35 551
35 551
35 551
35 551
35 551
35 551
35 551
35 551
35 551
35 551
35 551
35 551
35 551
35 551
35 551
35 551
35 551
35 551
35 551
35 551
35 551
35 551
37 537
37 537
37 537
5 1360
5 1360
5 1360
5 1360
5 1360
5 1360
5 1360
5 1360
5 1360
41 1008
41 1008
41 1008
41 1008
41 1008
41 1008
41 1008
41 1008
41 1008
41 1008
41 1008
41 1008
41 1008
41 1008
41 1008
41 1008
41 1008
41 1008
41 1008
41 1008
41 1008
41 1008
41 1008
41 1008
41 1008
42 1007
42 1007
42 1007
42 1007
42 1007
42 1007
42 1007
42 1007
42 1007
42 1007
42 1007
42 1007
42 1007
42 1007
42 1007
39 545
39 545
39 545
39 545
39 545
39 545
39 545
39 545
39 545
39 545
39 545
39 545
46 1036
46 1036
46 1036
46 1036
46 1036
46 1036
46 1036
46 1036
46 1036
46 1036
46 1036
46 1036
46 1036
46 1036
46 1036
46 1036
46 1036
46 1036
51 1069
79 1364
79 1364
79 1364
79 1364
79 1364
79 1364
79 1364
79 1364
79 1364
79 1364
52 1676
52 1676
52 1676
52 1676
52 1676
52 1676
52 1676
52 1676
52 1676
52 1676
52 1676
52 1676
52 1676
52 1676
52 1676
52 1676
52 1676
52 1676
52 1676
52 1676
52 1676
52 1676
52 1676
52 1676
52 1676
52 1676
65 1086
65 1086
65 1086
65 1086
65 1086
65 1086
65 1086
65 1086
65 1086
65 1086
65 1086
65 1086
65 1086
65 1086
65 1086
65 1086
65 1086
65 1086
65 1086
65 1086
65 1086
66 1094
66 1094
66 1094
66 1094
68 1096
68 1096
68 1096
68 1096
68 1096
68 1096
68 1096
68 1096
68 1096
68 1096
68 1096
68 1096
68 1096
68 1096
68 1096
68 1096
64 1663
64 1663
64 1663
64 1663
64 1663
64 1663
64 1663
64 1663
64 1663
64 1663
64 1663
64 1663
64 1663
64 1663
64 1663
64 1663
64 1663
64 1663
64 1663
64 1663
64 1663
64 1663
64 1663
64 1663
64 1663
64 1663
64 1663
64 1663
64 1663
73 1123
73 1123
73 1123
73 1123
73 1123
73 1123
73 1123
73 1123
73 1123
73 1123
73 1123
73 1123
73 1123
73 1123
73 1123
73 1123
73 1123
73 1123
73 1123
73 1123
73 1123
73 1123
73 1123
73 1123
73 1123
73 1123
73 1123
78 1138
78 1138
78 1138
78 1138
78 1138
78 1138
78 1138
78 1138
80 1146
80 1146
80 1146
80 1146
80 1146
