5 111
5 111
5 111
5 111
5 111
5 111
5 111
5 111
5 111
5 111
5 111
5 111
5 111
5 111
5 111
5 111
5 111
5 111
5 111
5 111
5 111
5 111
5 111
5 111
5 111
5 111
5 111
10 63
10 63
10 63
10 63
10 63
10 63
10 63
10 63
10 63
10 63
4 124
4 124
4 124
4 124
4 124
4 124
4 124
15 66
15 66
15 66
15 66
15 66
15 66
15 66
15 66
15 66
15 66
15 66
15 66
15 66
15 66
15 66
15 66
15 66
15 66
15 66
15 66
15 66
15 66
11 195
11 195
11 195
11 195
11 195
11 195
11 195
11 195
11 195
11 195
11 195
11 195
11 195
11 195
11 195
11 195
11 195
11 195
11 195
11 195
11 195
11 195
11 195
11 195
11 195
17 144
42 49
42 49
42 49
42 49
42 49
42 49
42 49
42 49
42 49
42 49
42 49
42 49
42 49
42 49
42 49
42 49
42 49
42 49
42 49
44 118
44 118
44 118
44 118
44 118
44 118
47 104
47 104
47 104
47 104
47 104
47 104
47 104
47 104
47 104
47 104
47 104
47 104
47 104
50 101
50 101
50 101
50 101
50 101
50 101
50 101
50 101
50 101
50 101
50 101
50 101
50 101
50 101
50 101
50 101
50 101
50 101
50 101
50 101
50 101
53 94
53 94
53 94
53 94
53 94
53 94
53 94
53 94
52 108
52 108
52 108
52 108
52 108
52 108
52 108
52 108
52 108
52 108
52 108
52 108
52 108
52 108
52 108
52 108
52 108
52 108
52 108
52 108
52 108
52 108
52 108
52 108
52 108
52 108
52 108
52 108
52 108
52 108
4 105
4 105
4 105
4 105
4 105
4 105
4 105
5 98
5 98
5 98
5 98
5 98
5 98
5 98
5 98
5 98
5 98
5 98
5 98
5 98
5 98
5 98
5 98
5 98
5 98
5 98
5 98
5 98
5 98
5 98
5 98
5 98
5 98
5 98
10 85
10 85
10 85
10 85
10 85
10 85
10 85
10 85
10 85
10 85
59 97
59 97
59 97
59 97
59 97
59 97
59 97
59 97
59 97
59 97
59 97
59 97
59 97
59 97
59 97
59 97
59 97
59 97
59 97
59 97
59 97
59 97
59 97
11 78
11 78
11 78
11 78
11 78
11 78
11 78
11 78
11 78
11 78
11 78
11 78
11 78
11 78
11 78
11 78
11 78
11 78
11 78
11 78
11 78
11 78
11 78
11 78
11 78
60 92
60 92
63 107
63 107
63 107
63 107
63 107
63 107
63 107
63 107
63 107
63 107
63 107
63 107
63 107
63 107
63 107
15 89
15 89
15 89
15 89
15 89
15 89
15 89
15 89
15 89
15 89
15 89
15 89
15 89
15 89
15 89
15 89
15 89
15 89
15 89
15 89
15 89
15 89
17 106
68 126
68 126
68 126
68 126
68 126
68 126
68 126
68 126
68 126
68 126
68 126
70 140
70 140
70 140
42 125
42 125
42 125
42 125
42 125
42 125
42 125
42 125
42 125
42 125
42 125
42 125
42 125
42 125
42 125
42 125
42 125
42 125
42 125
44 128
44 128
44 128
44 128
44 128
44 128
47 118
47 118
47 118
47 118
47 118
47 118
47 118
47 118
47 118
47 118
47 118
47 118
47 118
50 156
50 156
50 156
50 156
50 156
50 156
50 156
50 156
50 156
50 156
50 156
50 156
50 156
50 156
50 156
50 156
50 156
50 156
50 156
50 156
50 156
65 513
65 513
65 513
65 513
65 513
65 513
65 513
65 513
65 513
65 513
65 513
65 513
65 513
65 513
65 513
65 513
65 513
65 513
65 513
65 513
65 513
65 513
65 513
65 513
65 513
65 513
52 153
52 153
52 153
52 153
52 153
52 153
52 153
52 153
52 153
52 153
52 153
52 153
52 153
52 153
52 153
52 153
52 153
52 153
52 153
52 153
52 153
52 153
52 153
52 153
52 153
52 153
52 153
52 153
52 153
52 153
4 138
4 138
4 138
4 138
4 138
4 138
4 138
5 137
5 137
5 137
5 137
5 137
5 137
5 137
5 137
5 137
5 137
5 137
5 137
5 137
5 137
5 137
5 137
5 137
5 137
5 137
5 137
5 137
5 137
5 137
5 137
5 137
5 137
5 137
53 168
53 168
53 168
53 168
53 168
53 168
53 168
53 168
59 127
59 127
59 127
59 127
59 127
59 127
59 127
59 127
59 127
59 127
59 127
59 127
59 127
59 127
59 127
59 127
59 127
59 127
59 127
59 127
59 127
59 127
59 127
10 124
10 124
10 124
10 124
10 124
10 124
10 124
10 124
10 124
10 124
60 144
60 144
11 157
11 157
11 157
11 157
11 157
11 157
11 157
11 157
11 157
11 157
11 157
11 157
11 157
11 157
11 157
11 157
11 157
11 157
11 157
11 157
11 157
11 157
11 157
11 157
11 157
63 169
63 169
63 169
63 169
63 169
63 169
63 169
63 169
63 169
63 169
63 169
63 169
63 169
63 169
63 169
66 644
66 644
66 644
66 644
66 644
66 644
66 644
66 644
66 644
66 644
66 644
66 644
66 644
66 644
25 1054
25 1054
25 1054
25 1054
25 1054
25 1054
25 1054
25 1054
25 1054
25 1054
25 1054
25 1054
25 1054
25 1054
25 1054
25 1054
25 1054
25 1054
32 984
32 984
32 984
32 984
32 485
32 485
32 485
32 485
15 156
15 156
15 156
15 156
15 156
15 156
15 156
15 156
15 156
15 156
15 156
15 156
15 156
15 156
15 156
15 156
15 156
15 156
15 156
15 156
15 156
15 156
37 936
37 936
37 936
37 936
37 936
37 936
37 936
37 936
37 936
37 936
37 936
37 936
37 936
37 936
37 936
37 936
37 936
37 936
37 936
37 936
37 936
37 936
37 936
37 936
25 560
25 560
25 560
25 560
25 560
25 560
25 560
25 560
25 560
25 560
25 560
25 560
25 560
25 560
25 560
25 560
25 560
25 560
22 1093
22 1093
22 1093
22 1093
22 1093
22 1093
22 1093
22 1093
22 1093
22 1093
22 1093
22 1093
22 1093
22 1093
22 1093
22 1093
22 1093
22 1093
22 1093
22 1093
22 1093
22 1093
22 1093
22 1093
22 1093
22 1093
22 1093
22 1093
22 1093
65 178
65 178
65 178
65 178
65 178
65 178
65 178
65 178
65 178
65 178
65 178
65 178
65 178
65 178
65 178
65 178
65 178
65 178
65 178
65 178
65 178
65 178
65 178
65 178
65 178
65 178
79 548
79 548
79 548
79 548
79 548
79 548
79 548
79 548
79 548
79 548
79 548
79 548
79 548
79 548
79 548
79 548
79 548
79 548
79 548
79 548
66 179
66 179
66 179
66 179
66 179
66 179
66 179
66 179
66 179
66 179
66 179
66 179
66 179
66 179
17 187
68 217
68 217
68 217
68 217
68 217
68 217
68 217
68 217
68 217
68 217
68 217
37 534
37 534
37 534
37 534
37 534
37 534
37 534
37 534
37 534
37 534
37 534
37 534
37 534
37 534
37 534
37 534
37 534
37 534
37 534
37 534
37 534
37 534
37 534
37 534
70 207
70 207
70 207
38 545
38 545
38 545
38 545
38 545
38 545
38 545
38 545
38 545
32 201
32 201
32 201
32 201
43 672
43 672
43 672
43 672
43 672
43 672
43 672
43 672
43 672
43 672
43 672
43 672
44 195
44 195
44 195
44 195
44 195
44 195
42 227
42 227
42 227
42 227
42 227
42 227
42 227
42 227
42 227
42 227
42 227
42 227
42 227
42 227
42 227
42 227
42 227
42 227
42 227
47 247
47 247
47 247
47 247
47 247
47 247
47 247
47 247
47 247
47 247
47 247
47 247
47 247
50 219
50 219
50 219
50 219
50 219
50 219
50 219
50 219
50 219
50 219
50 219
50 219
50 219
50 219
50 219
50 219
50 219
50 219
50 219
50 219
50 219
52 218
52 218
52 218
52 218
52 218
52 218
52 218
52 218
52 218
52 218
52 218
52 218
52 218
52 218
52 218
52 218
52 218
52 218
52 218
52 218
52 218
52 218
52 218
52 218
52 218
52 218
52 218
52 218
52 218
52 218
57 688
57 688
57 688
57 688
57 688
57 688
57 688
57 688
57 688
57 688
57 688
57 688
57 688
57 688
57 688
57 688
57 688
4 266
4 266
4 266
4 266
4 266
4 266
4 266
53 289
53 289
53 289
53 289
53 289
53 289
53 289
53 289
60 248
60 248
5 301
5 301
5 301
5 301
5 301
5 301
5 301
5 301
5 301
5 301
5 301
5 301
5 301
5 301
5 301
5 301
5 301
5 301
5 301
5 301
5 301
5 301
5 301
5 301
5 301
5 301
5 301
11 250
11 250
11 250
11 250
11 250
11 250
11 250
11 250
11 250
11 250
11 250
11 250
11 250
11 250
11 250
11 250
11 250
11 250
11 250
11 250
11 250
11 250
11 250
11 250
11 250
59 294
59 294
59 294
59 294
59 294
59 294
59 294
59 294
59 294
59 294
59 294
59 294
59 294
59 294
59 294
59 294
59 294
59 294
59 294
59 294
59 294
59 294
59 294
66 230
66 230
66 230
66 230
66 230
66 230
66 230
66 230
66 230
66 230
66 230
66 230
66 230
66 230
10 293
10 293
10 293
10 293
10 293
10 293
10 293
10 293
10 293
10 293
17 237
68 235
68 235
68 235
68 235
68 235
68 235
68 235
68 235
68 235
68 235
68 235
70 222
70 222
70 222
63 306
63 306
63 306
63 306
63 306
63 306
63 306
63 306
63 306
63 306
63 306
63 306
63 306
63 306
63 306
15 294
15 294
15 294
15 294
15 294
15 294
15 294
15 294
15 294
15 294
15 294
15 294
15 294
15 294
15 294
15 294
15 294
15 294
15 294
15 294
15 294
15 294
65 296
65 296
65 296
65 296
65 296
65 296
65 296
65 296
65 296
65 296
65 296
65 296
65 296
65 296
65 296
65 296
65 296
65 296
65 296
65 296
65 296
65 296
65 296
65 296
65 296
65 296
22 762
22 762
22 762
22 762
22 762
22 762
22 762
22 762
22 762
22 762
22 762
22 762
22 762
22 762
22 762
22 762
22 762
22 762
22 762
22 762
22 762
22 762
22 762
22 762
22 762
22 762
22 762
22 762
22 762
32 227
32 227
32 227
32 227
25 799
25 799
25 799
25 799
25 799
25 799
25 799
25 799
25 799
25 799
25 799
25 799
25 799
25 799
25 799
25 799
25 799
25 799
79 831
79 831
79 831
79 831
79 831
79 831
79 831
79 831
79 831
79 831
79 831
79 831
79 831
79 831
79 831
79 831
79 831
79 831
79 831
79 831
37 826
37 826
37 826
37 826
37 826
37 826
37 826
37 826
37 826
37 826
37 826
37 826
37 826
37 826
37 826
37 826
37 826
37 826
37 826
37 826
37 826
37 826
37 826
37 826
44 283
44 283
44 283
44 283
44 283
44 283
38 885
38 885
38 885
38 885
38 885
38 885
38 885
38 885
38 885
52 252
52 252
52 252
52 252
52 252
52 252
52 252
52 252
52 252
52 252
52 252
52 252
52 252
52 252
52 252
52 252
52 252
52 252
52 252
52 252
52 252
52 252
52 252
52 252
52 252
52 252
52 252
52 252
52 252
52 252
53 271
53 271
53 271
53 271
53 271
53 271
53 271
53 271
43 882
43 882
43 882
43 882
43 882
43 882
43 882
43 882
43 882
43 882
43 882
43 882
75 1072
75 1072
75 1072
75 1072
75 1072
42 432
42 432
42 432
42 432
42 432
42 432
42 432
42 432
42 432
42 432
42 432
42 432
42 432
42 432
42 432
42 432
42 432
42 432
42 432
60 279
60 279
11 287
11 287
11 287
11 287
11 287
11 287
11 287
11 287
11 287
11 287
11 287
11 287
11 287
11 287
11 287
11 287
11 287
11 287
11 287
11 287
11 287
11 287
11 287
11 287
11 287
47 432
47 432
47 432
47 432
47 432
47 432
47 432
47 432
47 432
47 432
47 432
47 432
47 432
50 429
50 429
50 429
50 429
50 429
50 429
50 429
50 429
50 429
50 429
50 429
50 429
50 429
50 429
50 429
50 429
50 429
50 429
50 429
50 429
50 429
66 274
66 274
66 274
66 274
66 274
66 274
66 274
66 274
66 274
66 274
66 274
66 274
66 274
66 274
17 286
68 277
68 277
68 277
68 277
68 277
68 277
68 277
68 277
68 277
68 277
68 277
4 430
4 430
4 430
4 430
4 430
4 430
4 430
5 422
5 422
5 422
5 422
5 422
5 422
5 422
5 422
5 422
5 422
5 422
5 422
5 422
5 422
5 422
5 422
5 422
5 422
5 422
5 422
5 422
5 422
5 422
5 422
5 422
5 422
5 422
57 930
57 930
57 930
57 930
57 930
57 930
57 930
57 930
57 930
57 930
57 930
57 930
57 930
57 930
57 930
57 930
57 930
70 321
70 321
70 321
59 442
59 442
59 442
59 442
59 442
59 442
59 442
59 442
59 442
59 442
59 442
59 442
59 442
59 442
59 442
59 442
59 442
59 442
59 442
59 442
59 442
59 442
59 442
10 443
10 443
10 443
10 443
10 443
10 443
10 443
10 443
10 443
10 443
63 446
63 446
63 446
63 446
63 446
63 446
63 446
63 446
63 446
63 446
63 446
63 446
63 446
63 446
63 446
15 438
15 438
15 438
15 438
15 438
15 438
15 438
15 438
15 438
15 438
15 438
15 438
15 438
15 438
15 438
15 438
15 438
15 438
15 438
15 438
15 438
15 438
65 439
65 439
65 439
65 439
65 439
65 439
65 439
65 439
65 439
65 439
65 439
65 439
65 439
65 439
65 439
65 439
65 439
65 439
65 439
65 439
65 439
65 439
65 439
65 439
65 439
65 439
32 346
32 346
32 346
32 346
22 1018
22 1018
22 1018
22 1018
22 1018
22 1018
22 1018
22 1018
22 1018
22 1018
22 1018
22 1018
22 1018
22 1018
22 1018
22 1018
22 1018
22 1018
22 1018
22 1018
22 1018
22 1018
22 1018
22 1018
22 1018
22 1018
22 1018
22 1018
22 1018
44 328
44 328
44 328
44 328
44 328
44 328
25 1063
25 1063
25 1063
25 1063
25 1063
25 1063
25 1063
25 1063
25 1063
25 1063
25 1063
25 1063
25 1063
25 1063
25 1063
25 1063
25 1063
25 1063
52 325
52 325
52 325
52 325
52 325
52 325
52 325
52 325
52 325
52 325
52 325
52 325
52 325
52 325
52 325
52 325
52 325
52 325
52 325
52 325
52 325
52 325
52 325
52 325
52 325
52 325
52 325
52 325
52 325
52 325
75 1103
75 1103
75 1103
75 1103
75 1103
53 351
53 351
53 351
53 351
53 351
53 351
53 351
53 351
42 464
42 464
42 464
42 464
42 464
42 464
42 464
42 464
42 464
42 464
42 464
42 464
42 464
42 464
42 464
42 464
42 464
42 464
42 464
79 1098
79 1098
79 1098
79 1098
79 1098
79 1098
79 1098
79 1098
79 1098
79 1098
79 1098
79 1098
79 1098
79 1098
79 1098
79 1098
79 1098
79 1098
79 1098
79 1098
37 1093
37 1093
37 1093
37 1093
37 1093
37 1093
37 1093
37 1093
37 1093
37 1093
37 1093
37 1093
37 1093
37 1093
37 1093
37 1093
37 1093
37 1093
37 1093
37 1093
37 1093
37 1093
37 1093
37 1093
60 379
60 379
47 522
47 522
47 522
47 522
47 522
47 522
47 522
47 522
47 522
47 522
47 522
47 522
47 522
11 386
11 386
11 386
11 386
11 386
11 386
11 386
11 386
11 386
11 386
11 386
11 386
11 386
11 386
11 386
11 386
11 386
11 386
11 386
11 386
11 386
11 386
11 386
11 386
11 386
50 524
50 524
50 524
50 524
50 524
50 524
50 524
50 524
50 524
50 524
50 524
50 524
50 524
50 524
50 524
50 524
50 524
50 524
50 524
50 524
50 524
66 380
66 380
66 380
66 380
66 380
66 380
66 380
66 380
66 380
66 380
66 380
66 380
66 380
66 380
17 373
68 372
68 372
68 372
68 372
68 372
68 372
68 372
68 372
68 372
68 372
68 372
70 364
70 364
70 364
4 532
4 532
4 532
4 532
4 532
4 532
4 532
5 538
5 538
5 538
5 538
5 538
5 538
5 538
5 538
5 538
5 538
5 538
5 538
5 538
5 538
5 538
5 538
5 538
5 538
5 538
5 538
5 538
5 538
5 538
5 538
5 538
5 538
5 538
38 1259
38 1259
38 1259
38 1259
38 1259
38 1259
38 1259
38 1259
38 1259
59 583
59 583
59 583
59 583
59 583
59 583
59 583
59 583
59 583
59 583
59 583
59 583
59 583
59 583
59 583
59 583
59 583
59 583
59 583
59 583
59 583
59 583
59 583
10 575
10 575
10 575
10 575
10 575
10 575
10 575
10 575
10 575
10 575
32 357
32 357
32 357
32 357
63 618
63 618
63 618
63 618
63 618
63 618
63 618
63 618
63 618
63 618
63 618
63 618
63 618
63 618
63 618
65 611
65 611
65 611
65 611
65 611
65 611
65 611
65 611
65 611
65 611
65 611
65 611
65 611
65 611
65 611
65 611
65 611
65 611
65 611
65 611
65 611
65 611
65 611
65 611
65 611
65 611
43 1360
43 1360
43 1360
43 1360
43 1360
43 1360
43 1360
43 1360
43 1360
43 1360
43 1360
43 1360
15 640
15 640
15 640
15 640
15 640
15 640
15 640
15 640
15 640
15 640
15 640
15 640
15 640
15 640
15 640
15 640
15 640
15 640
15 640
15 640
15 640
15 640
69 2124
69 2124
69 2124
69 2124
69 2124
69 2124
69 2124
69 2124
69 2124
69 2124
69 2124
69 2124
69 2124
69 2124
69 2124
69 2124
44 401
44 401
44 401
44 401
44 401
44 401
69 1661
69 1661
69 1661
69 1661
69 1661
69 1661
69 1661
69 1661
69 1661
69 1661
69 1661
69 1661
69 1661
69 1661
69 1661
69 1661
76 2101
76 2101
76 2101
76 2101
76 2101
76 2101
76 2101
76 2101
76 2101
76 2101
76 2101
76 2101
76 2101
76 2101
76 2101
76 2101
76 2101
76 2101
76 2101
76 2101
76 2101
76 2101
76 2101
76 2101
76 2101
76 2101
76 2101
76 2101
76 1607
76 1607
76 1607
76 1607
76 1607
76 1607
76 1607
76 1607
76 1607
76 1607
76 1607
76 1607
76 1607
76 1607
76 1607
76 1607
76 1607
76 1607
76 1607
76 1607
76 1607
76 1607
76 1607
76 1607
76 1607
76 1607
76 1607
76 1607
52 391
52 391
52 391
52 391
52 391
52 391
52 391
52 391
52 391
52 391
52 391
52 391
52 391
52 391
52 391
52 391
52 391
52 391
52 391
52 391
52 391
52 391
52 391
52 391
52 391
52 391
52 391
52 391
52 391
52 391
53 389
53 389
53 389
53 389
53 389
53 389
53 389
53 389
57 1396
57 1396
57 1396
57 1396
57 1396
57 1396
57 1396
57 1396
57 1396
57 1396
57 1396
57 1396
57 1396
57 1396
57 1396
57 1396
57 1396
60 371
60 371
11 367
11 367
11 367
11 367
11 367
11 367
11 367
11 367
11 367
11 367
11 367
11 367
11 367
11 367
11 367
11 367
11 367
11 367
11 367
11 367
11 367
11 367
11 367
11 367
11 367
42 576
42 576
42 576
42 576
42 576
42 576
42 576
42 576
42 576
42 576
42 576
42 576
42 576
42 576
42 576
42 576
42 576
42 576
42 576
66 386
66 386
66 386
66 386
66 386
66 386
66 386
66 386
66 386
66 386
66 386
66 386
66 386
66 386
17 385
68 382
68 382
68 382
68 382
68 382
68 382
68 382
68 382
68 382
68 382
68 382
70 385
70 385
70 385
69 1404
69 1404
69 1404
69 1404
69 1404
69 1404
69 1404
69 1404
69 1404
69 1404
69 1404
69 1404
69 1404
69 1404
69 1404
69 1404
47 636
47 636
47 636
47 636
47 636
47 636
47 636
47 636
47 636
47 636
47 636
47 636
47 636
22 1417
22 1417
22 1417
22 1417
22 1417
22 1417
22 1417
22 1417
22 1417
22 1417
22 1417
22 1417
22 1417
22 1417
22 1417
22 1417
22 1417
22 1417
22 1417
22 1417
22 1417
22 1417
22 1417
22 1417
22 1417
22 1417
22 1417
22 1417
22 1417
50 665
50 665
50 665
50 665
50 665
50 665
50 665
50 665
50 665
50 665
50 665
50 665
50 665
50 665
50 665
50 665
50 665
50 665
50 665
50 665
50 665
4 652
4 652
4 652
4 652
4 652
4 652
4 652
5 642
5 642
5 642
5 642
5 642
5 642
5 642
5 642
5 642
5 642
5 642
5 642
5 642
5 642
5 642
5 642
5 642
5 642
5 642
5 642
5 642
5 642
5 642
5 642
5 642
5 642
5 642
32 381
32 381
32 381
32 381
75 1459
75 1459
75 1459
75 1459
75 1459
59 627
59 627
59 627
59 627
59 627
59 627
59 627
59 627
59 627
59 627
59 627
59 627
59 627
59 627
59 627
59 627
59 627
59 627
59 627
59 627
59 627
59 627
59 627
10 627
10 627
10 627
10 627
10 627
10 627
10 627
10 627
10 627
10 627
76 1473
76 1473
76 1473
76 1473
76 1473
76 1473
76 1473
76 1473
76 1473
76 1473
76 1473
76 1473
76 1473
76 1473
76 1473
76 1473
76 1473
76 1473
76 1473
76 1473
76 1473
76 1473
76 1473
76 1473
76 1473
76 1473
76 1473
76 1473
63 615
63 615
63 615
63 615
63 615
63 615
63 615
63 615
63 615
63 615
63 615
63 615
63 615
63 615
63 615
25 1497
25 1497
25 1497
25 1497
25 1497
25 1497
25 1497
25 1497
25 1497
25 1497
25 1497
25 1497
25 1497
25 1497
25 1497
25 1497
25 1497
25 1497
15 618
15 618
15 618
15 618
15 618
15 618
15 618
15 618
15 618
15 618
15 618
15 618
15 618
15 618
15 618
15 618
15 618
15 618
15 618
15 618
15 618
15 618
65 621
65 621
65 621
65 621
65 621
65 621
65 621
65 621
65 621
65 621
65 621
65 621
65 621
65 621
65 621
65 621
65 621
65 621
65 621
65 621
65 621
65 621
65 621
65 621
65 621
65 621
44 413
44 413
44 413
44 413
44 413
44 413
79 1618
79 1618
79 1618
79 1618
79 1618
79 1618
79 1618
79 1618
79 1618
79 1618
79 1618
79 1618
79 1618
79 1618
79 1618
79 1618
79 1618
79 1618
79 1618
79 1618
52 407
52 407
52 407
52 407
52 407
52 407
52 407
52 407
52 407
52 407
52 407
52 407
52 407
52 407
52 407
52 407
52 407
52 407
52 407
52 407
52 407
52 407
52 407
52 407
52 407
52 407
52 407
52 407
52 407
52 407
53 406
53 406
53 406
53 406
53 406
53 406
53 406
53 406
37 1574
37 1574
37 1574
37 1574
37 1574
37 1574
37 1574
37 1574
37 1574
37 1574
37 1574
37 1574
37 1574
37 1574
37 1574
37 1574
37 1574
37 1574
37 1574
37 1574
37 1574
37 1574
37 1574
37 1574
38 1583
38 1583
38 1583
38 1583
38 1583
38 1583
38 1583
38 1583
38 1583
60 417
60 417
11 439
11 439
11 439
11 439
11 439
11 439
11 439
11 439
11 439
11 439
11 439
11 439
11 439
11 439
11 439
11 439
11 439
11 439
11 439
11 439
11 439
11 439
11 439
11 439
11 439
66 436
66 436
66 436
66 436
66 436
66 436
66 436
66 436
66 436
66 436
66 436
66 436
66 436
66 436
17 441
42 698
42 698
42 698
42 698
42 698
42 698
42 698
42 698
42 698
42 698
42 698
42 698
42 698
42 698
42 698
42 698
42 698
42 698
42 698
68 444
68 444
68 444
68 444
68 444
68 444
68 444
68 444
68 444
68 444
68 444
43 1715
43 1715
43 1715
43 1715
43 1715
43 1715
43 1715
43 1715
43 1715
43 1715
43 1715
43 1715
47 696
47 696
47 696
47 696
47 696
47 696
47 696
47 696
47 696
47 696
47 696
47 696
47 696
70 486
70 486
70 486
50 700
50 700
50 700
50 700
50 700
50 700
50 700
50 700
50 700
50 700
50 700
50 700
50 700
50 700
50 700
50 700
50 700
50 700
50 700
50 700
50 700
57 1642
57 1642
57 1642
57 1642
57 1642
57 1642
57 1642
57 1642
57 1642
57 1642
57 1642
57 1642
57 1642
57 1642
57 1642
57 1642
57 1642
32 441
32 441
32 441
32 441
59 721
59 721
59 721
59 721
59 721
59 721
59 721
59 721
59 721
59 721
59 721
59 721
59 721
59 721
59 721
59 721
59 721
59 721
59 721
59 721
59 721
59 721
59 721
63 700
63 700
63 700
63 700
63 700
63 700
63 700
63 700
63 700
63 700
63 700
63 700
63 700
63 700
63 700
44 444
44 444
44 444
44 444
44 444
44 444
65 818
65 818
65 818
65 818
65 818
65 818
65 818
65 818
65 818
65 818
65 818
65 818
65 818
65 818
65 818
65 818
65 818
65 818
65 818
65 818
65 818
65 818
65 818
65 818
65 818
65 818
69 1779
69 1779
69 1779
69 1779
69 1779
69 1779
69 1779
69 1779
69 1779
69 1779
69 1779
69 1779
69 1779
69 1779
69 1779
69 1779
52 468
52 468
52 468
52 468
52 468
52 468
52 468
52 468
52 468
52 468
52 468
52 468
52 468
52 468
52 468
52 468
52 468
52 468
52 468
52 468
52 468
52 468
52 468
52 468
52 468
52 468
52 468
52 468
52 468
52 468
53 465
53 465
53 465
53 465
53 465
53 465
53 465
53 465
75 1798
75 1798
75 1798
75 1798
75 1798
76 1799
76 1799
76 1799
76 1799
76 1799
76 1799
76 1799
76 1799
76 1799
76 1799
76 1799
76 1799
76 1799
76 1799
76 1799
76 1799
76 1799
76 1799
76 1799
76 1799
76 1799
76 1799
76 1799
76 1799
76 1799
76 1799
76 1799
76 1799
79 1836
79 1836
79 1836
79 1836
79 1836
79 1836
79 1836
79 1836
79 1836
79 1836
79 1836
79 1836
79 1836
79 1836
79 1836
79 1836
79 1836
79 1836
79 1836
79 1836
