3 78
3 78
3 78
3 78
3 78
3 78
3 78
3 78
3 78
3 78
12 40
12 40
12 40
12 40
12 40
12 40
12 40
12 40
12 40
12 40
12 40
12 40
12 40
12 40
12 40
12 40
12 40
12 40
12 40
12 40
12 40
12 40
12 40
12 40
12 40
9 99
9 99
9 99
9 99
9 99
9 99
9 99
9 99
9 99
9 99
9 99
9 99
9 99
9 99
9 99
9 99
9 99
9 99
9 99
9 99
9 99
9 99
9 99
9 99
9 99
9 99
9 99
14 71
14 71
14 71
14 71
14 71
14 71
18 38
18 38
18 38
18 38
18 38
18 38
18 38
18 38
18 38
18 38
18 38
18 38
18 38
18 38
18 38
18 38
18 38
18 38
18 38
18 38
31 18
31 18
31 18
31 18
7 272
13 215
13 215
10 253
10 253
10 253
10 253
10 253
10 253
10 253
10 253
10 253
10 253
10 253
10 253
10 253
10 253
10 253
10 253
10 253
10 253
10 253
10 253
10 253
10 253
10 253
10 253
10 253
10 253
10 253
10 253
10 253
10 253
37 6
37 6
37 6
37 6
37 6
37 6
37 6
37 6
37 6
37 6
37 6
37 6
37 6
37 6
37 6
37 6
37 6
37 6
37 6
37 6
37 6
37 6
34 39
34 39
34 39
34 39
34 39
34 39
34 39
34 39
34 39
34 39
34 39
34 39
34 39
34 39
34 39
40 145
40 145
40 145
3 87
3 87
3 87
3 87
3 87
3 87
3 87
3 87
3 87
3 87
43 199
43 199
43 199
43 199
43 199
9 64
9 64
9 64
9 64
9 64
9 64
9 64
9 64
9 64
9 64
9 64
9 64
9 64
9 64
9 64
9 64
9 64
9 64
9 64
9 64
9 64
9 64
9 64
9 64
9 64
9 64
9 64
12 35
12 35
12 35
12 35
12 35
12 35
12 35
12 35
12 35
12 35
12 35
12 35
12 35
12 35
12 35
12 35
12 35
12 35
12 35
12 35
12 35
12 35
12 35
12 35
12 35
14 81
14 81
14 81
14 81
14 81
14 81
18 46
18 46
18 46
18 46
18 46
18 46
18 46
18 46
18 46
18 46
18 46
18 46
18 46
18 46
18 46
18 46
18 46
18 46
18 46
18 46
7 280
57 292
57 292
57 292
57 292
57 292
57 292
57 292
57 292
57 292
57 292
57 292
57 292
57 292
57 292
57 292
57 292
57 292
57 292
57 292
57 292
57 292
31 53
31 53
31 53
31 53
58 288
58 288
58 288
58 288
58 288
58 288
58 288
58 288
58 288
58 288
58 288
58 288
58 288
58 288
58 288
58 288
58 288
58 288
58 288
58 288
58 288
58 288
58 288
10 290
10 290
10 290
10 290
10 290
10 290
10 290
10 290
10 290
10 290
10 290
10 290
10 290
10 290
10 290
10 290
10 290
10 290
10 290
10 290
10 290
10 290
10 290
10 290
10 290
10 290
10 290
10 290
10 290
10 290
13 283
13 283
34 107
34 107
34 107
34 107
34 107
34 107
34 107
34 107
34 107
34 107
34 107
34 107
34 107
34 107
34 107
37 115
37 115
37 115
37 115
37 115
37 115
37 115
37 115
37 115
37 115
37 115
37 115
37 115
37 115
37 115
37 115
37 115
37 115
37 115
37 115
37 115
37 115
29 804
29 804
29 804
29 804
29 804
29 804
29 804
29 804
29 305
29 305
29 305
29 305
29 305
29 305
29 305
29 305
8 1015
8 1015
8 1015
8 1015
8 1015
8 1015
8 1015
8 1015
8 1015
8 1015
8 1015
8 1015
8 1015
8 1015
8 1015
8 1015
8 1015
8 1015
8 1015
8 1015
8 1015
8 1015
8 1015
8 1015
8 1015
8 1015
8 516
8 516
8 516
8 516
8 516
8 516
8 516
8 516
8 516
8 516
8 516
8 516
8 516
8 516
8 516
8 516
8 516
8 516
8 516
8 516
8 516
8 516
8 516
8 516
8 516
8 516
3 286
3 286
3 286
3 286
3 286
3 286
3 286
3 286
3 286
3 286
54 802
54 802
54 802
54 802
54 802
54 802
54 802
46 882
46 882
46 882
46 882
46 882
46 882
46 882
46 882
46 882
46 882
46 882
46 882
46 882
46 882
46 882
46 882
46 882
46 882
30 1043
30 1043
30 1043
30 1043
30 1043
30 1043
30 1043
30 1043
30 1043
30 628
30 628
30 628
30 628
30 628
30 628
30 628
30 628
30 628
8 384
8 384
8 384
8 384
8 384
8 384
8 384
8 384
8 384
8 384
8 384
8 384
8 384
8 384
8 384
8 384
8 384
8 384
8 384
8 384
8 384
8 384
8 384
8 384
8 384
8 384
40 652
40 652
40 652
43 634
43 634
43 634
43 634
43 634
46 606
46 606
46 606
46 606
46 606
46 606
46 606
46 606
46 606
46 606
46 606
46 606
46 606
46 606
46 606
46 606
46 606
46 606
9 483
9 483
9 483
9 483
9 483
9 483
9 483
9 483
9 483
9 483
9 483
9 483
9 483
9 483
9 483
9 483
9 483
9 483
9 483
9 483
9 483
9 483
9 483
9 483
9 483
9 483
9 483
54 607
54 607
54 607
54 607
54 607
54 607
54 607
7 596
57 597
57 597
57 597
57 597
57 597
57 597
57 597
57 597
57 597
57 597
57 597
57 597
57 597
57 597
57 597
57 597
57 597
57 597
57 597
57 597
57 597
58 597
58 597
58 597
58 597
58 597
58 597
58 597
58 597
58 597
58 597
58 597
58 597
58 597
58 597
58 597
58 597
58 597
58 597
58 597
58 597
58 597
58 597
58 597
12 581
12 581
12 581
12 581
12 581
12 581
12 581
12 581
12 581
12 581
12 581
12 581
12 581
12 581
12 581
12 581
12 581
12 581
12 581
12 581
12 581
12 581
12 581
12 581
12 581
14 561
14 561
14 561
14 561
14 561
14 561
18 524
18 524
18 524
18 524
18 524
18 524
18 524
18 524
18 524
18 524
18 524
18 524
18 524
18 524
18 524
18 524
18 524
18 524
18 524
18 524
29 414
29 414
29 414
29 414
29 414
29 414
29 414
29 414
31 395
31 395
31 395
31 395
34 366
34 366
34 366
34 366
34 366
34 366
34 366
34 366
34 366
34 366
34 366
34 366
34 366
34 366
34 366
37 337
37 337
37 337
37 337
37 337
37 337
37 337
37 337
37 337
37 337
37 337
37 337
37 337
37 337
37 337
37 337
37 337
37 337
37 337
37 337
37 337
37 337
10 650
10 650
10 650
10 650
10 650
10 650
10 650
10 650
10 650
10 650
10 650
10 650
10 650
10 650
10 650
10 650
10 650
10 650
10 650
10 650
10 650
10 650
10 650
10 650
10 650
10 650
10 650
10 650
10 650
10 650
3 239
3 239
3 239
3 239
3 239
3 239
3 239
3 239
3 239
3 239
13 649
13 649
8 229
8 229
8 229
8 229
8 229
8 229
8 229
8 229
8 229
8 229
8 229
8 229
8 229
8 229
8 229
8 229
8 229
8 229
8 229
8 229
8 229
8 229
8 229
8 229
8 229
8 229
9 258
9 258
9 258
9 258
9 258
9 258
9 258
9 258
9 258
9 258
9 258
9 258
9 258
9 258
9 258
9 258
9 258
9 258
9 258
9 258
9 258
9 258
9 258
9 258
9 258
9 258
9 258
12 244
12 244
12 244
12 244
12 244
12 244
12 244
12 244
12 244
12 244
12 244
12 244
12 244
12 244
12 244
12 244
12 244
12 244
12 244
12 244
12 244
12 244
12 244
12 244
12 244
14 258
14 258
14 258
14 258
14 258
14 258
18 238
18 238
18 238
18 238
18 238
18 238
18 238
18 238
18 238
18 238
18 238
18 238
18 238
18 238
18 238
18 238
18 238
18 238
18 238
18 238
29 227
29 227
29 227
29 227
29 227
29 227
29 227
29 227
31 210
31 210
31 210
31 210
34 188
34 188
34 188
34 188
34 188
34 188
34 188
34 188
34 188
34 188
34 188
34 188
34 188
34 188
34 188
37 231
37 231
37 231
37 231
37 231
37 231
37 231
37 231
37 231
37 231
37 231
37 231
37 231
37 231
37 231
37 231
37 231
37 231
37 231
37 231
37 231
37 231
30 813
30 813
30 813
30 813
30 813
30 813
30 813
30 813
30 813
40 840
40 840
40 840
43 830
43 830
43 830
43 830
43 830
3 246
3 246
3 246
3 246
3 246
3 246
3 246
3 246
3 246
3 246
46 841
46 841
46 841
46 841
46 841
46 841
46 841
46 841
46 841
46 841
46 841
46 841
46 841
46 841
46 841
46 841
46 841
46 841
8 228
8 228
8 228
8 228
8 228
8 228
8 228
8 228
8 228
8 228
8 228
8 228
8 228
8 228
8 228
8 228
8 228
8 228
8 228
8 228
8 228
8 228
8 228
8 228
8 228
8 228
9 229
9 229
9 229
9 229
9 229
9 229
9 229
9 229
9 229
9 229
9 229
9 229
9 229
9 229
9 229
9 229
9 229
9 229
9 229
9 229
9 229
9 229
9 229
9 229
9 229
9 229
9 229
12 228
12 228
12 228
12 228
12 228
12 228
12 228
12 228
12 228
12 228
12 228
12 228
12 228
12 228
12 228
12 228
12 228
12 228
12 228
12 228
12 228
12 228
12 228
12 228
12 228
14 253
14 253
14 253
14 253
14 253
14 253
18 217
18 217
18 217
18 217
18 217
18 217
18 217
18 217
18 217
18 217
18 217
18 217
18 217
18 217
18 217
18 217
18 217
18 217
18 217
18 217
54 943
54 943
54 943
54 943
54 943
54 943
54 943
57 928
57 928
57 928
57 928
57 928
57 928
57 928
57 928
57 928
57 928
57 928
57 928
57 928
57 928
57 928
57 928
57 928
57 928
57 928
57 928
57 928
7 969
58 963
58 963
58 963
58 963
58 963
58 963
58 963
58 963
58 963
58 963
58 963
58 963
58 963
58 963
58 963
58 963
58 963
58 963
58 963
58 963
58 963
58 963
58 963
29 282
29 282
29 282
29 282
29 282
29 282
29 282
29 282
31 271
31 271
31 271
31 271
10 992
10 992
10 992
10 992
10 992
10 992
10 992
10 992
10 992
10 992
10 992
10 992
10 992
10 992
10 992
10 992
10 992
10 992
10 992
10 992
10 992
10 992
10 992
10 992
10 992
10 992
10 992
10 992
10 992
10 992
13 971
13 971
34 273
34 273
34 273
34 273
34 273
34 273
34 273
34 273
34 273
34 273
34 273
34 273
34 273
34 273
34 273
37 252
37 252
37 252
37 252
37 252
37 252
37 252
37 252
37 252
37 252
37 252
37 252
37 252
37 252
37 252
37 252
37 252
37 252
37 252
37 252
37 252
37 252
3 195
3 195
3 195
3 195
3 195
3 195
3 195
3 195
3 195
3 195
8 207
8 207
8 207
8 207
8 207
8 207
8 207
8 207
8 207
8 207
8 207
8 207
8 207
8 207
8 207
8 207
8 207
8 207
8 207
8 207
8 207
8 207
8 207
8 207
8 207
8 207
12 224
12 224
12 224
12 224
12 224
12 224
12 224
12 224
12 224
12 224
12 224
12 224
12 224
12 224
12 224
12 224
12 224
12 224
12 224
12 224
12 224
12 224
12 224
12 224
12 224
30 1077
30 1077
30 1077
30 1077
30 1077
30 1077
30 1077
30 1077
30 1077
14 244
14 244
14 244
14 244
14 244
14 244
9 311
9 311
9 311
9 311
9 311
9 311
9 311
9 311
9 311
9 311
9 311
9 311
9 311
9 311
9 311
9 311
9 311
9 311
9 311
9 311
9 311
9 311
9 311
9 311
9 311
9 311
9 311
18 241
18 241
18 241
18 241
18 241
18 241
18 241
18 241
18 241
18 241
18 241
18 241
18 241
18 241
18 241
18 241
18 241
18 241
18 241
18 241
29 214
29 214
29 214
29 214
29 214
29 214
29 214
29 214
31 219
31 219
31 219
31 219
34 250
34 250
34 250
34 250
34 250
34 250
34 250
34 250
34 250
34 250
34 250
34 250
34 250
34 250
34 250
37 225
37 225
37 225
37 225
37 225
37 225
37 225
37 225
37 225
37 225
37 225
37 225
37 225
37 225
37 225
37 225
37 225
37 225
37 225
37 225
37 225
37 225
43 1167
43 1167
43 1167
43 1167
43 1167
40 1205
40 1205
40 1205
46 1197
46 1197
46 1197
46 1197
46 1197
46 1197
46 1197
46 1197
46 1197
46 1197
46 1197
46 1197
46 1197
46 1197
46 1197
46 1197
46 1197
46 1197
54 1206
54 1206
54 1206
54 1206
54 1206
54 1206
54 1206
7 1219
62 2698
62 2698
62 2698
62 2698
62 2698
62 2698
62 2698
62 2698
62 2698
62 2698
62 2698
62 2698
62 2698
62 2698
62 2698
62 2698
62 2698
62 2698
62 2698
62 2698
62 2698
62 2698
62 2698
62 2698
62 2698
62 2698
62 2698
62 2698
62 2698
57 1253
57 1253
57 1253
57 1253
57 1253
57 1253
57 1253
57 1253
57 1253
57 1253
57 1253
57 1253
57 1253
57 1253
57 1253
57 1253
57 1253
57 1253
57 1253
57 1253
57 1253
60 2727
60 2727
60 2727
60 2727
60 2727
60 2727
60 2727
60 2727
60 2727
60 2727
60 2727
60 2727
60 2727
60 2727
60 2727
60 2727
60 2727
60 2727
60 2727
60 2727
60 2727
60 2727
60 2727
60 2727
10 1243
10 1243
10 1243
10 1243
10 1243
10 1243
10 1243
10 1243
10 1243
10 1243
10 1243
10 1243
10 1243
10 1243
10 1243
10 1243
10 1243
10 1243
10 1243
10 1243
10 1243
10 1243
10 1243
10 1243
10 1243
10 1243
10 1243
10 1243
10 1243
10 1243
58 1284
58 1284
58 1284
58 1284
58 1284
58 1284
58 1284
58 1284
58 1284
58 1284
58 1284
58 1284
58 1284
58 1284
58 1284
58 1284
58 1284
58 1284
58 1284
58 1284
58 1284
58 1284
58 1284
3 338
3 338
3 338
3 338
3 338
3 338
3 338
3 338
3 338
3 338
81 1059
81 1059
81 1059
81 1059
81 1059
81 1059
81 1059
81 1059
81 1059
81 1059
81 1059
81 1059
81 1059
81 1059
8 289
8 289
8 289
8 289
8 289
8 289
8 289
8 289
8 289
8 289
8 289
8 289
8 289
8 289
8 289
8 289
8 289
8 289
8 289
8 289
8 289
8 289
8 289
8 289
8 289
8 289
9 283
9 283
9 283
9 283
9 283
9 283
9 283
9 283
9 283
9 283
9 283
9 283
9 283
9 283
9 283
9 283
9 283
9 283
9 283
9 283
9 283
9 283
9 283
9 283
9 283
9 283
9 283
12 258
12 258
12 258
12 258
12 258
12 258
12 258
12 258
12 258
12 258
12 258
12 258
12 258
12 258
12 258
12 258
12 258
12 258
12 258
12 258
12 258
12 258
12 258
12 258
12 258
14 261
14 261
14 261
14 261
14 261
14 261
13 1282
13 1282
18 292
18 292
18 292
18 292
18 292
18 292
18 292
18 292
18 292
18 292
18 292
18 292
18 292
18 292
18 292
18 292
18 292
18 292
18 292
18 292
31 310
31 310
31 310
31 310
60 1051
60 1051
60 1051
60 1051
60 1051
60 1051
60 1051
60 1051
60 1051
60 1051
60 1051
60 1051
60 1051
60 1051
60 1051
60 1051
60 1051
60 1051
60 1051
60 1051
60 1051
60 1051
60 1051
60 1051
29 364
29 364
29 364
29 364
29 364
29 364
29 364
29 364
34 359
34 359
34 359
34 359
34 359
34 359
34 359
34 359
34 359
34 359
34 359
34 359
34 359
34 359
34 359
37 330
37 330
37 330
37 330
37 330
37 330
37 330
37 330
37 330
37 330
37 330
37 330
37 330
37 330
37 330
37 330
37 330
37 330
37 330
37 330
37 330
37 330
30 1400
30 1400
30 1400
30 1400
30 1400
30 1400
30 1400
30 1400
30 1400
62 1093
62 1093
62 1093
62 1093
62 1093
62 1093
62 1093
62 1093
62 1093
62 1093
62 1093
62 1093
62 1093
62 1093
62 1093
62 1093
62 1093
62 1093
62 1093
62 1093
62 1093
62 1093
62 1093
62 1093
62 1093
62 1093
62 1093
62 1093
62 1093
64 1096
64 1096
64 1096
64 1096
64 1096
64 1096
64 1096
64 1096
64 1096
64 1096
64 1096
64 1096
64 1096
64 1096
64 1096
64 1096
67 1107
67 1107
67 1107
67 1107
67 1107
67 1107
67 1107
67 1107
67 1107
67 1107
67 1107
67 1107
67 1107
67 1107
67 1107
67 1107
67 1107
67 1107
67 1107
67 1107
67 1107
67 1107
67 1107
67 1107
67 1107
67 1107
67 1107
67 1107
68 1120
68 1120
68 1120
68 1120
68 1120
68 1120
68 1120
68 1120
68 1120
68 1120
68 1120
40 1424
40 1424
40 1424
71 1127
71 1127
71 1127
71 1127
71 1127
71 1127
71 1127
71 1127
71 1127
71 1127
71 1127
71 1127
71 1127
71 1127
71 1127
71 1127
71 1127
3 321
3 321
3 321
3 321
3 321
3 321
3 321
3 321
3 321
3 321
43 1424
43 1424
43 1424
43 1424
43 1424
8 297
8 297
8 297
8 297
8 297
8 297
8 297
8 297
8 297
8 297
8 297
8 297
8 297
8 297
8 297
8 297
8 297
8 297
8 297
8 297
8 297
8 297
8 297
8 297
8 297
8 297
9 307
9 307
9 307
9 307
9 307
9 307
9 307
9 307
9 307
9 307
9 307
9 307
9 307
9 307
9 307
9 307
9 307
9 307
9 307
9 307
9 307
9 307
9 307
9 307
9 307
9 307
9 307
46 1444
46 1444
46 1444
46 1444
46 1444
46 1444
46 1444
46 1444
46 1444
46 1444
46 1444
46 1444
46 1444
46 1444
46 1444
46 1444
46 1444
46 1444
12 285
12 285
12 285
12 285
12 285
12 285
12 285
12 285
12 285
12 285
12 285
12 285
12 285
12 285
12 285
12 285
12 285
12 285
12 285
12 285
12 285
12 285
12 285
12 285
12 285
75 1157
75 1157
75 1157
75 1157
75 1157
75 1157
75 1157
75 1157
75 1157
75 1157
75 1157
75 1157
75 1157
14 284
14 284
14 284
14 284
14 284
14 284
81 1160
81 1160
81 1160
81 1160
81 1160
81 1160
81 1160
81 1160
81 1160
81 1160
81 1160
81 1160
81 1160
81 1160
54 1470
54 1470
54 1470
54 1470
54 1470
54 1470
54 1470
18 336
18 336
18 336
18 336
18 336
18 336
18 336
18 336
18 336
18 336
18 336
18 336
18 336
18 336
18 336
18 336
18 336
18 336
18 336
18 336
7 1488
57 1497
57 1497
57 1497
57 1497
57 1497
57 1497
57 1497
57 1497
57 1497
57 1497
57 1497
57 1497
57 1497
57 1497
57 1497
57 1497
57 1497
57 1497
57 1497
57 1497
57 1497
58 1499
58 1499
58 1499
58 1499
58 1499
58 1499
58 1499
58 1499
58 1499
58 1499
58 1499
58 1499
58 1499
58 1499
58 1499
58 1499
58 1499
58 1499
58 1499
58 1499
58 1499
58 1499
58 1499
29 339
29 339
29 339
29 339
29 339
29 339
29 339
29 339
31 336
31 336
31 336
31 336
34 321
34 321
34 321
34 321
34 321
34 321
34 321
34 321
34 321
34 321
34 321
34 321
34 321
34 321
34 321
37 298
37 298
37 298
37 298
37 298
37 298
37 298
37 298
37 298
37 298
37 298
37 298
37 298
37 298
37 298
37 298
37 298
37 298
37 298
37 298
37 298
37 298
74 1567
74 1567
74 1567
74 1567
74 1567
74 1567
74 1567
74 1567
74 1567
74 1567
74 1567
74 1567
74 1567
74 1567
74 1567
74 1567
74 1567
74 1567
74 1567
61 3698
61 3698
61 3698
61 3698
61 3698
61 3698
61 3698
61 3698
61 3698
61 3698
61 3698
61 3698
61 1698
61 1698
61 1698
61 1698
61 1698
61 1698
61 1698
61 1698
61 1698
61 1698
61 1698
61 1698
60 1260
60 1260
60 1260
60 1260
60 1260
60 1260
60 1260
60 1260
60 1260
60 1260
60 1260
60 1260
60 1260
60 1260
60 1260
60 1260
60 1260
60 1260
60 1260
60 1260
60 1260
60 1260
60 1260
60 1260
61 1270
61 1270
61 1270
61 1270
61 1270
61 1270
61 1270
61 1270
61 1270
61 1270
61 1270
61 1270
62 1265
62 1265
62 1265
62 1265
62 1265
62 1265
62 1265
62 1265
62 1265
62 1265
62 1265
62 1265
62 1265
62 1265
62 1265
62 1265
62 1265
62 1265
62 1265
62 1265
62 1265
62 1265
62 1265
62 1265
62 1265
62 1265
62 1265
62 1265
62 1265
64 1273
64 1273
64 1273
64 1273
64 1273
64 1273
64 1273
64 1273
64 1273
64 1273
64 1273
64 1273
64 1273
64 1273
64 1273
64 1273
67 1286
67 1286
67 1286
67 1286
67 1286
67 1286
67 1286
67 1286
67 1286
67 1286
67 1286
67 1286
67 1286
67 1286
67 1286
67 1286
67 1286
67 1286
67 1286
67 1286
67 1286
67 1286
67 1286
67 1286
67 1286
67 1286
67 1286
67 1286
68 1310
68 1310
68 1310
68 1310
68 1310
68 1310
68 1310
68 1310
68 1310
68 1310
68 1310
71 1312
71 1312
71 1312
71 1312
71 1312
71 1312
71 1312
71 1312
71 1312
71 1312
71 1312
71 1312
71 1312
71 1312
71 1312
71 1312
71 1312
74 1314
74 1314
74 1314
74 1314
74 1314
74 1314
74 1314
74 1314
74 1314
74 1314
74 1314
74 1314
74 1314
74 1314
74 1314
74 1314
74 1314
74 1314
74 1314
75 1312
75 1312
75 1312
75 1312
75 1312
75 1312
75 1312
75 1312
75 1312
75 1312
75 1312
75 1312
75 1312
81 1433
81 1433
81 1433
81 1433
81 1433
81 1433
81 1433
81 1433
81 1433
81 1433
81 1433
81 1433
81 1433
81 1433
