1 4 1
2 4 1
3 3 1
4 2 1
5 1 2
6 2 1
7 2 1
8 1 2
9 3 1
10 2 1
11 1 2
12 2 1
13 2 1
14 1 2
15 4 1
16 3 1
17 3 1
18 4 1
19 3 1
20 4 1
21 1 2
22 4 1
23 2 1
24 2 1
25 2 1
26 1 2
27 3 1
28 1 2
29 2 1
30 2 1
31 4 1
32 4 1
33 2 1
34 3 1
35 4 1
36 3 1
37 4 1
38 1 2
39 2 1
40 4 2
41 2 2
42 4 2
43 2 2
44 2 2
45 4 2
46 3 2
47 3 2
48 3 2
49 4 2
50 3 2
51 3 2
52 3 2
53 4 2
54 3 2
55 2 2
56 1 2
57 2 3
58 4 3
59 1 3
60 2 3
61 1 3
62 3 3
63 1 3
64 2 3
65 3 3
66 4 3
67 4 3
68 3 3
69 3 3
70 4 3
71 1 3
72 4 3
73 2 3
74 1 3
75 2 3
76 4 3
77 3 3
78 1 3
79 1 3
80 3 3
81 3 3
