1 4 1 -65.1996 -50.2358
2 4 3 60.7044 4.6761
3 3 3 -68.444 -32.1256
4 2 1 -17.3441 -20.2195
5 1 3 -18.7391 -45.6647
6 2 2 -55.7272 35.9413
7 2 3 -73.6103 -67.0288
8 1 3 -18.7546 -71.5823
9 3 2 98.4027 -80.2
10 2 3 55.9979 24.7285
11 1 1 23.2782 34.7114
12 2 2 -88.2106 6.45904
13 2 3 91.278 97.1668
14 1 1 -38.4714 -91.9155
15 4 2 96.2979 -68.5118
16 3 1 44.6208 12.2136
17 3 3 38.3018 85.9073
18 4 3 37.6605 -84.3068
19 3 1 7.06927 53.5194
20 4 1 80.6894 91.1416
21 1 2 -46.8497 -57.7208
22 4 3 -77.6675 -29.3559
23 2 1 3.96064 44.101
24 2 3 -57.8926 7.24816
25 2 2 2.72279 70.1164
26 1 1 -35.1229 -17.7848
27 3 2 82.3058 96.7511
28 1 2 -22.2805 -91.0385
29 2 1 -66.0072 -47.3878
30 2 2 -44.9401 -82.4647
31 4 3 -65.282 -70.322
32 4 3 83.6538 -98.4033
33 2 1 40.7759 -86.3783
34 3 3 5.46512 -9.30573
35 4 1 -35.9233 -52.6058
36 3 1 -31.3214 -55.649
37 4 2 93.8788 78.8204
38 1 2 35.7561 -28.8998
39 2 3 79.2013 35.5147
40 4 3 16.2069 -2.3304
41 2 1 42.808 21.2376
42 4 2 -54.2571 76.9121
43 2 2 -33.965 -45.9585
44 2 2 93.7783 -93.2048
45 4 3 5.50861 -2.7751
46 3 3 -30.7737 -36.6189
47 3 2 27.4294 -21.317
48 3 3 -9.22543 34.331
49 4 1 16.8388 -87.6996
50 3 2 -63.9244 -18.3941
51 3 2 -59.8631 -49.7519
52 3 3 -85.9428 22.1477
53 4 3 -84.539 -61.263
54 3 1 -57.781 7.43425
55 2 1 97.6558 -37.2392
56 1 3 71.6075 54.0636
57 2 3 78.7741 40.1481
58 4 2 -20.9783 97.1102
59 1 2 46.4444 -31.0983
60 2 2 95.3138 -33.8073
61 1 3 -50.3596 66.0677
62 3 1 -9.32724 21.8112
63 1 3 97.8574 -86.0107
64 2 2 -73.3413 64.2066
65 3 1 91.0864 16.1628
66 4 2 -93.0564 -87.7962
67 4 1 -63.4636 -77.103
68 3 2 47.7671 43.1934
69 3 1 63.7987 92.7843
70 4 2 81.3661 -24.6728
71 1 1 77.4085 89.5632
72 4 2 76.9199 94.7591
73 2 1 39.9032 -51.0623
74 1 1 5.80437 50.3842
75 2 1 45.298 65.4603
76 4 1 33.3703 -27.87
77 3 1 73.9952 -89.9074
78 1 1 96.4561 16.9293
79 1 1 2.58632 -47.5131
80 3 1 85.9646 -50.8551
81 3 1 -67.0149 28.5923
