37 279
37 279
76 267
76 267
76 267
76 267
76 267
76 267
76 267
76 267
76 267
37 830
37 830
76 467
76 467
76 467
76 467
76 467
76 467
76 467
76 467
76 467
64 1510
64 1510
64 1510
64 1510
64 1510
64 1510
64 523
64 523
64 523
64 523
64 523
64 523
76 960
76 960
76 960
76 960
76 960
76 960
76 960
76 960
76 960
64 86
64 86
64 86
64 86
64 86
64 86
37 487
37 487
76 449
76 449
76 449
76 449
76 449
76 449
76 449
76 449
76 449
64 218
64 218
64 218
64 218
64 218
64 218
76 397
76 397
76 397
76 397
76 397
76 397
76 397
76 397
76 397
