4 183
4 183
4 183
4 183
4 183
4 183
4 183
4 183
4 183
4 183
4 183
4 183
4 183
4 183
4 183
4 183
4 183
4 183
4 183
4 183
4 183
4 183
4 183
4 183
4 183
5 178
5 178
5 178
5 178
5 178
5 178
5 178
5 178
5 178
5 178
5 178
5 178
9 165
9 165
9 165
9 165
9 165
9 165
9 165
9 165
9 165
9 165
9 165
9 165
9 165
9 165
9 165
12 139
12 139
11 150
11 150
11 150
11 150
11 150
11 150
11 150
11 150
11 150
11 150
11 150
11 150
11 150
11 150
11 150
11 150
11 150
11 150
11 150
11 150
28 61
28 61
28 61
28 61
28 61
28 61
28 61
28 61
28 61
28 61
28 61
28 61
28 61
28 61
28 61
28 61
28 61
28 61
28 61
28 61
28 61
28 61
28 61
28 61
28 61
28 61
10 269
10 269
10 269
10 269
10 269
10 269
10 269
10 269
10 269
10 269
10 269
10 269
10 269
10 269
10 269
10 269
10 269
10 269
10 269
10 269
10 269
10 269
10 269
10 269
10 269
10 269
10 269
10 269
10 269
10 269
13 243
13 243
13 243
13 243
13 243
13 243
13 243
13 243
13 243
13 243
13 243
13 243
13 243
13 243
13 243
13 243
13 243
13 243
15 224
15 224
15 224
15 224
42 105
42 105
42 105
42 105
42 105
42 105
42 105
42 105
42 105
42 105
42 105
42 105
42 105
42 105
42 105
42 105
42 105
42 105
42 105
45 167
45 167
45 167
45 167
45 167
45 167
45 167
45 167
45 167
45 167
45 167
45 167
45 167
45 167
45 167
45 167
45 167
44 177
44 177
44 177
44 177
44 177
44 177
44 177
44 177
44 177
44 177
50 205
50 205
50 205
50 205
50 205
50 205
50 205
50 205
50 205
50 205
50 205
55 192
55 192
55 192
55 192
55 192
55 192
55 192
55 192
55 192
55 192
55 192
55 192
55 192
57 212
10 191
10 191
10 191
10 191
10 191
10 191
10 191
10 191
10 191
10 191
10 191
10 191
10 191
10 191
10 191
10 191
10 191
10 191
10 191
10 191
10 191
10 191
10 191
10 191
10 191
10 191
10 191
10 191
10 191
10 191
9 212
9 212
9 212
9 212
9 212
9 212
9 212
9 212
9 212
9 212
9 212
9 212
9 212
9 212
9 212
60 203
60 203
60 203
60 203
60 203
60 203
60 203
60 203
60 203
62 193
62 193
62 193
62 193
62 193
62 193
62 193
62 193
62 193
62 193
62 193
62 193
62 193
62 193
11 208
11 208
11 208
11 208
11 208
11 208
11 208
11 208
11 208
11 208
11 208
11 208
11 208
11 208
11 208
11 208
11 208
11 208
11 208
11 208
12 205
12 205
13 226
13 226
13 226
13 226
13 226
13 226
13 226
13 226
13 226
13 226
13 226
13 226
13 226
13 226
13 226
13 226
13 226
13 226
46 412
46 412
46 412
46 412
46 412
46 412
47 407
47 407
47 407
47 407
47 407
47 407
47 407
47 407
47 407
47 407
47 407
47 407
47 407
47 407
47 407
47 407
16 232
16 232
16 232
16 232
16 232
16 232
16 232
16 232
16 232
16 232
16 232
16 232
16 232
16 232
16 232
16 232
16 232
16 232
16 232
16 232
16 232
16 232
15 243
15 243
15 243
15 243
68 249
68 249
68 249
68 249
68 249
68 249
68 249
68 249
68 249
68 249
68 249
68 249
68 249
68 249
68 249
68 249
68 249
68 249
68 249
68 249
68 249
68 249
68 249
68 249
68 249
68 249
68 249
68 249
68 249
4 399
4 399
4 399
4 399
4 399
4 399
4 399
4 399
4 399
4 399
4 399
4 399
4 399
4 399
4 399
4 399
4 399
4 399
4 399
4 399
4 399
4 399
4 399
4 399
4 399
5 390
5 390
5 390
5 390
5 390
5 390
5 390
5 390
5 390
5 390
5 390
5 390
69 267
69 267
69 267
69 267
69 267
69 267
69 267
69 267
69 267
69 267
69 267
69 267
69 267
69 267
69 267
69 267
69 267
69 267
69 267
69 267
69 267
69 267
69 267
28 295
28 295
28 295
28 295
28 295
28 295
28 295
28 295
28 295
28 295
28 295
28 295
28 295
28 295
28 295
28 295
28 295
28 295
28 295
28 295
28 295
28 295
28 295
28 295
28 295
28 295
64 455
64 455
64 455
64 455
64 455
64 455
64 455
64 455
64 455
64 455
64 455
64 455
64 455
64 455
64 455
64 455
64 455
64 455
64 455
64 455
64 455
42 325
42 325
42 325
42 325
42 325
42 325
42 325
42 325
42 325
42 325
42 325
42 325
42 325
42 325
42 325
42 325
42 325
42 325
42 325
80 454
80 454
80 454
80 454
80 454
34 915
34 915
34 915
34 415
34 415
34 415
72 548
72 548
72 548
72 548
72 548
72 548
72 548
72 548
72 548
72 548
72 548
72 548
72 548
72 548
72 548
72 548
72 548
72 548
72 548
72 548
72 548
72 548
72 548
72 548
72 548
72 548
72 548
72 548
44 346
44 346
44 346
44 346
44 346
44 346
44 346
44 346
44 346
44 346
48 816
48 816
48 816
48 816
48 816
48 816
48 816
48 816
45 353
45 353
45 353
45 353
45 353
45 353
45 353
45 353
45 353
45 353
45 353
45 353
45 353
45 353
45 353
45 353
45 353
50 314
50 314
50 314
50 314
50 314
50 314
50 314
50 314
50 314
50 314
50 314
55 338
55 338
55 338
55 338
55 338
55 338
55 338
55 338
55 338
55 338
55 338
55 338
55 338
60 321
60 321
60 321
60 321
60 321
60 321
60 321
60 321
60 321
10 330
10 330
10 330
10 330
10 330
10 330
10 330
10 330
10 330
10 330
10 330
10 330
10 330
10 330
10 330
10 330
10 330
10 330
10 330
10 330
10 330
10 330
10 330
10 330
10 330
10 330
10 330
10 330
10 330
10 330
79 655
79 655
79 655
79 655
79 655
79 655
79 655
57 393
15 351
15 351
15 351
15 351
9 420
9 420
9 420
9 420
9 420
9 420
9 420
9 420
9 420
9 420
9 420
9 420
9 420
9 420
9 420
11 415
11 415
11 415
11 415
11 415
11 415
11 415
11 415
11 415
11 415
11 415
11 415
11 415
11 415
11 415
11 415
11 415
11 415
11 415
11 415
62 405
62 405
62 405
62 405
62 405
62 405
62 405
62 405
62 405
62 405
62 405
62 405
62 405
62 405
12 424
12 424
68 377
68 377
68 377
68 377
68 377
68 377
68 377
68 377
68 377
68 377
68 377
68 377
68 377
68 377
68 377
68 377
68 377
68 377
68 377
68 377
68 377
68 377
68 377
68 377
68 377
68 377
68 377
68 377
68 377
16 455
16 455
16 455
16 455
16 455
16 455
16 455
16 455
16 455
16 455
16 455
16 455
16 455
16 455
16 455
16 455
16 455
16 455
16 455
16 455
16 455
16 455
13 517
13 517
13 517
13 517
13 517
13 517
13 517
13 517
13 517
13 517
13 517
13 517
13 517
13 517
13 517
13 517
13 517
13 517
46 688
46 688
46 688
46 688
46 688
46 688
82 829
82 829
82 829
82 829
82 829
82 829
82 829
82 829
82 829
82 829
82 829
82 829
82 829
82 829
82 829
82 829
82 829
82 829
82 829
82 829
82 829
82 829
82 829
82 829
47 698
47 698
47 698
47 698
47 698
47 698
47 698
47 698
47 698
47 698
47 698
47 698
47 698
47 698
47 698
47 698
48 699
48 699
48 699
48 699
48 699
48 699
48 699
48 699
69 503
69 503
69 503
69 503
69 503
69 503
69 503
69 503
69 503
69 503
69 503
69 503
69 503
69 503
69 503
69 503
69 503
69 503
69 503
69 503
69 503
69 503
69 503
28 512
28 512
28 512
28 512
28 512
28 512
28 512
28 512
28 512
28 512
28 512
28 512
28 512
28 512
28 512
28 512
28 512
28 512
28 512
28 512
28 512
28 512
28 512
28 512
28 512
28 512
5 744
5 744
5 744
5 744
5 744
5 744
5 744
5 744
5 744
5 744
5 744
5 744
4 766
4 766
4 766
4 766
4 766
4 766
4 766
4 766
4 766
4 766
4 766
4 766
4 766
4 766
4 766
4 766
4 766
4 766
4 766
4 766
4 766
4 766
4 766
4 766
4 766
80 518
80 518
80 518
80 518
80 518
34 509
34 509
34 509
42 445
42 445
42 445
42 445
42 445
42 445
42 445
42 445
42 445
42 445
42 445
42 445
42 445
42 445
42 445
42 445
42 445
42 445
42 445
64 790
64 790
64 790
64 790
64 790
64 790
64 790
64 790
64 790
64 790
64 790
64 790
64 790
64 790
64 790
64 790
64 790
64 790
64 790
64 790
64 790
50 432
50 432
50 432
50 432
50 432
50 432
50 432
50 432
50 432
50 432
50 432
44 571
44 571
44 571
44 571
44 571
44 571
44 571
44 571
44 571
44 571
55 462
55 462
55 462
55 462
55 462
55 462
55 462
55 462
55 462
55 462
55 462
55 462
55 462
45 574
45 574
45 574
45 574
45 574
45 574
45 574
45 574
45 574
45 574
45 574
45 574
45 574
45 574
45 574
45 574
45 574
72 886
72 886
72 886
72 886
72 886
72 886
72 886
72 886
72 886
72 886
72 886
72 886
72 886
72 886
72 886
72 886
72 886
72 886
72 886
72 886
72 886
72 886
72 886
72 886
72 886
72 886
72 886
72 886
60 541
60 541
60 541
60 541
60 541
60 541
60 541
60 541
60 541
10 545
10 545
10 545
10 545
10 545
10 545
10 545
10 545
10 545
10 545
10 545
10 545
10 545
10 545
10 545
10 545
10 545
10 545
10 545
10 545
10 545
10 545
10 545
10 545
10 545
10 545
10 545
10 545
10 545
10 545
62 539
62 539
62 539
62 539
62 539
62 539
62 539
62 539
62 539
62 539
62 539
62 539
62 539
62 539
13 543
13 543
13 543
13 543
13 543
13 543
13 543
13 543
13 543
13 543
13 543
13 543
13 543
13 543
13 543
13 543
13 543
13 543
79 897
79 897
79 897
79 897
79 897
79 897
79 897
15 556
15 556
15 556
15 556
16 564
16 564
16 564
16 564
16 564
16 564
16 564
16 564
16 564
16 564
16 564
16 564
16 564
16 564
16 564
16 564
16 564
16 564
16 564
16 564
16 564
16 564
68 547
68 547
68 547
68 547
68 547
68 547
68 547
68 547
68 547
68 547
68 547
68 547
68 547
68 547
68 547
68 547
68 547
68 547
68 547
68 547
68 547
68 547
68 547
68 547
68 547
68 547
68 547
68 547
68 547
81 1419
81 1419
81 1419
81 1419
81 1419
81 1419
81 1419
81 1419
81 1419
81 1419
81 1419
81 1419
81 1419
81 1419
81 1419
81 1419
81 1419
81 1419
81 1419
81 1419
81 1419
81 1419
81 1419
81 1419
81 1419
81 1419
81 1419
81 934
81 934
81 934
81 934
81 934
81 934
81 934
81 934
81 934
81 934
81 934
81 934
81 934
81 934
81 934
81 934
81 934
81 934
81 934
81 934
81 934
81 934
81 934
81 934
81 934
81 934
81 934
57 680
82 960
82 960
82 960
82 960
82 960
82 960
82 960
82 960
82 960
82 960
82 960
82 960
82 960
82 960
82 960
82 960
82 960
82 960
82 960
82 960
82 960
82 960
82 960
82 960
9 692
9 692
9 692
9 692
9 692
9 692
9 692
9 692
9 692
9 692
9 692
9 692
9 692
9 692
9 692
11 694
11 694
11 694
11 694
11 694
11 694
11 694
11 694
11 694
11 694
11 694
11 694
11 694
11 694
11 694
11 694
11 694
11 694
11 694
11 694
12 695
12 695
69 687
69 687
69 687
69 687
69 687
69 687
69 687
69 687
69 687
69 687
69 687
69 687
69 687
69 687
69 687
69 687
69 687
69 687
69 687
69 687
69 687
69 687
69 687
46 1029
46 1029
46 1029
46 1029
46 1029
46 1029
28 729
28 729
28 729
28 729
28 729
28 729
28 729
28 729
28 729
28 729
28 729
28 729
28 729
28 729
28 729
28 729
28 729
28 729
28 729
28 729
28 729
28 729
28 729
28 729
28 729
28 729
47 1045
47 1045
47 1045
47 1045
47 1045
47 1045
47 1045
47 1045
47 1045
47 1045
47 1045
47 1045
47 1045
47 1045
47 1045
47 1045
42 615
42 615
42 615
42 615
42 615
42 615
42 615
42 615
42 615
42 615
42 615
42 615
42 615
42 615
42 615
42 615
42 615
42 615
42 615
80 749
80 749
80 749
80 749
80 749
5 1042
5 1042
5 1042
5 1042
5 1042
5 1042
5 1042
5 1042
5 1042
5 1042
5 1042
5 1042
34 767
34 767
34 767
50 656
50 656
50 656
50 656
50 656
50 656
50 656
50 656
50 656
50 656
50 656
55 632
55 632
55 632
55 632
55 632
55 632
55 632
55 632
55 632
55 632
55 632
55 632
55 632
60 656
60 656
60 656
60 656
60 656
60 656
60 656
60 656
60 656
4 1216
4 1216
4 1216
4 1216
4 1216
4 1216
4 1216
4 1216
4 1216
4 1216
4 1216
4 1216
4 1216
4 1216
4 1216
4 1216
4 1216
4 1216
4 1216
4 1216
4 1216
4 1216
4 1216
4 1216
4 1216
64 1118
64 1118
64 1118
64 1118
64 1118
64 1118
64 1118
64 1118
64 1118
64 1118
64 1118
64 1118
64 1118
64 1118
64 1118
64 1118
64 1118
64 1118
64 1118
64 1118
64 1118
48 1297
48 1297
48 1297
48 1297
48 1297
48 1297
48 1297
48 1297
10 683
10 683
10 683
10 683
10 683
10 683
10 683
10 683
10 683
10 683
10 683
10 683
10 683
10 683
10 683
10 683
10 683
10 683
10 683
10 683
10 683
10 683
10 683
10 683
10 683
10 683
10 683
10 683
10 683
10 683
62 664
62 664
62 664
62 664
62 664
62 664
62 664
62 664
62 664
62 664
62 664
62 664
62 664
62 664
13 658
13 658
13 658
13 658
13 658
13 658
13 658
13 658
13 658
13 658
13 658
13 658
13 658
13 658
13 658
13 658
13 658
13 658
44 863
44 863
44 863
44 863
44 863
44 863
44 863
44 863
44 863
44 863
45 863
45 863
45 863
45 863
45 863
45 863
45 863
45 863
45 863
45 863
45 863
45 863
45 863
45 863
45 863
45 863
45 863
15 671
15 671
15 671
15 671
16 666
16 666
16 666
16 666
16 666
16 666
16 666
16 666
16 666
16 666
16 666
16 666
16 666
16 666
16 666
16 666
16 666
16 666
16 666
16 666
16 666
16 666
68 669
68 669
68 669
68 669
68 669
68 669
68 669
68 669
68 669
68 669
68 669
68 669
68 669
68 669
68 669
68 669
68 669
68 669
68 669
68 669
68 669
68 669
68 669
68 669
68 669
68 669
68 669
68 669
68 669
72 1221
72 1221
72 1221
72 1221
72 1221
72 1221
72 1221
72 1221
72 1221
72 1221
72 1221
72 1221
72 1221
72 1221
72 1221
72 1221
72 1221
72 1221
72 1221
72 1221
72 1221
72 1221
72 1221
72 1221
72 1221
72 1221
72 1221
72 1221
9 871
9 871
9 871
9 871
9 871
9 871
9 871
9 871
9 871
9 871
9 871
9 871
9 871
9 871
9 871
57 918
11 880
11 880
11 880
11 880
11 880
11 880
11 880
11 880
11 880
11 880
11 880
11 880
11 880
11 880
11 880
11 880
11 880
11 880
11 880
11 880
12 873
12 873
69 927
69 927
69 927
69 927
69 927
69 927
69 927
69 927
69 927
69 927
69 927
69 927
69 927
69 927
69 927
69 927
69 927
69 927
69 927
69 927
69 927
69 927
69 927
79 1329
79 1329
79 1329
79 1329
79 1329
79 1329
79 1329
42 711
42 711
42 711
42 711
42 711
42 711
42 711
42 711
42 711
42 711
42 711
42 711
42 711
42 711
42 711
42 711
42 711
42 711
42 711
81 1325
81 1325
81 1325
81 1325
81 1325
81 1325
81 1325
81 1325
81 1325
81 1325
81 1325
81 1325
81 1325
81 1325
81 1325
81 1325
81 1325
81 1325
81 1325
81 1325
81 1325
81 1325
81 1325
81 1325
81 1325
81 1325
81 1325
82 1383
82 1383
82 1383
82 1383
82 1383
82 1383
82 1383
82 1383
82 1383
82 1383
82 1383
82 1383
82 1383
82 1383
82 1383
82 1383
82 1383
82 1383
82 1383
82 1383
82 1383
82 1383
82 1383
82 1383
28 947
28 947
28 947
28 947
28 947
28 947
28 947
28 947
28 947
28 947
28 947
28 947
28 947
28 947
28 947
28 947
28 947
28 947
28 947
28 947
28 947
28 947
28 947
28 947
28 947
28 947
50 740
50 740
50 740
50 740
50 740
50 740
50 740
50 740
50 740
50 740
50 740
80 999
80 999
80 999
80 999
80 999
34 1007
34 1007
34 1007
55 805
55 805
55 805
55 805
55 805
55 805
55 805
55 805
55 805
55 805
55 805
55 805
55 805
60 767
60 767
60 767
60 767
60 767
60 767
60 767
60 767
60 767
62 775
62 775
62 775
62 775
62 775
62 775
62 775
62 775
62 775
62 775
62 775
62 775
62 775
62 775
46 1452
46 1452
46 1452
46 1452
46 1452
46 1452
13 784
13 784
13 784
13 784
13 784
13 784
13 784
13 784
13 784
13 784
13 784
13 784
13 784
13 784
13 784
13 784
13 784
13 784
48 1475
48 1475
48 1475
48 1475
48 1475
48 1475
48 1475
48 1475
10 856
10 856
10 856
10 856
10 856
10 856
10 856
10 856
10 856
10 856
10 856
10 856
10 856
10 856
10 856
10 856
10 856
10 856
10 856
10 856
10 856
10 856
10 856
10 856
10 856
10 856
10 856
10 856
10 856
10 856
44 1017
44 1017
44 1017
44 1017
44 1017
44 1017
44 1017
44 1017
44 1017
44 1017
15 809
15 809
15 809
15 809
45 1012
45 1012
45 1012
45 1012
45 1012
45 1012
45 1012
45 1012
45 1012
45 1012
45 1012
45 1012
45 1012
45 1012
45 1012
45 1012
45 1012
16 814
16 814
16 814
16 814
16 814
16 814
16 814
16 814
16 814
16 814
16 814
16 814
16 814
16 814
16 814
16 814
16 814
16 814
16 814
16 814
16 814
16 814
47 1508
47 1508
47 1508
47 1508
47 1508
47 1508
47 1508
47 1508
47 1508
47 1508
47 1508
47 1508
47 1508
47 1508
47 1508
47 1508
68 828
68 828
68 828
68 828
68 828
68 828
68 828
68 828
68 828
68 828
68 828
68 828
68 828
68 828
68 828
68 828
68 828
68 828
68 828
68 828
68 828
68 828
68 828
68 828
68 828
68 828
68 828
68 828
68 828
4 1535
4 1535
4 1535
4 1535
4 1535
4 1535
4 1535
4 1535
4 1535
4 1535
4 1535
4 1535
4 1535
4 1535
4 1535
4 1535
4 1535
4 1535
4 1535
4 1535
4 1535
4 1535
4 1535
4 1535
4 1535
5 1543
5 1543
5 1543
5 1543
5 1543
5 1543
5 1543
5 1543
5 1543
5 1543
5 1543
5 1543
57 1065
11 1077
11 1077
11 1077
11 1077
11 1077
11 1077
11 1077
11 1077
11 1077
11 1077
11 1077
11 1077
11 1077
11 1077
11 1077
11 1077
11 1077
11 1077
11 1077
11 1077
12 1083
12 1083
9 1114
9 1114
9 1114
9 1114
9 1114
9 1114
9 1114
9 1114
9 1114
9 1114
9 1114
9 1114
9 1114
9 1114
9 1114
64 1627
64 1627
64 1627
64 1627
64 1627
64 1627
64 1627
64 1627
64 1627
64 1627
64 1627
64 1627
64 1627
64 1627
64 1627
64 1627
64 1627
64 1627
64 1627
64 1627
64 1627
42 864
42 864
42 864
42 864
42 864
42 864
42 864
42 864
42 864
42 864
42 864
42 864
42 864
42 864
42 864
42 864
42 864
42 864
42 864
69 1151
69 1151
69 1151
69 1151
69 1151
69 1151
69 1151
69 1151
69 1151
69 1151
69 1151
69 1151
69 1151
69 1151
69 1151
69 1151
69 1151
69 1151
69 1151
69 1151
69 1151
69 1151
69 1151
50 909
50 909
50 909
50 909
50 909
50 909
50 909
50 909
50 909
50 909
50 909
28 1144
28 1144
28 1144
28 1144
28 1144
28 1144
28 1144
28 1144
28 1144
28 1144
28 1144
28 1144
28 1144
28 1144
28 1144
28 1144
28 1144
28 1144
28 1144
28 1144
28 1144
28 1144
28 1144
28 1144
28 1144
28 1144
80 1143
80 1143
80 1143
80 1143
80 1143
81 1637
81 1637
81 1637
81 1637
81 1637
81 1637
81 1637
81 1637
81 1637
81 1637
81 1637
81 1637
81 1637
81 1637
81 1637
81 1637
81 1637
81 1637
81 1637
81 1637
81 1637
81 1637
81 1637
81 1637
81 1637
81 1637
81 1637
55 968
55 968
55 968
55 968
55 968
55 968
55 968
55 968
55 968
55 968
55 968
55 968
55 968
34 1188
34 1188
34 1188
10 981
10 981
10 981
10 981
10 981
10 981
10 981
10 981
10 981
10 981
10 981
10 981
10 981
10 981
10 981
10 981
10 981
10 981
10 981
10 981
10 981
10 981
10 981
10 981
10 981
10 981
10 981
10 981
10 981
10 981
60 982
60 982
60 982
60 982
60 982
60 982
60 982
60 982
60 982
62 965
62 965
62 965
62 965
62 965
62 965
62 965
62 965
62 965
62 965
62 965
62 965
62 965
62 965
72 1868
72 1868
72 1868
72 1868
72 1868
72 1868
72 1868
72 1868
72 1868
72 1868
72 1868
72 1868
72 1868
72 1868
72 1868
72 1868
72 1868
72 1868
72 1868
72 1868
72 1868
72 1868
72 1868
72 1868
72 1868
72 1868
72 1868
72 1868
13 960
13 960
13 960
13 960
13 960
13 960
13 960
13 960
13 960
13 960
13 960
13 960
13 960
13 960
13 960
13 960
13 960
13 960
15 950
15 950
15 950
15 950
44 1194
44 1194
44 1194
44 1194
44 1194
44 1194
44 1194
44 1194
44 1194
44 1194
16 990
16 990
16 990
16 990
16 990
16 990
16 990
16 990
16 990
16 990
16 990
16 990
16 990
16 990
16 990
16 990
16 990
16 990
16 990
16 990
16 990
16 990
68 976
68 976
68 976
68 976
68 976
68 976
68 976
68 976
68 976
68 976
68 976
68 976
68 976
68 976
68 976
68 976
68 976
68 976
68 976
68 976
68 976
68 976
68 976
68 976
68 976
68 976
68 976
68 976
68 976
45 1230
45 1230
45 1230
45 1230
45 1230
45 1230
45 1230
45 1230
45 1230
45 1230
45 1230
45 1230
45 1230
45 1230
45 1230
45 1230
45 1230
79 1894
79 1894
79 1894
79 1894
79 1894
79 1894
79 1894
82 1864
82 1864
82 1864
82 1864
82 1864
82 1864
82 1864
82 1864
82 1864
82 1864
82 1864
82 1864
82 1864
82 1864
82 1864
82 1864
82 1864
82 1864
82 1864
82 1864
82 1864
82 1864
82 1864
82 1864
48 1821
48 1821
48 1821
48 1821
48 1821
48 1821
48 1821
48 1821
47 1859
47 1859
47 1859
47 1859
47 1859
47 1859
47 1859
47 1859
47 1859
47 1859
47 1859
47 1859
47 1859
47 1859
47 1859
47 1859
46 1883
46 1883
46 1883
46 1883
46 1883
46 1883
57 1298
69 1278
69 1278
69 1278
69 1278
69 1278
69 1278
69 1278
69 1278
69 1278
69 1278
69 1278
69 1278
69 1278
69 1278
69 1278
69 1278
69 1278
69 1278
69 1278
69 1278
69 1278
69 1278
69 1278
80 1306
80 1306
80 1306
80 1306
80 1306
64 1979
64 1979
64 1979
64 1979
64 1979
64 1979
64 1979
64 1979
64 1979
64 1979
64 1979
64 1979
64 1979
64 1979
64 1979
64 1979
64 1979
64 1979
64 1979
64 1979
64 1979
