9 241
9 241
9 241
9 241
9 241
9 241
27 76
27 76
27 76
27 76
27 76
27 76
27 76
27 76
27 76
27 76
27 76
27 76
28 71
28 71
28 71
28 71
28 71
28 71
28 71
28 71
28 71
36 174
36 174
36 174
36 174
36 174
36 174
36 174
36 174
36 174
36 174
36 174
31 265
31 265
31 265
31 265
31 265
31 265
31 265
31 265
31 265
31 265
31 265
31 265
31 265
9 90
9 90
9 90
9 90
9 90
9 90
48 226
48 226
48 226
27 209
27 209
27 209
27 209
27 209
27 209
27 209
27 209
27 209
27 209
27 209
27 209
28 199
28 199
28 199
28 199
28 199
28 199
28 199
28 199
28 199
31 371
31 371
31 371
31 371
31 371
31 371
31 371
31 371
31 371
31 371
31 371
31 371
31 371
48 227
48 227
48 227
9 234
9 234
9 234
9 234
9 234
9 234
36 465
36 465
36 465
36 465
36 465
36 465
36 465
36 465
36 465
36 465
36 465
27 255
27 255
27 255
27 255
27 255
27 255
27 255
27 255
27 255
27 255
27 255
27 255
31 371
31 371
31 371
31 371
31 371
31 371
31 371
31 371
31 371
31 371
31 371
31 371
31 371
28 403
28 403
28 403
28 403
28 403
28 403
28 403
28 403
28 403
61 1080
61 1080
61 1080
61 1080
61 1080
61 1080
61 1080
61 1080
61 1080
61 1080
61 1080
61 1080
61 1080
61 1080
61 1080
61 1080
61 1080
61 1080
61 1080
61 1080
36 379
36 379
36 379
36 379
36 379
36 379
36 379
36 379
36 379
36 379
36 379
61 729
61 729
61 729
61 729
61 729
61 729
61 729
61 729
61 729
61 729
61 729
61 729
61 729
61 729
61 729
61 729
61 729
61 729
61 729
61 729
48 572
48 572
48 572
9 502
9 502
9 502
9 502
9 502
9 502
27 391
27 391
27 391
27 391
27 391
27 391
27 391
27 391
27 391
27 391
27 391
27 391
61 610
61 610
61 610
61 610
61 610
61 610
61 610
61 610
61 610
61 610
61 610
61 610
61 610
61 610
61 610
61 610
61 610
61 610
61 610
61 610
20 1638
20 1638
20 1638
20 1638
20 1638
20 1638
20 1638
20 1638
20 1638
20 1638
20 1147
20 1147
20 1147
20 1147
20 1147
20 1147
20 1147
20 1147
20 1147
20 1147
20 647
20 647
20 647
20 647
20 647
20 647
20 647
20 647
20 647
20 647
28 682
28 682
28 682
28 682
28 682
28 682
28 682
28 682
28 682
36 613
36 613
36 613
36 613
36 613
36 613
36 613
36 613
36 613
36 613
36 613
9 413
9 413
9 413
9 413
9 413
9 413
20 487
20 487
20 487
20 487
20 487
20 487
20 487
20 487
20 487
20 487
27 442
27 442
27 442
27 442
27 442
27 442
27 442
27 442
27 442
27 442
27 442
27 442
61 608
61 608
61 608
61 608
61 608
61 608
61 608
61 608
61 608
61 608
61 608
61 608
61 608
61 608
61 608
61 608
61 608
61 608
61 608
61 608
31 909
31 909
31 909
31 909
31 909
31 909
31 909
31 909
31 909
31 909
31 909
31 909
31 909
16 2595
16 2595
16 2595
16 2595
16 2595
16 2595
16 2595
16 2595
16 2595
16 2595
16 2595
16 2595
16 2595
16 2595
16 2595
16 2595
16 2595
16 2101
16 2101
16 2101
16 2101
16 2101
16 2101
16 2101
16 2101
16 2101
16 2101
16 2101
16 2101
16 2101
16 2101
16 2101
16 2101
16 2101
16 1606
16 1606
16 1606
16 1606
16 1606
16 1606
16 1606
16 1606
16 1606
16 1606
16 1606
16 1606
16 1606
16 1606
16 1606
16 1606
16 1606
28 537
28 537
28 537
28 537
28 537
28 537
28 537
28 537
28 537
36 633
36 633
36 633
36 633
36 633
36 633
36 633
36 633
36 633
36 633
36 633
9 526
9 526
9 526
9 526
9 526
9 526
20 773
20 773
20 773
20 773
20 773
20 773
20 773
20 773
20 773
20 773
48 1027
48 1027
48 1027
27 751
27 751
27 751
27 751
27 751
27 751
27 751
27 751
27 751
27 751
27 751
27 751
28 768
28 768
28 768
28 768
28 768
28 768
28 768
28 768
28 768
16 894
16 894
16 894
16 894
16 894
16 894
16 894
16 894
16 894
16 894
16 894
16 894
16 894
16 894
16 894
16 894
16 894
36 726
36 726
36 726
36 726
36 726
36 726
36 726
36 726
36 726
36 726
36 726
48 702
48 702
48 702
9 619
9 619
9 619
9 619
9 619
9 619
31 942
31 942
31 942
31 942
31 942
31 942
31 942
31 942
31 942
31 942
31 942
31 942
31 942
16 621
16 621
16 621
16 621
16 621
16 621
16 621
16 621
16 621
16 621
16 621
16 621
16 621
16 621
16 621
16 621
16 621
20 598
20 598
20 598
20 598
20 598
20 598
20 598
20 598
20 598
20 598
27 582
27 582
27 582
27 582
27 582
27 582
27 582
27 582
27 582
27 582
27 582
27 582
61 890
61 890
61 890
61 890
61 890
61 890
61 890
61 890
61 890
61 890
61 890
61 890
61 890
61 890
61 890
61 890
61 890
61 890
61 890
61 890
28 823
28 823
28 823
28 823
28 823
28 823
28 823
28 823
28 823
31 972
31 972
31 972
31 972
31 972
31 972
31 972
31 972
31 972
31 972
31 972
31 972
31 972
61 894
61 894
61 894
61 894
61 894
61 894
61 894
61 894
61 894
61 894
61 894
61 894
61 894
61 894
61 894
61 894
61 894
61 894
61 894
61 894
