7 140
7 140
7 140
7 140
7 140
7 140
7 140
7 140
7 140
7 140
7 140
7 140
7 140
7 140
7 140
7 140
7 140
7 140
7 140
7 140
7 140
7 140
7 140
11 103
11 103
11 103
11 103
11 103
11 103
11 103
11 103
11 103
11 103
11 103
7 44
7 44
7 44
7 44
7 44
7 44
7 44
7 44
7 44
7 44
7 44
7 44
7 44
7 44
7 44
7 44
7 44
7 44
7 44
7 44
7 44
7 44
7 44
11 88
11 88
11 88
11 88
11 88
11 88
11 88
11 88
11 88
11 88
11 88
70 244
70 244
70 244
70 244
70 244
70 244
70 244
70 244
70 244
70 244
70 244
70 244
70 244
70 244
70 244
96 29
97 23
97 23
97 23
97 23
97 23
97 23
98 19
98 19
98 19
99 14
99 14
99 14
99 14
100 7
100 7
100 7
100 7
100 7
100 7
100 7
100 7
100 7
100 7
100 7
100 7
100 7
100 7
100 7
100 7
100 7
100 7
100 7
100 7
100 7
100 7
100 7
100 7
100 7
101 7
101 7
102 18
102 18
102 18
102 18
102 18
90 184
90 184
90 184
90 184
90 184
90 184
90 184
90 184
90 184
90 184
90 184
90 184
90 184
90 184
90 184
90 184
90 184
90 184
90 184
90 184
90 184
90 184
90 184
90 184
90 184
90 184
83 398
83 398
83 398
83 398
83 398
83 398
83 398
83 398
83 398
83 398
83 398
83 398
83 398
83 398
83 398
83 398
83 398
83 398
83 398
83 398
83 398
7 393
7 393
7 393
7 393
7 393
7 393
7 393
7 393
7 393
7 393
7 393
7 393
7 393
7 393
7 393
7 393
7 393
7 393
7 393
7 393
7 393
7 393
7 393
96 5
11 355
11 355
11 355
11 355
11 355
11 355
11 355
11 355
11 355
11 355
11 355
84 628
84 628
84 628
84 628
84 628
84 628
84 628
97 4
97 4
97 4
97 4
97 4
97 4
98 18
98 18
98 18
99 24
99 24
99 24
99 24
100 17
100 17
100 17
100 17
100 17
100 17
100 17
100 17
100 17
100 17
100 17
100 17
100 17
100 17
100 17
100 17
100 17
100 17
100 17
100 17
100 17
100 17
100 17
100 17
100 17
101 7
101 7
102 14
102 14
102 14
102 14
102 14
70 365
70 365
70 365
70 365
70 365
70 365
70 365
70 365
70 365
70 365
70 365
70 365
70 365
70 365
70 365
84 234
84 234
84 234
84 234
84 234
84 234
84 234
83 276
83 276
83 276
83 276
83 276
83 276
83 276
83 276
83 276
83 276
83 276
83 276
83 276
83 276
83 276
83 276
83 276
83 276
83 276
83 276
83 276
90 225
90 225
90 225
90 225
90 225
90 225
90 225
90 225
90 225
90 225
90 225
90 225
90 225
90 225
90 225
90 225
90 225
90 225
90 225
90 225
90 225
90 225
90 225
90 225
90 225
90 225
7 227
7 227
7 227
7 227
7 227
7 227
7 227
7 227
7 227
7 227
7 227
7 227
7 227
7 227
7 227
7 227
7 227
7 227
7 227
7 227
7 227
7 227
7 227
11 252
11 252
11 252
11 252
11 252
11 252
11 252
11 252
11 252
11 252
11 252
96 4
97 3
97 3
97 3
97 3
97 3
97 3
98 2
98 2
98 2
99 3
99 3
99 3
99 3
100 3
100 3
100 3
100 3
100 3
100 3
100 3
100 3
100 3
100 3
100 3
100 3
100 3
100 3
100 3
100 3
100 3
100 3
100 3
100 3
100 3
100 3
100 3
100 3
100 3
101 2
101 2
102 1
102 1
102 1
102 1
102 1
96 2
97 3
97 3
97 3
97 3
97 3
97 3
98 6
98 6
98 6
99 10
99 10
99 10
99 10
100 1
100 1
100 1
100 1
100 1
100 1
100 1
100 1
100 1
100 1
100 1
100 1
100 1
100 1
100 1
100 1
100 1
100 1
100 1
100 1
100 1
100 1
100 1
100 1
100 1
101 4
101 4
102 3
102 3
102 3
102 3
102 3
83 924
83 924
83 924
83 924
83 924
83 924
83 924
83 924
83 924
83 924
83 924
83 924
83 924
83 924
83 924
83 924
83 924
83 924
83 924
83 924
83 924
90 859
90 859
90 859
90 859
90 859
90 859
90 859
90 859
90 859
90 859
90 859
90 859
90 859
90 859
90 859
90 859
90 859
90 859
90 859
90 859
90 859
90 859
90 859
90 859
90 859
90 859
11 653
11 653
11 653
11 653
11 653
11 653
11 653
11 653
11 653
11 653
11 653
7 694
7 694
7 694
7 694
7 694
7 694
7 694
7 694
7 694
7 694
7 694
7 694
7 694
7 694
7 694
7 694
7 694
7 694
7 694
7 694
7 694
7 694
7 694
83 436
83 436
83 436
83 436
83 436
83 436
83 436
83 436
83 436
83 436
83 436
83 436
83 436
83 436
83 436
83 436
83 436
83 436
83 436
83 436
83 436
70 608
70 608
70 608
70 608
70 608
70 608
70 608
70 608
70 608
70 608
70 608
70 608
70 608
70 608
70 608
84 493
84 493
84 493
84 493
84 493
84 493
84 493
96 5
97 3
97 3
97 3
97 3
97 3
97 3
98 11
98 11
98 11
99 9
99 9
99 9
99 9
100 7
100 7
100 7
100 7
100 7
100 7
100 7
100 7
100 7
100 7
100 7
100 7
100 7
100 7
100 7
100 7
100 7
100 7
100 7
100 7
100 7
100 7
100 7
100 7
100 7
101 2
101 2
7 452
7 452
7 452
7 452
7 452
7 452
7 452
7 452
7 452
7 452
7 452
7 452
7 452
7 452
7 452
7 452
7 452
7 452
7 452
7 452
7 452
7 452
7 452
102 3
102 3
102 3
102 3
102 3
11 456
11 456
11 456
11 456
11 456
11 456
11 456
11 456
11 456
11 456
11 456
87 2358
87 2358
87 2358
87 2358
87 2358
87 2358
87 2358
87 2358
87 2358
87 2358
87 2358
87 2358
87 2358
87 2358
87 1873
87 1873
87 1873
87 1873
87 1873
87 1873
87 1873
87 1873
87 1873
87 1873
87 1873
87 1873
87 1873
87 1873
87 1395
87 1395
87 1395
87 1395
87 1395
87 1395
87 1395
87 1395
87 1395
87 1395
87 1395
87 1395
87 1395
87 1395
83 483
83 483
83 483
83 483
83 483
83 483
83 483
83 483
83 483
83 483
83 483
83 483
83 483
83 483
83 483
83 483
83 483
83 483
83 483
83 483
83 483
87 495
87 495
87 495
87 495
87 495
87 495
87 495
87 495
87 495
87 495
87 495
87 495
87 495
87 495
84 533
84 533
84 533
84 533
84 533
84 533
84 533
90 1012
90 1012
90 1012
90 1012
90 1012
90 1012
90 1012
90 1012
90 1012
90 1012
90 1012
90 1012
90 1012
90 1012
90 1012
90 1012
90 1012
90 1012
90 1012
90 1012
90 1012
90 1012
90 1012
90 1012
90 1012
90 1012
96 1
97 7
97 7
97 7
97 7
97 7
97 7
98 4
98 4
98 4
99 10
99 10
99 10
99 10
100 3
100 3
100 3
100 3
100 3
100 3
100 3
100 3
100 3
100 3
100 3
100 3
100 3
100 3
100 3
100 3
100 3
100 3
100 3
100 3
100 3
100 3
100 3
100 3
100 3
101 4
101 4
102 2
102 2
102 2
102 2
102 2
7 538
7 538
7 538
7 538
7 538
7 538
7 538
7 538
7 538
7 538
7 538
7 538
7 538
7 538
7 538
7 538
7 538
7 538
7 538
7 538
7 538
7 538
7 538
70 944
70 944
70 944
70 944
70 944
70 944
70 944
70 944
70 944
70 944
70 944
70 944
70 944
70 944
70 944
11 559
11 559
11 559
11 559
11 559
11 559
11 559
11 559
11 559
11 559
11 559
90 956
90 956
90 956
90 956
90 956
90 956
90 956
90 956
90 956
90 956
90 956
90 956
90 956
90 956
90 956
90 956
90 956
90 956
90 956
90 956
90 956
90 956
90 956
90 956
90 956
90 956
83 550
83 550
83 550
83 550
83 550
83 550
83 550
83 550
83 550
83 550
83 550
83 550
83 550
83 550
83 550
83 550
83 550
83 550
83 550
83 550
83 550
96 9
97 7
97 7
97 7
97 7
97 7
97 7
98 6
98 6
98 6
99 9
99 9
99 9
99 9
100 2
100 2
100 2
100 2
100 2
100 2
100 2
100 2
100 2
100 2
100 2
100 2
100 2
100 2
100 2
100 2
100 2
100 2
100 2
100 2
100 2
100 2
100 2
100 2
100 2
101 6
101 6
102 1
102 1
102 1
102 1
102 1
90 640
90 640
90 640
90 640
90 640
90 640
90 640
90 640
90 640
90 640
90 640
90 640
90 640
90 640
90 640
90 640
90 640
90 640
90 640
90 640
90 640
90 640
90 640
90 640
90 640
90 640
87 812
87 812
87 812
87 812
87 812
87 812
87 812
87 812
87 812
87 812
87 812
87 812
87 812
87 812
65 2591
65 2591
65 2591
65 2591
65 2591
65 2591
65 2591
65 2591
65 2591
65 2591
65 2591
65 2591
65 2591
65 2591
65 2591
65 2591
65 2591
65 2096
65 2096
65 2096
65 2096
65 2096
65 2096
65 2096
65 2096
65 2096
65 2096
65 2096
65 2096
65 2096
65 2096
65 2096
65 2096
65 2096
65 1105
65 1105
65 1105
65 1105
65 1105
65 1105
65 1105
65 1105
65 1105
65 1105
65 1105
65 1105
65 1105
65 1105
65 1105
65 1105
65 1105
89 3372
89 3372
89 3372
89 3372
89 3372
89 3372
89 3372
89 3372
89 3372
89 3372
89 3372
89 3372
89 3372
89 3372
89 3372
89 3372
89 3372
89 3372
89 3372
89 3372
89 3372
89 3372
89 2949
89 2949
89 2949
89 2949
89 2949
89 2949
89 2949
89 2949
89 2949
89 2949
89 2949
89 2949
89 2949
89 2949
89 2949
89 2949
89 2949
89 2949
89 2949
89 2949
89 2949
89 2949
89 2480
89 2480
89 2480
89 2480
89 2480
89 2480
89 2480
89 2480
89 2480
89 2480
89 2480
89 2480
89 2480
89 2480
89 2480
89 2480
89 2480
89 2480
89 2480
89 2480
89 2480
89 2480
84 1103
84 1103
84 1103
84 1103
84 1103
84 1103
84 1103
78 3671
78 3671
78 3671
78 3671
78 3671
78 3671
78 3671
78 3671
78 3671
78 3671
78 3671
78 3671
78 3671
78 3671
78 3671
78 3671
78 3671
78 3671
78 3671
78 3671
78 3671
78 3671
78 3671
78 3671
78 3172
78 3172
78 3172
78 3172
78 3172
78 3172
78 3172
78 3172
78 3172
78 3172
78 3172
78 3172
78 3172
78 3172
78 3172
78 3172
78 3172
78 3172
78 3172
78 3172
78 3172
78 3172
78 3172
78 3172
78 2673
78 2673
78 2673
78 2673
78 2673
78 2673
78 2673
78 2673
78 2673
78 2673
78 2673
78 2673
78 2673
78 2673
78 2673
78 2673
78 2673
78 2673
78 2673
78 2673
78 2673
78 2673
78 2673
78 2673
96 4
97 2
97 2
97 2
97 2
97 2
97 2
83 645
83 645
83 645
83 645
83 645
83 645
83 645
83 645
83 645
83 645
83 645
83 645
83 645
83 645
83 645
83 645
83 645
83 645
83 645
83 645
83 645
98 5
98 5
98 5
99 7
99 7
99 7
99 7
100 1
100 1
100 1
100 1
100 1
100 1
100 1
100 1
100 1
100 1
100 1
100 1
100 1
100 1
100 1
100 1
100 1
100 1
100 1
100 1
100 1
100 1
100 1
100 1
100 1
65 856
65 856
65 856
65 856
65 856
65 856
65 856
65 856
65 856
65 856
65 856
65 856
65 856
65 856
65 856
65 856
65 856
101 2
101 2
84 676
84 676
84 676
84 676
84 676
84 676
84 676
102 1
102 1
102 1
102 1
102 1
90 693
90 693
90 693
90 693
90 693
90 693
90 693
90 693
90 693
90 693
90 693
90 693
90 693
90 693
90 693
90 693
90 693
90 693
90 693
90 693
90 693
90 693
90 693
90 693
90 693
90 693
89 724
89 724
89 724
89 724
89 724
89 724
89 724
89 724
89 724
89 724
89 724
89 724
89 724
89 724
89 724
89 724
89 724
89 724
89 724
89 724
89 724
89 724
70 1460
70 1460
70 1460
70 1460
70 1460
70 1460
70 1460
70 1460
70 1460
70 1460
70 1460
70 1460
70 1460
70 1460
70 1460
87 794
87 794
87 794
87 794
87 794
87 794
87 794
87 794
87 794
87 794
87 794
87 794
87 794
87 794
78 892
78 892
78 892
78 892
78 892
78 892
78 892
78 892
78 892
78 892
78 892
78 892
78 892
78 892
78 892
78 892
78 892
78 892
78 892
78 892
78 892
78 892
78 892
78 892
