3 174
3 174
3 174
3 174
3 174
3 174
3 174
3 174
3 174
3 174
3 174
3 174
9 247
9 247
9 247
9 247
9 247
9 247
9 247
9 247
9 247
9 247
9 247
9 247
9 247
9 247
27 155
27 155
27 155
27 155
27 155
27 155
27 155
27 155
27 155
27 155
27 155
27 155
27 155
27 155
27 155
27 155
3 313
3 313
3 313
3 313
3 313
3 313
3 313
3 313
3 313
3 313
3 313
3 313
84 126
84 126
84 126
84 126
84 126
84 126
84 126
84 126
86 112
86 112
86 112
86 112
86 112
91 76
91 76
95 36
95 36
95 36
95 36
95 36
95 36
95 36
95 36
95 36
95 36
95 36
95 36
95 36
95 36
95 36
96 27
96 27
96 27
96 27
96 27
96 27
97 19
98 33
98 33
98 33
98 33
98 33
98 33
98 33
98 33
98 33
98 33
98 33
98 33
98 33
98 33
98 33
98 33
98 33
98 33
98 33
98 33
98 33
98 33
98 33
98 33
98 33
98 33
98 33
100 51
100 51
100 51
100 51
99 77
99 77
99 77
99 77
99 77
99 77
99 77
84 34
84 34
84 34
84 34
84 34
84 34
84 34
84 34
86 16
86 16
86 16
86 16
86 16
91 25
91 25
93 22
93 22
93 22
95 4
95 4
95 4
95 4
95 4
95 4
95 4
95 4
95 4
95 4
95 4
95 4
95 4
95 4
95 4
96 2
96 2
96 2
96 2
96 2
96 2
99 15
99 15
99 15
99 15
99 15
99 15
99 15
98 62
98 62
98 62
98 62
98 62
98 62
98 62
98 62
98 62
98 62
98 62
98 62
98 62
98 62
98 62
98 62
98 62
98 62
98 62
98 62
98 62
98 62
98 62
98 62
98 62
98 62
98 62
54 1003
54 1003
54 1003
54 1003
54 1003
54 1003
54 1003
54 1003
54 1003
54 1003
54 1003
54 1003
54 1003
54 1003
54 1003
54 1003
54 1003
100 43
100 43
100 43
100 43
97 75
42 1145
42 1145
42 1145
42 1145
42 1145
42 1145
42 1145
42 1145
42 1145
42 1145
42 1145
42 1145
42 1145
42 1145
42 1145
42 1145
42 1145
42 1145
42 1145
42 1145
42 1145
42 1145
42 1145
42 1145
42 1145
42 1145
42 1145
42 1145
27 853
27 853
27 853
27 853
27 853
27 853
27 853
27 853
27 853
27 853
27 853
27 853
27 853
27 853
27 853
27 853
72 906
72 906
72 906
72 906
72 906
72 906
72 906
72 906
72 906
72 906
72 906
72 906
72 906
72 906
72 906
72 906
72 906
72 906
72 906
72 906
72 906
72 906
72 906
72 906
73 937
73 937
73 937
73 937
73 937
73 937
73 937
73 937
73 937
73 937
73 937
73 937
73 937
73 937
73 937
73 937
73 937
73 937
73 937
5 1648
5 1648
5 1648
5 1648
5 1648
5 1648
5 1648
5 1648
5 1648
5 1648
78 928
78 928
78 928
78 928
78 928
78 928
78 928
78 928
78 928
78 928
78 928
78 928
78 928
78 928
78 928
78 928
78 928
78 928
5 1171
5 1171
5 1171
5 1171
5 1171
5 1171
5 1171
5 1171
5 1171
5 1171
9 674
9 674
9 674
9 674
9 674
9 674
9 674
9 674
9 674
9 674
9 674
9 674
9 674
9 674
4 1758
4 1758
4 1758
4 1758
4 1758
4 1758
4 1758
4 1758
4 1758
4 1758
4 1758
4 1758
4 1758
4 1758
4 1758
4 1758
4 1758
4 1758
4 1758
4 1758
4 1758
4 1758
4 1758
4 1758
4 1758
4 1758
4 1270
4 1270
4 1270
4 1270
4 1270
4 1270
4 1270
4 1270
4 1270
4 1270
4 1270
4 1270
4 1270
4 1270
4 1270
4 1270
4 1270
4 1270
4 1270
4 1270
4 1270
4 1270
4 1270
4 1270
4 1270
4 1270
4 776
4 776
4 776
4 776
4 776
4 776
4 776
4 776
4 776
4 776
4 776
4 776
4 776
4 776
4 776
4 776
4 776
4 776
4 776
4 776
4 776
4 776
4 776
4 776
4 776
4 776
86 19
86 19
86 19
86 19
86 19
84 50
84 50
84 50
84 50
84 50
84 50
84 50
84 50
3 928
3 928
3 928
3 928
3 928
3 928
3 928
3 928
3 928
3 928
3 928
3 928
91 74
91 74
5 950
5 950
5 950
5 950
5 950
5 950
5 950
5 950
5 950
5 950
93 74
93 74
93 74
95 61
95 61
95 61
95 61
95 61
95 61
95 61
95 61
95 61
95 61
95 61
95 61
95 61
95 61
95 61
31 1702
31 1702
31 1702
31 1702
31 1702
31 1702
31 1702
31 1702
31 1702
31 1202
31 1202
31 1202
31 1202
31 1202
31 1202
31 1202
31 1202
31 1202
96 54
96 54
96 54
96 54
96 54
96 54
42 1103
42 1103
42 1103
42 1103
42 1103
42 1103
42 1103
42 1103
42 1103
42 1103
42 1103
42 1103
42 1103
42 1103
42 1103
42 1103
42 1103
42 1103
42 1103
42 1103
42 1103
42 1103
42 1103
42 1103
42 1103
42 1103
42 1103
42 1103
97 58
98 72
98 72
98 72
98 72
98 72
98 72
98 72
98 72
98 72
98 72
98 72
98 72
98 72
98 72
98 72
98 72
98 72
98 72
98 72
98 72
98 72
98 72
98 72
98 72
98 72
98 72
98 72
99 67
99 67
99 67
99 67
99 67
99 67
99 67
100 64
100 64
100 64
100 64
27 796
27 796
27 796
27 796
27 796
27 796
27 796
27 796
27 796
27 796
27 796
27 796
27 796
27 796
27 796
27 796
28 1816
28 1816
28 1816
28 1816
28 1816
28 1816
28 1816
28 1816
28 1816
28 1816
28 1816
28 1816
28 1816
28 1816
28 1816
28 1816
28 1816
28 1816
28 1816
28 1816
28 1816
28 1816
10 1575
10 1575
10 1575
10 1575
10 1575
10 1575
10 1575
10 1575
10 1575
10 1575
10 1575
10 1575
10 1575
10 1575
10 1575
10 1575
10 1575
10 1575
10 1575
10 1575
10 1575
10 1575
10 1575
8 2097
8 2097
8 2097
8 2097
8 2097
8 2097
8 2097
8 2097
8 2097
8 2097
8 2097
8 2097
8 2097
8 2097
8 2097
8 2097
8 2097
8 2097
8 2097
8 2097
8 2097
8 2097
8 2097
8 2097
8 2097
8 2097
8 2097
8 2097
8 2097
8 1601
8 1601
8 1601
8 1601
8 1601
8 1601
8 1601
8 1601
8 1601
8 1601
8 1601
8 1601
8 1601
8 1601
8 1601
8 1601
8 1601
8 1601
8 1601
8 1601
8 1601
8 1601
8 1601
8 1601
8 1601
8 1601
8 1601
8 1601
8 1601
8 1102
8 1102
8 1102
8 1102
8 1102
8 1102
8 1102
8 1102
8 1102
8 1102
8 1102
8 1102
8 1102
8 1102
8 1102
8 1102
8 1102
8 1102
8 1102
8 1102
8 1102
8 1102
8 1102
8 1102
8 1102
8 1102
8 1102
8 1102
8 1102
54 1203
54 1203
54 1203
54 1203
54 1203
54 1203
54 1203
54 1203
54 1203
54 1203
54 1203
54 1203
54 1203
54 1203
54 1203
54 1203
54 1203
84 75
84 75
84 75
84 75
84 75
84 75
84 75
84 75
86 66
86 66
86 66
86 66
86 66
91 75
91 75
93 59
93 59
93 59
62 1407
62 1407
62 1407
62 1407
62 1407
62 1407
62 1407
62 1407
62 1407
62 1407
62 1407
62 1407
62 1407
62 1407
62 1407
62 1407
62 1407
62 1407
62 1407
62 1407
62 1407
62 1407
62 1407
62 1407
62 1407
62 1407
62 1407
62 1407
62 1407
62 1407
49 1538
49 1538
49 1538
49 1538
49 1538
49 1538
49 1538
49 1538
49 1538
49 1538
49 1538
49 1538
49 1538
49 1538
49 1538
49 1538
49 1538
49 1538
49 1538
49 1538
52 2008
52 2008
52 2008
52 2008
52 2008
52 2008
52 2008
52 2008
52 2008
52 2008
52 2008
52 2008
52 2008
52 2008
52 2008
52 2008
52 2008
52 2008
52 2008
52 2008
52 2008
52 2008
52 2008
52 2008
52 2008
52 1509
52 1509
52 1509
52 1509
52 1509
52 1509
52 1509
52 1509
52 1509
52 1509
52 1509
52 1509
52 1509
52 1509
52 1509
52 1509
52 1509
52 1509
52 1509
52 1509
52 1509
52 1509
52 1509
52 1509
52 1509
95 85
95 85
95 85
95 85
95 85
95 85
95 85
95 85
95 85
95 85
95 85
95 85
95 85
95 85
95 85
96 104
96 104
96 104
96 104
96 104
96 104
97 98
98 119
98 119
98 119
98 119
98 119
98 119
98 119
98 119
98 119
98 119
98 119
98 119
98 119
98 119
98 119
98 119
98 119
98 119
98 119
98 119
98 119
98 119
98 119
98 119
98 119
98 119
98 119
99 123
99 123
99 123
99 123
99 123
99 123
99 123
100 119
100 119
100 119
100 119
72 1509
72 1509
72 1509
72 1509
72 1509
72 1509
72 1509
72 1509
72 1509
72 1509
72 1509
72 1509
72 1509
72 1509
72 1509
72 1509
72 1509
72 1509
72 1509
72 1509
72 1509
72 1509
72 1509
72 1509
73 1499
73 1499
73 1499
73 1499
73 1499
73 1499
73 1499
73 1499
73 1499
73 1499
73 1499
73 1499
73 1499
73 1499
73 1499
73 1499
73 1499
73 1499
73 1499
67 1562
67 1562
67 1562
67 1562
67 1562
67 1562
67 1562
67 1562
67 1562
67 1562
67 1562
67 1562
67 1562
67 1562
67 1562
67 1562
67 1562
67 1562
67 1562
67 1562
67 1562
78 1612
78 1612
78 1612
78 1612
78 1612
78 1612
78 1612
78 1612
78 1612
78 1612
78 1612
78 1612
78 1612
78 1612
78 1612
78 1612
78 1612
78 1612
84 117
84 117
84 117
84 117
84 117
84 117
84 117
84 117
86 114
86 114
86 114
86 114
86 114
91 123
91 123
93 112
93 112
93 112
95 96
95 96
95 96
95 96
95 96
95 96
95 96
95 96
95 96
95 96
95 96
95 96
95 96
95 96
95 96
96 97
96 97
96 97
96 97
96 97
96 97
97 99
98 122
98 122
98 122
98 122
98 122
98 122
98 122
98 122
98 122
98 122
98 122
98 122
98 122
98 122
98 122
98 122
98 122
98 122
98 122
98 122
98 122
98 122
98 122
98 122
98 122
98 122
98 122
99 117
99 117
99 117
99 117
99 117
99 117
99 117
100 112
100 112
100 112
100 112
42 1737
42 1737
42 1737
42 1737
42 1737
42 1737
42 1737
42 1737
42 1737
42 1737
42 1737
42 1737
42 1737
42 1737
42 1737
42 1737
42 1737
42 1737
42 1737
42 1737
42 1737
42 1737
42 1737
42 1737
42 1737
42 1737
42 1737
42 1737
5 1683
5 1683
5 1683
5 1683
5 1683
5 1683
5 1683
5 1683
5 1683
5 1683
3 1709
3 1709
3 1709
3 1709
3 1709
3 1709
3 1709
3 1709
3 1709
3 1709
3 1709
3 1709
4 1703
4 1703
4 1703
4 1703
4 1703
4 1703
4 1703
4 1703
4 1703
4 1703
4 1703
4 1703
4 1703
4 1703
4 1703
4 1703
4 1703
4 1703
4 1703
4 1703
4 1703
4 1703
4 1703
4 1703
4 1703
4 1703
27 1475
27 1475
27 1475
27 1475
27 1475
27 1475
27 1475
27 1475
27 1475
27 1475
27 1475
27 1475
27 1475
27 1475
27 1475
27 1475
28 1968
28 1968
28 1968
28 1968
28 1968
28 1968
28 1968
28 1968
28 1968
28 1968
28 1968
28 1968
28 1968
28 1968
28 1968
28 1968
28 1968
28 1968
28 1968
28 1968
28 1968
28 1968
10 1658
10 1658
10 1658
10 1658
10 1658
10 1658
10 1658
10 1658
10 1658
10 1658
10 1658
10 1658
10 1658
10 1658
10 1658
10 1658
10 1658
10 1658
10 1658
10 1658
10 1658
10 1658
10 1658
49 1813
49 1813
49 1813
49 1813
49 1813
49 1813
49 1813
49 1813
49 1813
49 1813
49 1813
49 1813
49 1813
49 1813
49 1813
49 1813
49 1813
49 1813
49 1813
49 1813
4 1317
4 1317
4 1317
4 1317
4 1317
4 1317
4 1317
4 1317
4 1317
4 1317
4 1317
4 1317
4 1317
4 1317
4 1317
4 1317
4 1317
4 1317
4 1317
4 1317
4 1317
4 1317
4 1317
4 1317
4 1317
4 1317
54 1822
54 1822
54 1822
54 1822
54 1822
54 1822
54 1822
54 1822
54 1822
54 1822
54 1822
54 1822
54 1822
54 1822
54 1822
54 1822
54 1822
84 99
84 99
84 99
84 99
84 99
84 99
84 99
84 99
86 82
86 82
86 82
86 82
86 82
9 1359
9 1359
9 1359
9 1359
9 1359
9 1359
9 1359
9 1359
9 1359
9 1359
9 1359
9 1359
9 1359
9 1359
5 1418
5 1418
5 1418
5 1418
5 1418
5 1418
5 1418
5 1418
5 1418
5 1418
91 79
91 79
93 71
93 71
93 71
35 3154
35 3154
35 3154
35 3154
35 3154
35 3154
35 3154
35 3154
35 3154
35 3154
35 3154
35 2662
35 2662
35 2662
35 2662
35 2662
35 2662
35 2662
35 2662
35 2662
35 2662
35 2662
35 2165
35 2165
35 2165
35 2165
35 2165
35 2165
35 2165
35 2165
35 2165
35 2165
35 2165
28 1744
28 1744
28 1744
28 1744
28 1744
28 1744
28 1744
28 1744
28 1744
28 1744
28 1744
28 1744
28 1744
28 1744
28 1744
28 1744
28 1744
28 1744
28 1744
28 1744
28 1744
28 1744
95 75
95 75
95 75
95 75
95 75
95 75
95 75
95 75
95 75
95 75
95 75
95 75
95 75
95 75
95 75
96 84
96 84
96 84
96 84
96 84
96 84
97 74
98 64
98 64
98 64
98 64
98 64
98 64
98 64
98 64
98 64
98 64
98 64
98 64
98 64
98 64
98 64
98 64
98 64
98 64
98 64
98 64
98 64
98 64
98 64
98 64
98 64
98 64
98 64
99 55
99 55
99 55
99 55
99 55
99 55
99 55
100 51
100 51
100 51
100 51
8 1491
8 1491
8 1491
8 1491
8 1491
8 1491
8 1491
8 1491
8 1491
8 1491
8 1491
8 1491
8 1491
8 1491
8 1491
8 1491
8 1491
8 1491
8 1491
8 1491
8 1491
8 1491
8 1491
8 1491
8 1491
8 1491
8 1491
8 1491
8 1491
62 1960
62 1960
62 1960
62 1960
62 1960
62 1960
62 1960
62 1960
62 1960
62 1960
62 1960
62 1960
62 1960
62 1960
62 1960
62 1960
62 1960
62 1960
62 1960
62 1960
62 1960
62 1960
62 1960
62 1960
62 1960
62 1960
62 1960
62 1960
62 1960
62 1960
3 1556
3 1556
3 1556
3 1556
3 1556
3 1556
3 1556
3 1556
3 1556
3 1556
3 1556
3 1556
10 1507
10 1507
10 1507
10 1507
10 1507
10 1507
10 1507
10 1507
10 1507
10 1507
10 1507
10 1507
10 1507
10 1507
10 1507
10 1507
10 1507
10 1507
10 1507
10 1507
10 1507
10 1507
10 1507
52 2139
52 2139
52 2139
52 2139
52 2139
52 2139
52 2139
52 2139
52 2139
52 2139
52 2139
52 2139
52 2139
52 2139
52 2139
52 2139
52 2139
52 2139
52 2139
52 2139
52 2139
52 2139
52 2139
52 2139
52 2139
31 1935
31 1935
31 1935
31 1935
31 1935
31 1935
31 1935
31 1935
31 1935
67 2089
67 2089
67 2089
67 2089
67 2089
67 2089
67 2089
67 2089
67 2089
67 2089
67 2089
67 2089
67 2089
67 2089
67 2089
67 2089
67 2089
67 2089
67 2089
67 2089
67 2089
72 2099
72 2099
72 2099
72 2099
72 2099
72 2099
72 2099
72 2099
72 2099
72 2099
72 2099
72 2099
72 2099
72 2099
72 2099
72 2099
72 2099
72 2099
72 2099
72 2099
72 2099
72 2099
72 2099
72 2099
27 1553
27 1553
27 1553
27 1553
27 1553
27 1553
27 1553
27 1553
27 1553
27 1553
27 1553
27 1553
27 1553
27 1553
27 1553
27 1553
73 2118
73 2118
73 2118
73 2118
73 2118
73 2118
73 2118
73 2118
73 2118
73 2118
73 2118
73 2118
73 2118
73 2118
73 2118
73 2118
73 2118
73 2118
73 2118
84 52
84 52
84 52
84 52
84 52
84 52
84 52
84 52
86 34
86 34
86 34
86 34
86 34
91 57
91 57
93 42
93 42
93 42
95 63
95 63
95 63
95 63
95 63
95 63
95 63
95 63
95 63
95 63
95 63
95 63
95 63
95 63
95 63
96 61
96 61
96 61
96 61
96 61
96 61
97 51
98 73
98 73
98 73
98 73
98 73
98 73
98 73
98 73
98 73
98 73
98 73
98 73
98 73
98 73
98 73
98 73
98 73
98 73
98 73
98 73
98 73
98 73
98 73
98 73
98 73
98 73
98 73
42 2133
42 2133
42 2133
42 2133
42 2133
42 2133
42 2133
42 2133
42 2133
42 2133
42 2133
42 2133
42 2133
42 2133
42 2133
42 2133
42 2133
42 2133
42 2133
42 2133
42 2133
42 2133
42 2133
42 2133
42 2133
42 2133
42 2133
42 2133
99 74
99 74
99 74
99 74
99 74
99 74
99 74
100 64
100 64
100 64
100 64
52 2095
52 2095
52 2095
52 2095
52 2095
52 2095
52 2095
52 2095
52 2095
52 2095
52 2095
52 2095
52 2095
52 2095
52 2095
52 2095
52 2095
52 2095
52 2095
52 2095
52 2095
52 2095
52 2095
52 2095
52 2095
35 1829
35 1829
35 1829
35 1829
35 1829
35 1829
35 1829
35 1829
35 1829
35 1829
35 1829
72 2125
72 2125
72 2125
72 2125
72 2125
72 2125
72 2125
72 2125
72 2125
72 2125
72 2125
72 2125
72 2125
72 2125
72 2125
72 2125
72 2125
72 2125
72 2125
72 2125
72 2125
72 2125
72 2125
72 2125
84 74
84 74
84 74
84 74
84 74
84 74
84 74
84 74
86 76
86 76
86 76
86 76
86 76
78 2188
78 2188
78 2188
78 2188
78 2188
78 2188
78 2188
78 2188
78 2188
78 2188
78 2188
78 2188
78 2188
78 2188
78 2188
78 2188
78 2188
78 2188
91 106
91 106
69 3339
69 3339
69 3339
69 3339
69 3339
69 3339
69 3339
69 3339
69 3339
69 3339
69 3339
69 3339
69 3339
93 101
93 101
93 101
69 2845
69 2845
69 2845
69 2845
69 2845
69 2845
69 2845
69 2845
69 2845
69 2845
69 2845
69 2845
69 2845
69 2346
69 2346
69 2346
69 2346
69 2346
69 2346
69 2346
69 2346
69 2346
69 2346
69 2346
69 2346
69 2346
95 99
95 99
95 99
95 99
95 99
95 99
95 99
95 99
95 99
95 99
95 99
95 99
95 99
95 99
95 99
96 92
96 92
96 92
96 92
96 92
96 92
97 87
98 80
98 80
98 80
98 80
98 80
98 80
98 80
98 80
98 80
98 80
98 80
98 80
98 80
98 80
98 80
98 80
98 80
98 80
98 80
98 80
98 80
98 80
98 80
98 80
98 80
98 80
98 80
99 87
99 87
99 87
99 87
99 87
99 87
99 87
100 80
100 80
100 80
100 80
