9 321
9 321
9 321
9 321
9 321
9 321
9 321
9 321
9 321
9 321
9 321
9 321
9 321
9 321
9 321
9 321
9 321
9 321
9 321
9 321
9 321
11 302
11 302
11 302
11 302
11 302
11 302
11 302
11 302
11 302
11 302
11 302
11 302
11 302
11 302
11 302
11 302
11 302
11 302
11 302
11 302
11 302
11 302
11 302
11 302
11 302
11 302
11 302
11 302
11 302
28 218
28 218
28 218
28 218
28 218
28 218
28 218
28 218
28 218
28 218
28 218
28 218
28 218
28 218
28 218
28 218
28 218
28 218
28 218
28 218
28 218
28 218
28 218
28 218
34 170
34 170
34 170
34 170
34 170
34 170
34 170
34 170
34 170
34 170
43 221
43 221
43 221
43 221
43 221
43 221
43 221
43 221
43 221
43 221
43 221
43 221
43 221
43 221
43 221
43 221
43 221
43 221
43 221
43 221
43 221
43 221
43 221
40 313
40 313
40 313
40 313
40 313
40 313
40 313
40 313
40 313
40 313
40 313
40 313
40 313
40 313
40 313
40 313
40 313
40 313
40 313
40 313
40 313
40 313
40 313
40 313
40 313
40 313
40 313
40 313
40 313
40 313
51 332
51 332
51 332
51 332
51 332
51 332
51 332
51 332
51 332
51 332
51 332
9 327
9 327
9 327
9 327
9 327
9 327
9 327
9 327
9 327
9 327
9 327
9 327
9 327
9 327
9 327
9 327
9 327
9 327
9 327
9 327
9 327
11 342
11 342
11 342
11 342
11 342
11 342
11 342
11 342
11 342
11 342
11 342
11 342
11 342
11 342
11 342
11 342
11 342
11 342
11 342
11 342
11 342
11 342
11 342
11 342
11 342
11 342
11 342
11 342
11 342
62 333
62 333
62 333
62 333
62 333
62 333
62 333
62 333
62 333
62 333
62 333
62 333
62 333
62 333
62 333
62 333
66 363
66 363
66 363
66 363
66 363
66 363
66 363
66 363
66 363
66 363
66 363
66 363
66 363
65 426
65 426
65 426
65 426
65 426
65 426
65 426
65 426
65 426
65 426
65 426
65 426
65 426
65 426
65 426
65 426
65 426
65 426
65 426
65 426
69 410
69 410
69 410
69 410
69 410
69 410
69 410
69 410
69 410
69 410
69 410
69 410
69 410
69 410
69 410
69 410
69 410
69 410
69 410
69 410
69 410
69 410
28 442
28 442
28 442
28 442
28 442
28 442
28 442
28 442
28 442
28 442
28 442
28 442
28 442
28 442
28 442
28 442
28 442
28 442
28 442
28 442
28 442
28 442
28 442
28 442
78 536
78 536
34 488
34 488
34 488
34 488
34 488
34 488
34 488
34 488
34 488
34 488
44 958
44 958
44 958
44 958
44 958
44 958
40 525
40 525
40 525
40 525
40 525
40 525
40 525
40 525
40 525
40 525
40 525
40 525
40 525
40 525
40 525
40 525
40 525
40 525
40 525
40 525
40 525
40 525
40 525
40 525
40 525
40 525
40 525
40 525
40 525
40 525
42 1034
42 1034
42 1034
42 1034
42 1034
42 535
42 535
42 535
42 535
42 535
23 1225
23 726
13 1326
13 1326
13 1326
13 1326
13 1326
13 1326
13 1326
13 1326
13 1326
13 1326
13 1326
13 1326
13 1326
13 1326
13 1326
13 826
13 826
13 826
13 826
13 826
13 826
13 826
13 826
13 826
13 826
13 826
13 826
13 826
13 826
13 826
95 515
95 515
95 515
95 515
95 515
95 515
95 515
95 515
95 515
95 515
95 515
95 515
95 515
95 515
95 515
95 515
95 515
94 526
94 526
94 526
94 526
43 646
43 646
43 646
43 646
43 646
43 646
43 646
43 646
43 646
43 646
43 646
43 646
43 646
43 646
43 646
43 646
43 646
43 646
43 646
43 646
43 646
43 646
43 646
44 637
44 637
44 637
44 637
44 637
44 637
97 624
97 624
97 624
97 624
97 624
97 624
97 624
97 624
97 624
97 624
97 624
97 624
97 624
97 624
51 636
51 636
51 636
51 636
51 636
51 636
51 636
51 636
51 636
51 636
51 636
102 664
102 664
102 664
102 664
102 664
102 664
102 664
102 664
102 664
102 664
102 664
102 664
102 664
102 664
102 664
102 664
102 664
102 664
102 664
102 664
102 664
102 664
102 664
102 664
102 664
102 664
102 664
102 664
62 564
62 564
62 564
62 564
62 564
62 564
62 564
62 564
62 564
62 564
62 564
62 564
62 564
62 564
62 564
62 564
9 651
9 651
9 651
9 651
9 651
9 651
9 651
9 651
9 651
9 651
9 651
9 651
9 651
9 651
9 651
9 651
9 651
9 651
9 651
9 651
9 651
13 625
13 625
13 625
13 625
13 625
13 625
13 625
13 625
13 625
13 625
13 625
13 625
13 625
13 625
13 625
11 655
11 655
11 655
11 655
11 655
11 655
11 655
11 655
11 655
11 655
11 655
11 655
11 655
11 655
11 655
11 655
11 655
11 655
11 655
11 655
11 655
11 655
11 655
11 655
11 655
11 655
11 655
11 655
11 655
65 635
65 635
65 635
65 635
65 635
65 635
65 635
65 635
65 635
65 635
65 635
65 635
65 635
65 635
65 635
65 635
65 635
65 635
65 635
65 635
23 693
69 755
69 755
69 755
69 755
69 755
69 755
69 755
69 755
69 755
69 755
69 755
69 755
69 755
69 755
69 755
69 755
69 755
69 755
69 755
69 755
69 755
69 755
66 792
66 792
66 792
66 792
66 792
66 792
66 792
66 792
66 792
66 792
66 792
66 792
66 792
78 729
78 729
28 838
28 838
28 838
28 838
28 838
28 838
28 838
28 838
28 838
28 838
28 838
28 838
28 838
28 838
28 838
28 838
28 838
28 838
28 838
28 838
28 838
28 838
28 838
28 838
34 804
34 804
34 804
34 804
34 804
34 804
34 804
34 804
34 804
34 804
40 767
40 767
40 767
40 767
40 767
40 767
40 767
40 767
40 767
40 767
40 767
40 767
40 767
40 767
40 767
40 767
40 767
40 767
40 767
40 767
40 767
40 767
40 767
40 767
40 767
40 767
40 767
40 767
40 767
40 767
42 765
42 765
42 765
42 765
42 765
94 785
94 785
94 785
94 785
43 883
43 883
43 883
43 883
43 883
43 883
43 883
43 883
43 883
43 883
43 883
43 883
43 883
43 883
43 883
43 883
43 883
43 883
43 883
43 883
43 883
43 883
43 883
44 879
44 879
44 879
44 879
44 879
44 879
95 897
95 897
95 897
95 897
95 897
95 897
95 897
95 897
95 897
95 897
95 897
95 897
95 897
95 897
95 897
95 897
95 897
97 908
97 908
97 908
97 908
97 908
97 908
97 908
97 908
97 908
97 908
97 908
97 908
97 908
97 908
51 884
51 884
51 884
51 884
51 884
51 884
51 884
51 884
51 884
51 884
51 884
102 882
102 882
102 882
102 882
102 882
102 882
102 882
102 882
102 882
102 882
102 882
102 882
102 882
102 882
102 882
102 882
102 882
102 882
102 882
102 882
102 882
102 882
102 882
102 882
102 882
102 882
102 882
102 882
62 916
62 916
62 916
62 916
62 916
62 916
62 916
62 916
62 916
62 916
62 916
62 916
62 916
62 916
62 916
62 916
13 926
13 926
13 926
13 926
13 926
13 926
13 926
13 926
13 926
13 926
13 926
13 926
13 926
13 926
13 926
65 916
65 916
65 916
65 916
65 916
65 916
65 916
65 916
65 916
65 916
65 916
65 916
65 916
65 916
65 916
65 916
65 916
65 916
65 916
65 916
66 911
66 911
66 911
66 911
66 911
66 911
66 911
66 911
66 911
66 911
66 911
66 911
66 911
9 989
9 989
9 989
9 989
9 989
9 989
9 989
9 989
9 989
9 989
9 989
9 989
9 989
9 989
9 989
9 989
9 989
9 989
9 989
9 989
9 989
11 1006
11 1006
11 1006
11 1006
11 1006
11 1006
11 1006
11 1006
11 1006
11 1006
11 1006
11 1006
11 1006
11 1006
11 1006
11 1006
11 1006
11 1006
11 1006
11 1006
11 1006
11 1006
11 1006
11 1006
11 1006
11 1006
11 1006
11 1006
11 1006
23 912
69 1009
69 1009
69 1009
69 1009
69 1009
69 1009
69 1009
69 1009
69 1009
69 1009
69 1009
69 1009
69 1009
69 1009
69 1009
69 1009
69 1009
69 1009
69 1009
69 1009
69 1009
69 1009
78 932
78 932
28 1046
28 1046
28 1046
28 1046
28 1046
28 1046
28 1046
28 1046
28 1046
28 1046
28 1046
28 1046
28 1046
28 1046
28 1046
28 1046
28 1046
28 1046
28 1046
28 1046
28 1046
28 1046
28 1046
28 1046
40 992
40 992
40 992
40 992
40 992
40 992
40 992
40 992
40 992
40 992
40 992
40 992
40 992
40 992
40 992
40 992
40 992
40 992
40 992
40 992
40 992
40 992
40 992
40 992
40 992
40 992
40 992
40 992
40 992
40 992
34 1056
34 1056
34 1056
34 1056
34 1056
34 1056
34 1056
34 1056
34 1056
34 1056
42 1038
42 1038
42 1038
42 1038
42 1038
94 1061
94 1061
94 1061
94 1061
95 1088
95 1088
95 1088
95 1088
95 1088
95 1088
95 1088
95 1088
95 1088
95 1088
95 1088
95 1088
95 1088
95 1088
95 1088
95 1088
95 1088
43 1124
43 1124
43 1124
43 1124
43 1124
43 1124
43 1124
43 1124
43 1124
43 1124
43 1124
43 1124
43 1124
43 1124
43 1124
43 1124
43 1124
43 1124
43 1124
43 1124
43 1124
43 1124
43 1124
44 1155
44 1155
44 1155
44 1155
44 1155
44 1155
97 1213
97 1213
97 1213
97 1213
97 1213
97 1213
97 1213
97 1213
97 1213
97 1213
97 1213
97 1213
97 1213
97 1213
51 1182
51 1182
51 1182
51 1182
51 1182
51 1182
51 1182
51 1182
51 1182
51 1182
51 1182
102 1195
102 1195
102 1195
102 1195
102 1195
102 1195
102 1195
102 1195
102 1195
102 1195
102 1195
102 1195
102 1195
102 1195
102 1195
102 1195
102 1195
102 1195
102 1195
102 1195
102 1195
102 1195
102 1195
102 1195
102 1195
102 1195
102 1195
102 1195
62 1144
62 1144
62 1144
62 1144
62 1144
62 1144
62 1144
62 1144
62 1144
62 1144
62 1144
62 1144
62 1144
62 1144
62 1144
62 1144
9 1193
9 1193
9 1193
9 1193
9 1193
9 1193
9 1193
9 1193
9 1193
9 1193
9 1193
9 1193
9 1193
9 1193
9 1193
9 1193
9 1193
9 1193
9 1193
9 1193
9 1193
13 1163
13 1163
13 1163
13 1163
13 1163
13 1163
13 1163
13 1163
13 1163
13 1163
13 1163
13 1163
13 1163
13 1163
13 1163
65 1173
65 1173
65 1173
65 1173
65 1173
65 1173
65 1173
65 1173
65 1173
65 1173
65 1173
65 1173
65 1173
65 1173
65 1173
65 1173
65 1173
65 1173
65 1173
65 1173
66 1177
66 1177
66 1177
66 1177
66 1177
66 1177
66 1177
66 1177
66 1177
66 1177
66 1177
66 1177
66 1177
11 1231
11 1231
11 1231
11 1231
11 1231
11 1231
11 1231
11 1231
11 1231
11 1231
11 1231
11 1231
11 1231
11 1231
11 1231
11 1231
11 1231
11 1231
11 1231
11 1231
11 1231
11 1231
11 1231
11 1231
11 1231
11 1231
11 1231
11 1231
11 1231
69 1256
69 1256
69 1256
69 1256
69 1256
69 1256
69 1256
69 1256
69 1256
69 1256
69 1256
69 1256
69 1256
69 1256
69 1256
69 1256
69 1256
69 1256
69 1256
69 1256
69 1256
69 1256
23 1369
28 1361
28 1361
28 1361
28 1361
28 1361
28 1361
28 1361
28 1361
28 1361
28 1361
28 1361
28 1361
28 1361
28 1361
28 1361
28 1361
28 1361
28 1361
28 1361
28 1361
28 1361
28 1361
28 1361
28 1361
78 1377
78 1377
34 1377
34 1377
34 1377
34 1377
34 1377
34 1377
34 1377
34 1377
34 1377
34 1377
40 1366
40 1366
40 1366
40 1366
40 1366
40 1366
40 1366
40 1366
40 1366
40 1366
40 1366
40 1366
40 1366
40 1366
40 1366
40 1366
40 1366
40 1366
40 1366
40 1366
40 1366
40 1366
40 1366
40 1366
40 1366
40 1366
40 1366
40 1366
40 1366
40 1366
42 1367
42 1367
42 1367
42 1367
42 1367
43 1406
43 1406
43 1406
43 1406
43 1406
43 1406
43 1406
43 1406
43 1406
43 1406
43 1406
43 1406
43 1406
43 1406
43 1406
43 1406
43 1406
43 1406
43 1406
43 1406
43 1406
43 1406
43 1406
94 1420
94 1420
94 1420
94 1420
44 1422
44 1422
44 1422
44 1422
44 1422
44 1422
97 1419
97 1419
97 1419
97 1419
97 1419
97 1419
97 1419
97 1419
97 1419
97 1419
97 1419
97 1419
97 1419
97 1419
51 1421
51 1421
51 1421
51 1421
51 1421
51 1421
51 1421
51 1421
51 1421
51 1421
51 1421
95 1493
95 1493
95 1493
95 1493
95 1493
95 1493
95 1493
95 1493
95 1493
95 1493
95 1493
95 1493
95 1493
95 1493
95 1493
95 1493
95 1493
102 1429
102 1429
102 1429
102 1429
102 1429
102 1429
102 1429
102 1429
102 1429
102 1429
102 1429
102 1429
102 1429
102 1429
102 1429
102 1429
102 1429
102 1429
102 1429
102 1429
102 1429
102 1429
102 1429
102 1429
102 1429
102 1429
102 1429
102 1429
62 1466
62 1466
62 1466
62 1466
62 1466
62 1466
62 1466
62 1466
62 1466
62 1466
62 1466
62 1466
62 1466
62 1466
62 1466
62 1466
13 1486
13 1486
13 1486
13 1486
13 1486
13 1486
13 1486
13 1486
13 1486
13 1486
13 1486
13 1486
13 1486
13 1486
13 1486
65 1537
65 1537
65 1537
65 1537
65 1537
65 1537
65 1537
65 1537
65 1537
65 1537
65 1537
65 1537
65 1537
65 1537
65 1537
65 1537
65 1537
65 1537
65 1537
65 1537
66 1540
66 1540
66 1540
66 1540
66 1540
66 1540
66 1540
66 1540
66 1540
66 1540
66 1540
66 1540
66 1540
69 1596
69 1596
69 1596
69 1596
69 1596
69 1596
69 1596
69 1596
69 1596
69 1596
69 1596
69 1596
69 1596
69 1596
69 1596
69 1596
69 1596
69 1596
69 1596
69 1596
69 1596
69 1596
78 1646
78 1646
94 1717
94 1717
94 1717
94 1717
97 1789
97 1789
97 1789
97 1789
97 1789
97 1789
97 1789
97 1789
97 1789
97 1789
97 1789
97 1789
97 1789
97 1789
102 1767
102 1767
102 1767
102 1767
102 1767
102 1767
102 1767
102 1767
102 1767
102 1767
102 1767
102 1767
102 1767
102 1767
102 1767
102 1767
102 1767
102 1767
102 1767
102 1767
102 1767
102 1767
102 1767
102 1767
102 1767
102 1767
102 1767
102 1767
95 1897
95 1897
95 1897
95 1897
95 1897
95 1897
95 1897
95 1897
95 1897
95 1897
95 1897
95 1897
95 1897
95 1897
95 1897
95 1897
95 1897
