8 133
8 133
8 133
8 133
8 133
8 133
8 133
8 133
8 133
8 133
8 133
8 133
8 133
8 133
8 133
8 133
8 133
8 133
8 133
8 133
8 133
6 201
6 201
6 201
6 201
6 201
6 201
6 201
6 201
6 201
6 201
6 201
6 201
6 201
6 201
6 201
6 201
6 201
6 201
6 201
6 201
6 201
6 201
6 201
6 201
6 201
6 201
6 201
6 201
6 14
6 14
6 14
6 14
6 14
6 14
6 14
6 14
6 14
6 14
6 14
6 14
6 14
6 14
6 14
6 14
6 14
6 14
6 14
6 14
6 14
6 14
6 14
6 14
6 14
6 14
6 14
6 14
8 69
8 69
8 69
8 69
8 69
8 69
8 69
8 69
8 69
8 69
8 69
8 69
8 69
8 69
8 69
8 69
8 69
8 69
8 69
8 69
8 69
59 160
59 160
59 160
59 160
59 160
59 160
59 160
59 160
59 160
59 160
59 160
59 160
59 160
59 160
59 160
59 160
59 160
59 160
59 160
59 160
59 160
59 160
59 160
59 160
74 232
74 232
74 232
74 232
74 232
74 232
74 232
74 232
74 232
74 232
74 232
74 232
74 232
74 232
74 232
74 232
74 232
74 232
74 232
74 232
74 232
74 232
74 232
96 19
96 19
97 14
97 14
97 14
98 7
98 7
98 7
98 7
98 7
98 7
98 7
98 7
98 7
98 7
98 7
98 7
98 7
98 7
99 27
99 27
99 27
99 27
99 27
99 27
99 27
99 27
100 17
100 17
100 17
100 17
100 17
101 9
101 9
101 9
101 9
101 9
101 9
101 9
101 9
101 9
101 9
102 15
102 15
102 15
102 15
102 15
102 15
103 6
105 10
105 10
105 10
105 10
105 10
105 10
105 10
104 21
104 21
104 21
104 21
89 182
89 182
89 182
89 182
89 182
89 182
89 182
89 182
89 182
89 182
89 182
89 182
89 182
89 182
89 182
89 182
89 182
89 182
95 122
95 122
95 122
95 122
95 122
95 122
95 122
95 122
95 122
95 122
95 122
95 122
95 122
95 122
95 122
93 176
93 176
93 176
93 176
93 176
93 176
93 176
93 176
93 176
93 176
93 176
93 176
93 176
93 176
93 176
93 176
93 176
93 176
93 176
93 176
93 176
93 176
59 123
59 123
59 123
59 123
59 123
59 123
59 123
59 123
59 123
59 123
59 123
59 123
59 123
59 123
59 123
59 123
59 123
59 123
59 123
59 123
59 123
59 123
59 123
59 123
6 153
6 153
6 153
6 153
6 153
6 153
6 153
6 153
6 153
6 153
6 153
6 153
6 153
6 153
6 153
6 153
6 153
6 153
6 153
6 153
6 153
6 153
6 153
6 153
6 153
6 153
6 153
6 153
8 174
8 174
8 174
8 174
8 174
8 174
8 174
8 174
8 174
8 174
8 174
8 174
8 174
8 174
8 174
8 174
8 174
8 174
8 174
8 174
8 174
74 198
74 198
74 198
74 198
74 198
74 198
74 198
74 198
74 198
74 198
74 198
74 198
74 198
74 198
74 198
74 198
74 198
74 198
74 198
74 198
74 198
74 198
74 198
96 4
96 4
97 6
97 6
97 6
98 12
98 12
98 12
98 12
98 12
98 12
98 12
98 12
98 12
98 12
98 12
98 12
98 12
98 12
99 12
99 12
99 12
99 12
99 12
99 12
99 12
99 12
100 5
100 5
100 5
100 5
100 5
101 4
101 4
101 4
101 4
101 4
101 4
101 4
101 4
101 4
101 4
102 12
102 12
102 12
102 12
102 12
102 12
103 16
104 12
104 12
104 12
104 12
105 6
105 6
105 6
105 6
105 6
105 6
105 6
89 254
89 254
89 254
89 254
89 254
89 254
89 254
89 254
89 254
89 254
89 254
89 254
89 254
89 254
89 254
89 254
89 254
89 254
95 218
95 218
95 218
95 218
95 218
95 218
95 218
95 218
95 218
95 218
95 218
95 218
95 218
95 218
95 218
8 220
8 220
8 220
8 220
8 220
8 220
8 220
8 220
8 220
8 220
8 220
8 220
8 220
8 220
8 220
8 220
8 220
8 220
8 220
8 220
8 220
59 297
59 297
59 297
59 297
59 297
59 297
59 297
59 297
59 297
59 297
59 297
59 297
59 297
59 297
59 297
59 297
59 297
59 297
59 297
59 297
59 297
59 297
59 297
59 297
93 528
93 528
93 528
93 528
93 528
93 528
93 528
93 528
93 528
93 528
93 528
93 528
93 528
93 528
93 528
93 528
93 528
93 528
93 528
93 528
93 528
93 528
96 4
96 4
97 2
97 2
97 2
98 3
98 3
98 3
98 3
98 3
98 3
98 3
98 3
98 3
98 3
98 3
98 3
98 3
98 3
99 4
99 4
99 4
99 4
99 4
99 4
99 4
99 4
100 2
100 2
100 2
100 2
100 2
101 9
101 9
101 9
101 9
101 9
101 9
101 9
101 9
101 9
101 9
102 6
102 6
102 6
102 6
102 6
102 6
103 4
104 1
104 1
104 1
104 1
105 3
105 3
105 3
105 3
105 3
105 3
105 3
6 502
6 502
6 502
6 502
6 502
6 502
6 502
6 502
6 502
6 502
6 502
6 502
6 502
6 502
6 502
6 502
6 502
6 502
6 502
6 502
6 502
6 502
6 502
6 502
6 502
6 502
6 502
6 502
82 1342
82 1342
82 1342
82 1342
82 1342
82 1342
82 1342
82 1342
82 1342
82 1342
82 1342
82 1342
82 1342
82 1342
82 1342
82 1342
82 1342
82 1342
82 1342
82 1342
82 1342
82 1342
82 1342
82 1342
82 1342
82 1342
82 1342
82 1342
82 1342
82 846
82 846
82 846
82 846
82 846
82 846
82 846
82 846
82 846
82 846
82 846
82 846
82 846
82 846
82 846
82 846
82 846
82 846
82 846
82 846
82 846
82 846
82 846
82 846
82 846
82 846
82 846
82 846
82 846
82 350
82 350
82 350
82 350
82 350
82 350
82 350
82 350
82 350
82 350
82 350
82 350
82 350
82 350
82 350
82 350
82 350
82 350
82 350
82 350
82 350
82 350
82 350
82 350
82 350
82 350
82 350
82 350
82 350
79 1383
79 1383
79 1383
79 1383
79 1383
79 1383
79 1383
79 1383
79 1383
79 1383
79 1383
79 1383
79 1383
79 1383
79 1383
79 1383
79 1383
79 1383
79 1383
79 1383
79 1383
79 1383
79 1383
79 1383
79 1383
79 883
79 883
79 883
79 883
79 883
79 883
79 883
79 883
79 883
79 883
79 883
79 883
79 883
79 883
79 883
79 883
79 883
79 883
79 883
79 883
79 883
79 883
79 883
79 883
79 883
79 385
79 385
79 385
79 385
79 385
79 385
79 385
79 385
79 385
79 385
79 385
79 385
79 385
79 385
79 385
79 385
79 385
79 385
79 385
79 385
79 385
79 385
79 385
79 385
79 385
74 468
74 468
74 468
74 468
74 468
74 468
74 468
74 468
74 468
74 468
74 468
74 468
74 468
74 468
74 468
74 468
74 468
74 468
74 468
74 468
74 468
74 468
74 468
95 327
95 327
95 327
95 327
95 327
95 327
95 327
95 327
95 327
95 327
95 327
95 327
95 327
95 327
95 327
93 347
93 347
93 347
93 347
93 347
93 347
93 347
93 347
93 347
93 347
93 347
93 347
93 347
93 347
93 347
93 347
93 347
93 347
93 347
93 347
93 347
93 347
89 482
89 482
89 482
89 482
89 482
89 482
89 482
89 482
89 482
89 482
89 482
89 482
89 482
89 482
89 482
89 482
89 482
89 482
6 336
6 336
6 336
6 336
6 336
6 336
6 336
6 336
6 336
6 336
6 336
6 336
6 336
6 336
6 336
6 336
6 336
6 336
6 336
6 336
6 336
6 336
6 336
6 336
6 336
6 336
6 336
6 336
8 333
8 333
8 333
8 333
8 333
8 333
8 333
8 333
8 333
8 333
8 333
8 333
8 333
8 333
8 333
8 333
8 333
8 333
8 333
8 333
8 333
96 2
96 2
97 2
97 2
97 2
98 2
98 2
98 2
98 2
98 2
98 2
98 2
98 2
98 2
98 2
98 2
98 2
98 2
98 2
99 6
99 6
99 6
99 6
99 6
99 6
99 6
99 6
100 1
100 1
100 1
100 1
100 1
101 2
101 2
101 2
101 2
101 2
101 2
101 2
101 2
101 2
101 2
102 3
102 3
102 3
102 3
102 3
102 3
103 6
104 8
104 8
104 8
104 8
105 4
105 4
105 4
105 4
105 4
105 4
105 4
59 737
59 737
59 737
59 737
59 737
59 737
59 737
59 737
59 737
59 737
59 737
59 737
59 737
59 737
59 737
59 737
59 737
59 737
59 737
59 737
59 737
59 737
59 737
59 737
82 527
82 527
82 527
82 527
82 527
82 527
82 527
82 527
82 527
82 527
82 527
82 527
82 527
82 527
82 527
82 527
82 527
82 527
82 527
82 527
82 527
82 527
82 527
82 527
82 527
82 527
82 527
82 527
82 527
93 421
93 421
93 421
93 421
93 421
93 421
93 421
93 421
93 421
93 421
93 421
93 421
93 421
93 421
93 421
93 421
93 421
93 421
93 421
93 421
93 421
93 421
96 9
96 9
97 3
97 3
97 3
95 534
95 534
95 534
95 534
95 534
95 534
95 534
95 534
95 534
95 534
95 534
95 534
95 534
95 534
95 534
98 18
98 18
98 18
98 18
98 18
98 18
98 18
98 18
98 18
98 18
98 18
98 18
98 18
98 18
99 19
99 19
99 19
99 19
99 19
99 19
99 19
99 19
100 13
100 13
100 13
100 13
100 13
101 6
101 6
101 6
101 6
101 6
101 6
101 6
101 6
101 6
101 6
102 8
102 8
102 8
102 8
102 8
102 8
103 3
104 6
104 6
104 6
104 6
105 2
105 2
105 2
105 2
105 2
105 2
105 2
8 479
8 479
8 479
8 479
8 479
8 479
8 479
8 479
8 479
8 479
8 479
8 479
8 479
8 479
8 479
8 479
8 479
8 479
8 479
8 479
8 479
6 589
6 589
6 589
6 589
6 589
6 589
6 589
6 589
6 589
6 589
6 589
6 589
6 589
6 589
6 589
6 589
6 589
6 589
6 589
6 589
6 589
6 589
6 589
6 589
6 589
6 589
6 589
6 589
59 577
59 577
59 577
59 577
59 577
59 577
59 577
59 577
59 577
59 577
59 577
59 577
59 577
59 577
59 577
59 577
59 577
59 577
59 577
59 577
59 577
59 577
59 577
59 577
79 964
79 964
79 964
79 964
79 964
79 964
79 964
79 964
79 964
79 964
79 964
79 964
79 964
79 964
79 964
79 964
79 964
79 964
79 964
79 964
79 964
79 964
79 964
79 964
79 964
89 870
89 870
89 870
89 870
89 870
89 870
89 870
89 870
89 870
89 870
89 870
89 870
89 870
89 870
89 870
89 870
89 870
89 870
79 624
79 624
79 624
79 624
79 624
79 624
79 624
79 624
79 624
79 624
79 624
79 624
79 624
79 624
79 624
79 624
79 624
79 624
79 624
79 624
79 624
79 624
79 624
79 624
79 624
89 535
89 535
89 535
89 535
89 535
89 535
89 535
89 535
89 535
89 535
89 535
89 535
89 535
89 535
89 535
89 535
89 535
89 535
96 1
96 1
97 2
97 2
97 2
98 3
98 3
98 3
98 3
98 3
98 3
98 3
98 3
98 3
98 3
98 3
98 3
98 3
98 3
99 5
99 5
99 5
99 5
99 5
99 5
99 5
99 5
100 2
100 2
100 2
100 2
100 2
101 4
101 4
101 4
101 4
101 4
101 4
101 4
101 4
101 4
101 4
102 5
102 5
102 5
102 5
102 5
102 5
103 4
104 8
104 8
104 8
104 8
93 626
93 626
93 626
93 626
93 626
93 626
93 626
93 626
93 626
93 626
93 626
93 626
93 626
93 626
93 626
93 626
93 626
93 626
93 626
93 626
93 626
93 626
105 10
105 10
105 10
105 10
105 10
105 10
105 10
95 651
95 651
95 651
95 651
95 651
95 651
95 651
95 651
95 651
95 651
95 651
95 651
95 651
95 651
95 651
6 589
6 589
6 589
6 589
6 589
6 589
6 589
6 589
6 589
6 589
6 589
6 589
6 589
6 589
6 589
6 589
6 589
6 589
6 589
6 589
6 589
6 589
6 589
6 589
6 589
6 589
6 589
6 589
74 1024
74 1024
74 1024
74 1024
74 1024
74 1024
74 1024
74 1024
74 1024
74 1024
74 1024
74 1024
74 1024
74 1024
74 1024
74 1024
74 1024
74 1024
74 1024
74 1024
74 1024
74 1024
74 1024
82 982
82 982
82 982
82 982
82 982
82 982
82 982
82 982
82 982
82 982
82 982
82 982
82 982
82 982
82 982
82 982
82 982
82 982
82 982
82 982
82 982
82 982
82 982
82 982
82 982
82 982
82 982
82 982
82 982
79 664
79 664
79 664
79 664
79 664
79 664
79 664
79 664
79 664
79 664
79 664
79 664
79 664
79 664
79 664
79 664
79 664
79 664
79 664
79 664
79 664
79 664
79 664
79 664
79 664
96 2
96 2
97 2
97 2
97 2
98 11
98 11
98 11
98 11
98 11
98 11
98 11
98 11
98 11
98 11
98 11
98 11
98 11
98 11
99 12
99 12
99 12
99 12
99 12
99 12
99 12
99 12
100 16
100 16
100 16
100 16
100 16
101 7
101 7
101 7
101 7
101 7
101 7
101 7
101 7
101 7
101 7
102 6
102 6
102 6
102 6
102 6
102 6
103 6
104 10
104 10
104 10
104 10
105 2
105 2
105 2
105 2
105 2
105 2
105 2
95 677
95 677
95 677
95 677
95 677
95 677
95 677
95 677
95 677
95 677
95 677
95 677
95 677
95 677
95 677
59 1049
59 1049
59 1049
59 1049
59 1049
59 1049
59 1049
59 1049
59 1049
59 1049
59 1049
59 1049
59 1049
59 1049
59 1049
59 1049
59 1049
59 1049
59 1049
59 1049
59 1049
59 1049
59 1049
59 1049
82 829
82 829
82 829
82 829
82 829
82 829
82 829
82 829
82 829
82 829
82 829
82 829
82 829
82 829
82 829
82 829
82 829
82 829
82 829
82 829
82 829
82 829
82 829
82 829
82 829
82 829
82 829
82 829
82 829
74 927
74 927
74 927
74 927
74 927
74 927
74 927
74 927
74 927
74 927
74 927
74 927
74 927
74 927
74 927
74 927
74 927
74 927
74 927
74 927
74 927
74 927
74 927
93 827
93 827
93 827
93 827
93 827
93 827
93 827
93 827
93 827
93 827
93 827
93 827
93 827
93 827
93 827
93 827
93 827
93 827
93 827
93 827
93 827
93 827
96 1
96 1
59 886
59 886
59 886
59 886
59 886
59 886
59 886
59 886
59 886
59 886
59 886
59 886
59 886
59 886
59 886
59 886
59 886
59 886
59 886
59 886
59 886
59 886
59 886
59 886
97 8
97 8
97 8
98 2
98 2
98 2
98 2
98 2
98 2
98 2
98 2
98 2
98 2
98 2
98 2
98 2
98 2
99 7
99 7
99 7
99 7
99 7
99 7
99 7
99 7
100 3
100 3
100 3
100 3
100 3
101 4
101 4
101 4
101 4
101 4
101 4
101 4
101 4
101 4
101 4
102 1
102 1
102 1
102 1
102 1
102 1
103 12
104 7
104 7
104 7
104 7
105 2
105 2
105 2
105 2
105 2
105 2
105 2
89 1187
89 1187
89 1187
89 1187
89 1187
89 1187
89 1187
89 1187
89 1187
89 1187
89 1187
89 1187
89 1187
89 1187
89 1187
89 1187
89 1187
89 1187
82 845
82 845
82 845
82 845
82 845
82 845
82 845
82 845
82 845
82 845
82 845
82 845
82 845
82 845
82 845
82 845
82 845
82 845
82 845
82 845
82 845
82 845
82 845
82 845
82 845
82 845
82 845
82 845
82 845
93 855
93 855
93 855
93 855
93 855
93 855
93 855
93 855
93 855
93 855
93 855
93 855
93 855
93 855
93 855
93 855
93 855
93 855
93 855
93 855
93 855
93 855
95 869
95 869
95 869
95 869
95 869
95 869
95 869
95 869
95 869
95 869
95 869
95 869
95 869
95 869
95 869
