13 76
13 76
13 76
13 76
13 76
13 76
13 76
8 129
8 129
8 129
8 129
8 129
8 129
8 129
8 129
8 129
8 129
8 129
8 129
8 129
8 129
8 129
8 129
8 129
8 129
8 129
8 129
12 118
12 118
12 118
12 118
12 118
12 118
12 118
12 118
12 118
12 118
12 118
12 118
12 118
12 118
12 118
12 118
12 118
12 118
12 118
12 118
12 118
12 118
12 118
12 118
12 118
12 118
12 118
12 118
12 118
12 118
14 216
14 216
14 216
14 216
14 216
14 216
14 216
14 216
14 216
14 216
14 216
14 216
14 216
14 216
14 216
14 216
14 216
14 216
14 216
14 216
14 216
14 216
14 216
28 238
28 238
28 238
28 238
28 238
28 238
28 238
28 238
28 238
28 238
28 238
28 238
28 238
28 238
28 238
28 238
28 238
28 238
28 238
28 238
28 238
21 389
21 389
21 389
21 389
21 389
21 389
21 389
21 389
21 389
21 389
21 389
21 389
21 389
21 389
21 389
21 389
21 389
8 262
8 262
8 262
8 262
8 262
8 262
8 262
8 262
8 262
8 262
8 262
8 262
8 262
8 262
8 262
8 262
8 262
8 262
8 262
8 262
12 304
12 304
12 304
12 304
12 304
12 304
12 304
12 304
12 304
12 304
12 304
12 304
12 304
12 304
12 304
12 304
12 304
12 304
12 304
12 304
12 304
12 304
12 304
12 304
12 304
12 304
12 304
12 304
12 304
12 304
84 132
84 132
84 132
84 132
84 132
84 132
84 132
84 132
84 132
84 132
95 26
95 26
95 26
95 26
95 26
95 26
95 26
95 26
95 26
95 26
95 26
95 26
95 26
95 26
95 26
95 26
95 26
95 26
95 26
85 128
85 128
85 128
85 128
85 128
85 128
85 128
85 128
85 128
85 128
85 128
85 128
85 128
85 128
85 128
85 128
85 128
85 128
85 128
85 128
85 128
85 128
85 128
85 128
85 128
85 128
85 128
86 124
96 27
96 27
13 372
13 372
13 372
13 372
13 372
13 372
13 372
14 368
14 368
14 368
14 368
14 368
14 368
14 368
14 368
14 368
14 368
14 368
14 368
14 368
14 368
14 368
14 368
14 368
14 368
14 368
14 368
14 368
14 368
14 368
102 45
102 45
102 45
102 45
102 45
102 45
102 45
102 45
102 45
102 45
102 45
103 50
103 50
103 50
103 50
103 50
103 50
103 50
103 50
103 50
103 50
103 50
103 50
103 50
103 50
103 50
103 50
103 50
103 50
103 50
103 50
103 50
103 50
103 50
103 50
103 50
103 50
21 502
21 502
21 502
21 502
21 502
21 502
21 502
21 502
21 502
21 502
21 502
21 502
21 502
21 502
21 502
21 502
21 502
32 1031
32 1031
32 1031
32 1031
32 1031
32 1031
32 1031
32 1031
32 1031
84 46
84 46
84 46
84 46
84 46
84 46
84 46
84 46
84 46
84 46
85 46
85 46
85 46
85 46
85 46
85 46
85 46
85 46
85 46
85 46
85 46
85 46
85 46
85 46
85 46
85 46
85 46
85 46
85 46
85 46
85 46
85 46
85 46
85 46
85 46
85 46
85 46
86 45
89 53
89 53
89 53
89 53
89 53
89 53
89 53
89 53
89 53
89 53
89 53
89 53
89 53
89 53
92 32
92 32
92 32
92 32
92 32
92 32
92 32
92 32
92 32
92 32
92 32
92 32
92 32
92 32
92 32
92 32
92 32
92 32
92 32
92 32
92 32
92 32
92 32
92 32
95 26
95 26
95 26
95 26
95 26
95 26
95 26
95 26
95 26
95 26
95 26
95 26
95 26
95 26
95 26
95 26
95 26
95 26
95 26
96 33
96 33
28 727
28 727
28 727
28 727
28 727
28 727
28 727
28 727
28 727
28 727
28 727
28 727
28 727
28 727
28 727
28 727
28 727
28 727
28 727
28 727
28 727
103 57
103 57
103 57
103 57
103 57
103 57
103 57
103 57
103 57
103 57
103 57
103 57
103 57
103 57
103 57
103 57
103 57
103 57
103 57
103 57
103 57
103 57
103 57
103 57
103 57
103 57
102 73
102 73
102 73
102 73
102 73
102 73
102 73
102 73
102 73
102 73
102 73
32 854
32 854
32 854
32 854
32 854
32 854
32 854
32 854
32 854
8 740
8 740
8 740
8 740
8 740
8 740
8 740
8 740
8 740
8 740
8 740
8 740
8 740
8 740
8 740
8 740
8 740
8 740
8 740
8 740
85 89
85 89
85 89
85 89
85 89
85 89
85 89
85 89
85 89
85 89
85 89
85 89
85 89
85 89
85 89
85 89
85 89
85 89
85 89
85 89
85 89
85 89
85 89
85 89
85 89
85 89
85 89
14 800
14 800
14 800
14 800
14 800
14 800
14 800
14 800
14 800
14 800
14 800
14 800
14 800
14 800
14 800
14 800
14 800
14 800
14 800
14 800
14 800
14 800
14 800
84 107
84 107
84 107
84 107
84 107
84 107
84 107
84 107
84 107
84 107
86 88
97 1002
97 1002
97 1002
97 1002
97 502
97 502
97 502
97 502
89 92
89 92
89 92
89 92
89 92
89 92
89 92
89 92
89 92
89 92
89 92
89 92
89 92
89 92
12 916
12 916
12 916
12 916
12 916
12 916
12 916
12 916
12 916
12 916
12 916
12 916
12 916
12 916
12 916
12 916
12 916
12 916
12 916
12 916
12 916
12 916
12 916
12 916
12 916
12 916
12 916
12 916
12 916
12 916
13 914
13 914
13 914
13 914
13 914
13 914
13 914
92 145
92 145
92 145
92 145
92 145
92 145
92 145
92 145
92 145
92 145
92 145
92 145
92 145
92 145
92 145
92 145
92 145
92 145
92 145
92 145
92 145
92 145
92 145
92 145
95 143
95 143
95 143
95 143
95 143
95 143
95 143
95 143
95 143
95 143
95 143
95 143
95 143
95 143
95 143
95 143
95 143
95 143
95 143
96 141
96 141
97 133
97 133
97 133
97 133
28 841
28 841
28 841
28 841
28 841
28 841
28 841
28 841
28 841
28 841
28 841
28 841
28 841
28 841
28 841
28 841
28 841
28 841
28 841
28 841
28 841
102 125
102 125
102 125
102 125
102 125
102 125
102 125
102 125
102 125
102 125
102 125
103 117
103 117
103 117
103 117
103 117
103 117
103 117
103 117
103 117
103 117
103 117
103 117
103 117
103 117
103 117
103 117
103 117
103 117
103 117
103 117
103 117
103 117
103 117
103 117
103 117
103 117
32 928
32 928
32 928
32 928
32 928
32 928
32 928
32 928
32 928
53 1876
53 1876
53 1876
53 1876
53 1876
53 1381
53 1381
53 1381
53 1381
53 1381
84 146
84 146
84 146
84 146
84 146
84 146
84 146
84 146
84 146
84 146
85 137
85 137
85 137
85 137
85 137
85 137
85 137
85 137
85 137
85 137
85 137
85 137
85 137
85 137
85 137
85 137
85 137
85 137
85 137
85 137
85 137
85 137
85 137
85 137
85 137
85 137
85 137
86 133
89 126
89 126
89 126
89 126
89 126
89 126
89 126
89 126
89 126
89 126
89 126
89 126
89 126
89 126
92 105
92 105
92 105
92 105
92 105
92 105
92 105
92 105
92 105
92 105
92 105
92 105
92 105
92 105
92 105
92 105
92 105
92 105
92 105
92 105
92 105
92 105
92 105
92 105
95 127
95 127
95 127
95 127
95 127
95 127
95 127
95 127
95 127
95 127
95 127
95 127
95 127
95 127
95 127
95 127
95 127
95 127
95 127
96 118
96 118
97 119
97 119
97 119
97 119
35 2247
35 2247
35 2247
35 2247
35 2247
35 2247
102 96
102 96
102 96
102 96
102 96
102 96
102 96
102 96
102 96
102 96
102 96
103 101
103 101
103 101
103 101
103 101
103 101
103 101
103 101
103 101
103 101
103 101
103 101
103 101
103 101
103 101
103 101
103 101
103 101
103 101
103 101
103 101
103 101
103 101
103 101
103 101
103 101
35 1873
35 1873
35 1873
35 1873
35 1873
35 1873
35 1381
35 1381
35 1381
35 1381
35 1381
35 1381
8 1173
8 1173
8 1173
8 1173
8 1173
8 1173
8 1173
8 1173
8 1173
8 1173
8 1173
8 1173
8 1173
8 1173
8 1173
8 1173
8 1173
8 1173
8 1173
8 1173
12 1137
12 1137
12 1137
12 1137
12 1137
12 1137
12 1137
12 1137
12 1137
12 1137
12 1137
12 1137
12 1137
12 1137
12 1137
12 1137
12 1137
12 1137
12 1137
12 1137
12 1137
12 1137
12 1137
12 1137
12 1137
12 1137
12 1137
12 1137
12 1137
12 1137
13 1128
13 1128
13 1128
13 1128
13 1128
13 1128
13 1128
14 1127
14 1127
14 1127
14 1127
14 1127
14 1127
14 1127
14 1127
14 1127
14 1127
14 1127
14 1127
14 1127
14 1127
14 1127
14 1127
14 1127
14 1127
14 1127
14 1127
14 1127
14 1127
14 1127
84 136
84 136
84 136
84 136
84 136
84 136
84 136
84 136
84 136
84 136
85 129
85 129
85 129
85 129
85 129
85 129
85 129
85 129
85 129
85 129
85 129
85 129
85 129
85 129
85 129
85 129
85 129
85 129
85 129
85 129
85 129
85 129
85 129
85 129
85 129
85 129
85 129
86 119
89 92
89 92
89 92
89 92
89 92
89 92
89 92
89 92
89 92
89 92
89 92
89 92
89 92
89 92
32 1176
32 1176
32 1176
32 1176
32 1176
32 1176
32 1176
32 1176
32 1176
92 89
92 89
92 89
92 89
92 89
92 89
92 89
92 89
92 89
92 89
92 89
92 89
92 89
92 89
92 89
92 89
92 89
92 89
92 89
92 89
92 89
92 89
92 89
92 89
96 102
96 102
95 114
95 114
95 114
95 114
95 114
95 114
95 114
95 114
95 114
95 114
95 114
95 114
95 114
95 114
95 114
95 114
95 114
95 114
95 114
97 117
97 117
97 117
97 117
102 134
102 134
102 134
102 134
102 134
102 134
102 134
102 134
102 134
102 134
102 134
103 135
103 135
103 135
103 135
103 135
103 135
103 135
103 135
103 135
103 135
103 135
103 135
103 135
103 135
103 135
103 135
103 135
103 135
103 135
103 135
103 135
103 135
103 135
103 135
103 135
103 135
21 1579
21 1579
21 1579
21 1579
21 1579
21 1579
21 1579
21 1579
21 1579
21 1579
21 1579
21 1579
21 1579
21 1579
21 1579
21 1579
21 1579
53 1775
53 1775
53 1775
53 1775
53 1775
8 1366
8 1366
8 1366
8 1366
8 1366
8 1366
8 1366
8 1366
8 1366
8 1366
8 1366
8 1366
8 1366
8 1366
8 1366
8 1366
8 1366
8 1366
8 1366
8 1366
12 1341
12 1341
12 1341
12 1341
12 1341
12 1341
12 1341
12 1341
12 1341
12 1341
12 1341
12 1341
12 1341
12 1341
12 1341
12 1341
12 1341
12 1341
12 1341
12 1341
12 1341
12 1341
12 1341
12 1341
12 1341
12 1341
12 1341
12 1341
12 1341
12 1341
84 153
84 153
84 153
84 153
84 153
84 153
84 153
84 153
84 153
84 153
85 150
85 150
85 150
85 150
85 150
85 150
85 150
85 150
85 150
85 150
85 150
85 150
85 150
85 150
85 150
85 150
85 150
85 150
85 150
85 150
85 150
85 150
85 150
85 150
85 150
85 150
85 150
13 1373
13 1373
13 1373
13 1373
13 1373
13 1373
13 1373
86 150
89 148
89 148
89 148
89 148
89 148
89 148
89 148
89 148
89 148
89 148
89 148
89 148
89 148
89 148
92 121
92 121
92 121
92 121
92 121
92 121
92 121
92 121
92 121
92 121
92 121
92 121
92 121
92 121
92 121
92 121
92 121
92 121
92 121
92 121
92 121
92 121
92 121
92 121
95 112
95 112
95 112
95 112
95 112
95 112
95 112
95 112
95 112
95 112
95 112
95 112
95 112
95 112
95 112
95 112
95 112
95 112
95 112
96 112
96 112
97 103
97 103
97 103
97 103
102 138
102 138
102 138
102 138
102 138
102 138
102 138
102 138
102 138
102 138
102 138
103 162
103 162
103 162
103 162
103 162
103 162
103 162
103 162
103 162
103 162
103 162
103 162
103 162
103 162
103 162
103 162
103 162
103 162
103 162
103 162
103 162
103 162
103 162
103 162
103 162
103 162
53 1866
53 1866
53 1866
53 1866
53 1866
84 100
84 100
84 100
84 100
84 100
84 100
84 100
84 100
84 100
84 100
85 93
85 93
85 93
85 93
85 93
85 93
85 93
85 93
85 93
85 93
85 93
85 93
85 93
85 93
85 93
85 93
85 93
85 93
85 93
85 93
85 93
85 93
85 93
85 93
85 93
85 93
85 93
86 89
89 133
89 133
89 133
89 133
89 133
89 133
89 133
89 133
89 133
89 133
89 133
89 133
89 133
89 133
32 1720
32 1720
32 1720
32 1720
32 1720
32 1720
32 1720
32 1720
32 1720
92 142
92 142
92 142
92 142
92 142
92 142
92 142
92 142
92 142
92 142
92 142
92 142
92 142
92 142
92 142
92 142
92 142
92 142
92 142
92 142
92 142
92 142
92 142
92 142
95 130
95 130
95 130
95 130
95 130
95 130
95 130
95 130
95 130
95 130
95 130
95 130
95 130
95 130
95 130
95 130
95 130
95 130
95 130
96 127
96 127
97 122
97 122
97 122
97 122
53 1639
53 1639
53 1639
53 1639
53 1639
102 154
102 154
102 154
102 154
102 154
102 154
102 154
102 154
102 154
102 154
102 154
103 189
103 189
103 189
103 189
103 189
103 189
103 189
103 189
103 189
103 189
103 189
103 189
103 189
103 189
103 189
103 189
103 189
103 189
103 189
103 189
103 189
103 189
103 189
103 189
103 189
103 189
84 130
84 130
84 130
84 130
84 130
84 130
84 130
84 130
84 130
84 130
85 137
85 137
85 137
85 137
85 137
85 137
85 137
85 137
85 137
85 137
85 137
85 137
85 137
85 137
85 137
85 137
85 137
85 137
85 137
85 137
85 137
85 137
85 137
85 137
85 137
85 137
85 137
86 133
89 204
89 204
89 204
89 204
89 204
89 204
89 204
89 204
89 204
89 204
89 204
89 204
89 204
89 204
92 193
92 193
92 193
92 193
92 193
92 193
92 193
92 193
92 193
92 193
92 193
92 193
92 193
92 193
92 193
92 193
92 193
92 193
92 193
92 193
92 193
92 193
92 193
92 193
95 183
95 183
95 183
95 183
95 183
95 183
95 183
95 183
95 183
95 183
95 183
95 183
95 183
95 183
95 183
95 183
95 183
95 183
95 183
96 178
96 178
97 168
97 168
97 168
97 168
102 151
102 151
102 151
102 151
102 151
102 151
102 151
102 151
102 151
102 151
102 151
103 164
103 164
103 164
103 164
103 164
103 164
103 164
103 164
103 164
103 164
103 164
103 164
103 164
103 164
103 164
103 164
103 164
103 164
103 164
103 164
103 164
103 164
103 164
103 164
103 164
103 164
