13 391
13 391
13 391
13 391
13 391
13 391
13 391
13 391
13 391
13 391
13 391
13 391
13 391
13 391
13 391
13 391
13 391
23 299
23 299
23 299
23 299
23 299
23 299
23 299
23 299
23 299
23 299
23 299
23 299
23 299
23 299
23 299
23 299
23 299
23 299
23 299
23 299
23 299
23 299
19 339
19 339
19 339
55 323
55 323
55 323
55 323
55 323
55 323
60 283
60 283
60 283
60 283
60 283
60 283
60 283
60 283
60 283
60 283
60 283
60 283
60 283
60 283
60 283
60 283
60 283
60 283
62 279
62 279
62 279
62 279
62 279
62 279
62 279
62 279
62 279
62 279
62 279
62 279
62 279
62 279
62 279
62 279
62 279
62 279
62 279
62 279
62 279
62 279
62 279
62 279
62 279
13 310
13 310
13 310
13 310
13 310
13 310
13 310
13 310
13 310
13 310
13 310
13 310
13 310
13 310
13 310
13 310
13 310
68 328
68 328
68 328
68 328
68 328
19 334
19 334
19 334
23 338
23 338
23 338
23 338
23 338
23 338
23 338
23 338
23 338
23 338
23 338
23 338
23 338
23 338
23 338
23 338
23 338
23 338
23 338
23 338
23 338
23 338
29 390
29 390
29 390
29 390
29 390
29 390
29 390
29 390
29 390
29 390
29 390
29 390
29 390
29 390
29 390
29 390
29 390
29 390
29 390
95 470
95 470
95 470
95 470
95 470
95 470
95 470
95 470
95 470
95 470
95 470
95 470
95 470
20 1388
20 1388
20 1388
20 1388
20 1388
20 1388
20 1388
20 1388
20 1388
20 1388
20 1388
20 1388
20 1388
20 1388
20 1388
20 1388
20 1388
20 1388
20 1388
20 1388
55 539
55 539
55 539
55 539
55 539
55 539
28 1313
28 1313
28 1313
28 1313
28 1313
28 1313
28 1313
28 1313
28 1313
28 1313
28 1313
28 1313
28 1313
28 1313
28 1313
28 1313
28 1313
28 1313
28 1313
28 1313
28 1313
28 1313
28 1313
28 1313
28 1313
28 1313
28 1313
28 1313
28 1313
28 1313
105 564
105 564
105 564
105 564
105 564
105 564
105 564
105 564
105 564
105 564
105 564
105 564
105 564
105 564
60 555
60 555
60 555
60 555
60 555
60 555
60 555
60 555
60 555
60 555
60 555
60 555
60 555
60 555
60 555
60 555
60 555
60 555
102 653
102 653
62 558
62 558
62 558
62 558
62 558
62 558
62 558
62 558
62 558
62 558
62 558
62 558
62 558
62 558
62 558
62 558
62 558
62 558
62 558
62 558
62 558
62 558
62 558
62 558
62 558
106 642
106 642
106 642
106 642
106 642
106 642
106 642
106 642
106 642
106 642
106 642
106 642
106 642
106 642
106 642
106 642
106 642
106 642
106 642
106 642
106 642
106 642
106 642
106 642
106 642
106 642
106 642
106 642
106 642
13 587
13 587
13 587
13 587
13 587
13 587
13 587
13 587
13 587
13 587
13 587
13 587
13 587
13 587
13 587
13 587
13 587
20 715
20 715
20 715
20 715
20 715
20 715
20 715
20 715
20 715
20 715
20 715
20 715
20 715
20 715
20 715
20 715
20 715
20 715
20 715
20 715
19 762
19 762
19 762
23 727
23 727
23 727
23 727
23 727
23 727
23 727
23 727
23 727
23 727
23 727
23 727
23 727
23 727
23 727
23 727
23 727
23 727
23 727
23 727
23 727
23 727
68 782
68 782
68 782
68 782
68 782
29 727
29 727
29 727
29 727
29 727
29 727
29 727
29 727
29 727
29 727
29 727
29 727
29 727
29 727
29 727
29 727
29 727
29 727
29 727
75 816
75 816
75 816
75 816
75 816
75 816
75 816
75 816
75 816
75 816
28 829
28 829
28 829
28 829
28 829
28 829
28 829
28 829
28 829
28 829
28 829
28 829
28 829
28 829
28 829
28 829
28 829
28 829
28 829
28 829
28 829
28 829
28 829
28 829
28 829
28 829
28 829
28 829
28 829
28 829
32 832
34 836
34 836
34 836
34 836
34 836
34 836
34 836
34 836
34 836
34 836
34 836
34 836
34 836
34 836
34 836
34 836
34 836
34 836
34 836
34 836
34 836
34 836
34 836
34 836
34 836
34 836
34 836
34 836
95 783
95 783
95 783
95 783
95 783
95 783
95 783
95 783
95 783
95 783
95 783
95 783
95 783
105 850
105 850
105 850
105 850
105 850
105 850
105 850
105 850
105 850
105 850
105 850
105 850
105 850
105 850
55 870
55 870
55 870
55 870
55 870
55 870
60 886
60 886
60 886
60 886
60 886
60 886
60 886
60 886
60 886
60 886
60 886
60 886
60 886
60 886
60 886
60 886
60 886
60 886
62 903
62 903
62 903
62 903
62 903
62 903
62 903
62 903
62 903
62 903
62 903
62 903
62 903
62 903
62 903
62 903
62 903
62 903
62 903
62 903
62 903
62 903
62 903
62 903
62 903
13 912
13 912
13 912
13 912
13 912
13 912
13 912
13 912
13 912
13 912
13 912
13 912
13 912
13 912
13 912
13 912
13 912
102 1053
102 1053
106 1021
106 1021
106 1021
106 1021
106 1021
106 1021
106 1021
106 1021
106 1021
106 1021
106 1021
106 1021
106 1021
106 1021
106 1021
106 1021
106 1021
106 1021
106 1021
106 1021
106 1021
106 1021
106 1021
106 1021
106 1021
106 1021
106 1021
106 1021
106 1021
68 907
68 907
68 907
68 907
68 907
19 927
19 927
19 927
23 933
23 933
23 933
23 933
23 933
23 933
23 933
23 933
23 933
23 933
23 933
23 933
23 933
23 933
23 933
23 933
23 933
23 933
23 933
23 933
23 933
23 933
20 1036
20 1036
20 1036
20 1036
20 1036
20 1036
20 1036
20 1036
20 1036
20 1036
20 1036
20 1036
20 1036
20 1036
20 1036
20 1036
20 1036
20 1036
20 1036
20 1036
29 964
29 964
29 964
29 964
29 964
29 964
29 964
29 964
29 964
29 964
29 964
29 964
29 964
29 964
29 964
29 964
29 964
29 964
29 964
75 1094
75 1094
75 1094
75 1094
75 1094
75 1094
75 1094
75 1094
75 1094
75 1094
28 1111
28 1111
28 1111
28 1111
28 1111
28 1111
28 1111
28 1111
28 1111
28 1111
28 1111
28 1111
28 1111
28 1111
28 1111
28 1111
28 1111
28 1111
28 1111
28 1111
28 1111
28 1111
28 1111
28 1111
28 1111
28 1111
28 1111
28 1111
28 1111
28 1111
32 1182
34 1164
34 1164
34 1164
34 1164
34 1164
34 1164
34 1164
34 1164
34 1164
34 1164
34 1164
34 1164
34 1164
34 1164
34 1164
34 1164
34 1164
34 1164
34 1164
34 1164
34 1164
34 1164
34 1164
34 1164
34 1164
34 1164
34 1164
34 1164
95 1094
95 1094
95 1094
95 1094
95 1094
95 1094
95 1094
95 1094
95 1094
95 1094
95 1094
95 1094
95 1094
105 1147
105 1147
105 1147
105 1147
105 1147
105 1147
105 1147
105 1147
105 1147
105 1147
105 1147
105 1147
105 1147
105 1147
55 1148
55 1148
55 1148
55 1148
55 1148
55 1148
60 1151
60 1151
60 1151
60 1151
60 1151
60 1151
60 1151
60 1151
60 1151
60 1151
60 1151
60 1151
60 1151
60 1151
60 1151
60 1151
60 1151
60 1151
62 1201
62 1201
62 1201
62 1201
62 1201
62 1201
62 1201
62 1201
62 1201
62 1201
62 1201
62 1201
62 1201
62 1201
62 1201
62 1201
62 1201
62 1201
62 1201
62 1201
62 1201
62 1201
62 1201
62 1201
62 1201
13 1219
13 1219
13 1219
13 1219
13 1219
13 1219
13 1219
13 1219
13 1219
13 1219
13 1219
13 1219
13 1219
13 1219
13 1219
13 1219
13 1219
102 1334
102 1334
106 1298
106 1298
106 1298
106 1298
106 1298
106 1298
106 1298
106 1298
106 1298
106 1298
106 1298
106 1298
106 1298
106 1298
106 1298
106 1298
106 1298
106 1298
106 1298
106 1298
106 1298
106 1298
106 1298
106 1298
106 1298
106 1298
106 1298
106 1298
106 1298
68 1243
68 1243
68 1243
68 1243
68 1243
19 1256
19 1256
19 1256
23 1309
23 1309
23 1309
23 1309
23 1309
23 1309
23 1309
23 1309
23 1309
23 1309
23 1309
23 1309
23 1309
23 1309
23 1309
23 1309
23 1309
23 1309
23 1309
23 1309
23 1309
23 1309
20 1345
20 1345
20 1345
20 1345
20 1345
20 1345
20 1345
20 1345
20 1345
20 1345
20 1345
20 1345
20 1345
20 1345
20 1345
20 1345
20 1345
20 1345
20 1345
20 1345
76 2319
76 2319
76 2319
76 2319
76 2319
76 2319
76 2319
76 2319
76 1819
76 1819
76 1819
76 1819
76 1819
76 1819
76 1819
76 1819
70 2380
70 2380
70 2380
70 2380
70 1883
70 1883
70 1883
70 1883
22 3364
22 3364
22 3364
22 3364
22 3364
22 3364
22 3364
22 2365
22 2365
22 2365
22 2365
22 2365
22 2365
22 2365
22 1865
22 1865
22 1865
22 1865
22 1865
22 1865
22 1865
70 1394
70 1394
70 1394
70 1394
76 1418
76 1418
76 1418
76 1418
76 1418
76 1418
76 1418
76 1418
28 1403
28 1403
28 1403
28 1403
28 1403
28 1403
28 1403
28 1403
28 1403
28 1403
28 1403
28 1403
28 1403
28 1403
28 1403
28 1403
28 1403
28 1403
28 1403
28 1403
28 1403
28 1403
28 1403
28 1403
28 1403
28 1403
28 1403
28 1403
28 1403
28 1403
29 1395
29 1395
29 1395
29 1395
29 1395
29 1395
29 1395
29 1395
29 1395
29 1395
29 1395
29 1395
29 1395
29 1395
29 1395
29 1395
29 1395
29 1395
29 1395
75 1498
75 1498
75 1498
75 1498
75 1498
75 1498
75 1498
75 1498
75 1498
75 1498
32 1478
34 1484
34 1484
34 1484
34 1484
34 1484
34 1484
34 1484
34 1484
34 1484
34 1484
34 1484
34 1484
34 1484
34 1484
34 1484
34 1484
34 1484
34 1484
34 1484
34 1484
34 1484
34 1484
34 1484
34 1484
34 1484
34 1484
34 1484
34 1484
95 1414
95 1414
95 1414
95 1414
95 1414
95 1414
95 1414
95 1414
95 1414
95 1414
95 1414
95 1414
95 1414
105 1476
105 1476
105 1476
105 1476
105 1476
105 1476
105 1476
105 1476
105 1476
105 1476
105 1476
105 1476
105 1476
105 1476
102 1537
102 1537
106 1525
106 1525
106 1525
106 1525
106 1525
106 1525
106 1525
106 1525
106 1525
106 1525
106 1525
106 1525
106 1525
106 1525
106 1525
106 1525
106 1525
106 1525
106 1525
106 1525
106 1525
106 1525
106 1525
106 1525
106 1525
106 1525
106 1525
106 1525
106 1525
60 1523
60 1523
60 1523
60 1523
60 1523
60 1523
60 1523
60 1523
60 1523
60 1523
60 1523
60 1523
60 1523
60 1523
60 1523
60 1523
60 1523
60 1523
62 1504
62 1504
62 1504
62 1504
62 1504
62 1504
62 1504
62 1504
62 1504
62 1504
62 1504
62 1504
62 1504
62 1504
62 1504
62 1504
62 1504
62 1504
62 1504
62 1504
62 1504
62 1504
62 1504
62 1504
62 1504
68 1559
68 1559
68 1559
68 1559
68 1559
55 1749
55 1749
55 1749
55 1749
55 1749
55 1749
70 1706
70 1706
70 1706
70 1706
75 1726
75 1726
75 1726
75 1726
75 1726
75 1726
75 1726
75 1726
75 1726
75 1726
76 1719
76 1719
76 1719
76 1719
76 1719
76 1719
76 1719
76 1719
95 1743
95 1743
95 1743
95 1743
95 1743
95 1743
95 1743
95 1743
95 1743
95 1743
95 1743
95 1743
95 1743
105 1863
105 1863
105 1863
105 1863
105 1863
105 1863
105 1863
105 1863
105 1863
105 1863
105 1863
105 1863
105 1863
105 1863
102 1924
102 1924
106 1949
106 1949
106 1949
106 1949
106 1949
106 1949
106 1949
106 1949
106 1949
106 1949
106 1949
106 1949
106 1949
106 1949
106 1949
106 1949
106 1949
106 1949
106 1949
106 1949
106 1949
106 1949
106 1949
106 1949
106 1949
106 1949
106 1949
106 1949
106 1949
