21 56
21 56
21 56
21 56
21 56
21 56
21 56
21 56
21 56
21 56
21 56
21 56
9 212
9 212
9 212
9 212
9 212
22 101
22 101
22 101
22 101
22 101
22 101
22 101
22 101
22 101
22 101
22 101
22 101
22 101
22 101
22 101
22 101
22 101
22 101
22 101
22 101
22 101
22 101
22 101
22 101
24 140
24 140
24 140
24 140
24 140
24 140
24 140
24 140
24 140
24 140
25 135
25 135
25 135
25 135
25 135
25 135
25 135
25 135
25 135
25 135
25 135
25 135
25 135
25 135
25 135
25 135
9 115
9 115
9 115
9 115
9 115
84 21
84 21
84 21
83 32
85 16
85 16
85 16
85 16
86 11
86 11
21 167
21 167
21 167
21 167
21 167
21 167
21 167
21 167
21 167
21 167
21 167
21 167
22 169
22 169
22 169
22 169
22 169
22 169
22 169
22 169
22 169
22 169
22 169
22 169
22 169
22 169
22 169
22 169
22 169
22 169
22 169
22 169
22 169
22 169
22 169
22 169
56 364
56 364
56 364
56 364
56 364
56 364
56 364
56 364
56 364
56 364
56 364
25 193
25 193
25 193
25 193
25 193
25 193
25 193
25 193
25 193
25 193
25 193
25 193
25 193
25 193
25 193
25 193
30 804
30 804
30 804
30 804
30 804
30 804
30 345
30 345
30 345
30 345
30 345
30 345
24 530
24 530
24 530
24 530
24 530
24 530
24 530
24 530
24 530
24 530
56 243
56 243
56 243
56 243
56 243
56 243
56 243
56 243
56 243
56 243
56 243
83 1
84 1
84 1
84 1
85 4
85 4
85 4
85 4
86 3
86 3
9 328
9 328
9 328
9 328
9 328
22 260
22 260
22 260
22 260
22 260
22 260
22 260
22 260
22 260
22 260
22 260
22 260
22 260
22 260
22 260
22 260
22 260
22 260
22 260
22 260
22 260
22 260
22 260
22 260
59 893
59 893
59 893
59 893
59 893
59 893
59 893
59 893
59 893
59 893
59 893
59 893
59 893
59 893
59 893
59 893
59 893
59 893
59 399
59 399
59 399
59 399
59 399
59 399
59 399
59 399
59 399
59 399
59 399
59 399
59 399
59 399
59 399
59 399
59 399
59 399
25 269
25 269
25 269
25 269
25 269
25 269
25 269
25 269
25 269
25 269
25 269
25 269
25 269
25 269
25 269
25 269
30 270
30 270
30 270
30 270
30 270
30 270
24 564
24 564
24 564
24 564
24 564
24 564
24 564
24 564
24 564
24 564
83 4
84 2
84 2
84 2
85 3
85 3
85 3
85 3
86 1
86 1
9 346
9 346
9 346
9 346
9 346
22 347
22 347
22 347
22 347
22 347
22 347
22 347
22 347
22 347
22 347
22 347
22 347
22 347
22 347
22 347
22 347
22 347
22 347
22 347
22 347
22 347
22 347
22 347
22 347
25 411
25 411
25 411
25 411
25 411
25 411
25 411
25 411
25 411
25 411
25 411
25 411
25 411
25 411
25 411
25 411
26 1904
26 1904
26 1904
26 1904
26 1904
26 1904
26 1904
26 1904
26 1904
26 1904
26 1904
26 1904
26 1904
26 1904
26 1904
26 1904
26 1904
26 1904
26 1904
26 1904
26 1904
26 1424
26 1424
26 1424
26 1424
26 1424
26 1424
26 1424
26 1424
26 1424
26 1424
26 1424
26 1424
26 1424
26 1424
26 1424
26 1424
26 1424
26 1424
26 1424
26 1424
26 1424
26 951
26 951
26 951
26 951
26 951
26 951
26 951
26 951
26 951
26 951
26 951
26 951
26 951
26 951
26 951
26 951
26 951
26 951
26 951
26 951
26 951
26 469
26 469
26 469
26 469
26 469
26 469
26 469
26 469
26 469
26 469
26 469
26 469
26 469
26 469
26 469
26 469
26 469
26 469
26 469
26 469
26 469
56 706
56 706
56 706
56 706
56 706
56 706
56 706
56 706
56 706
56 706
56 706
30 485
30 485
30 485
30 485
30 485
30 485
59 714
59 714
59 714
59 714
59 714
59 714
59 714
59 714
59 714
59 714
59 714
59 714
59 714
59 714
59 714
59 714
59 714
59 714
83 1
84 1
84 1
84 1
85 2
85 2
85 2
85 2
86 1
86 1
21 765
21 765
21 765
21 765
21 765
21 765
21 765
21 765
21 765
21 765
21 765
21 765
56 469
56 469
56 469
56 469
56 469
56 469
56 469
56 469
56 469
56 469
56 469
9 488
9 488
9 488
9 488
9 488
59 547
59 547
59 547
59 547
59 547
59 547
59 547
59 547
59 547
59 547
59 547
59 547
59 547
59 547
59 547
59 547
59 547
59 547
26 549
26 549
26 549
26 549
26 549
26 549
26 549
26 549
26 549
26 549
26 549
26 549
26 549
26 549
26 549
26 549
26 549
26 549
26 549
26 549
26 549
25 564
25 564
25 564
25 564
25 564
25 564
25 564
25 564
25 564
25 564
25 564
25 564
25 564
25 564
25 564
25 564
83 2
84 1
84 1
84 1
85 5
85 5
85 5
85 5
86 3
86 3
22 733
22 733
22 733
22 733
22 733
22 733
22 733
22 733
22 733
22 733
22 733
22 733
22 733
22 733
22 733
22 733
22 733
22 733
22 733
22 733
22 733
22 733
22 733
22 733
21 894
21 894
21 894
21 894
21 894
21 894
21 894
21 894
21 894
21 894
21 894
21 894
56 582
56 582
56 582
56 582
56 582
56 582
56 582
56 582
56 582
56 582
56 582
9 581
9 581
9 581
9 581
9 581
24 1066
24 1066
24 1066
24 1066
24 1066
24 1066
24 1066
24 1066
24 1066
24 1066
22 613
22 613
22 613
22 613
22 613
22 613
22 613
22 613
22 613
22 613
22 613
22 613
22 613
22 613
22 613
22 613
22 613
22 613
22 613
22 613
22 613
22 613
22 613
22 613
83 3
84 2
84 2
84 2
85 1
85 1
85 1
85 1
86 2
86 2
25 624
25 624
25 624
25 624
25 624
25 624
25 624
25 624
25 624
25 624
25 624
25 624
25 624
25 624
25 624
25 624
59 1190
59 1190
59 1190
59 1190
59 1190
59 1190
59 1190
59 1190
59 1190
59 1190
59 1190
59 1190
59 1190
59 1190
59 1190
59 1190
59 1190
59 1190
24 1057
24 1057
24 1057
24 1057
24 1057
24 1057
24 1057
24 1057
24 1057
24 1057
30 1002
30 1002
30 1002
30 1002
30 1002
30 1002
9 714
9 714
9 714
9 714
9 714
83 2
84 2
84 2
84 2
85 2
85 2
85 2
85 2
86 2
86 2
21 1240
21 1240
21 1240
21 1240
21 1240
21 1240
21 1240
21 1240
21 1240
21 1240
21 1240
21 1240
22 733
22 733
22 733
22 733
22 733
22 733
22 733
22 733
22 733
22 733
22 733
22 733
22 733
22 733
22 733
22 733
22 733
22 733
22 733
22 733
22 733
22 733
22 733
22 733
24 716
24 716
24 716
24 716
24 716
24 716
24 716
24 716
24 716
24 716
83 1
84 2
84 2
84 2
85 7
85 7
85 7
85 7
86 4
86 4
