23 62
23 62
23 62
23 62
23 62
23 62
23 62
23 62
23 62
23 62
23 62
23 62
23 62
23 62
23 62
23 62
23 62
23 62
23 62
23 62
23 62
23 62
23 62
23 62
23 62
8 221
8 221
8 221
8 221
8 221
8 221
8 221
8 221
8 221
8 221
8 221
8 221
8 221
8 221
8 221
8 221
8 221
8 221
8 221
8 221
8 221
8 221
8 221
15 164
15 164
15 164
15 164
15 164
15 164
15 164
15 164
15 164
15 164
15 164
15 164
15 164
15 164
15 164
15 164
15 164
15 164
15 164
15 164
15 164
15 164
15 164
15 164
15 164
15 164
15 164
15 164
15 164
15 164
50 153
50 153
50 153
30 423
30 423
30 423
30 423
30 423
30 423
25 477
25 477
25 477
25 477
25 477
25 477
25 477
25 477
25 477
25 477
25 477
25 477
25 477
25 477
25 477
8 161
8 161
8 161
8 161
8 161
8 161
8 161
8 161
8 161
8 161
8 161
8 161
8 161
8 161
8 161
8 161
8 161
8 161
8 161
8 161
8 161
8 161
8 161
60 178
60 178
60 178
60 178
60 178
60 178
60 178
60 178
60 178
60 178
60 178
60 178
60 178
60 178
60 178
60 178
60 178
60 178
60 178
60 178
60 178
66 180
66 180
66 180
66 180
66 180
66 180
66 180
66 180
66 180
66 180
66 180
66 180
66 180
66 180
66 180
66 180
66 180
15 237
15 237
15 237
15 237
15 237
15 237
15 237
15 237
15 237
15 237
15 237
15 237
15 237
15 237
15 237
15 237
15 237
15 237
15 237
15 237
15 237
15 237
15 237
15 237
15 237
15 237
15 237
15 237
15 237
15 237
68 221
68 221
68 221
68 221
68 221
68 221
68 221
53 378
53 378
53 378
53 378
53 378
53 378
53 378
53 378
53 378
53 378
53 378
53 378
53 378
53 378
53 378
53 378
53 378
53 378
53 378
53 378
53 378
53 378
53 378
53 378
53 378
53 378
53 378
21 213
21 213
21 213
21 213
21 213
21 213
21 213
21 213
21 213
21 213
21 213
21 213
21 213
21 213
21 213
21 213
21 213
21 213
21 213
21 213
21 213
21 213
21 213
21 213
21 213
21 213
21 213
21 213
23 200
23 200
23 200
23 200
23 200
23 200
23 200
23 200
23 200
23 200
23 200
23 200
23 200
23 200
23 200
23 200
23 200
23 200
23 200
23 200
23 200
23 200
23 200
23 200
23 200
63 424
63 424
63 424
63 424
63 424
59 466
59 466
59 466
59 466
59 466
59 466
59 466
59 466
59 466
59 466
59 466
59 466
59 466
59 466
59 466
59 466
59 466
59 466
59 466
59 466
59 466
59 466
59 466
59 466
25 510
25 510
25 510
25 510
25 510
25 510
25 510
25 510
25 510
25 510
25 510
25 510
25 510
25 510
25 510
62 660
62 660
16 1121
16 1121
16 1121
16 1121
16 1121
16 1121
16 1121
16 1121
16 1121
16 1121
16 1121
16 1121
16 1121
16 1121
16 1121
16 1121
16 622
16 622
16 622
16 622
16 622
16 622
16 622
16 622
16 622
16 622
16 622
16 622
16 622
16 622
16 622
16 622
50 305
50 305
50 305
22 1176
22 1176
22 1176
22 1176
22 1176
22 1176
22 1176
22 1176
22 1176
22 1176
22 1176
22 1176
20 1198
20 1198
20 1198
20 1198
17 1228
8 324
8 324
8 324
8 324
8 324
8 324
8 324
8 324
8 324
8 324
8 324
8 324
8 324
8 324
8 324
8 324
8 324
8 324
8 324
8 324
8 324
8 324
8 324
86 552
86 552
86 552
86 552
86 552
86 552
86 552
86 552
86 552
86 552
86 552
86 552
86 552
86 552
86 552
86 552
86 552
86 552
86 552
86 552
51 411
51 411
51 411
51 411
51 411
51 411
51 411
51 411
51 411
51 411
51 411
51 411
51 411
51 411
51 411
51 411
51 411
51 411
51 411
51 411
51 411
51 411
60 344
60 344
60 344
60 344
60 344
60 344
60 344
60 344
60 344
60 344
60 344
60 344
60 344
60 344
60 344
60 344
60 344
60 344
60 344
60 344
60 344
62 339
62 339
15 370
15 370
15 370
15 370
15 370
15 370
15 370
15 370
15 370
15 370
15 370
15 370
15 370
15 370
15 370
15 370
15 370
15 370
15 370
15 370
15 370
15 370
15 370
15 370
15 370
15 370
15 370
15 370
15 370
15 370
66 363
66 363
66 363
66 363
66 363
66 363
66 363
66 363
66 363
66 363
66 363
66 363
66 363
66 363
66 363
66 363
66 363
16 413
16 413
16 413
16 413
16 413
16 413
16 413
16 413
16 413
16 413
16 413
16 413
16 413
16 413
16 413
16 413
68 396
68 396
68 396
68 396
68 396
68 396
68 396
21 406
21 406
21 406
21 406
21 406
21 406
21 406
21 406
21 406
21 406
21 406
21 406
21 406
21 406
21 406
21 406
21 406
21 406
21 406
21 406
21 406
21 406
21 406
21 406
21 406
21 406
21 406
21 406
30 854
30 854
30 854
30 854
30 854
30 854
23 428
23 428
23 428
23 428
23 428
23 428
23 428
23 428
23 428
23 428
23 428
23 428
23 428
23 428
23 428
23 428
23 428
23 428
23 428
23 428
23 428
23 428
23 428
23 428
23 428
17 513
49 1259
49 1259
49 1259
49 1259
49 1259
49 1259
49 1259
49 1259
49 1259
49 1259
49 1259
49 1259
49 1259
49 1259
49 1259
49 1259
49 1259
49 1259
49 1259
49 1259
49 1259
49 1259
49 1259
49 1259
49 1259
49 1259
49 1259
49 1259
49 1259
49 760
49 760
49 760
49 760
49 760
49 760
49 760
49 760
49 760
49 760
49 760
49 760
49 760
49 760
49 760
49 760
49 760
49 760
49 760
49 760
49 760
49 760
49 760
49 760
49 760
49 760
49 760
49 760
49 760
20 559
20 559
20 559
20 559
70 564
70 564
70 564
70 564
70 564
70 564
70 564
70 564
70 564
84 941
84 941
84 941
84 941
84 941
84 941
84 941
84 941
84 941
84 941
84 941
84 941
84 941
84 941
84 941
84 941
84 941
84 941
84 941
22 561
22 561
22 561
22 561
22 561
22 561
22 561
22 561
22 561
22 561
22 561
22 561
52 1269
52 1269
52 1269
52 1269
52 1269
52 1269
52 1269
52 1269
52 1269
52 1269
52 1269
52 1269
52 1269
52 771
52 771
52 771
52 771
52 771
52 771
52 771
52 771
52 771
52 771
52 771
52 771
52 771
53 789
53 789
53 789
53 789
53 789
53 789
53 789
53 789
53 789
53 789
53 789
53 789
53 789
53 789
53 789
53 789
53 789
53 789
53 789
53 789
53 789
53 789
53 789
53 789
53 789
53 789
53 789
31 601
31 601
31 601
31 601
31 601
31 601
31 601
31 601
31 601
31 601
31 601
31 601
31 601
31 601
31 601
31 601
31 601
31 601
31 601
31 601
31 601
31 601
31 601
31 601
31 601
31 601
83 585
83 585
83 585
83 585
83 585
83 585
83 585
83 585
83 585
83 585
83 585
83 585
83 585
83 585
83 585
83 585
83 585
83 585
32 605
32 605
32 605
32 605
32 605
32 605
32 605
32 605
32 605
32 605
32 605
59 863
59 863
59 863
59 863
59 863
59 863
59 863
59 863
59 863
59 863
59 863
59 863
59 863
59 863
59 863
59 863
59 863
59 863
59 863
59 863
59 863
59 863
59 863
59 863
50 471
50 471
50 471
51 619
51 619
51 619
51 619
51 619
51 619
51 619
51 619
51 619
51 619
51 619
51 619
51 619
51 619
51 619
51 619
51 619
51 619
51 619
51 619
51 619
51 619
8 557
8 557
8 557
8 557
8 557
8 557
8 557
8 557
8 557
8 557
8 557
8 557
8 557
8 557
8 557
8 557
8 557
8 557
8 557
8 557
8 557
8 557
8 557
25 892
25 892
25 892
25 892
25 892
25 892
25 892
25 892
25 892
25 892
25 892
25 892
25 892
25 892
25 892
60 560
60 560
60 560
60 560
60 560
60 560
60 560
60 560
60 560
60 560
60 560
60 560
60 560
60 560
60 560
60 560
60 560
60 560
60 560
60 560
60 560
62 553
62 553
63 1061
63 1061
63 1061
63 1061
63 1061
15 600
15 600
15 600
15 600
15 600
15 600
15 600
15 600
15 600
15 600
15 600
15 600
15 600
15 600
15 600
15 600
15 600
15 600
15 600
15 600
15 600
15 600
15 600
15 600
15 600
15 600
15 600
15 600
15 600
15 600
30 953
30 953
30 953
30 953
30 953
30 953
66 606
66 606
66 606
66 606
66 606
66 606
66 606
66 606
66 606
66 606
66 606
66 606
66 606
66 606
66 606
66 606
66 606
16 611
16 611
16 611
16 611
16 611
16 611
16 611
16 611
16 611
16 611
16 611
16 611
16 611
16 611
16 611
16 611
68 594
68 594
68 594
68 594
68 594
68 594
68 594
23 549
23 549
23 549
23 549
23 549
23 549
23 549
23 549
23 549
23 549
23 549
23 549
23 549
23 549
23 549
23 549
23 549
23 549
23 549
23 549
23 549
23 549
23 549
23 549
23 549
21 583
21 583
21 583
21 583
21 583
21 583
21 583
21 583
21 583
21 583
21 583
21 583
21 583
21 583
21 583
21 583
21 583
21 583
21 583
21 583
21 583
21 583
21 583
21 583
21 583
21 583
21 583
21 583
17 668
84 1023
84 1023
84 1023
84 1023
84 1023
84 1023
84 1023
84 1023
84 1023
84 1023
84 1023
84 1023
84 1023
84 1023
84 1023
84 1023
84 1023
84 1023
84 1023
20 686
20 686
20 686
20 686
80 1092
80 1092
80 1092
80 1092
80 1092
80 1092
80 1092
80 1092
70 692
70 692
70 692
70 692
70 692
70 692
70 692
70 692
70 692
22 724
22 724
22 724
22 724
22 724
22 724
22 724
22 724
22 724
22 724
22 724
22 724
86 1093
86 1093
86 1093
86 1093
86 1093
86 1093
86 1093
86 1093
86 1093
86 1093
86 1093
86 1093
86 1093
86 1093
86 1093
86 1093
86 1093
86 1093
86 1093
86 1093
80 737
80 737
80 737
80 737
80 737
80 737
80 737
80 737
31 735
31 735
31 735
31 735
31 735
31 735
31 735
31 735
31 735
31 735
31 735
31 735
31 735
31 735
31 735
31 735
31 735
31 735
31 735
31 735
31 735
31 735
31 735
31 735
31 735
31 735
32 743
32 743
32 743
32 743
32 743
32 743
32 743
32 743
32 743
32 743
32 743
83 740
83 740
83 740
83 740
83 740
83 740
83 740
83 740
83 740
83 740
83 740
83 740
83 740
83 740
83 740
83 740
83 740
83 740
49 1120
49 1120
49 1120
49 1120
49 1120
49 1120
49 1120
49 1120
49 1120
49 1120
49 1120
49 1120
49 1120
49 1120
49 1120
49 1120
49 1120
49 1120
49 1120
49 1120
49 1120
49 1120
49 1120
49 1120
49 1120
49 1120
49 1120
49 1120
49 1120
50 614
50 614
50 614
8 593
8 593
8 593
8 593
8 593
8 593
8 593
8 593
8 593
8 593
8 593
8 593
8 593
8 593
8 593
8 593
8 593
8 593
8 593
8 593
8 593
8 593
8 593
60 609
60 609
60 609
60 609
60 609
60 609
60 609
60 609
60 609
60 609
60 609
60 609
60 609
60 609
60 609
60 609
60 609
60 609
60 609
60 609
60 609
62 620
62 620
52 1243
52 1243
52 1243
52 1243
52 1243
52 1243
52 1243
52 1243
52 1243
52 1243
52 1243
52 1243
52 1243
81 1956
81 1956
81 1956
81 1956
81 1956
81 1956
81 1956
81 1956
81 1956
81 1956
81 1956
81 1956
81 1956
81 1956
81 1456
81 1456
81 1456
81 1456
81 1456
81 1456
81 1456
81 1456
81 1456
81 1456
81 1456
81 1456
81 1456
81 1456
15 622
15 622
15 622
15 622
15 622
15 622
15 622
15 622
15 622
15 622
15 622
15 622
15 622
15 622
15 622
15 622
15 622
15 622
15 622
15 622
15 622
15 622
15 622
15 622
15 622
15 622
15 622
15 622
15 622
15 622
66 614
66 614
66 614
66 614
66 614
66 614
66 614
66 614
66 614
66 614
66 614
66 614
66 614
66 614
66 614
66 614
66 614
16 615
16 615
16 615
16 615
16 615
16 615
16 615
16 615
16 615
16 615
16 615
16 615
16 615
16 615
16 615
16 615
68 608
68 608
68 608
68 608
68 608
68 608
68 608
53 1262
53 1262
53 1262
53 1262
53 1262
53 1262
53 1262
53 1262
53 1262
53 1262
53 1262
53 1262
53 1262
53 1262
53 1262
53 1262
53 1262
53 1262
53 1262
53 1262
53 1262
53 1262
53 1262
53 1262
53 1262
53 1262
53 1262
59 1279
59 1279
59 1279
59 1279
59 1279
59 1279
59 1279
59 1279
59 1279
59 1279
59 1279
59 1279
59 1279
59 1279
59 1279
59 1279
59 1279
59 1279
59 1279
59 1279
59 1279
59 1279
59 1279
59 1279
23 649
23 649
23 649
23 649
23 649
23 649
23 649
23 649
23 649
23 649
23 649
23 649
23 649
23 649
23 649
23 649
23 649
23 649
23 649
23 649
23 649
23 649
23 649
23 649
23 649
51 874
51 874
51 874
51 874
51 874
51 874
51 874
51 874
51 874
51 874
51 874
51 874
51 874
51 874
51 874
51 874
51 874
51 874
51 874
51 874
51 874
51 874
63 1390
63 1390
63 1390
63 1390
63 1390
21 812
21 812
21 812
21 812
21 812
21 812
21 812
21 812
21 812
21 812
21 812
21 812
21 812
21 812
21 812
21 812
21 812
21 812
21 812
21 812
21 812
21 812
21 812
21 812
21 812
21 812
21 812
21 812
17 927
25 1352
25 1352
25 1352
25 1352
25 1352
25 1352
25 1352
25 1352
25 1352
25 1352
25 1352
25 1352
25 1352
25 1352
25 1352
20 945
20 945
20 945
20 945
70 977
70 977
70 977
70 977
70 977
70 977
70 977
70 977
70 977
22 977
22 977
22 977
22 977
22 977
22 977
22 977
22 977
22 977
22 977
22 977
22 977
30 1422
30 1422
30 1422
30 1422
30 1422
30 1422
81 1419
81 1419
81 1419
81 1419
81 1419
81 1419
81 1419
81 1419
81 1419
81 1419
81 1419
81 1419
81 1419
81 1419
50 745
50 745
50 745
86 1437
86 1437
86 1437
86 1437
86 1437
86 1437
86 1437
86 1437
86 1437
86 1437
86 1437
86 1437
86 1437
86 1437
86 1437
86 1437
86 1437
86 1437
86 1437
86 1437
8 760
8 760
8 760
8 760
8 760
8 760
8 760
8 760
8 760
8 760
8 760
8 760
8 760
8 760
8 760
8 760
8 760
8 760
8 760
8 760
8 760
8 760
8 760
80 1057
80 1057
80 1057
80 1057
80 1057
80 1057
80 1057
80 1057
31 1048
31 1048
31 1048
31 1048
31 1048
31 1048
31 1048
31 1048
31 1048
31 1048
31 1048
31 1048
31 1048
31 1048
31 1048
31 1048
31 1048
31 1048
31 1048
31 1048
31 1048
31 1048
31 1048
31 1048
31 1048
31 1048
32 1045
32 1045
32 1045
32 1045
32 1045
32 1045
32 1045
32 1045
32 1045
32 1045
32 1045
60 773
60 773
60 773
60 773
60 773
60 773
60 773
60 773
60 773
60 773
60 773
60 773
60 773
60 773
60 773
60 773
60 773
60 773
60 773
60 773
60 773
83 1053
83 1053
83 1053
83 1053
83 1053
83 1053
83 1053
83 1053
83 1053
83 1053
83 1053
83 1053
83 1053
83 1053
83 1053
83 1053
83 1053
83 1053
33 2061
33 2061
33 2061
33 2061
33 2061
33 2061
33 2061
33 2061
33 2061
33 2061
33 1564
33 1564
33 1564
33 1564
33 1564
33 1564
33 1564
33 1564
33 1564
33 1564
33 1064
33 1064
33 1064
33 1064
33 1064
33 1064
33 1064
33 1064
33 1064
33 1064
62 779
62 779
84 1604
84 1604
84 1604
84 1604
84 1604
84 1604
84 1604
84 1604
84 1604
84 1604
84 1604
84 1604
84 1604
84 1604
84 1604
84 1604
84 1604
84 1604
84 1604
15 831
15 831
15 831
15 831
15 831
15 831
15 831
15 831
15 831
15 831
15 831
15 831
15 831
15 831
15 831
15 831
15 831
15 831
15 831
15 831
15 831
15 831
15 831
15 831
15 831
15 831
15 831
15 831
15 831
15 831
16 835
16 835
16 835
16 835
16 835
16 835
16 835
16 835
16 835
16 835
16 835
16 835
16 835
16 835
16 835
16 835
66 838
66 838
66 838
66 838
66 838
66 838
66 838
66 838
66 838
66 838
66 838
66 838
66 838
66 838
66 838
66 838
66 838
68 841
68 841
68 841
68 841
68 841
68 841
68 841
21 829
21 829
21 829
21 829
21 829
21 829
21 829
21 829
21 829
21 829
21 829
21 829
21 829
21 829
21 829
21 829
21 829
21 829
21 829
21 829
21 829
21 829
21 829
21 829
21 829
21 829
21 829
21 829
49 1551
49 1551
49 1551
49 1551
49 1551
49 1551
49 1551
49 1551
49 1551
49 1551
49 1551
49 1551
49 1551
49 1551
49 1551
49 1551
49 1551
49 1551
49 1551
49 1551
49 1551
49 1551
49 1551
49 1551
49 1551
49 1551
49 1551
49 1551
49 1551
23 845
23 845
23 845
23 845
23 845
23 845
23 845
23 845
23 845
23 845
23 845
23 845
23 845
23 845
23 845
23 845
23 845
23 845
23 845
23 845
23 845
23 845
23 845
23 845
23 845
51 1084
51 1084
51 1084
51 1084
51 1084
51 1084
51 1084
51 1084
51 1084
51 1084
51 1084
51 1084
51 1084
51 1084
51 1084
51 1084
51 1084
51 1084
51 1084
51 1084
51 1084
51 1084
53 1645
53 1645
53 1645
53 1645
53 1645
53 1645
53 1645
53 1645
53 1645
53 1645
53 1645
53 1645
53 1645
53 1645
53 1645
53 1645
53 1645
53 1645
53 1645
53 1645
53 1645
53 1645
53 1645
53 1645
53 1645
53 1645
53 1645
52 1665
52 1665
52 1665
52 1665
52 1665
52 1665
52 1665
52 1665
52 1665
52 1665
52 1665
52 1665
52 1665
59 1715
59 1715
59 1715
59 1715
59 1715
59 1715
59 1715
59 1715
59 1715
59 1715
59 1715
59 1715
59 1715
59 1715
59 1715
59 1715
59 1715
59 1715
59 1715
59 1715
59 1715
59 1715
59 1715
59 1715
63 1715
63 1715
63 1715
63 1715
63 1715
17 1192
20 1202
20 1202
20 1202
20 1202
70 1202
70 1202
70 1202
70 1202
70 1202
70 1202
70 1202
70 1202
70 1202
50 910
50 910
50 910
22 1205
22 1205
22 1205
22 1205
22 1205
22 1205
22 1205
22 1205
22 1205
22 1205
22 1205
22 1205
8 933
8 933
8 933
8 933
8 933
8 933
8 933
8 933
8 933
8 933
8 933
8 933
8 933
8 933
8 933
8 933
8 933
8 933
8 933
8 933
8 933
8 933
8 933
60 928
60 928
60 928
60 928
60 928
60 928
60 928
60 928
60 928
60 928
60 928
60 928
60 928
60 928
60 928
60 928
60 928
60 928
60 928
60 928
60 928
62 916
62 916
80 1252
80 1252
80 1252
80 1252
80 1252
80 1252
80 1252
80 1252
31 1249
31 1249
31 1249
31 1249
31 1249
31 1249
31 1249
31 1249
31 1249
31 1249
31 1249
31 1249
31 1249
31 1249
31 1249
31 1249
31 1249
31 1249
31 1249
31 1249
31 1249
31 1249
31 1249
31 1249
31 1249
31 1249
32 1248
32 1248
32 1248
32 1248
32 1248
32 1248
32 1248
32 1248
32 1248
32 1248
32 1248
33 1257
33 1257
33 1257
33 1257
33 1257
33 1257
33 1257
33 1257
33 1257
33 1257
16 928
16 928
16 928
16 928
16 928
16 928
16 928
16 928
16 928
16 928
16 928
16 928
16 928
16 928
16 928
16 928
83 1264
83 1264
83 1264
83 1264
83 1264
83 1264
83 1264
83 1264
83 1264
83 1264
83 1264
83 1264
83 1264
83 1264
83 1264
83 1264
83 1264
83 1264
15 952
15 952
15 952
15 952
15 952
15 952
15 952
15 952
15 952
15 952
15 952
15 952
15 952
15 952
15 952
15 952
15 952
15 952
15 952
15 952
15 952
15 952
15 952
15 952
15 952
15 952
15 952
15 952
15 952
15 952
68 960
68 960
68 960
68 960
68 960
68 960
68 960
66 1007
66 1007
66 1007
66 1007
66 1007
66 1007
66 1007
66 1007
66 1007
66 1007
66 1007
66 1007
66 1007
66 1007
66 1007
66 1007
66 1007
21 985
21 985
21 985
21 985
21 985
21 985
21 985
21 985
21 985
21 985
21 985
21 985
21 985
21 985
21 985
21 985
21 985
21 985
21 985
21 985
21 985
21 985
21 985
21 985
21 985
21 985
21 985
21 985
84 1856
84 1856
84 1856
84 1856
84 1856
84 1856
84 1856
84 1856
84 1856
84 1856
84 1856
84 1856
84 1856
84 1856
84 1856
84 1856
84 1856
84 1856
84 1856
23 985
23 985
23 985
23 985
23 985
23 985
23 985
23 985
23 985
23 985
23 985
23 985
23 985
23 985
23 985
23 985
23 985
23 985
23 985
23 985
23 985
23 985
23 985
23 985
23 985
30 1963
30 1963
30 1963
30 1963
30 1963
30 1963
86 1917
86 1917
86 1917
86 1917
86 1917
86 1917
86 1917
86 1917
86 1917
86 1917
86 1917
86 1917
86 1917
86 1917
86 1917
86 1917
86 1917
86 1917
86 1917
86 1917
81 1991
81 1991
81 1991
81 1991
81 1991
81 1991
81 1991
81 1991
81 1991
81 1991
81 1991
81 1991
81 1991
81 1991
51 1370
51 1370
51 1370
51 1370
51 1370
51 1370
51 1370
51 1370
51 1370
51 1370
51 1370
51 1370
51 1370
51 1370
51 1370
51 1370
51 1370
51 1370
51 1370
51 1370
51 1370
51 1370
70 1411
70 1411
70 1411
70 1411
70 1411
70 1411
70 1411
70 1411
70 1411
80 1448
80 1448
80 1448
80 1448
80 1448
80 1448
80 1448
80 1448
