84 3
84 3
83 15
83 15
83 15
85 15
86 15
86 15
86 15
86 15
6 957
6 957
6 957
6 957
6 957
6 957
6 957
6 957
6 957
6 957
6 957
6 957
6 957
6 480
6 480
6 480
6 480
6 480
6 480
6 480
6 480
6 480
6 480
6 480
6 480
6 480
33 916
33 916
33 916
33 916
33 916
33 464
33 464
33 464
33 464
33 464
13 1166
13 1166
13 1166
13 1166
13 1166
13 1166
83 1
83 1
83 1
84 2
84 2
85 3
86 1
86 1
86 1
86 1
13 804
13 804
13 804
13 804
13 804
13 804
13 424
13 424
13 424
13 424
13 424
13 424
6 506
6 506
6 506
6 506
6 506
6 506
6 506
6 506
6 506
6 506
6 506
6 506
6 506
33 249
33 249
33 249
33 249
33 249
83 7
83 7
83 7
84 3
84 3
85 1
86 1
86 1
86 1
86 1
33 34
33 34
33 34
33 34
33 34
13 36
13 36
13 36
13 36
13 36
13 36
38 1827
38 1827
38 1827
38 1827
38 1827
38 1827
38 1827
38 1827
38 1827
38 1827
38 1827
38 1827
38 1827
38 1827
38 837
38 837
38 837
38 837
38 837
38 837
38 837
38 837
38 837
38 837
38 837
38 837
38 837
38 837
38 343
38 343
38 343
38 343
38 343
38 343
38 343
38 343
38 343
38 343
38 343
38 343
38 343
38 343
83 2
83 2
83 2
84 1
84 1
85 2
86 2
86 2
86 2
86 2
33 39
33 39
33 39
33 39
33 39
38 6
38 6
38 6
38 6
38 6
38 6
38 6
38 6
38 6
38 6
38 6
38 6
38 6
38 6
6 396
6 396
6 396
6 396
6 396
6 396
6 396
6 396
6 396
6 396
6 396
6 396
6 396
53 1621
53 1621
53 1621
53 1621
53 1621
53 1621
53 1621
53 638
53 638
53 638
53 638
53 638
53 638
53 638
53 242
53 242
53 242
53 242
53 242
53 242
53 242
83 4
83 4
83 4
84 1
84 1
85 1
86 1
86 1
86 1
86 1
13 457
13 457
13 457
13 457
13 457
13 457
38 307
38 307
38 307
38 307
38 307
38 307
38 307
38 307
38 307
38 307
38 307
38 307
38 307
38 307
33 364
33 364
33 364
33 364
33 364
11 3098
11 3098
11 3098
11 3098
11 3098
11 3098
11 3098
11 3098
11 3098
11 3098
11 3098
11 3098
11 2607
11 2607
11 2607
11 2607
11 2607
11 2607
11 2607
11 2607
11 2607
11 2607
11 2607
11 2607
83 1
83 1
83 1
84 2
84 2
85 1
86 1
86 1
86 1
86 1
83 2
83 2
83 2
84 3
84 3
85 1
86 1
86 1
86 1
86 1
83 1
83 1
83 1
84 2
84 2
85 6
86 1
86 1
86 1
86 1
