3 191
3 191
3 191
3 191
3 191
3 191
3 191
9 134
9 134
9 134
9 134
9 134
9 134
9 134
9 134
9 134
9 134
9 134
9 134
9 134
9 134
9 134
7 182
7 182
7 182
7 182
7 182
12 144
12 144
12 144
13 139
13 139
13 139
13 139
13 139
13 139
13 139
13 139
13 139
13 139
13 139
13 139
13 139
13 139
13 139
13 139
35 189
35 189
35 189
35 189
35 189
35 189
35 189
35 189
35 189
35 189
35 189
7 238
7 238
7 238
7 238
7 238
3 305
3 305
3 305
3 305
3 305
3 305
3 305
9 256
9 256
9 256
9 256
9 256
9 256
9 256
9 256
9 256
9 256
9 256
9 256
9 256
9 256
9 256
12 274
12 274
12 274
41 496
41 496
41 496
41 496
41 496
41 496
41 496
41 496
63 357
63 357
63 357
63 357
63 357
63 357
63 357
63 357
63 357
35 209
35 209
35 209
35 209
35 209
35 209
35 209
35 209
35 209
35 209
35 209
41 150
41 150
41 150
41 150
41 150
41 150
41 150
41 150
13 517
13 517
13 517
13 517
13 517
13 517
13 517
13 517
13 517
13 517
13 517
13 517
13 517
13 517
13 517
13 517
7 97
7 97
7 97
7 97
7 97
9 109
9 109
9 109
9 109
9 109
9 109
9 109
9 109
9 109
9 109
9 109
9 109
9 109
9 109
9 109
3 213
3 213
3 213
3 213
3 213
3 213
3 213
12 123
12 123
12 123
31 936
31 936
31 936
31 936
31 936
31 936
31 449
31 449
31 449
31 449
31 449
31 449
13 140
13 140
13 140
13 140
13 140
13 140
13 140
13 140
13 140
13 140
13 140
13 140
13 140
13 140
13 140
13 140
63 335
63 335
63 335
63 335
63 335
63 335
63 335
63 335
63 335
31 385
31 385
31 385
31 385
31 385
31 385
35 348
35 348
35 348
35 348
35 348
35 348
35 348
35 348
35 348
35 348
35 348
41 333
41 333
41 333
41 333
41 333
41 333
41 333
41 333
3 332
3 332
3 332
3 332
3 332
3 332
3 332
9 275
9 275
9 275
9 275
9 275
9 275
9 275
9 275
9 275
9 275
9 275
9 275
9 275
9 275
9 275
12 247
12 247
12 247
7 319
7 319
7 319
7 319
7 319
39 1577
39 1577
39 1577
39 1577
39 1577
39 1577
39 1577
39 1577
39 1577
39 1577
39 1577
39 1577
37 1599
37 1599
37 1599
37 1599
44 1536
44 1536
44 1536
44 1536
44 1536
44 1536
44 1536
44 1536
44 1536
44 1536
63 418
63 418
63 418
63 418
63 418
63 418
63 418
63 418
63 418
13 421
13 421
13 421
13 421
13 421
13 421
13 421
13 421
13 421
13 421
13 421
13 421
13 421
13 421
13 421
13 421
31 243
31 243
31 243
31 243
31 243
31 243
37 813
37 813
37 813
37 813
39 824
39 824
39 824
39 824
39 824
39 824
39 824
39 824
39 824
39 824
39 824
39 824
41 329
41 329
41 329
41 329
41 329
41 329
41 329
41 329
44 846
44 846
44 846
44 846
44 846
44 846
44 846
44 846
44 846
44 846
3 310
3 310
3 310
3 310
3 310
3 310
3 310
49 853
49 853
49 853
49 853
49 853
49 853
49 853
49 853
49 853
49 853
49 853
49 853
49 853
49 853
49 853
49 853
49 853
49 853
49 853
51 855
51 855
12 301
12 301
12 301
13 331
13 331
13 331
13 331
13 331
13 331
13 331
13 331
13 331
13 331
13 331
13 331
13 331
13 331
13 331
13 331
63 358
63 358
63 358
63 358
63 358
63 358
63 358
63 358
63 358
7 445
7 445
7 445
7 445
7 445
66 983
66 983
66 983
66 983
66 983
66 983
66 983
66 983
66 983
66 983
66 983
66 983
66 983
66 983
66 983
66 983
66 983
67 993
67 993
67 993
67 993
67 993
67 993
67 993
67 993
67 993
67 993
67 993
67 993
67 993
67 993
67 993
67 993
67 993
67 993
71 968
72 965
72 965
72 965
72 965
72 965
72 965
72 965
72 965
72 965
72 965
72 965
72 965
72 965
72 965
9 677
9 677
9 677
9 677
9 677
9 677
9 677
9 677
9 677
9 677
9 677
9 677
9 677
9 677
9 677
31 563
31 563
31 563
31 563
31 563
31 563
37 1061
37 1061
37 1061
37 1061
68 1294
68 1294
68 1294
68 1294
68 1294
68 1294
68 1294
68 1294
68 1294
68 1294
68 1294
68 1294
68 1294
68 1294
68 1294
68 1294
68 1294
68 1294
68 1294
68 1294
39 1134
39 1134
39 1134
39 1134
39 1134
39 1134
39 1134
39 1134
39 1134
39 1134
39 1134
39 1134
44 1124
44 1124
44 1124
44 1124
44 1124
44 1124
44 1124
44 1124
44 1124
44 1124
41 702
41 702
41 702
41 702
41 702
41 702
41 702
41 702
7 556
7 556
7 556
7 556
7 556
12 506
12 506
12 506
13 497
13 497
13 497
13 497
13 497
13 497
13 497
13 497
13 497
13 497
13 497
13 497
13 497
13 497
13 497
13 497
49 1176
49 1176
49 1176
49 1176
49 1176
49 1176
49 1176
49 1176
49 1176
49 1176
49 1176
49 1176
49 1176
49 1176
49 1176
49 1176
49 1176
49 1176
49 1176
51 1172
51 1172
3 653
3 653
3 653
3 653
3 653
3 653
3 653
66 1242
66 1242
66 1242
66 1242
66 1242
66 1242
66 1242
66 1242
66 1242
66 1242
66 1242
66 1242
66 1242
66 1242
66 1242
66 1242
66 1242
67 1240
67 1240
67 1240
67 1240
67 1240
67 1240
67 1240
67 1240
67 1240
67 1240
67 1240
67 1240
67 1240
67 1240
67 1240
67 1240
67 1240
67 1240
68 1243
68 1243
68 1243
68 1243
68 1243
68 1243
68 1243
68 1243
68 1243
68 1243
68 1243
68 1243
68 1243
68 1243
68 1243
68 1243
68 1243
68 1243
68 1243
68 1243
72 1251
72 1251
72 1251
72 1251
72 1251
72 1251
72 1251
72 1251
72 1251
72 1251
72 1251
72 1251
72 1251
72 1251
71 1385
37 1381
37 1381
37 1381
37 1381
39 1394
39 1394
39 1394
39 1394
39 1394
39 1394
39 1394
39 1394
39 1394
39 1394
39 1394
39 1394
44 1423
44 1423
44 1423
44 1423
44 1423
44 1423
44 1423
44 1423
44 1423
44 1423
49 1431
49 1431
49 1431
49 1431
49 1431
49 1431
49 1431
49 1431
49 1431
49 1431
49 1431
49 1431
49 1431
49 1431
49 1431
49 1431
49 1431
49 1431
49 1431
51 1445
51 1445
66 1498
66 1498
66 1498
66 1498
66 1498
66 1498
66 1498
66 1498
66 1498
66 1498
66 1498
66 1498
66 1498
66 1498
66 1498
66 1498
66 1498
67 1522
67 1522
67 1522
67 1522
67 1522
67 1522
67 1522
67 1522
67 1522
67 1522
67 1522
67 1522
67 1522
67 1522
67 1522
67 1522
67 1522
67 1522
68 1523
68 1523
68 1523
68 1523
68 1523
68 1523
68 1523
68 1523
68 1523
68 1523
68 1523
68 1523
68 1523
68 1523
68 1523
68 1523
68 1523
68 1523
68 1523
68 1523
71 1548
72 1554
72 1554
72 1554
72 1554
72 1554
72 1554
72 1554
72 1554
72 1554
72 1554
72 1554
72 1554
72 1554
72 1554
41 985
41 985
41 985
41 985
41 985
41 985
41 985
41 985
