4 162
4 162
4 162
4 162
4 162
4 162
4 162
4 162
4 162
4 162
14 121
14 121
14 121
14 121
14 121
18 116
18 116
18 116
18 116
18 116
18 116
18 116
23 78
23 78
23 78
23 78
23 78
23 78
23 78
23 78
23 78
23 78
23 78
23 78
23 78
23 78
23 78
23 78
23 78
23 78
23 78
23 78
16 149
16 149
16 149
16 149
16 149
16 149
16 149
16 149
16 149
16 149
16 149
16 149
16 149
16 149
16 149
16 149
16 149
16 149
16 149
16 149
16 149
16 149
12 201
12 201
12 201
12 201
12 201
12 201
12 201
12 201
12 201
12 201
12 201
12 201
12 201
12 201
12 201
12 201
12 201
12 201
12 201
12 201
12 201
12 201
12 201
12 201
12 201
11 212
11 212
11 212
11 212
11 212
11 212
11 212
11 212
11 212
11 212
11 212
11 212
11 212
11 212
11 212
11 212
11 212
11 212
20 127
20 127
42 107
42 107
42 107
42 107
42 107
42 107
42 107
42 107
42 107
42 107
42 107
42 107
42 107
42 107
42 107
42 107
42 107
42 107
42 107
42 107
42 107
42 107
42 107
42 107
42 107
42 107
42 107
42 107
43 156
44 158
44 158
44 158
44 158
44 158
44 158
44 158
44 158
44 158
50 162
50 162
50 162
50 162
50 162
50 162
50 162
50 162
50 162
50 162
50 162
50 162
50 162
50 162
50 162
50 162
55 158
55 158
55 158
55 158
55 158
55 158
55 158
55 158
55 158
55 158
55 158
55 158
55 158
55 158
55 158
52 194
52 194
52 194
52 194
52 194
52 194
52 194
52 194
52 194
52 194
52 194
58 158
58 158
58 158
58 158
58 158
58 158
58 158
58 158
58 158
58 158
58 158
58 158
58 158
58 158
58 158
58 158
58 158
58 158
58 158
58 158
58 158
58 158
58 158
4 204
4 204
4 204
4 204
4 204
4 204
4 204
4 204
4 204
4 204
60 149
60 149
60 149
60 149
60 149
60 149
60 149
60 149
60 149
60 149
60 149
60 149
60 149
60 149
60 149
60 149
60 149
60 149
60 149
60 149
60 149
41 339
41 339
41 339
41 339
41 339
41 339
41 339
41 339
16 166
16 166
16 166
16 166
16 166
16 166
16 166
16 166
16 166
16 166
16 166
16 166
16 166
16 166
16 166
16 166
16 166
16 166
16 166
16 166
16 166
16 166
11 251
11 251
11 251
11 251
11 251
11 251
11 251
11 251
11 251
11 251
11 251
11 251
11 251
11 251
11 251
11 251
11 251
11 251
14 224
14 224
14 224
14 224
14 224
12 252
12 252
12 252
12 252
12 252
12 252
12 252
12 252
12 252
12 252
12 252
12 252
12 252
12 252
12 252
12 252
12 252
12 252
12 252
12 252
12 252
12 252
12 252
12 252
12 252
19 201
19 201
19 201
19 201
19 201
19 201
19 201
19 201
19 201
19 201
19 201
19 201
19 201
19 201
19 201
19 201
19 201
19 201
19 201
19 201
19 201
19 201
19 201
19 201
19 201
19 201
19 201
19 201
19 201
19 201
18 243
18 243
18 243
18 243
18 243
18 243
18 243
23 203
23 203
23 203
23 203
23 203
23 203
23 203
23 203
23 203
23 203
23 203
23 203
23 203
23 203
23 203
23 203
23 203
23 203
23 203
23 203
20 286
20 286
72 268
72 268
72 268
72 268
72 268
72 268
72 268
72 268
72 268
72 268
72 268
72 268
72 268
70 308
70 308
70 308
70 308
70 308
70 308
70 308
70 308
70 308
70 308
70 308
70 308
24 296
24 296
24 296
75 303
75 303
75 303
75 303
75 303
75 303
75 303
75 303
75 303
75 303
75 303
75 303
75 303
75 303
75 303
75 303
75 303
75 303
75 303
76 329
76 329
76 329
76 329
76 329
76 329
76 329
76 329
76 329
76 329
76 329
76 329
76 329
76 329
76 329
76 329
76 329
76 329
76 329
76 329
76 329
76 329
76 329
76 329
74 468
74 468
74 468
74 468
74 468
74 468
74 468
74 468
74 468
74 468
74 468
74 468
74 468
74 468
74 468
74 468
74 468
74 468
74 468
74 468
74 468
74 468
74 468
74 468
74 468
74 468
74 468
74 468
74 468
42 289
42 289
42 289
42 289
42 289
42 289
42 289
42 289
42 289
42 289
42 289
42 289
42 289
42 289
42 289
42 289
42 289
42 289
42 289
42 289
42 289
42 289
42 289
42 289
42 289
42 289
42 289
42 289
49 722
49 722
49 722
49 722
49 722
49 722
49 722
49 722
49 722
49 722
49 722
49 722
49 722
49 722
49 722
49 722
49 722
49 722
49 722
49 722
49 722
49 722
49 722
49 722
49 722
49 722
56 678
56 678
56 678
56 678
30 963
30 963
30 963
30 963
30 963
30 963
30 963
30 963
30 963
30 963
30 963
30 963
30 963
30 963
30 963
30 963
30 963
30 963
30 963
30 963
30 963
30 963
30 963
30 963
30 963
30 963
30 963
30 464
30 464
30 464
30 464
30 464
30 464
30 464
30 464
30 464
30 464
30 464
30 464
30 464
30 464
30 464
30 464
30 464
30 464
30 464
30 464
30 464
30 464
30 464
30 464
30 464
30 464
30 464
15 1123
15 1123
15 1123
15 1123
15 1123
15 1123
15 1123
15 1123
15 1123
15 1123
15 1123
15 1123
15 1123
15 1123
15 623
15 623
15 623
15 623
15 623
15 623
15 623
15 623
15 623
15 623
15 623
15 623
15 623
15 623
8 1193
8 1193
8 1193
8 1193
8 1193
8 1193
8 1193
8 1193
8 1193
8 1193
8 1193
8 1193
8 1193
8 1193
8 1193
8 1193
8 1193
8 694
8 694
8 694
8 694
8 694
8 694
8 694
8 694
8 694
8 694
8 694
8 694
8 694
8 694
8 694
8 694
8 694
50 280
50 280
50 280
50 280
50 280
50 280
50 280
50 280
50 280
50 280
50 280
50 280
50 280
50 280
50 280
50 280
43 365
44 377
44 377
44 377
44 377
44 377
44 377
44 377
44 377
44 377
31 1008
31 1008
31 1008
31 1008
31 1008
31 1008
31 508
31 508
31 508
31 508
31 508
31 508
41 432
41 432
41 432
41 432
41 432
41 432
41 432
41 432
55 296
55 296
55 296
55 296
55 296
55 296
55 296
55 296
55 296
55 296
55 296
55 296
55 296
55 296
55 296
58 290
58 290
58 290
58 290
58 290
58 290
58 290
58 290
58 290
58 290
58 290
58 290
58 290
58 290
58 290
58 290
58 290
58 290
58 290
58 290
58 290
58 290
58 290
8 295
8 295
8 295
8 295
8 295
8 295
8 295
8 295
8 295
8 295
8 295
8 295
8 295
8 295
8 295
8 295
8 295
60 300
60 300
60 300
60 300
60 300
60 300
60 300
60 300
60 300
60 300
60 300
60 300
60 300
60 300
60 300
60 300
60 300
60 300
60 300
60 300
60 300
49 417
49 417
49 417
49 417
49 417
49 417
49 417
49 417
49 417
49 417
49 417
49 417
49 417
49 417
49 417
49 417
49 417
49 417
49 417
49 417
49 417
49 417
49 417
49 417
49 417
49 417
52 426
52 426
52 426
52 426
52 426
52 426
52 426
52 426
52 426
52 426
52 426
15 308
15 308
15 308
15 308
15 308
15 308
15 308
15 308
15 308
15 308
15 308
15 308
15 308
15 308
4 456
4 456
4 456
4 456
4 456
4 456
4 456
4 456
4 456
4 456
56 479
56 479
56 479
56 479
19 350
19 350
19 350
19 350
19 350
19 350
19 350
19 350
19 350
19 350
19 350
19 350
19 350
19 350
19 350
19 350
19 350
19 350
19 350
19 350
19 350
19 350
19 350
19 350
19 350
19 350
19 350
19 350
19 350
19 350
11 440
11 440
11 440
11 440
11 440
11 440
11 440
11 440
11 440
11 440
11 440
11 440
11 440
11 440
11 440
11 440
11 440
11 440
12 439
12 439
12 439
12 439
12 439
12 439
12 439
12 439
12 439
12 439
12 439
12 439
12 439
12 439
12 439
12 439
12 439
12 439
12 439
12 439
12 439
12 439
12 439
12 439
12 439
16 425
16 425
16 425
16 425
16 425
16 425
16 425
16 425
16 425
16 425
16 425
16 425
16 425
16 425
16 425
16 425
16 425
16 425
16 425
16 425
16 425
16 425
23 393
23 393
23 393
23 393
23 393
23 393
23 393
23 393
23 393
23 393
23 393
23 393
23 393
23 393
23 393
23 393
23 393
23 393
23 393
23 393
14 484
14 484
14 484
14 484
14 484
70 543
70 543
70 543
70 543
70 543
70 543
70 543
70 543
70 543
70 543
70 543
70 543
20 544
20 544
72 541
72 541
72 541
72 541
72 541
72 541
72 541
72 541
72 541
72 541
72 541
72 541
72 541
74 526
74 526
74 526
74 526
74 526
74 526
74 526
74 526
74 526
74 526
74 526
74 526
74 526
74 526
74 526
74 526
74 526
74 526
74 526
74 526
74 526
74 526
74 526
74 526
74 526
74 526
74 526
74 526
74 526
24 536
24 536
24 536
75 550
75 550
75 550
75 550
75 550
75 550
75 550
75 550
75 550
75 550
75 550
75 550
75 550
75 550
75 550
75 550
75 550
75 550
75 550
76 547
76 547
76 547
76 547
76 547
76 547
76 547
76 547
76 547
76 547
76 547
76 547
76 547
76 547
76 547
76 547
76 547
76 547
76 547
76 547
76 547
76 547
76 547
76 547
31 547
31 547
31 547
31 547
31 547
31 547
18 682
18 682
18 682
18 682
18 682
18 682
18 682
42 442
42 442
42 442
42 442
42 442
42 442
42 442
42 442
42 442
42 442
42 442
42 442
42 442
42 442
42 442
42 442
42 442
42 442
42 442
42 442
42 442
42 442
42 442
42 442
42 442
42 442
42 442
42 442
30 602
30 602
30 602
30 602
30 602
30 602
30 602
30 602
30 602
30 602
30 602
30 602
30 602
30 602
30 602
30 602
30 602
30 602
30 602
30 602
30 602
30 602
30 602
30 602
30 602
30 602
30 602
50 433
50 433
50 433
50 433
50 433
50 433
50 433
50 433
50 433
50 433
50 433
50 433
50 433
50 433
50 433
50 433
43 563
44 569
44 569
44 569
44 569
44 569
44 569
44 569
44 569
44 569
41 647
41 647
41 647
41 647
41 647
41 647
41 647
41 647
55 538
55 538
55 538
55 538
55 538
55 538
55 538
55 538
55 538
55 538
55 538
55 538
55 538
55 538
55 538
8 545
8 545
8 545
8 545
8 545
8 545
8 545
8 545
8 545
8 545
8 545
8 545
8 545
8 545
8 545
8 545
8 545
49 636
49 636
49 636
49 636
49 636
49 636
49 636
49 636
49 636
49 636
49 636
49 636
49 636
49 636
49 636
49 636
49 636
49 636
49 636
49 636
49 636
49 636
49 636
49 636
49 636
49 636
58 549
58 549
58 549
58 549
58 549
58 549
58 549
58 549
58 549
58 549
58 549
58 549
58 549
58 549
58 549
58 549
58 549
58 549
58 549
58 549
58 549
58 549
58 549
60 537
60 537
60 537
60 537
60 537
60 537
60 537
60 537
60 537
60 537
60 537
60 537
60 537
60 537
60 537
60 537
60 537
60 537
60 537
60 537
60 537
15 518
15 518
15 518
15 518
15 518
15 518
15 518
15 518
15 518
15 518
15 518
15 518
15 518
15 518
16 515
16 515
16 515
16 515
16 515
16 515
16 515
16 515
16 515
16 515
16 515
16 515
16 515
16 515
16 515
16 515
16 515
16 515
16 515
16 515
16 515
16 515
4 651
4 651
4 651
4 651
4 651
4 651
4 651
4 651
4 651
4 651
19 509
19 509
19 509
19 509
19 509
19 509
19 509
19 509
19 509
19 509
19 509
19 509
19 509
19 509
19 509
19 509
19 509
19 509
19 509
19 509
19 509
19 509
19 509
19 509
19 509
19 509
19 509
19 509
19 509
19 509
23 535
23 535
23 535
23 535
23 535
23 535
23 535
23 535
23 535
23 535
23 535
23 535
23 535
23 535
23 535
23 535
23 535
23 535
23 535
23 535
11 683
11 683
11 683
11 683
11 683
11 683
11 683
11 683
11 683
11 683
11 683
11 683
11 683
11 683
11 683
11 683
11 683
11 683
12 687
12 687
12 687
12 687
12 687
12 687
12 687
12 687
12 687
12 687
12 687
12 687
12 687
12 687
12 687
12 687
12 687
12 687
12 687
12 687
12 687
12 687
12 687
12 687
12 687
56 762
56 762
56 762
56 762
52 832
52 832
52 832
52 832
52 832
52 832
52 832
52 832
52 832
52 832
52 832
20 686
20 686
70 691
70 691
70 691
70 691
70 691
70 691
70 691
70 691
70 691
70 691
70 691
70 691
14 780
14 780
14 780
14 780
14 780
18 773
18 773
18 773
18 773
18 773
18 773
18 773
24 736
24 736
24 736
75 743
75 743
75 743
75 743
75 743
75 743
75 743
75 743
75 743
75 743
75 743
75 743
75 743
75 743
75 743
75 743
75 743
75 743
75 743
76 738
76 738
76 738
76 738
76 738
76 738
76 738
76 738
76 738
76 738
76 738
76 738
76 738
76 738
76 738
76 738
76 738
76 738
76 738
76 738
76 738
76 738
76 738
76 738
72 814
72 814
72 814
72 814
72 814
72 814
72 814
72 814
72 814
72 814
72 814
72 814
72 814
42 616
42 616
42 616
42 616
42 616
42 616
42 616
42 616
42 616
42 616
42 616
42 616
42 616
42 616
42 616
42 616
42 616
42 616
42 616
42 616
42 616
42 616
42 616
42 616
42 616
42 616
42 616
42 616
31 765
31 765
31 765
31 765
31 765
31 765
74 852
74 852
74 852
74 852
74 852
74 852
74 852
74 852
74 852
74 852
74 852
74 852
74 852
74 852
74 852
74 852
74 852
74 852
74 852
74 852
74 852
74 852
74 852
74 852
74 852
74 852
74 852
74 852
74 852
30 824
30 824
30 824
30 824
30 824
30 824
30 824
30 824
30 824
30 824
30 824
30 824
30 824
30 824
30 824
30 824
30 824
30 824
30 824
30 824
30 824
30 824
30 824
30 824
30 824
30 824
30 824
50 629
50 629
50 629
50 629
50 629
50 629
50 629
50 629
50 629
50 629
50 629
50 629
50 629
50 629
50 629
50 629
55 602
55 602
55 602
55 602
55 602
55 602
55 602
55 602
55 602
55 602
55 602
55 602
55 602
55 602
55 602
8 612
8 612
8 612
8 612
8 612
8 612
8 612
8 612
8 612
8 612
8 612
8 612
8 612
8 612
8 612
8 612
8 612
58 633
58 633
58 633
58 633
58 633
58 633
58 633
58 633
58 633
58 633
58 633
58 633
58 633
58 633
58 633
58 633
58 633
58 633
58 633
58 633
58 633
58 633
58 633
60 617
60 617
60 617
60 617
60 617
60 617
60 617
60 617
60 617
60 617
60 617
60 617
60 617
60 617
60 617
60 617
60 617
60 617
60 617
60 617
60 617
43 827
44 839
44 839
44 839
44 839
44 839
44 839
44 839
44 839
44 839
15 637
15 637
15 637
15 637
15 637
15 637
15 637
15 637
15 637
15 637
15 637
15 637
15 637
15 637
16 634
16 634
16 634
16 634
16 634
16 634
16 634
16 634
16 634
16 634
16 634
16 634
16 634
16 634
16 634
16 634
16 634
16 634
16 634
16 634
16 634
16 634
41 973
41 973
41 973
41 973
41 973
41 973
41 973
41 973
23 714
23 714
23 714
23 714
23 714
23 714
23 714
23 714
23 714
23 714
23 714
23 714
23 714
23 714
23 714
23 714
23 714
23 714
23 714
23 714
19 772
19 772
19 772
19 772
19 772
19 772
19 772
19 772
19 772
19 772
19 772
19 772
19 772
19 772
19 772
19 772
19 772
19 772
19 772
19 772
19 772
19 772
19 772
19 772
19 772
19 772
19 772
19 772
19 772
19 772
49 998
49 998
49 998
49 998
49 998
49 998
49 998
49 998
49 998
49 998
49 998
49 998
49 998
49 998
49 998
49 998
49 998
49 998
49 998
49 998
49 998
49 998
49 998
49 998
49 998
49 998
52 979
52 979
52 979
52 979
52 979
52 979
52 979
52 979
52 979
52 979
52 979
11 894
11 894
11 894
11 894
11 894
11 894
11 894
11 894
11 894
11 894
11 894
11 894
11 894
11 894
11 894
11 894
11 894
11 894
12 887
12 887
12 887
12 887
12 887
12 887
12 887
12 887
12 887
12 887
12 887
12 887
12 887
12 887
12 887
12 887
12 887
12 887
12 887
12 887
12 887
12 887
12 887
12 887
12 887
4 972
4 972
4 972
4 972
4 972
4 972
4 972
4 972
4 972
4 972
56 1008
56 1008
56 1008
56 1008
20 881
20 881
42 708
42 708
42 708
42 708
42 708
42 708
42 708
42 708
42 708
42 708
42 708
42 708
42 708
42 708
42 708
42 708
42 708
42 708
42 708
42 708
42 708
42 708
42 708
42 708
42 708
42 708
42 708
42 708
24 906
24 906
24 906
70 974
70 974
70 974
70 974
70 974
70 974
70 974
70 974
70 974
70 974
70 974
70 974
14 1044
14 1044
14 1044
14 1044
14 1044
18 1022
18 1022
18 1022
18 1022
18 1022
18 1022
18 1022
50 733
50 733
50 733
50 733
50 733
50 733
50 733
50 733
50 733
50 733
50 733
50 733
50 733
50 733
50 733
50 733
75 992
75 992
75 992
75 992
75 992
75 992
75 992
75 992
75 992
75 992
75 992
75 992
75 992
75 992
75 992
75 992
75 992
75 992
75 992
76 1007
76 1007
76 1007
76 1007
76 1007
76 1007
76 1007
76 1007
76 1007
76 1007
76 1007
76 1007
76 1007
76 1007
76 1007
76 1007
76 1007
76 1007
76 1007
76 1007
76 1007
76 1007
76 1007
76 1007
72 1069
72 1069
72 1069
72 1069
72 1069
72 1069
72 1069
72 1069
72 1069
72 1069
72 1069
72 1069
72 1069
55 740
55 740
55 740
55 740
55 740
55 740
55 740
55 740
55 740
55 740
55 740
55 740
55 740
55 740
55 740
31 994
31 994
31 994
31 994
31 994
31 994
58 730
58 730
58 730
58 730
58 730
58 730
58 730
58 730
58 730
58 730
58 730
58 730
58 730
58 730
58 730
58 730
58 730
58 730
58 730
58 730
58 730
58 730
58 730
8 747
8 747
8 747
8 747
8 747
8 747
8 747
8 747
8 747
8 747
8 747
8 747
8 747
8 747
8 747
8 747
8 747
43 973
44 975
44 975
44 975
44 975
44 975
44 975
44 975
44 975
44 975
74 1200
74 1200
74 1200
74 1200
74 1200
74 1200
74 1200
74 1200
74 1200
74 1200
74 1200
74 1200
74 1200
74 1200
74 1200
74 1200
74 1200
74 1200
74 1200
74 1200
74 1200
74 1200
74 1200
74 1200
74 1200
74 1200
74 1200
74 1200
74 1200
15 795
15 795
15 795
15 795
15 795
15 795
15 795
15 795
15 795
15 795
15 795
15 795
15 795
15 795
60 856
60 856
60 856
60 856
60 856
60 856
60 856
60 856
60 856
60 856
60 856
60 856
60 856
60 856
60 856
60 856
60 856
60 856
60 856
60 856
60 856
30 1163
30 1163
30 1163
30 1163
30 1163
30 1163
30 1163
30 1163
30 1163
30 1163
30 1163
30 1163
30 1163
30 1163
30 1163
30 1163
30 1163
30 1163
30 1163
30 1163
30 1163
30 1163
30 1163
30 1163
30 1163
30 1163
30 1163
16 820
16 820
16 820
16 820
16 820
16 820
16 820
16 820
16 820
16 820
16 820
16 820
16 820
16 820
16 820
16 820
16 820
16 820
16 820
16 820
16 820
16 820
19 831
19 831
19 831
19 831
19 831
19 831
19 831
19 831
19 831
19 831
19 831
19 831
19 831
19 831
19 831
19 831
19 831
19 831
19 831
19 831
19 831
19 831
19 831
19 831
19 831
19 831
19 831
19 831
19 831
19 831
23 823
23 823
23 823
23 823
23 823
23 823
23 823
23 823
23 823
23 823
23 823
23 823
23 823
23 823
23 823
23 823
23 823
23 823
23 823
23 823
41 1189
41 1189
41 1189
41 1189
41 1189
41 1189
41 1189
41 1189
11 1058
11 1058
11 1058
11 1058
11 1058
11 1058
11 1058
11 1058
11 1058
11 1058
11 1058
11 1058
11 1058
11 1058
11 1058
11 1058
11 1058
11 1058
12 1069
12 1069
12 1069
12 1069
12 1069
12 1069
12 1069
12 1069
12 1069
12 1069
12 1069
12 1069
12 1069
12 1069
12 1069
12 1069
12 1069
12 1069
12 1069
12 1069
12 1069
12 1069
12 1069
12 1069
12 1069
49 1251
49 1251
49 1251
49 1251
49 1251
49 1251
49 1251
49 1251
49 1251
49 1251
49 1251
49 1251
49 1251
49 1251
49 1251
49 1251
49 1251
49 1251
49 1251
49 1251
49 1251
49 1251
49 1251
49 1251
49 1251
49 1251
42 836
42 836
42 836
42 836
42 836
42 836
42 836
42 836
42 836
42 836
42 836
42 836
42 836
42 836
42 836
42 836
42 836
42 836
42 836
42 836
42 836
42 836
42 836
42 836
42 836
42 836
42 836
42 836
52 1236
52 1236
52 1236
52 1236
52 1236
52 1236
52 1236
52 1236
52 1236
52 1236
52 1236
4 1240
4 1240
4 1240
4 1240
4 1240
4 1240
4 1240
4 1240
4 1240
4 1240
20 1103
20 1103
70 1104
70 1104
70 1104
70 1104
70 1104
70 1104
70 1104
70 1104
70 1104
70 1104
70 1104
70 1104
56 1272
56 1272
56 1272
56 1272
24 1104
24 1104
24 1104
75 1100
75 1100
75 1100
75 1100
75 1100
75 1100
75 1100
75 1100
75 1100
75 1100
75 1100
75 1100
75 1100
75 1100
75 1100
75 1100
75 1100
75 1100
75 1100
76 1098
76 1098
76 1098
76 1098
76 1098
76 1098
76 1098
76 1098
76 1098
76 1098
76 1098
76 1098
76 1098
76 1098
76 1098
76 1098
76 1098
76 1098
76 1098
76 1098
76 1098
76 1098
76 1098
76 1098
50 897
50 897
50 897
50 897
50 897
50 897
50 897
50 897
50 897
50 897
50 897
50 897
50 897
50 897
50 897
50 897
31 1131
31 1131
31 1131
31 1131
31 1131
31 1131
55 924
55 924
55 924
55 924
55 924
55 924
55 924
55 924
55 924
55 924
55 924
55 924
55 924
55 924
55 924
14 1344
14 1344
14 1344
14 1344
14 1344
18 1316
18 1316
18 1316
18 1316
18 1316
18 1316
18 1316
58 921
58 921
58 921
58 921
58 921
58 921
58 921
58 921
58 921
58 921
58 921
58 921
58 921
58 921
58 921
58 921
58 921
58 921
58 921
58 921
58 921
58 921
58 921
8 940
8 940
8 940
8 940
8 940
8 940
8 940
8 940
8 940
8 940
8 940
8 940
8 940
8 940
8 940
8 940
8 940
60 922
60 922
60 922
60 922
60 922
60 922
60 922
60 922
60 922
60 922
60 922
60 922
60 922
60 922
60 922
60 922
60 922
60 922
60 922
60 922
60 922
15 913
15 913
15 913
15 913
15 913
15 913
15 913
15 913
15 913
15 913
15 913
15 913
15 913
15 913
72 1361
72 1361
72 1361
72 1361
72 1361
72 1361
72 1361
72 1361
72 1361
72 1361
72 1361
72 1361
72 1361
16 929
16 929
16 929
16 929
16 929
16 929
16 929
16 929
16 929
16 929
16 929
16 929
16 929
16 929
16 929
16 929
16 929
16 929
16 929
16 929
16 929
16 929
74 1367
74 1367
74 1367
74 1367
74 1367
74 1367
74 1367
74 1367
74 1367
74 1367
74 1367
74 1367
74 1367
74 1367
74 1367
74 1367
74 1367
74 1367
74 1367
74 1367
74 1367
74 1367
74 1367
74 1367
74 1367
74 1367
74 1367
74 1367
74 1367
44 1194
44 1194
44 1194
44 1194
44 1194
44 1194
44 1194
44 1194
44 1194
19 956
19 956
19 956
19 956
19 956
19 956
19 956
19 956
19 956
19 956
19 956
19 956
19 956
19 956
19 956
19 956
19 956
19 956
19 956
19 956
19 956
19 956
19 956
19 956
19 956
19 956
19 956
19 956
19 956
19 956
23 954
23 954
23 954
23 954
23 954
23 954
23 954
23 954
23 954
23 954
23 954
23 954
23 954
23 954
23 954
23 954
23 954
23 954
23 954
23 954
43 1299
30 1454
30 1454
30 1454
30 1454
30 1454
30 1454
30 1454
30 1454
30 1454
30 1454
30 1454
30 1454
30 1454
30 1454
30 1454
30 1454
30 1454
30 1454
30 1454
30 1454
30 1454
30 1454
30 1454
30 1454
30 1454
30 1454
30 1454
49 1436
49 1436
49 1436
49 1436
49 1436
49 1436
49 1436
49 1436
49 1436
49 1436
49 1436
49 1436
49 1436
49 1436
49 1436
49 1436
49 1436
49 1436
49 1436
49 1436
49 1436
49 1436
49 1436
49 1436
49 1436
49 1436
70 1268
70 1268
70 1268
70 1268
70 1268
70 1268
70 1268
70 1268
70 1268
70 1268
70 1268
70 1268
52 1498
52 1498
52 1498
52 1498
52 1498
52 1498
52 1498
52 1498
52 1498
52 1498
52 1498
75 1283
75 1283
75 1283
75 1283
75 1283
75 1283
75 1283
75 1283
75 1283
75 1283
75 1283
75 1283
75 1283
75 1283
75 1283
75 1283
75 1283
75 1283
75 1283
76 1281
76 1281
76 1281
76 1281
76 1281
76 1281
76 1281
76 1281
76 1281
76 1281
76 1281
76 1281
76 1281
76 1281
76 1281
76 1281
76 1281
76 1281
76 1281
76 1281
76 1281
76 1281
76 1281
76 1281
