5 60
5 60
5 60
5 60
5 60
5 60
5 60
5 60
5 60
5 60
5 60
5 60
5 60
5 60
5 60
5 60
5 60
5 60
5 60
5 60
5 60
5 60
5 60
14 53
14 53
14 53
14 53
14 53
14 53
14 53
14 53
14 53
14 53
14 53
14 53
14 53
14 53
14 53
14 53
14 53
13 97
13 97
13 97
13 97
13 97
13 97
13 97
13 97
18 69
18 69
18 69
18 69
18 69
18 69
18 69
18 69
18 69
18 69
18 69
18 69
18 69
18 69
18 69
18 69
18 69
18 69
18 69
18 69
18 69
18 69
18 69
18 69
20 65
20 65
20 65
20 65
20 65
20 65
20 65
20 65
20 65
5 127
5 127
5 127
5 127
5 127
5 127
5 127
5 127
5 127
5 127
5 127
5 127
5 127
5 127
5 127
5 127
5 127
5 127
5 127
5 127
5 127
5 127
5 127
13 143
13 143
13 143
13 143
13 143
13 143
13 143
13 143
76 44
76 44
76 44
76 44
76 44
76 44
76 44
76 44
76 44
76 44
76 44
76 44
76 44
76 44
75 55
75 55
75 55
75 55
77 38
14 207
14 207
14 207
14 207
14 207
14 207
14 207
14 207
14 207
14 207
14 207
14 207
14 207
14 207
14 207
14 207
14 207
18 168
18 168
18 168
18 168
18 168
18 168
18 168
18 168
18 168
18 168
18 168
18 168
18 168
18 168
18 168
18 168
18 168
18 168
18 168
18 168
18 168
18 168
18 168
18 168
20 160
20 160
20 160
20 160
20 160
20 160
20 160
20 160
20 160
70 165
70 165
70 165
73 142
73 142
73 142
73 142
73 142
73 142
73 142
67 225
67 225
67 225
67 225
67 225
67 225
67 225
67 225
67 225
67 225
67 225
67 225
67 225
67 225
67 225
67 225
67 225
67 225
67 225
67 225
67 225
67 225
24 861
24 861
24 861
24 861
24 861
24 861
24 861
24 861
24 861
24 861
24 861
24 861
24 861
24 861
24 861
24 362
24 362
24 362
24 362
24 362
24 362
24 362
24 362
24 362
24 362
24 362
24 362
24 362
24 362
24 362
7 1032
7 1032
7 1032
7 1032
7 1032
7 1032
7 1032
7 1032
7 1032
7 1032
7 1032
7 1032
7 1032
7 532
7 532
7 532
7 532
7 532
7 532
7 532
7 532
7 532
7 532
7 532
7 532
7 532
75 2
75 2
75 2
75 2
76 1
76 1
76 1
76 1
76 1
76 1
76 1
76 1
76 1
76 1
76 1
76 1
76 1
76 1
77 2
78 9
78 9
78 9
78 9
78 9
5 249
5 249
5 249
5 249
5 249
5 249
5 249
5 249
5 249
5 249
5 249
5 249
5 249
5 249
5 249
5 249
5 249
5 249
5 249
5 249
5 249
5 249
5 249
7 243
7 243
7 243
7 243
7 243
7 243
7 243
7 243
7 243
7 243
7 243
7 243
7 243
13 271
13 271
13 271
13 271
13 271
13 271
13 271
13 271
14 358
14 358
14 358
14 358
14 358
14 358
14 358
14 358
14 358
14 358
14 358
14 358
14 358
14 358
14 358
14 358
14 358
20 305
20 305
20 305
20 305
20 305
20 305
20 305
20 305
20 305
67 390
67 390
67 390
67 390
67 390
67 390
67 390
67 390
67 390
67 390
67 390
67 390
67 390
67 390
67 390
67 390
67 390
67 390
67 390
67 390
67 390
67 390
73 339
73 339
73 339
73 339
73 339
73 339
73 339
18 396
18 396
18 396
18 396
18 396
18 396
18 396
18 396
18 396
18 396
18 396
18 396
18 396
18 396
18 396
18 396
18 396
18 396
18 396
18 396
18 396
18 396
18 396
18 396
24 351
24 351
24 351
24 351
24 351
24 351
24 351
24 351
24 351
24 351
24 351
24 351
24 351
24 351
24 351
70 395
70 395
70 395
75 12
75 12
75 12
75 12
76 4
76 4
76 4
76 4
76 4
76 4
76 4
76 4
76 4
76 4
76 4
76 4
76 4
76 4
77 2
78 4
78 4
78 4
78 4
78 4
5 391
5 391
5 391
5 391
5 391
5 391
5 391
5 391
5 391
5 391
5 391
5 391
5 391
5 391
5 391
5 391
5 391
5 391
5 391
5 391
5 391
5 391
5 391
7 389
7 389
7 389
7 389
7 389
7 389
7 389
7 389
7 389
7 389
7 389
7 389
7 389
13 425
13 425
13 425
13 425
13 425
13 425
13 425
13 425
14 457
14 457
14 457
14 457
14 457
14 457
14 457
14 457
14 457
14 457
14 457
14 457
14 457
14 457
14 457
14 457
14 457
67 439
67 439
67 439
67 439
67 439
67 439
67 439
67 439
67 439
67 439
67 439
67 439
67 439
67 439
67 439
67 439
67 439
67 439
67 439
67 439
67 439
67 439
18 440
18 440
18 440
18 440
18 440
18 440
18 440
18 440
18 440
18 440
18 440
18 440
18 440
18 440
18 440
18 440
18 440
18 440
18 440
18 440
18 440
18 440
18 440
18 440
70 439
70 439
70 439
20 441
20 441
20 441
20 441
20 441
20 441
20 441
20 441
20 441
24 457
24 457
24 457
24 457
24 457
24 457
24 457
24 457
24 457
24 457
24 457
24 457
24 457
24 457
24 457
73 492
73 492
73 492
73 492
73 492
73 492
73 492
75 4
75 4
75 4
75 4
76 2
76 2
76 2
76 2
76 2
76 2
76 2
76 2
76 2
76 2
76 2
76 2
76 2
76 2
77 7
78 2
78 2
78 2
78 2
78 2
5 537
5 537
5 537
5 537
5 537
5 537
5 537
5 537
5 537
5 537
5 537
5 537
5 537
5 537
5 537
5 537
5 537
5 537
5 537
5 537
5 537
5 537
5 537
7 581
7 581
7 581
7 581
7 581
7 581
7 581
7 581
7 581
7 581
7 581
7 581
7 581
13 551
13 551
13 551
13 551
13 551
13 551
13 551
13 551
14 556
14 556
14 556
14 556
14 556
14 556
14 556
14 556
14 556
14 556
14 556
14 556
14 556
14 556
14 556
14 556
14 556
67 541
67 541
67 541
67 541
67 541
67 541
67 541
67 541
67 541
67 541
67 541
67 541
67 541
67 541
67 541
67 541
67 541
67 541
67 541
67 541
67 541
67 541
18 541
18 541
18 541
18 541
18 541
18 541
18 541
18 541
18 541
18 541
18 541
18 541
18 541
18 541
18 541
18 541
18 541
18 541
18 541
18 541
18 541
18 541
18 541
18 541
20 540
20 540
20 540
20 540
20 540
20 540
20 540
20 540
20 540
75 2
75 2
75 2
75 2
76 1
76 1
76 1
76 1
76 1
76 1
76 1
76 1
76 1
76 1
76 1
76 1
76 1
76 1
77 4
78 1
78 1
78 1
78 1
78 1
73 564
73 564
73 564
73 564
73 564
73 564
73 564
24 582
24 582
24 582
24 582
24 582
24 582
24 582
24 582
24 582
24 582
24 582
24 582
24 582
24 582
24 582
70 663
70 663
70 663
7 645
7 645
7 645
7 645
7 645
7 645
7 645
7 645
7 645
7 645
7 645
7 645
7 645
75 3
75 3
75 3
75 3
76 1
76 1
76 1
76 1
76 1
76 1
76 1
76 1
76 1
76 1
76 1
76 1
76 1
76 1
77 11
13 662
13 662
13 662
13 662
13 662
13 662
13 662
13 662
78 17
78 17
78 17
78 17
78 17
14 677
14 677
14 677
14 677
14 677
14 677
14 677
14 677
14 677
14 677
14 677
14 677
14 677
14 677
14 677
14 677
14 677
5 802
5 802
5 802
5 802
5 802
5 802
5 802
5 802
5 802
5 802
5 802
5 802
5 802
5 802
5 802
5 802
5 802
5 802
5 802
5 802
5 802
5 802
5 802
18 709
18 709
18 709
18 709
18 709
18 709
18 709
18 709
18 709
18 709
18 709
18 709
18 709
18 709
18 709
18 709
18 709
18 709
18 709
18 709
18 709
18 709
18 709
18 709
67 722
67 722
67 722
67 722
67 722
67 722
67 722
67 722
67 722
67 722
67 722
67 722
67 722
67 722
67 722
67 722
67 722
67 722
67 722
67 722
67 722
67 722
70 712
70 712
70 712
20 713
20 713
20 713
20 713
20 713
20 713
20 713
20 713
20 713
73 706
73 706
73 706
73 706
73 706
73 706
73 706
24 708
24 708
24 708
24 708
24 708
24 708
24 708
24 708
24 708
24 708
24 708
24 708
24 708
24 708
24 708
75 9
75 9
75 9
75 9
76 1
76 1
76 1
76 1
76 1
76 1
76 1
76 1
76 1
76 1
76 1
76 1
76 1
76 1
77 2
78 2
78 2
78 2
78 2
78 2
5 752
5 752
5 752
5 752
5 752
5 752
5 752
5 752
5 752
5 752
5 752
5 752
5 752
5 752
5 752
5 752
5 752
5 752
5 752
5 752
5 752
5 752
5 752
7 751
7 751
7 751
7 751
7 751
7 751
7 751
7 751
7 751
7 751
7 751
7 751
7 751
13 752
13 752
13 752
13 752
13 752
13 752
13 752
13 752
14 752
14 752
14 752
14 752
14 752
14 752
14 752
14 752
14 752
14 752
14 752
14 752
14 752
14 752
14 752
14 752
14 752
18 761
18 761
18 761
18 761
18 761
18 761
18 761
18 761
18 761
18 761
18 761
18 761
18 761
18 761
18 761
18 761
18 761
18 761
18 761
18 761
18 761
18 761
18 761
18 761
70 766
70 766
70 766
20 767
20 767
20 767
20 767
20 767
20 767
20 767
20 767
20 767
67 804
67 804
67 804
67 804
67 804
67 804
67 804
67 804
67 804
67 804
67 804
67 804
67 804
67 804
67 804
67 804
67 804
67 804
67 804
67 804
67 804
67 804
73 771
73 771
73 771
73 771
73 771
73 771
73 771
24 774
24 774
24 774
24 774
24 774
24 774
24 774
24 774
24 774
24 774
24 774
24 774
24 774
24 774
24 774
75 2
75 2
75 2
75 2
76 1
76 1
76 1
76 1
76 1
76 1
76 1
76 1
76 1
76 1
76 1
76 1
76 1
76 1
77 2
78 2
78 2
78 2
78 2
78 2
67 894
67 894
67 894
67 894
67 894
67 894
67 894
67 894
67 894
67 894
67 894
67 894
67 894
67 894
67 894
67 894
67 894
67 894
67 894
67 894
67 894
67 894
73 887
73 887
73 887
73 887
73 887
73 887
73 887
70 919
70 919
70 919
