1 1 3 -46.52 65.4308
2 4 3 11.1235 55.0706
3 1 3 14.2643 52.0187
4 2 3 -15.932 72.0885
5 1 3 -57.8734 13.956
6 4 2 33.3693 88.5141
7 1 2 -19.6965 -76.6197
8 1 2 86.8452 78.5386
9 4 2 97.7374 2.64869
10 3 3 -87.1507 -76.5912
11 3 3 -12.4916 -14.9935
12 1 2 -82.4509 40.1059
13 2 2 49.4914 73.5304
14 2 2 7.58104 95.6301
15 4 2 -65.4544 84.968
16 1 2 -49.5817 27.8389
17 3 3 51.3336 13.8635
18 3 3 -28.9737 89.6237
19 1 2 -69.6746 32.4064
20 2 2 45.0425 -58.0976
21 4 2 48.455 15.4783
22 3 3 -34.5234 -48.8726
23 2 2 -9.46688 -8.25548
24 3 3 -59.4631 -0.540323
25 4 2 51.1704 -15.8875
26 2 2 -68.0519 7.49209
27 3 3 54.0121 80.4886
28 2 2 31.6536 -29.0078
29 1 2 39.5094 -54.5216
30 2 2 -3.5689 19.2909
31 2 2 -41.6979 -85.6775
32 2 2 -92.6408 -35.5714
33 4 2 22.3182 52.4116
34 3 3 -54.7859 -18.2714
35 3 3 -22.9611 46.544
36 1 1 10.2441 -71.0476
37 2 1 -96.8957 -58.7323
38 1 1 -81.2689 -75.0246
39 4 1 31.7541 37.2917
40 4 1 -81.5884 92.3745
41 3 3 41.8681 -42.3495
42 3 3 -60.1391 3.86021
43 1 1 76.172 94.6485
44 3 3 -40.9543 70.8757
45 2 1 -85.8483 -79.3928
46 2 1 -63.8905 -92.8956
47 1 1 -29.5897 -51.2573
48 2 1 -52.3114 88.1613
49 3 3 51.0138 -60.7885
50 4 1 -52.7387 78.9845
51 1 1 -95.3783 54.4431
52 2 1 48.5437 53.5219
53 3 3 -36.9709 -5.67088
54 1 1 -88.9113 -49.0736
55 1 1 -98.846 37.0159
56 1 1 27.1224 -35.0398
57 1 1 -40.1355 82.5467
58 2 1 -12.2685 32.1181
59 3 3 -40.7303 88.3055
60 4 1 -89.3853 14.2002
61 3 3 16.2155 -87.0369
62 2 1 31.5468 -92.3912
63 2 1 35.6116 -56.2469
64 1 1 96.4868 -18.3188
