15 24
15 24
15 24
15 24
15 24
15 24
15 24
15 24
15 24
15 24
15 24
15 24
15 24
14 38
14 38
14 38
14 38
14 38
14 38
14 38
14 38
14 38
14 38
14 38
14 38
14 38
14 38
14 38
14 38
14 38
14 38
14 38
14 38
14 38
14 38
14 38
14 38
14 38
14 38
14 38
9 109
9 109
9 109
9 109
9 109
9 109
9 109
9 109
9 109
9 109
9 109
9 109
9 109
9 109
9 109
9 109
9 109
9 109
9 109
9 109
9 109
9 109
9 109
9 109
9 109
9 109
3 205
3 205
3 205
3 205
3 205
3 205
3 205
3 205
3 205
3 205
3 205
3 205
3 57
3 57
3 57
3 57
3 57
3 57
3 57
3 57
3 57
3 57
3 57
3 57
59 4
59 4
59 4
59 4
59 4
59 4
59 4
59 4
59 4
62 27
62 27
62 27
62 27
62 27
62 27
62 27
62 27
62 27
62 27
62 27
62 27
62 27
62 27
62 27
62 27
62 27
62 27
62 27
62 27
62 27
62 27
62 27
62 27
62 27
62 27
62 27
62 27
62 27
62 27
14 19
14 19
14 19
14 19
14 19
14 19
14 19
14 19
14 19
14 19
14 19
14 19
14 19
14 19
14 19
14 19
14 19
14 19
14 19
14 19
14 19
14 19
14 19
14 19
14 19
14 19
14 19
15 11
15 11
15 11
15 11
15 11
15 11
15 11
15 11
15 11
15 11
15 11
15 11
15 11
65 31
65 31
65 31
65 31
65 31
65 31
65 31
65 31
63 53
63 53
63 53
63 53
63 53
63 53
63 53
63 53
63 53
63 53
63 53
63 53
63 53
63 53
63 53
63 53
63 53
63 53
63 53
63 53
66 28
66 28
66 28
66 28
66 28
66 28
66 28
87 19
87 19
87 19
87 19
87 19
90 13
90 13
90 13
93 7
93 7
93 7
93 7
93 7
93 7
93 7
93 7
93 7
93 7
93 7
93 7
93 7
93 7
59 2
59 2
59 2
59 2
59 2
59 2
59 2
59 2
59 2
56 548
56 548
56 548
56 548
56 548
56 548
62 26
62 26
62 26
62 26
62 26
62 26
62 26
62 26
62 26
62 26
62 26
62 26
62 26
62 26
62 26
62 26
62 26
62 26
62 26
62 26
62 26
62 26
62 26
62 26
62 26
62 26
62 26
62 26
62 26
62 26
74 407
74 407
9 566
9 566
9 566
9 566
9 566
9 566
9 566
9 566
9 566
9 566
9 566
9 566
9 566
9 566
9 566
9 566
9 566
9 566
9 566
9 566
9 566
9 566
9 566
9 566
9 566
9 566
63 41
63 41
63 41
63 41
63 41
63 41
63 41
63 41
63 41
63 41
63 41
63 41
63 41
63 41
63 41
63 41
63 41
63 41
63 41
63 41
14 32
14 32
14 32
14 32
14 32
14 32
14 32
14 32
14 32
14 32
14 32
14 32
14 32
14 32
14 32
14 32
14 32
14 32
14 32
14 32
14 32
14 32
14 32
14 32
14 32
14 32
14 32
15 45
15 45
15 45
15 45
15 45
15 45
15 45
15 45
15 45
15 45
15 45
15 45
15 45
65 47
65 47
65 47
65 47
65 47
65 47
65 47
65 47
66 60
66 60
66 60
66 60
66 60
66 60
66 60
87 12
87 12
87 12
87 12
87 12
90 3
90 3
90 3
93 2
93 2
93 2
93 2
93 2
93 2
93 2
93 2
93 2
93 2
93 2
93 2
93 2
93 2
59 32
59 32
59 32
59 32
59 32
59 32
59 32
59 32
59 32
62 7
62 7
62 7
62 7
62 7
62 7
62 7
62 7
62 7
62 7
62 7
62 7
62 7
62 7
62 7
62 7
62 7
62 7
62 7
62 7
62 7
62 7
62 7
62 7
62 7
62 7
62 7
62 7
62 7
62 7
63 5
63 5
63 5
63 5
63 5
63 5
63 5
63 5
63 5
63 5
63 5
63 5
63 5
63 5
63 5
63 5
63 5
63 5
63 5
63 5
14 2
14 2
14 2
14 2
14 2
14 2
14 2
14 2
14 2
14 2
14 2
14 2
14 2
14 2
14 2
14 2
14 2
14 2
14 2
14 2
14 2
14 2
14 2
14 2
14 2
14 2
14 2
15 6
15 6
15 6
15 6
15 6
15 6
15 6
15 6
15 6
15 6
15 6
15 6
15 6
65 10
65 10
65 10
65 10
65 10
65 10
65 10
65 10
66 1
66 1
66 1
66 1
66 1
66 1
66 1
74 573
74 573
9 729
9 729
9 729
9 729
9 729
9 729
9 729
9 729
9 729
9 729
9 729
9 729
9 729
9 729
9 729
9 729
9 729
9 729
9 729
9 729
9 729
9 729
9 729
9 729
9 729
9 729
84 982
84 982
84 982
84 982
84 982
84 982
84 982
84 982
84 982
84 982
84 982
84 982
84 982
84 982
84 982
84 982
84 982
84 982
84 982
84 982
84 982
84 982
84 982
3 336
3 336
3 336
3 336
3 336
3 336
3 336
3 336
3 336
3 336
3 336
3 336
84 576
84 576
84 576
84 576
84 576
84 576
84 576
84 576
84 576
84 576
84 576
84 576
84 576
84 576
84 576
84 576
84 576
84 576
84 576
84 576
84 576
84 576
84 576
87 53
87 53
87 53
87 53
87 53
90 48
90 48
90 48
93 44
93 44
93 44
93 44
93 44
93 44
93 44
93 44
93 44
93 44
93 44
93 44
93 44
93 44
9 397
9 397
9 397
9 397
9 397
9 397
9 397
9 397
9 397
9 397
9 397
9 397
9 397
9 397
9 397
9 397
9 397
9 397
9 397
9 397
9 397
9 397
9 397
9 397
9 397
9 397
56 557
56 557
56 557
56 557
56 557
56 557
59 33
59 33
59 33
59 33
59 33
59 33
59 33
59 33
59 33
62 19
62 19
62 19
62 19
62 19
62 19
62 19
62 19
62 19
62 19
62 19
62 19
62 19
62 19
62 19
62 19
62 19
62 19
62 19
62 19
62 19
62 19
62 19
62 19
62 19
62 19
62 19
62 19
62 19
62 19
63 11
63 11
63 11
63 11
63 11
63 11
63 11
63 11
63 11
63 11
63 11
63 11
63 11
63 11
63 11
63 11
63 11
63 11
63 11
63 11
14 11
14 11
14 11
14 11
14 11
14 11
14 11
14 11
14 11
14 11
14 11
14 11
14 11
14 11
14 11
14 11
14 11
14 11
14 11
14 11
14 11
14 11
14 11
14 11
14 11
14 11
14 11
74 412
74 412
65 3
65 3
65 3
65 3
65 3
65 3
65 3
65 3
15 4
15 4
15 4
15 4
15 4
15 4
15 4
15 4
15 4
15 4
15 4
15 4
15 4
66 1
66 1
66 1
66 1
66 1
66 1
66 1
87 3
87 3
87 3
87 3
87 3
90 2
90 2
90 2
93 32
93 32
93 32
93 32
93 32
93 32
93 32
93 32
93 32
93 32
93 32
93 32
93 32
93 32
84 651
84 651
84 651
84 651
84 651
84 651
84 651
84 651
84 651
84 651
84 651
84 651
84 651
84 651
84 651
84 651
84 651
84 651
84 651
84 651
84 651
84 651
84 651
57 957
56 516
56 516
56 516
56 516
56 516
56 516
59 38
59 38
59 38
59 38
59 38
59 38
59 38
59 38
59 38
62 63
62 63
62 63
62 63
62 63
62 63
62 63
62 63
62 63
62 63
62 63
62 63
62 63
62 63
62 63
62 63
62 63
62 63
62 63
62 63
62 63
62 63
62 63
62 63
62 63
62 63
62 63
62 63
62 63
62 63
57 621
63 71
63 71
63 71
63 71
63 71
63 71
63 71
63 71
63 71
63 71
63 71
63 71
63 71
63 71
63 71
63 71
63 71
63 71
63 71
63 71
14 66
14 66
14 66
14 66
14 66
14 66
14 66
14 66
14 66
14 66
14 66
14 66
14 66
14 66
14 66
14 66
14 66
14 66
14 66
14 66
14 66
14 66
14 66
14 66
14 66
14 66
14 66
65 57
65 57
65 57
65 57
65 57
65 57
65 57
65 57
9 619
9 619
9 619
9 619
9 619
9 619
9 619
9 619
9 619
9 619
9 619
9 619
9 619
9 619
9 619
9 619
9 619
9 619
9 619
9 619
9 619
9 619
9 619
9 619
9 619
9 619
15 59
15 59
15 59
15 59
15 59
15 59
15 59
15 59
15 59
15 59
15 59
15 59
15 59
66 51
66 51
66 51
66 51
66 51
66 51
66 51
87 2
87 2
87 2
87 2
87 2
90 2
90 2
90 2
93 65
93 65
93 65
93 65
93 65
93 65
93 65
93 65
93 65
93 65
93 65
93 65
93 65
93 65
59 1
59 1
59 1
59 1
59 1
59 1
59 1
59 1
59 1
62 3
62 3
62 3
62 3
62 3
62 3
62 3
62 3
62 3
62 3
62 3
62 3
62 3
62 3
62 3
62 3
62 3
62 3
62 3
62 3
62 3
62 3
62 3
62 3
62 3
62 3
62 3
62 3
62 3
62 3
63 5
63 5
63 5
63 5
63 5
63 5
63 5
63 5
63 5
63 5
63 5
63 5
63 5
63 5
63 5
63 5
63 5
63 5
63 5
63 5
14 4
14 4
14 4
14 4
14 4
14 4
14 4
14 4
14 4
14 4
14 4
14 4
14 4
14 4
14 4
14 4
14 4
14 4
14 4
14 4
14 4
14 4
14 4
14 4
14 4
14 4
14 4
65 5
65 5
65 5
65 5
65 5
65 5
65 5
65 5
15 23
15 23
15 23
15 23
15 23
15 23
15 23
15 23
15 23
15 23
15 23
15 23
15 23
66 34
66 34
66 34
66 34
66 34
66 34
66 34
3 1207
3 1207
3 1207
3 1207
3 1207
3 1207
3 1207
3 1207
3 1207
3 1207
3 1207
3 1207
84 903
84 903
84 903
84 903
84 903
84 903
84 903
84 903
84 903
84 903
84 903
84 903
84 903
84 903
84 903
84 903
84 903
84 903
84 903
84 903
84 903
84 903
84 903
74 1008
74 1008
3 828
3 828
3 828
3 828
3 828
3 828
3 828
3 828
3 828
3 828
3 828
3 828
56 807
56 807
56 807
56 807
56 807
56 807
9 786
9 786
9 786
9 786
9 786
9 786
9 786
9 786
9 786
9 786
9 786
9 786
9 786
9 786
9 786
9 786
9 786
9 786
9 786
9 786
9 786
9 786
9 786
9 786
9 786
9 786
85 1526
85 1526
85 1526
85 1526
85 1526
85 1526
85 1526
85 1526
85 1526
85 1526
85 1526
85 1043
85 1043
85 1043
85 1043
85 1043
85 1043
85 1043
85 1043
85 1043
85 1043
85 1043
87 77
87 77
87 77
87 77
87 77
57 878
90 54
90 54
90 54
93 29
93 29
93 29
93 29
93 29
93 29
93 29
93 29
93 29
93 29
93 29
93 29
93 29
93 29
59 1
59 1
59 1
59 1
59 1
59 1
59 1
59 1
59 1
84 777
84 777
84 777
84 777
84 777
84 777
84 777
84 777
84 777
84 777
84 777
84 777
84 777
84 777
84 777
84 777
84 777
84 777
84 777
84 777
84 777
84 777
84 777
85 769
85 769
85 769
85 769
85 769
85 769
85 769
85 769
85 769
85 769
85 769
62 1
62 1
62 1
62 1
62 1
62 1
62 1
62 1
62 1
62 1
62 1
62 1
62 1
62 1
62 1
62 1
62 1
62 1
62 1
62 1
62 1
62 1
62 1
62 1
62 1
62 1
62 1
62 1
62 1
62 1
63 39
63 39
63 39
63 39
63 39
63 39
63 39
63 39
63 39
63 39
63 39
63 39
63 39
63 39
63 39
63 39
63 39
63 39
63 39
63 39
14 39
14 39
14 39
14 39
14 39
14 39
14 39
14 39
14 39
14 39
14 39
14 39
14 39
14 39
14 39
14 39
14 39
14 39
14 39
14 39
14 39
14 39
14 39
14 39
14 39
14 39
14 39
65 38
65 38
65 38
65 38
65 38
65 38
65 38
65 38
66 30
66 30
66 30
66 30
66 30
66 30
66 30
15 82
15 82
15 82
15 82
15 82
15 82
15 82
15 82
15 82
15 82
15 82
15 82
15 82
80 2950
80 2950
80 2950
80 2950
80 2950
80 2950
80 2950
80 2950
80 2950
80 2950
80 2950
80 2950
80 2950
80 2950
80 2950
80 2452
80 2452
80 2452
80 2452
80 2452
80 2452
80 2452
80 2452
80 2452
80 2452
80 2452
80 2452
80 2452
80 2452
80 2452
80 1953
80 1953
80 1953
80 1953
80 1953
80 1953
80 1953
80 1953
80 1953
80 1953
80 1953
80 1953
80 1953
80 1953
80 1953
74 1022
74 1022
3 830
3 830
3 830
3 830
3 830
3 830
3 830
3 830
3 830
3 830
3 830
3 830
87 8
87 8
87 8
87 8
87 8
57 809
90 35
90 35
90 35
93 17
93 17
93 17
93 17
93 17
93 17
93 17
93 17
93 17
93 17
93 17
93 17
93 17
93 17
74 845
74 845
59 44
59 44
59 44
59 44
59 44
59 44
59 44
59 44
59 44
62 17
62 17
62 17
62 17
62 17
62 17
62 17
62 17
62 17
62 17
62 17
62 17
62 17
62 17
62 17
62 17
62 17
62 17
62 17
62 17
62 17
62 17
62 17
62 17
62 17
62 17
62 17
62 17
62 17
62 17
63 18
63 18
63 18
63 18
63 18
63 18
63 18
63 18
63 18
63 18
63 18
63 18
63 18
63 18
63 18
63 18
63 18
63 18
63 18
63 18
65 6
65 6
65 6
65 6
65 6
65 6
65 6
65 6
66 2
66 2
66 2
66 2
66 2
66 2
66 2
56 1106
56 1106
56 1106
56 1106
56 1106
56 1106
87 43
87 43
87 43
87 43
87 43
90 45
90 45
90 45
93 66
93 66
93 66
93 66
93 66
93 66
93 66
93 66
93 66
93 66
93 66
93 66
93 66
93 66
85 1202
85 1202
85 1202
85 1202
85 1202
85 1202
85 1202
85 1202
85 1202
85 1202
85 1202
84 1238
84 1238
84 1238
84 1238
84 1238
84 1238
84 1238
84 1238
84 1238
84 1238
84 1238
84 1238
84 1238
84 1238
84 1238
84 1238
84 1238
84 1238
84 1238
84 1238
84 1238
84 1238
84 1238
74 980
74 980
