4 140
4 140
4 140
4 140
4 140
4 140
4 140
4 140
4 140
4 140
4 140
4 140
4 140
4 140
10 104
10 104
10 104
10 104
10 104
10 104
10 104
10 104
10 104
10 104
10 104
10 104
10 104
10 104
10 104
10 104
10 104
6 148
6 148
6 148
6 148
6 148
6 148
6 148
6 148
12 137
12 137
12 137
12 137
12 137
12 137
12 137
12 137
12 137
12 137
12 137
12 137
12 137
12 137
12 137
23 117
23 117
23 117
23 117
23 117
23 117
23 117
23 117
23 117
23 117
23 117
23 117
23 117
23 117
23 117
23 117
23 117
23 117
23 117
46 283
46 283
46 283
46 283
46 283
46 283
46 283
46 283
46 283
46 283
46 283
46 283
46 283
46 283
46 283
46 283
46 283
46 283
46 283
46 283
46 283
46 283
6 235
6 235
6 235
6 235
6 235
6 235
6 235
6 235
10 216
10 216
10 216
10 216
10 216
10 216
10 216
10 216
10 216
10 216
10 216
10 216
10 216
10 216
10 216
10 216
10 216
4 338
4 338
4 338
4 338
4 338
4 338
4 338
4 338
4 338
4 338
4 338
4 338
4 338
4 338
71 225
71 225
71 225
71 225
71 225
71 225
71 225
71 225
71 225
71 225
71 225
71 225
71 225
71 225
71 225
71 225
71 225
71 225
71 225
71 225
71 225
71 225
71 225
71 225
71 225
71 225
72 218
72 218
72 218
72 218
72 218
72 218
72 218
12 364
12 364
12 364
12 364
12 364
12 364
12 364
12 364
12 364
12 364
12 364
12 364
12 364
12 364
12 364
54 677
54 677
54 677
54 677
54 677
54 677
54 677
54 677
54 677
54 677
54 677
54 677
54 677
54 677
54 677
54 677
54 677
54 677
54 677
54 677
54 677
54 677
54 677
54 677
54 677
54 677
54 677
54 677
54 677
54 677
55 668
55 668
55 668
55 668
55 668
55 668
55 668
55 668
55 668
55 668
55 668
55 668
55 668
55 668
55 668
55 668
55 668
55 668
55 668
55 668
55 668
55 668
55 668
55 668
55 668
78 495
78 495
78 495
78 495
78 495
46 544
46 544
46 544
46 544
46 544
46 544
46 544
46 544
46 544
46 544
46 544
46 544
46 544
46 544
46 544
46 544
46 544
46 544
46 544
46 544
46 544
46 544
54 478
54 478
54 478
54 478
54 478
54 478
54 478
54 478
54 478
54 478
54 478
54 478
54 478
54 478
54 478
54 478
54 478
54 478
54 478
54 478
54 478
54 478
54 478
54 478
54 478
54 478
54 478
54 478
54 478
54 478
55 474
55 474
55 474
55 474
55 474
55 474
55 474
55 474
55 474
55 474
55 474
55 474
55 474
55 474
55 474
55 474
55 474
55 474
55 474
55 474
55 474
55 474
55 474
55 474
55 474
6 551
6 551
6 551
6 551
6 551
6 551
6 551
6 551
10 512
10 512
10 512
10 512
10 512
10 512
10 512
10 512
10 512
10 512
10 512
10 512
10 512
10 512
10 512
10 512
10 512
13 1496
13 1496
13 1496
13 1496
13 1496
13 1496
13 1496
13 1496
13 1496
13 1496
13 1496
13 1496
13 1496
13 1496
13 1496
13 1496
13 1496
13 1496
13 1496
13 1496
13 1496
13 997
13 997
13 997
13 997
13 997
13 997
13 997
13 997
13 997
13 997
13 997
13 997
13 997
13 997
13 997
13 997
13 997
13 997
13 997
13 997
13 997
71 543
71 543
71 543
71 543
71 543
71 543
71 543
71 543
71 543
71 543
71 543
71 543
71 543
71 543
71 543
71 543
71 543
71 543
71 543
71 543
71 543
71 543
71 543
71 543
71 543
71 543
72 598
72 598
72 598
72 598
72 598
72 598
72 598
78 595
78 595
78 595
78 595
78 595
46 561
46 561
46 561
46 561
46 561
46 561
46 561
46 561
46 561
46 561
46 561
46 561
46 561
46 561
46 561
46 561
46 561
46 561
46 561
46 561
46 561
46 561
54 590
54 590
54 590
54 590
54 590
54 590
54 590
54 590
54 590
54 590
54 590
54 590
54 590
54 590
54 590
54 590
54 590
54 590
54 590
54 590
54 590
54 590
54 590
54 590
54 590
54 590
54 590
54 590
54 590
54 590
4 1139
4 1139
4 1139
4 1139
4 1139
4 1139
4 1139
4 1139
4 1139
4 1139
4 1139
4 1139
4 1139
4 1139
12 1060
12 1060
12 1060
12 1060
12 1060
12 1060
12 1060
12 1060
12 1060
12 1060
12 1060
12 1060
12 1060
12 1060
12 1060
13 1051
13 1051
13 1051
13 1051
13 1051
13 1051
13 1051
13 1051
13 1051
13 1051
13 1051
13 1051
13 1051
13 1051
13 1051
13 1051
13 1051
13 1051
13 1051
13 1051
13 1051
102 1165
102 1165
102 1165
102 1165
102 1165
102 1165
102 1165
102 1165
102 1165
102 1165
102 1165
102 1165
102 1165
102 1165
102 1165
102 1165
102 1165
102 1165
102 1165
102 1165
102 1165
102 1165
102 1165
102 1165
91 1276
91 1276
91 1276
91 1276
91 1276
91 1276
91 1276
91 1276
91 1276
91 1276
91 1276
90 1286
90 1286
90 1286
90 1286
90 1286
90 1286
90 1286
90 1286
90 1286
90 1286
90 1286
90 1286
90 1286
90 1286
90 1286
90 1286
90 1286
90 1286
90 1286
90 1286
90 1286
90 1286
90 1286
90 1286
90 1286
90 1286
90 1286
79 1397
79 1397
79 1397
79 1397
79 1397
79 1397
79 1397
79 1397
79 1397
79 1397
79 1397
79 1397
79 1397
79 1397
79 1397
79 1397
79 1397
79 1397
83 1357
83 1357
83 1357
83 1357
83 1357
83 1357
83 1357
83 1357
83 1357
83 1357
83 1357
83 1357
19 2026
19 2026
19 2026
19 2026
19 2026
19 2026
19 2026
19 2026
19 2026
19 2026
19 2026
19 2026
19 2026
19 2026
19 2026
19 2026
19 2026
19 2026
19 2026
19 2026
19 2026
19 2026
19 2026
19 1526
19 1526
19 1526
19 1526
19 1526
19 1526
19 1526
19 1526
19 1526
19 1526
19 1526
19 1526
19 1526
19 1526
19 1526
19 1526
19 1526
19 1526
19 1526
19 1526
19 1526
19 1526
19 1526
19 1030
19 1030
19 1030
19 1030
19 1030
19 1030
19 1030
19 1030
19 1030
19 1030
19 1030
19 1030
19 1030
19 1030
19 1030
19 1030
19 1030
19 1030
19 1030
19 1030
19 1030
19 1030
19 1030
6 669
6 669
6 669
6 669
6 669
6 669
6 669
6 669
23 1004
23 1004
23 1004
23 1004
23 1004
23 1004
23 1004
23 1004
23 1004
23 1004
23 1004
23 1004
23 1004
23 1004
23 1004
23 1004
23 1004
23 1004
23 1004
55 714
55 714
55 714
55 714
55 714
55 714
55 714
55 714
55 714
55 714
55 714
55 714
55 714
55 714
55 714
55 714
55 714
55 714
55 714
55 714
55 714
55 714
55 714
55 714
55 714
10 702
10 702
10 702
10 702
10 702
10 702
10 702
10 702
10 702
10 702
10 702
10 702
10 702
10 702
10 702
10 702
10 702
79 1064
79 1064
79 1064
79 1064
79 1064
79 1064
79 1064
79 1064
79 1064
79 1064
79 1064
79 1064
79 1064
79 1064
79 1064
79 1064
79 1064
79 1064
83 1024
83 1024
83 1024
83 1024
83 1024
83 1024
83 1024
83 1024
83 1024
83 1024
83 1024
83 1024
19 685
19 685
19 685
19 685
19 685
19 685
19 685
19 685
19 685
19 685
19 685
19 685
19 685
19 685
19 685
19 685
19 685
19 685
19 685
19 685
19 685
19 685
19 685
72 674
72 674
72 674
72 674
72 674
72 674
72 674
71 694
71 694
71 694
71 694
71 694
71 694
71 694
71 694
71 694
71 694
71 694
71 694
71 694
71 694
71 694
71 694
71 694
71 694
71 694
71 694
71 694
71 694
71 694
71 694
71 694
71 694
90 1012
90 1012
90 1012
90 1012
90 1012
90 1012
90 1012
90 1012
90 1012
90 1012
90 1012
90 1012
90 1012
90 1012
90 1012
90 1012
90 1012
90 1012
90 1012
90 1012
90 1012
90 1012
90 1012
90 1012
90 1012
90 1012
90 1012
78 713
78 713
78 713
78 713
78 713
91 1085
91 1085
91 1085
91 1085
91 1085
91 1085
91 1085
91 1085
91 1085
91 1085
91 1085
102 1117
102 1117
102 1117
102 1117
102 1117
102 1117
102 1117
102 1117
102 1117
102 1117
102 1117
102 1117
102 1117
102 1117
102 1117
102 1117
102 1117
102 1117
102 1117
102 1117
102 1117
102 1117
102 1117
102 1117
46 778
46 778
46 778
46 778
46 778
46 778
46 778
46 778
46 778
46 778
46 778
46 778
46 778
46 778
46 778
46 778
46 778
46 778
46 778
46 778
46 778
46 778
54 772
54 772
54 772
54 772
54 772
54 772
54 772
54 772
54 772
54 772
54 772
54 772
54 772
54 772
54 772
54 772
54 772
54 772
54 772
54 772
54 772
54 772
54 772
54 772
54 772
54 772
54 772
54 772
54 772
54 772
12 1192
12 1192
12 1192
12 1192
12 1192
12 1192
12 1192
12 1192
12 1192
12 1192
12 1192
12 1192
12 1192
12 1192
12 1192
55 768
55 768
55 768
55 768
55 768
55 768
55 768
55 768
55 768
55 768
55 768
55 768
55 768
55 768
55 768
55 768
55 768
55 768
55 768
55 768
55 768
55 768
55 768
55 768
55 768
6 765
6 765
6 765
6 765
6 765
6 765
6 765
6 765
13 1243
13 1243
13 1243
13 1243
13 1243
13 1243
13 1243
13 1243
13 1243
13 1243
13 1243
13 1243
13 1243
13 1243
13 1243
13 1243
13 1243
13 1243
13 1243
13 1243
13 1243
10 774
10 774
10 774
10 774
10 774
10 774
10 774
10 774
10 774
10 774
10 774
10 774
10 774
10 774
10 774
10 774
10 774
4 1359
4 1359
4 1359
4 1359
4 1359
4 1359
4 1359
4 1359
4 1359
4 1359
4 1359
4 1359
4 1359
4 1359
19 832
19 832
19 832
19 832
19 832
19 832
19 832
19 832
19 832
19 832
19 832
19 832
19 832
19 832
19 832
19 832
19 832
19 832
19 832
19 832
19 832
19 832
19 832
71 815
71 815
71 815
71 815
71 815
71 815
71 815
71 815
71 815
71 815
71 815
71 815
71 815
71 815
71 815
71 815
71 815
71 815
71 815
71 815
71 815
71 815
71 815
71 815
71 815
71 815
72 806
72 806
72 806
72 806
72 806
72 806
72 806
78 846
78 846
78 846
78 846
78 846
79 1348
79 1348
79 1348
79 1348
79 1348
79 1348
79 1348
79 1348
79 1348
79 1348
79 1348
79 1348
79 1348
79 1348
79 1348
79 1348
79 1348
79 1348
31 2890
31 2890
31 2890
31 2890
31 2890
31 2890
31 2890
31 2890
31 2890
31 2390
31 2390
31 2390
31 2390
31 2390
31 2390
31 2390
31 2390
31 2390
31 1890
31 1890
31 1890
31 1890
31 1890
31 1890
31 1890
31 1890
31 1890
31 892
31 892
31 892
31 892
31 892
31 892
31 892
31 892
31 892
83 1375
83 1375
83 1375
83 1375
83 1375
83 1375
83 1375
83 1375
83 1375
83 1375
83 1375
83 1375
90 1385
90 1385
90 1385
90 1385
90 1385
90 1385
90 1385
90 1385
90 1385
90 1385
90 1385
90 1385
90 1385
90 1385
90 1385
90 1385
90 1385
90 1385
90 1385
90 1385
90 1385
90 1385
90 1385
90 1385
90 1385
90 1385
90 1385
91 1409
91 1409
91 1409
91 1409
91 1409
91 1409
91 1409
91 1409
91 1409
91 1409
91 1409
46 909
46 909
46 909
46 909
46 909
46 909
46 909
46 909
46 909
46 909
46 909
46 909
46 909
46 909
46 909
46 909
46 909
46 909
46 909
46 909
46 909
46 909
54 908
54 908
54 908
54 908
54 908
54 908
54 908
54 908
54 908
54 908
54 908
54 908
54 908
54 908
54 908
54 908
54 908
54 908
54 908
54 908
54 908
54 908
54 908
54 908
54 908
54 908
54 908
54 908
54 908
54 908
55 971
55 971
55 971
55 971
55 971
55 971
55 971
55 971
55 971
55 971
55 971
55 971
55 971
55 971
55 971
55 971
55 971
55 971
55 971
55 971
55 971
55 971
55 971
55 971
55 971
6 985
6 985
6 985
6 985
6 985
6 985
6 985
6 985
102 1535
102 1535
102 1535
102 1535
102 1535
102 1535
102 1535
102 1535
102 1535
102 1535
102 1535
102 1535
102 1535
102 1535
102 1535
102 1535
102 1535
102 1535
102 1535
102 1535
102 1535
102 1535
102 1535
102 1535
10 956
10 956
10 956
10 956
10 956
10 956
10 956
10 956
10 956
10 956
10 956
10 956
10 956
10 956
10 956
10 956
10 956
4 1569
4 1569
4 1569
4 1569
4 1569
4 1569
4 1569
4 1569
4 1569
4 1569
4 1569
4 1569
4 1569
4 1569
12 1625
12 1625
12 1625
12 1625
12 1625
12 1625
12 1625
12 1625
12 1625
12 1625
12 1625
12 1625
12 1625
12 1625
12 1625
13 1638
13 1638
13 1638
13 1638
13 1638
13 1638
13 1638
13 1638
13 1638
13 1638
13 1638
13 1638
13 1638
13 1638
13 1638
13 1638
13 1638
13 1638
13 1638
13 1638
13 1638
19 1079
19 1079
19 1079
19 1079
19 1079
19 1079
19 1079
19 1079
19 1079
19 1079
19 1079
19 1079
19 1079
19 1079
19 1079
19 1079
19 1079
19 1079
19 1079
19 1079
19 1079
19 1079
19 1079
71 1067
71 1067
71 1067
71 1067
71 1067
71 1067
71 1067
71 1067
71 1067
71 1067
71 1067
71 1067
71 1067
71 1067
71 1067
71 1067
71 1067
71 1067
71 1067
71 1067
71 1067
71 1067
71 1067
71 1067
71 1067
71 1067
72 1064
72 1064
72 1064
72 1064
72 1064
72 1064
72 1064
23 2082
23 2082
23 2082
23 2082
23 2082
23 2082
23 2082
23 2082
23 2082
23 2082
23 2082
23 2082
23 2082
23 2082
23 2082
23 2082
23 2082
23 2082
23 2082
78 1049
78 1049
78 1049
78 1049
78 1049
31 1054
31 1054
31 1054
31 1054
31 1054
31 1054
31 1054
31 1054
31 1054
79 1756
79 1756
79 1756
79 1756
79 1756
79 1756
79 1756
79 1756
79 1756
79 1756
79 1756
79 1756
79 1756
79 1756
79 1756
79 1756
79 1756
79 1756
46 1129
46 1129
46 1129
46 1129
46 1129
46 1129
46 1129
46 1129
46 1129
46 1129
46 1129
46 1129
46 1129
46 1129
46 1129
46 1129
46 1129
46 1129
46 1129
46 1129
46 1129
46 1129
83 1845
83 1845
83 1845
83 1845
83 1845
83 1845
83 1845
83 1845
83 1845
83 1845
83 1845
83 1845
54 1178
54 1178
54 1178
54 1178
54 1178
54 1178
54 1178
54 1178
54 1178
54 1178
54 1178
54 1178
54 1178
54 1178
54 1178
54 1178
54 1178
54 1178
54 1178
54 1178
54 1178
54 1178
54 1178
54 1178
54 1178
54 1178
54 1178
54 1178
54 1178
54 1178
55 1179
55 1179
55 1179
55 1179
55 1179
55 1179
55 1179
55 1179
55 1179
55 1179
55 1179
55 1179
55 1179
55 1179
55 1179
55 1179
55 1179
55 1179
55 1179
55 1179
55 1179
55 1179
55 1179
55 1179
55 1179
90 1876
90 1876
90 1876
90 1876
90 1876
90 1876
90 1876
90 1876
90 1876
90 1876
90 1876
90 1876
90 1876
90 1876
90 1876
90 1876
90 1876
90 1876
90 1876
90 1876
90 1876
90 1876
90 1876
90 1876
90 1876
90 1876
90 1876
91 1886
91 1886
91 1886
91 1886
91 1886
91 1886
91 1886
91 1886
91 1886
91 1886
91 1886
71 1209
71 1209
71 1209
71 1209
71 1209
71 1209
71 1209
71 1209
71 1209
71 1209
71 1209
71 1209
71 1209
71 1209
71 1209
71 1209
71 1209
71 1209
71 1209
71 1209
71 1209
71 1209
71 1209
71 1209
71 1209
71 1209
72 1208
72 1208
72 1208
72 1208
72 1208
72 1208
72 1208
78 1188
78 1188
78 1188
78 1188
78 1188
102 2007
102 2007
102 2007
102 2007
102 2007
102 2007
102 2007
102 2007
102 2007
102 2007
102 2007
102 2007
102 2007
102 2007
102 2007
102 2007
102 2007
102 2007
102 2007
102 2007
102 2007
102 2007
102 2007
102 2007
