21 90
21 90
21 90
21 90
21 90
21 90
21 90
21 90
21 90
21 90
21 90
21 90
21 90
21 90
21 90
21 90
21 90
21 90
21 90
21 90
21 90
21 90
11 192
11 192
11 192
11 192
11 192
11 192
11 192
11 192
11 192
11 192
11 192
11 192
17 132
17 132
17 132
17 132
17 132
17 132
17 132
17 132
17 132
17 132
17 132
17 132
17 132
17 132
17 132
17 132
17 132
17 132
17 132
17 132
17 132
17 132
17 132
17 132
17 132
24 76
24 76
24 76
24 76
4 369
4 369
4 369
4 369
4 369
4 369
4 369
37 103
37 103
37 103
37 103
37 103
34 258
34 258
34 258
34 258
34 258
34 258
34 258
34 258
34 258
34 258
34 258
34 258
34 258
34 258
34 258
34 258
34 258
34 258
29 323
29 323
29 323
29 323
29 323
29 323
29 323
29 323
29 323
8 167
8 167
8 167
8 167
8 167
8 167
8 167
8 167
8 167
8 167
8 167
8 167
8 167
8 167
8 167
8 167
8 167
8 167
8 167
8 167
8 167
8 167
8 167
8 167
8 167
8 167
8 167
11 179
11 179
11 179
11 179
11 179
11 179
11 179
11 179
11 179
11 179
11 179
11 179
17 192
17 192
17 192
17 192
17 192
17 192
17 192
17 192
17 192
17 192
17 192
17 192
17 192
17 192
17 192
17 192
17 192
17 192
17 192
17 192
17 192
17 192
17 192
17 192
17 192
21 176
21 176
21 176
21 176
21 176
21 176
21 176
21 176
21 176
21 176
21 176
21 176
21 176
21 176
21 176
21 176
21 176
21 176
21 176
21 176
21 176
21 176
24 187
24 187
24 187
24 187
37 266
37 266
37 266
37 266
37 266
93 289
93 289
93 289
93 289
93 289
93 289
93 289
93 289
93 289
93 289
93 289
93 289
93 289
93 289
93 289
93 289
93 289
93 289
93 289
93 289
93 289
93 289
93 289
80 438
80 438
80 438
80 438
80 438
80 438
80 438
80 438
80 438
80 438
80 438
80 438
80 438
80 438
80 438
80 438
80 438
80 438
80 438
80 438
80 438
95 317
95 317
95 317
95 317
95 317
95 317
95 317
95 317
95 317
95 317
95 317
95 317
95 317
95 317
95 317
95 317
95 317
95 317
95 317
95 317
95 317
95 317
95 317
95 317
95 317
95 317
95 317
95 317
95 317
34 427
34 427
34 427
34 427
34 427
34 427
34 427
34 427
34 427
34 427
34 427
34 427
34 427
34 427
34 427
34 427
34 427
34 427
86 426
86 426
86 426
86 426
86 426
86 426
86 426
86 426
86 426
86 426
86 426
86 426
86 426
86 426
86 426
86 426
86 426
86 426
86 426
86 426
86 426
86 426
86 426
86 426
86 426
86 426
86 426
86 426
9 1197
9 1197
9 1197
9 1197
9 1197
9 1197
9 697
9 697
9 697
9 697
9 697
9 697
58 709
98 313
98 313
98 313
98 313
98 313
98 313
98 313
98 313
98 313
98 313
98 313
98 313
98 313
98 313
98 313
98 313
98 313
98 313
98 313
98 313
98 313
98 313
98 313
98 313
98 313
98 313
98 313
98 313
98 313
98 313
8 271
8 271
8 271
8 271
8 271
8 271
8 271
8 271
8 271
8 271
8 271
8 271
8 271
8 271
8 271
8 271
8 271
8 271
8 271
8 271
8 271
8 271
8 271
8 271
8 271
8 271
8 271
58 299
9 331
9 331
9 331
9 331
9 331
9 331
11 322
11 322
11 322
11 322
11 322
11 322
11 322
11 322
11 322
11 322
11 322
11 322
17 373
17 373
17 373
17 373
17 373
17 373
17 373
17 373
17 373
17 373
17 373
17 373
17 373
17 373
17 373
17 373
17 373
17 373
17 373
17 373
17 373
17 373
17 373
17 373
17 373
29 822
29 822
29 822
29 822
29 822
29 822
29 822
29 822
29 822
21 448
21 448
21 448
21 448
21 448
21 448
21 448
21 448
21 448
21 448
21 448
21 448
21 448
21 448
21 448
21 448
21 448
21 448
21 448
21 448
21 448
21 448
4 629
4 629
4 629
4 629
4 629
4 629
4 629
24 449
24 449
24 449
24 449
80 439
80 439
80 439
80 439
80 439
80 439
80 439
80 439
80 439
80 439
80 439
80 439
80 439
80 439
80 439
80 439
80 439
80 439
80 439
80 439
80 439
34 450
34 450
34 450
34 450
34 450
34 450
34 450
34 450
34 450
34 450
34 450
34 450
34 450
34 450
34 450
34 450
34 450
34 450
37 442
37 442
37 442
37 442
37 442
86 488
86 488
86 488
86 488
86 488
86 488
86 488
86 488
86 488
86 488
86 488
86 488
86 488
86 488
86 488
86 488
86 488
86 488
86 488
86 488
86 488
86 488
86 488
86 488
86 488
86 488
86 488
86 488
93 489
93 489
93 489
93 489
93 489
93 489
93 489
93 489
93 489
93 489
93 489
93 489
93 489
93 489
93 489
93 489
93 489
93 489
93 489
93 489
93 489
93 489
93 489
95 473
95 473
95 473
95 473
95 473
95 473
95 473
95 473
95 473
95 473
95 473
95 473
95 473
95 473
95 473
95 473
95 473
95 473
95 473
95 473
95 473
95 473
95 473
95 473
95 473
95 473
95 473
95 473
95 473
98 522
98 522
98 522
98 522
98 522
98 522
98 522
98 522
98 522
98 522
98 522
98 522
98 522
98 522
98 522
98 522
98 522
98 522
98 522
98 522
98 522
98 522
98 522
98 522
98 522
98 522
98 522
98 522
98 522
98 522
58 523
29 877
29 877
29 877
29 877
29 877
29 877
29 877
29 877
29 877
9 595
9 595
9 595
9 595
9 595
9 595
11 592
11 592
11 592
11 592
11 592
11 592
11 592
11 592
11 592
11 592
11 592
11 592
17 577
17 577
17 577
17 577
17 577
17 577
17 577
17 577
17 577
17 577
17 577
17 577
17 577
17 577
17 577
17 577
17 577
17 577
17 577
17 577
17 577
17 577
17 577
17 577
17 577
21 586
21 586
21 586
21 586
21 586
21 586
21 586
21 586
21 586
21 586
21 586
21 586
21 586
21 586
21 586
21 586
21 586
21 586
21 586
21 586
21 586
21 586
24 617
24 617
24 617
24 617
29 702
29 702
29 702
29 702
29 702
29 702
29 702
29 702
29 702
37 650
37 650
37 650
37 650
37 650
86 663
86 663
86 663
86 663
86 663
86 663
86 663
86 663
86 663
86 663
86 663
86 663
86 663
86 663
86 663
86 663
86 663
86 663
86 663
86 663
86 663
86 663
86 663
86 663
86 663
86 663
86 663
86 663
93 726
93 726
93 726
93 726
93 726
93 726
93 726
93 726
93 726
93 726
93 726
93 726
93 726
93 726
93 726
93 726
93 726
93 726
93 726
93 726
93 726
93 726
93 726
95 727
95 727
95 727
95 727
95 727
95 727
95 727
95 727
95 727
95 727
95 727
95 727
95 727
95 727
95 727
95 727
95 727
95 727
95 727
95 727
95 727
95 727
95 727
95 727
95 727
95 727
95 727
95 727
95 727
98 720
98 720
98 720
98 720
98 720
98 720
98 720
98 720
98 720
98 720
98 720
98 720
98 720
98 720
98 720
98 720
98 720
98 720
98 720
98 720
98 720
98 720
98 720
98 720
98 720
98 720
98 720
98 720
98 720
98 720
80 913
80 913
80 913
80 913
80 913
80 913
80 913
80 913
80 913
80 913
80 913
80 913
80 913
80 913
80 913
80 913
80 913
80 913
80 913
80 913
80 913
8 1148
8 1148
8 1148
8 1148
8 1148
8 1148
8 1148
8 1148
8 1148
8 1148
8 1148
8 1148
8 1148
8 1148
8 1148
8 1148
8 1148
8 1148
8 1148
8 1148
8 1148
8 1148
8 1148
8 1148
8 1148
8 1148
8 1148
7 2721
7 2721
7 2721
7 2721
7 2721
7 2721
7 2721
7 2721
7 2721
7 2721
7 2721
7 2721
7 2721
7 2721
7 2721
7 2721
7 2721
7 2721
7 2721
7 2721
7 2237
7 2237
7 2237
7 2237
7 2237
7 2237
7 2237
7 2237
7 2237
7 2237
7 2237
7 2237
7 2237
7 2237
7 2237
7 2237
7 2237
7 2237
7 2237
7 2237
7 1743
7 1743
7 1743
7 1743
7 1743
7 1743
7 1743
7 1743
7 1743
7 1743
7 1743
7 1743
7 1743
7 1743
7 1743
7 1743
7 1743
7 1743
7 1743
7 1743
67 1146
67 1146
67 1146
67 1146
67 1146
67 1146
67 1146
67 1146
67 1146
67 1146
67 1146
67 1146
67 1146
67 1146
67 1146
9 744
9 744
9 744
9 744
9 744
9 744
11 747
11 747
11 747
11 747
11 747
11 747
11 747
11 747
11 747
11 747
11 747
11 747
67 742
67 742
67 742
67 742
67 742
67 742
67 742
67 742
67 742
67 742
67 742
67 742
67 742
67 742
67 742
17 760
17 760
17 760
17 760
17 760
17 760
17 760
17 760
17 760
17 760
17 760
17 760
17 760
17 760
17 760
17 760
17 760
17 760
17 760
17 760
17 760
17 760
17 760
17 760
17 760
80 652
80 652
80 652
80 652
80 652
80 652
80 652
80 652
80 652
80 652
80 652
80 652
80 652
80 652
80 652
80 652
80 652
80 652
80 652
80 652
80 652
21 782
21 782
21 782
21 782
21 782
21 782
21 782
21 782
21 782
21 782
21 782
21 782
21 782
21 782
21 782
21 782
21 782
21 782
21 782
21 782
21 782
21 782
24 805
24 805
24 805
24 805
29 832
29 832
29 832
29 832
29 832
29 832
29 832
29 832
29 832
86 854
86 854
86 854
86 854
86 854
86 854
86 854
86 854
86 854
86 854
86 854
86 854
86 854
86 854
86 854
86 854
86 854
86 854
86 854
86 854
86 854
86 854
86 854
86 854
86 854
86 854
86 854
86 854
7 1151
7 1151
7 1151
7 1151
7 1151
7 1151
7 1151
7 1151
7 1151
7 1151
7 1151
7 1151
7 1151
7 1151
7 1151
7 1151
7 1151
7 1151
7 1151
7 1151
37 853
37 853
37 853
37 853
37 853
95 875
95 875
95 875
95 875
95 875
95 875
95 875
95 875
95 875
95 875
95 875
95 875
95 875
95 875
95 875
95 875
95 875
95 875
95 875
95 875
95 875
95 875
95 875
95 875
95 875
95 875
95 875
95 875
95 875
93 915
93 915
93 915
93 915
93 915
93 915
93 915
93 915
93 915
93 915
93 915
93 915
93 915
93 915
93 915
93 915
93 915
93 915
93 915
93 915
93 915
93 915
93 915
34 1022
34 1022
34 1022
34 1022
34 1022
34 1022
34 1022
34 1022
34 1022
34 1022
34 1022
34 1022
34 1022
34 1022
34 1022
34 1022
34 1022
34 1022
98 905
98 905
98 905
98 905
98 905
98 905
98 905
98 905
98 905
98 905
98 905
98 905
98 905
98 905
98 905
98 905
98 905
98 905
98 905
98 905
98 905
98 905
98 905
98 905
98 905
98 905
98 905
98 905
98 905
98 905
64 2784
64 2784
64 2784
47 2956
47 2956
75 1179
75 1179
75 1179
75 1179
75 1179
75 1179
75 1179
75 1179
54 2898
54 2898
54 2898
54 2898
54 2898
54 2898
54 2898
54 2898
54 2898
54 2898
54 2898
54 2898
54 2898
54 2898
54 2898
54 2898
54 2898
54 2898
54 2898
4 914
4 914
4 914
4 914
4 914
4 914
4 914
77 1194
77 1194
77 1194
77 1194
77 1194
77 1194
77 1194
77 1194
77 1194
77 1194
79 1224
79 1224
79 1224
79 1224
79 1224
79 1224
79 1224
79 1224
79 1224
79 1224
79 1224
79 1224
79 1224
79 1224
79 1224
79 1224
79 1224
79 1224
79 1224
79 1224
79 1224
79 1224
79 1224
79 1224
9 945
9 945
9 945
9 945
9 945
9 945
11 962
11 962
11 962
11 962
11 962
11 962
11 962
11 962
11 962
11 962
11 962
11 962
87 1255
87 1255
87 1255
87 1255
87 1255
87 1255
87 1255
87 1255
87 1255
87 1255
87 1255
87 1255
87 1255
87 1255
87 1255
87 1255
87 1255
58 1075
80 864
80 864
80 864
80 864
80 864
80 864
80 864
80 864
80 864
80 864
80 864
80 864
80 864
80 864
80 864
80 864
80 864
80 864
80 864
80 864
80 864
17 997
17 997
17 997
17 997
17 997
17 997
17 997
17 997
17 997
17 997
17 997
17 997
17 997
17 997
17 997
17 997
17 997
17 997
17 997
17 997
17 997
17 997
17 997
17 997
17 997
91 1266
91 1266
91 1266
91 1266
91 1266
91 1266
91 1266
91 1266
91 1266
91 1266
91 1266
91 1266
91 1266
21 1006
21 1006
21 1006
21 1006
21 1006
21 1006
21 1006
21 1006
21 1006
21 1006
21 1006
21 1006
21 1006
21 1006
21 1006
21 1006
21 1006
21 1006
21 1006
21 1006
21 1006
21 1006
67 1048
67 1048
67 1048
67 1048
67 1048
67 1048
67 1048
67 1048
67 1048
67 1048
67 1048
67 1048
67 1048
67 1048
67 1048
24 1012
24 1012
24 1012
24 1012
47 1292
47 1292
7 1197
7 1197
7 1197
7 1197
7 1197
7 1197
7 1197
7 1197
7 1197
7 1197
7 1197
7 1197
7 1197
7 1197
7 1197
7 1197
7 1197
7 1197
7 1197
7 1197
102 1318
102 1318
102 1318
102 1318
102 1318
102 1318
102 1318
102 1318
102 1318
102 1318
102 1318
54 1321
54 1321
54 1321
54 1321
54 1321
54 1321
54 1321
54 1321
54 1321
54 1321
54 1321
54 1321
54 1321
54 1321
54 1321
54 1321
54 1321
54 1321
54 1321
86 1063
86 1063
86 1063
86 1063
86 1063
86 1063
86 1063
86 1063
86 1063
86 1063
86 1063
86 1063
86 1063
86 1063
86 1063
86 1063
86 1063
86 1063
86 1063
86 1063
86 1063
86 1063
86 1063
86 1063
86 1063
86 1063
86 1063
86 1063
37 1055
37 1055
37 1055
37 1055
37 1055
64 1373
64 1373
64 1373
29 1242
29 1242
29 1242
29 1242
29 1242
29 1242
29 1242
29 1242
29 1242
65 1398
65 1398
65 1398
65 1398
65 1398
65 1398
65 1398
65 1398
65 1398
65 1398
65 1398
65 1398
65 1398
65 1398
65 1398
65 1398
65 1398
65 1398
65 1398
65 1398
65 1398
65 1398
65 1398
65 1398
65 1398
65 1398
93 1135
93 1135
93 1135
93 1135
93 1135
93 1135
93 1135
93 1135
93 1135
93 1135
93 1135
93 1135
93 1135
93 1135
93 1135
93 1135
93 1135
93 1135
93 1135
93 1135
93 1135
93 1135
93 1135
98 1142
98 1142
98 1142
98 1142
98 1142
98 1142
98 1142
98 1142
98 1142
98 1142
98 1142
98 1142
98 1142
98 1142
98 1142
98 1142
98 1142
98 1142
98 1142
98 1142
98 1142
98 1142
98 1142
98 1142
98 1142
98 1142
98 1142
98 1142
98 1142
98 1142
95 1215
95 1215
95 1215
95 1215
95 1215
95 1215
95 1215
95 1215
95 1215
95 1215
95 1215
95 1215
95 1215
95 1215
95 1215
95 1215
95 1215
95 1215
95 1215
95 1215
95 1215
95 1215
95 1215
95 1215
95 1215
95 1215
95 1215
95 1215
95 1215
75 1441
75 1441
75 1441
75 1441
75 1441
75 1441
75 1441
75 1441
80 910
80 910
80 910
80 910
80 910
80 910
80 910
80 910
80 910
80 910
80 910
80 910
80 910
80 910
80 910
80 910
80 910
80 910
80 910
80 910
80 910
77 1454
77 1454
77 1454
77 1454
77 1454
77 1454
77 1454
77 1454
77 1454
77 1454
79 1456
79 1456
79 1456
79 1456
79 1456
79 1456
79 1456
79 1456
79 1456
79 1456
79 1456
79 1456
79 1456
79 1456
79 1456
79 1456
79 1456
79 1456
79 1456
79 1456
79 1456
79 1456
79 1456
79 1456
87 1497
87 1497
87 1497
87 1497
87 1497
87 1497
87 1497
87 1497
87 1497
87 1497
87 1497
87 1497
87 1497
87 1497
87 1497
87 1497
87 1497
91 1514
91 1514
91 1514
91 1514
91 1514
91 1514
91 1514
91 1514
91 1514
91 1514
91 1514
91 1514
91 1514
67 1272
67 1272
67 1272
67 1272
67 1272
67 1272
67 1272
67 1272
67 1272
67 1272
67 1272
67 1272
67 1272
67 1272
67 1272
58 1388
102 1567
102 1567
102 1567
102 1567
102 1567
102 1567
102 1567
102 1567
102 1567
102 1567
102 1567
86 1314
86 1314
86 1314
86 1314
86 1314
86 1314
86 1314
86 1314
86 1314
86 1314
86 1314
86 1314
86 1314
86 1314
86 1314
86 1314
86 1314
86 1314
86 1314
86 1314
86 1314
86 1314
86 1314
86 1314
86 1314
86 1314
86 1314
86 1314
93 1330
93 1330
93 1330
93 1330
93 1330
93 1330
93 1330
93 1330
93 1330
93 1330
93 1330
93 1330
93 1330
93 1330
93 1330
93 1330
93 1330
93 1330
93 1330
93 1330
93 1330
93 1330
93 1330
95 1344
95 1344
95 1344
95 1344
95 1344
95 1344
95 1344
95 1344
95 1344
95 1344
95 1344
95 1344
95 1344
95 1344
95 1344
95 1344
95 1344
95 1344
95 1344
95 1344
95 1344
95 1344
95 1344
95 1344
95 1344
95 1344
95 1344
95 1344
95 1344
98 1332
98 1332
98 1332
98 1332
98 1332
98 1332
98 1332
98 1332
98 1332
98 1332
98 1332
98 1332
98 1332
98 1332
98 1332
98 1332
98 1332
98 1332
98 1332
98 1332
98 1332
98 1332
98 1332
98 1332
98 1332
98 1332
98 1332
98 1332
98 1332
98 1332
