1 2 2
2 3 2
3 3 2
4 2 2
5 3 2
6 3 2
7 2 2
8 1 1
9 4 3
10 1 1
11 3 2
12 4 3
13 3 3
14 2 1
15 4 1
16 3 1
17 1 1
18 4 1
19 4 1
20 2 1
21 3 1
22 2 1
23 4 1
24 3 1
25 3 1
26 4 1
27 3 1
28 3 1
29 4 1
30 4 1
31 3 1
32 3 1
33 1 1
34 4 1
35 1 1
36 2 1
37 3 1
38 4 1
39 1 1
40 1 1
41 4 3
42 1 1
43 3 2
44 3 2
45 1 1
46 1 1
47 3 2
48 3 2
49 1 1
50 2 2
51 1 1
52 4 3
53 1 1
54 2 2
55 3 2
56 3 2
57 4 3
58 3 2
59 2 2
60 4 3
61 4 3
62 2 2
63 4 3
64 4 3
65 3 2
66 1 1
67 3 2
68 2 2
69 4 3
70 1 1
71 3 2
72 2 2
73 4 3
74 3 2
75 4 3
76 4 3
77 1 1
78 3 2
79 3 2
80 3 2
81 4 3
82 3 2
83 3 2
84 3 3
85 2 3
86 1 1
87 3 3
88 4 3
89 2 3
90 4 3
91 3 3
92 4 3
93 3 3
94 1 1
95 3 3
96 3 3
97 2 3
98 4 3
99 4 3
100 4 3
