13 214
13 214
13 214
13 214
13 214
13 214
13 214
13 214
13 214
13 214
13 214
13 214
13 214
13 214
13 214
13 214
13 214
13 214
25 118
27 98
27 98
27 98
27 98
27 98
27 98
27 98
27 98
27 98
27 98
27 98
27 98
27 98
35 209
35 209
35 209
35 209
35 209
35 209
35 209
35 209
35 209
35 209
35 209
35 209
35 209
35 209
35 209
35 209
35 209
35 209
35 209
35 209
35 209
35 209
35 209
35 209
35 209
35 209
35 209
58 245
58 245
58 245
58 245
58 245
58 245
58 245
58 245
58 245
58 245
58 245
58 245
58 245
58 245
58 245
58 245
58 245
58 245
58 245
58 245
58 245
58 245
59 287
59 287
59 287
59 287
59 287
59 287
59 287
59 287
59 287
59 287
59 287
59 287
59 287
59 287
59 287
59 287
59 287
59 287
59 287
59 287
59 287
59 287
59 287
59 287
59 287
59 287
59 287
59 287
59 287
13 301
13 301
13 301
13 301
13 301
13 301
13 301
13 301
13 301
13 301
13 301
13 301
13 301
13 301
13 301
13 301
13 301
13 301
56 390
56 390
56 390
56 390
56 390
56 390
56 390
56 390
56 390
56 390
56 390
56 390
56 390
56 390
56 390
56 390
56 390
56 390
56 390
56 390
56 390
56 390
56 390
56 390
56 390
56 390
25 229
27 269
27 269
27 269
27 269
27 269
27 269
27 269
27 269
27 269
27 269
27 269
27 269
27 269
67 380
67 380
67 380
67 380
67 380
67 380
67 380
67 380
67 380
67 380
67 380
67 380
67 380
67 380
74 333
74 333
74 333
74 333
74 333
74 333
74 333
79 288
79 288
79 288
83 259
83 259
83 259
83 259
83 259
83 259
83 259
83 259
83 259
83 259
83 259
83 259
83 259
83 259
83 259
83 259
83 259
83 259
83 259
83 259
83 259
85 318
85 318
85 318
85 318
85 318
85 318
35 371
35 371
35 371
35 371
35 371
35 371
35 371
35 371
35 371
35 371
35 371
35 371
35 371
35 371
35 371
35 371
35 371
35 371
35 371
35 371
35 371
35 371
35 371
35 371
35 371
35 371
35 371
30 1000
30 1000
30 513
30 513
20 1114
20 1114
20 1114
20 1114
20 617
20 617
20 617
20 617
73 587
73 587
73 587
73 587
73 587
73 587
73 587
73 587
73 587
73 587
73 587
73 587
73 587
73 587
73 587
36 977
36 977
36 977
36 977
36 977
36 977
36 977
36 977
36 478
36 478
36 478
36 478
36 478
36 478
36 478
36 478
11 1228
11 1228
11 1228
11 1228
11 1228
11 1228
11 1228
11 1228
11 1228
11 1228
11 1228
11 1228
11 1228
11 1228
11 1228
11 1228
11 1228
11 1228
11 1228
11 1228
11 1228
11 1228
11 1228
11 1228
11 1228
11 1228
11 1228
11 1228
11 728
11 728
11 728
11 728
11 728
11 728
11 728
11 728
11 728
11 728
11 728
11 728
11 728
11 728
11 728
11 728
11 728
11 728
11 728
11 728
11 728
11 728
11 728
11 728
11 728
11 728
11 728
11 728
84 549
84 549
84 549
84 549
84 549
56 434
56 434
56 434
56 434
56 434
56 434
56 434
56 434
56 434
56 434
56 434
56 434
56 434
56 434
56 434
56 434
56 434
56 434
56 434
56 434
56 434
56 434
56 434
56 434
56 434
56 434
58 454
58 454
58 454
58 454
58 454
58 454
58 454
58 454
58 454
58 454
58 454
58 454
58 454
58 454
58 454
58 454
58 454
58 454
58 454
58 454
58 454
58 454
59 462
59 462
59 462
59 462
59 462
59 462
59 462
59 462
59 462
59 462
59 462
59 462
59 462
59 462
59 462
59 462
59 462
59 462
59 462
59 462
59 462
59 462
59 462
59 462
59 462
59 462
59 462
59 462
59 462
11 507
11 507
11 507
11 507
11 507
11 507
11 507
11 507
11 507
11 507
11 507
11 507
11 507
11 507
11 507
11 507
11 507
11 507
11 507
11 507
11 507
11 507
11 507
11 507
11 507
11 507
11 507
11 507
20 447
20 447
20 447
20 447
13 520
13 520
13 520
13 520
13 520
13 520
13 520
13 520
13 520
13 520
13 520
13 520
13 520
13 520
13 520
13 520
13 520
13 520
25 449
27 484
27 484
27 484
27 484
27 484
27 484
27 484
27 484
27 484
27 484
27 484
27 484
27 484
79 504
79 504
79 504
30 510
30 510
73 598
73 598
73 598
73 598
73 598
73 598
73 598
73 598
73 598
73 598
73 598
73 598
73 598
73 598
73 598
67 693
67 693
67 693
67 693
67 693
67 693
67 693
67 693
67 693
67 693
67 693
67 693
67 693
67 693
83 554
83 554
83 554
83 554
83 554
83 554
83 554
83 554
83 554
83 554
83 554
83 554
83 554
83 554
83 554
83 554
83 554
83 554
83 554
83 554
83 554
35 608
35 608
35 608
35 608
35 608
35 608
35 608
35 608
35 608
35 608
35 608
35 608
35 608
35 608
35 608
35 608
35 608
35 608
35 608
35 608
35 608
35 608
35 608
35 608
35 608
35 608
35 608
85 632
85 632
85 632
85 632
85 632
85 632
36 642
36 642
36 642
36 642
36 642
36 642
36 642
36 642
84 713
84 713
84 713
84 713
84 713
74 877
74 877
74 877
74 877
74 877
74 877
74 877
58 641
58 641
58 641
58 641
58 641
58 641
58 641
58 641
58 641
58 641
58 641
58 641
58 641
58 641
58 641
58 641
58 641
58 641
58 641
58 641
58 641
58 641
11 615
11 615
11 615
11 615
11 615
11 615
11 615
11 615
11 615
11 615
11 615
11 615
11 615
11 615
11 615
11 615
11 615
11 615
11 615
11 615
11 615
11 615
11 615
11 615
11 615
11 615
11 615
11 615
13 665
13 665
13 665
13 665
13 665
13 665
13 665
13 665
13 665
13 665
13 665
13 665
13 665
13 665
13 665
13 665
13 665
13 665
109 1265
109 1265
109 1265
109 1265
109 1265
109 1265
109 1265
109 1265
109 1265
109 1265
109 1265
109 1265
109 1265
109 1265
109 1265
109 1265
109 1265
109 1265
109 1265
109 1265
109 1265
109 1265
109 1265
109 1265
109 1265
109 766
109 766
109 766
109 766
109 766
109 766
109 766
109 766
109 766
109 766
109 766
109 766
109 766
109 766
109 766
109 766
109 766
109 766
109 766
109 766
109 766
109 766
109 766
109 766
109 766
67 697
67 697
67 697
67 697
67 697
67 697
67 697
67 697
67 697
67 697
67 697
67 697
67 697
67 697
59 805
59 805
59 805
59 805
59 805
59 805
59 805
59 805
59 805
59 805
59 805
59 805
59 805
59 805
59 805
59 805
59 805
59 805
59 805
59 805
59 805
59 805
59 805
59 805
59 805
59 805
59 805
59 805
59 805
56 854
56 854
56 854
56 854
56 854
56 854
56 854
56 854
56 854
56 854
56 854
56 854
56 854
56 854
56 854
56 854
56 854
56 854
56 854
56 854
56 854
56 854
56 854
56 854
56 854
56 854
20 768
20 768
20 768
20 768
25 765
27 778
27 778
27 778
27 778
27 778
27 778
27 778
27 778
27 778
27 778
27 778
27 778
27 778
35 798
35 798
35 798
35 798
35 798
35 798
35 798
35 798
35 798
35 798
35 798
35 798
35 798
35 798
35 798
35 798
35 798
35 798
35 798
35 798
35 798
35 798
35 798
35 798
35 798
35 798
35 798
79 1061
79 1061
79 1061
36 1004
36 1004
36 1004
36 1004
36 1004
36 1004
36 1004
36 1004
74 1139
74 1139
74 1139
74 1139
74 1139
74 1139
74 1139
30 1080
30 1080
73 1154
73 1154
73 1154
73 1154
73 1154
73 1154
73 1154
73 1154
73 1154
73 1154
73 1154
73 1154
73 1154
73 1154
73 1154
83 1061
83 1061
83 1061
83 1061
83 1061
83 1061
83 1061
83 1061
83 1061
83 1061
83 1061
83 1061
83 1061
83 1061
83 1061
83 1061
83 1061
83 1061
83 1061
83 1061
83 1061
85 1043
85 1043
85 1043
85 1043
85 1043
85 1043
84 1053
84 1053
84 1053
84 1053
84 1053
56 912
56 912
56 912
56 912
56 912
56 912
56 912
56 912
56 912
56 912
56 912
56 912
56 912
56 912
56 912
56 912
56 912
56 912
56 912
56 912
56 912
56 912
56 912
56 912
56 912
56 912
58 934
58 934
58 934
58 934
58 934
58 934
58 934
58 934
58 934
58 934
58 934
58 934
58 934
58 934
58 934
58 934
58 934
58 934
58 934
58 934
58 934
58 934
109 924
109 924
109 924
109 924
109 924
109 924
109 924
109 924
109 924
109 924
109 924
109 924
109 924
109 924
109 924
109 924
109 924
109 924
109 924
109 924
109 924
109 924
109 924
109 924
109 924
11 915
11 915
11 915
11 915
11 915
11 915
11 915
11 915
11 915
11 915
11 915
11 915
11 915
11 915
11 915
11 915
11 915
11 915
11 915
11 915
11 915
11 915
11 915
11 915
11 915
11 915
11 915
11 915
59 963
59 963
59 963
59 963
59 963
59 963
59 963
59 963
59 963
59 963
59 963
59 963
59 963
59 963
59 963
59 963
59 963
59 963
59 963
59 963
59 963
59 963
59 963
59 963
59 963
59 963
59 963
59 963
59 963
13 942
13 942
13 942
13 942
13 942
13 942
13 942
13 942
13 942
13 942
13 942
13 942
13 942
13 942
13 942
13 942
13 942
13 942
67 967
67 967
67 967
67 967
67 967
67 967
67 967
67 967
67 967
67 967
67 967
67 967
67 967
67 967
20 1012
20 1012
20 1012
20 1012
62 2747
62 2747
62 2747
62 2747
62 2747
62 2747
62 2747
62 2747
62 2747
62 2747
62 2747
62 2747
62 2747
62 2747
62 2747
62 2747
62 2747
62 2250
62 2250
62 2250
62 2250
62 2250
62 2250
62 2250
62 2250
62 2250
62 2250
62 2250
62 2250
62 2250
62 2250
62 2250
62 2250
62 2250
62 1755
62 1755
62 1755
62 1755
62 1755
62 1755
62 1755
62 1755
62 1755
62 1755
62 1755
62 1755
62 1755
62 1755
62 1755
62 1755
62 1755
35 1054
35 1054
35 1054
35 1054
35 1054
35 1054
35 1054
35 1054
35 1054
35 1054
35 1054
35 1054
35 1054
35 1054
35 1054
35 1054
35 1054
35 1054
35 1054
35 1054
35 1054
35 1054
35 1054
35 1054
35 1054
35 1054
35 1054
36 1100
36 1100
36 1100
36 1100
36 1100
36 1100
36 1100
36 1100
25 1230
27 1216
27 1216
27 1216
27 1216
27 1216
27 1216
27 1216
27 1216
27 1216
27 1216
27 1216
27 1216
27 1216
74 1246
74 1246
74 1246
74 1246
74 1246
74 1246
74 1246
79 1207
79 1207
79 1207
85 1151
85 1151
85 1151
85 1151
85 1151
85 1151
73 1275
73 1275
73 1275
73 1275
73 1275
73 1275
73 1275
73 1275
73 1275
73 1275
73 1275
73 1275
73 1275
73 1275
73 1275
84 1219
84 1219
84 1219
84 1219
84 1219
30 1264
30 1264
83 1268
83 1268
83 1268
83 1268
83 1268
83 1268
83 1268
83 1268
83 1268
83 1268
83 1268
83 1268
83 1268
83 1268
83 1268
83 1268
83 1268
83 1268
83 1268
83 1268
83 1268
58 1119
58 1119
58 1119
58 1119
58 1119
58 1119
58 1119
58 1119
58 1119
58 1119
58 1119
58 1119
58 1119
58 1119
58 1119
58 1119
58 1119
58 1119
58 1119
58 1119
58 1119
58 1119
11 1119
11 1119
11 1119
11 1119
11 1119
11 1119
11 1119
11 1119
11 1119
11 1119
11 1119
11 1119
11 1119
11 1119
11 1119
11 1119
11 1119
11 1119
11 1119
11 1119
11 1119
11 1119
11 1119
11 1119
11 1119
11 1119
11 1119
11 1119
62 1142
62 1142
62 1142
62 1142
62 1142
62 1142
62 1142
62 1142
62 1142
62 1142
62 1142
62 1142
62 1142
62 1142
62 1142
62 1142
62 1142
109 1211
109 1211
109 1211
109 1211
109 1211
109 1211
109 1211
109 1211
109 1211
109 1211
109 1211
109 1211
109 1211
109 1211
109 1211
109 1211
109 1211
109 1211
109 1211
109 1211
109 1211
109 1211
109 1211
109 1211
109 1211
13 1204
13 1204
13 1204
13 1204
13 1204
13 1204
13 1204
13 1204
13 1204
13 1204
13 1204
13 1204
13 1204
13 1204
13 1204
13 1204
13 1204
13 1204
56 1411
56 1411
56 1411
56 1411
56 1411
56 1411
56 1411
56 1411
56 1411
56 1411
56 1411
56 1411
56 1411
56 1411
56 1411
56 1411
56 1411
56 1411
56 1411
56 1411
56 1411
56 1411
56 1411
56 1411
56 1411
56 1411
20 1343
20 1343
20 1343
20 1343
67 1394
67 1394
67 1394
67 1394
67 1394
67 1394
67 1394
67 1394
67 1394
67 1394
67 1394
67 1394
67 1394
67 1394
59 1485
59 1485
59 1485
59 1485
59 1485
59 1485
59 1485
59 1485
59 1485
59 1485
59 1485
59 1485
59 1485
59 1485
59 1485
59 1485
59 1485
59 1485
59 1485
59 1485
59 1485
59 1485
59 1485
59 1485
59 1485
59 1485
59 1485
59 1485
59 1485
73 1348
73 1348
73 1348
73 1348
73 1348
73 1348
73 1348
73 1348
73 1348
73 1348
73 1348
73 1348
73 1348
73 1348
73 1348
74 1366
74 1366
74 1366
74 1366
74 1366
74 1366
74 1366
25 1356
27 1387
27 1387
27 1387
27 1387
27 1387
27 1387
27 1387
27 1387
27 1387
27 1387
27 1387
27 1387
27 1387
35 1332
35 1332
35 1332
35 1332
35 1332
35 1332
35 1332
35 1332
35 1332
35 1332
35 1332
35 1332
35 1332
35 1332
35 1332
35 1332
35 1332
35 1332
35 1332
35 1332
35 1332
35 1332
35 1332
35 1332
35 1332
35 1332
35 1332
79 1404
79 1404
79 1404
36 1339
36 1339
36 1339
36 1339
36 1339
36 1339
36 1339
36 1339
83 1391
83 1391
83 1391
83 1391
83 1391
83 1391
83 1391
83 1391
83 1391
83 1391
83 1391
83 1391
83 1391
83 1391
83 1391
83 1391
83 1391
83 1391
83 1391
83 1391
83 1391
85 1421
85 1421
85 1421
85 1421
85 1421
85 1421
84 1468
84 1468
84 1468
84 1468
84 1468
58 1424
58 1424
58 1424
58 1424
58 1424
58 1424
58 1424
58 1424
58 1424
58 1424
58 1424
58 1424
58 1424
58 1424
58 1424
58 1424
58 1424
58 1424
58 1424
58 1424
58 1424
58 1424
109 1429
109 1429
109 1429
109 1429
109 1429
109 1429
109 1429
109 1429
109 1429
109 1429
109 1429
109 1429
109 1429
109 1429
109 1429
109 1429
109 1429
109 1429
109 1429
109 1429
109 1429
109 1429
109 1429
109 1429
109 1429
62 1467
62 1467
62 1467
62 1467
62 1467
62 1467
62 1467
62 1467
62 1467
62 1467
62 1467
62 1467
62 1467
62 1467
62 1467
62 1467
62 1467
