9 129
9 129
9 129
9 129
9 129
9 129
9 129
9 129
9 129
9 129
9 129
9 129
9 129
9 129
9 129
9 129
9 129
17 210
17 210
17 210
17 210
17 210
17 210
17 210
17 210
17 210
17 210
17 210
17 210
17 210
17 210
17 210
17 210
17 210
17 210
17 210
17 210
17 210
17 210
26 253
26 253
26 253
26 253
26 253
26 253
26 253
26 253
26 253
26 253
26 253
26 253
26 253
26 253
26 253
26 253
26 253
26 253
26 253
26 253
26 253
26 253
26 253
26 253
26 253
26 253
24 288
24 288
24 288
24 288
24 288
24 288
24 288
24 288
24 288
24 288
24 288
24 288
24 288
24 288
24 288
24 288
24 288
24 288
24 288
24 288
24 288
24 288
24 288
24 288
24 288
24 288
24 288
24 288
47 473
47 473
47 473
47 473
47 473
47 473
47 473
47 473
47 473
47 473
47 473
47 473
47 473
47 473
47 473
47 473
47 473
47 473
30 676
30 676
30 676
30 676
30 676
30 676
30 676
30 676
30 676
30 676
30 676
30 676
30 676
30 676
30 676
30 676
30 676
30 676
30 676
9 399
9 399
9 399
9 399
9 399
9 399
9 399
9 399
9 399
9 399
9 399
9 399
9 399
9 399
9 399
9 399
9 399
17 541
17 541
17 541
17 541
17 541
17 541
17 541
17 541
17 541
17 541
17 541
17 541
17 541
17 541
17 541
17 541
17 541
17 541
17 541
17 541
17 541
17 541
26 477
26 477
26 477
26 477
26 477
26 477
26 477
26 477
26 477
26 477
26 477
26 477
26 477
26 477
26 477
26 477
26 477
26 477
26 477
26 477
26 477
26 477
26 477
26 477
26 477
26 477
24 582
24 582
24 582
24 582
24 582
24 582
24 582
24 582
24 582
24 582
24 582
24 582
24 582
24 582
24 582
24 582
24 582
24 582
24 582
24 582
24 582
24 582
24 582
24 582
24 582
24 582
24 582
24 582
47 556
47 556
47 556
47 556
47 556
47 556
47 556
47 556
47 556
47 556
47 556
47 556
47 556
47 556
47 556
47 556
47 556
47 556
30 878
30 878
30 878
30 878
30 878
30 878
30 878
30 878
30 878
30 878
30 878
30 878
30 878
30 878
30 878
30 878
30 878
30 878
30 878
26 1234
26 1234
26 1234
26 1234
26 1234
26 1234
26 1234
26 1234
26 1234
26 1234
26 1234
26 1234
26 1234
26 1234
26 1234
26 1234
26 1234
26 1234
26 1234
26 1234
26 1234
26 1234
26 1234
26 1234
26 1234
26 1234
30 1211
30 1211
30 1211
30 1211
30 1211
30 1211
30 1211
30 1211
30 1211
30 1211
30 1211
30 1211
30 1211
30 1211
30 1211
30 1211
30 1211
30 1211
30 1211
24 1277
24 1277
24 1277
24 1277
24 1277
24 1277
24 1277
24 1277
24 1277
24 1277
24 1277
24 1277
24 1277
24 1277
24 1277
24 1277
24 1277
24 1277
24 1277
24 1277
24 1277
24 1277
24 1277
24 1277
24 1277
24 1277
24 1277
24 1277
47 1169
47 1169
47 1169
47 1169
47 1169
47 1169
47 1169
47 1169
47 1169
47 1169
47 1169
47 1169
47 1169
47 1169
47 1169
47 1169
47 1169
47 1169
9 1084
9 1084
9 1084
9 1084
9 1084
9 1084
9 1084
9 1084
9 1084
9 1084
9 1084
9 1084
9 1084
9 1084
9 1084
9 1084
9 1084
17 1059
17 1059
17 1059
17 1059
17 1059
17 1059
17 1059
17 1059
17 1059
17 1059
17 1059
17 1059
17 1059
17 1059
17 1059
17 1059
17 1059
17 1059
17 1059
17 1059
17 1059
17 1059
16 2625
16 2625
16 2625
16 2625
16 2625
16 2625
16 2625
16 2625
16 2625
16 2625
16 2625
16 2625
16 2625
16 2625
16 2625
16 2625
16 2625
16 2625
16 2625
16 2625
16 2625
16 2625
16 2625
16 2625
16 1655
16 1655
16 1655
16 1655
16 1655
16 1655
16 1655
16 1655
16 1655
16 1655
16 1655
16 1655
16 1655
16 1655
16 1655
16 1655
16 1655
16 1655
16 1655
16 1655
16 1655
16 1655
16 1655
16 1655
26 1085
26 1085
26 1085
26 1085
26 1085
26 1085
26 1085
26 1085
26 1085
26 1085
26 1085
26 1085
26 1085
26 1085
26 1085
26 1085
26 1085
26 1085
26 1085
26 1085
26 1085
26 1085
26 1085
26 1085
26 1085
26 1085
16 1203
16 1203
16 1203
16 1203
16 1203
16 1203
16 1203
16 1203
16 1203
16 1203
16 1203
16 1203
16 1203
16 1203
16 1203
16 1203
16 1203
16 1203
16 1203
16 1203
16 1203
16 1203
16 1203
16 1203
30 1065
30 1065
30 1065
30 1065
30 1065
30 1065
30 1065
30 1065
30 1065
30 1065
30 1065
30 1065
30 1065
30 1065
30 1065
30 1065
30 1065
30 1065
30 1065
3 2846
3 2846
3 2846
3 2846
3 2846
3 2846
3 2846
3 2846
3 2846
3 2846
3 2846
3 2846
3 2846
3 2846
3 2846
3 2846
3 2846
3 2846
3 2846
3 2846
3 2846
3 2846
3 2846
3 2281
3 2281
3 2281
3 2281
3 2281
3 2281
3 2281
3 2281
3 2281
3 2281
3 2281
3 2281
3 2281
3 2281
3 2281
3 2281
3 2281
3 2281
3 2281
3 2281
3 2281
3 2281
3 2281
17 1260
17 1260
17 1260
17 1260
17 1260
17 1260
17 1260
17 1260
17 1260
17 1260
17 1260
17 1260
17 1260
17 1260
17 1260
17 1260
17 1260
17 1260
17 1260
17 1260
17 1260
17 1260
9 1354
9 1354
9 1354
9 1354
9 1354
9 1354
9 1354
9 1354
9 1354
9 1354
9 1354
9 1354
9 1354
9 1354
9 1354
9 1354
9 1354
16 1340
16 1340
16 1340
16 1340
16 1340
16 1340
16 1340
16 1340
16 1340
16 1340
16 1340
16 1340
16 1340
16 1340
16 1340
16 1340
16 1340
16 1340
16 1340
16 1340
16 1340
16 1340
16 1340
16 1340
26 1291
26 1291
26 1291
26 1291
26 1291
26 1291
26 1291
26 1291
26 1291
26 1291
26 1291
26 1291
26 1291
26 1291
26 1291
26 1291
26 1291
26 1291
26 1291
26 1291
26 1291
26 1291
26 1291
26 1291
26 1291
26 1291
9 1467
9 1467
9 1467
9 1467
9 1467
9 1467
9 1467
9 1467
9 1467
9 1467
9 1467
9 1467
9 1467
9 1467
9 1467
9 1467
9 1467
30 1842
30 1842
30 1842
30 1842
30 1842
30 1842
30 1842
30 1842
30 1842
30 1842
30 1842
30 1842
30 1842
30 1842
30 1842
30 1842
30 1842
30 1842
30 1842
