14 156
14 156
14 156
14 156
14 156
14 156
14 156
14 156
14 156
14 156
14 156
14 156
14 156
14 156
14 156
14 156
14 156
14 156
14 156
14 156
14 156
14 156
14 156
14 156
14 156
14 156
14 156
30 360
30 360
30 360
30 360
30 360
30 360
30 360
30 360
30 360
30 360
30 360
30 360
30 360
30 360
30 360
30 360
30 360
30 360
30 360
30 360
30 360
30 360
30 360
30 360
30 360
30 360
54 591
54 591
54 591
54 591
54 591
54 591
54 591
54 591
54 591
54 591
54 591
54 591
54 591
54 591
54 591
54 591
14 565
14 565
14 565
14 565
14 565
14 565
14 565
14 565
14 565
14 565
14 565
14 565
14 565
14 565
14 565
14 565
14 565
14 565
14 565
14 565
14 565
14 565
14 565
14 565
14 565
14 565
14 565
5 1217
5 1217
5 1217
5 1217
5 1217
5 1217
5 1217
5 1217
5 1217
5 1217
5 727
5 727
5 727
5 727
5 727
5 727
5 727
5 727
5 727
5 727
29 1016
29 1016
29 1016
29 1016
29 1016
29 1016
29 1016
29 1016
29 1016
29 1016
29 1016
29 1016
29 1016
29 1016
29 1016
29 1016
29 1016
29 1016
29 1016
29 1016
21 1103
21 1103
21 1103
23 1085
23 1085
9 1230
9 1230
9 1230
9 1230
9 1230
9 1230
9 1230
9 1230
9 1230
9 1230
9 1230
9 1230
9 1230
9 1230
9 1230
9 1230
9 1230
9 1230
9 1230
9 1230
9 1230
9 1230
9 1230
9 1230
9 1230
9 1230
9 1230
9 1230
26 1061
26 1061
26 1061
26 1061
26 1061
26 1061
26 1061
26 1061
26 1061
26 1061
26 1061
26 1061
26 1061
26 1061
26 1061
26 1061
26 1061
11 1213
11 1213
11 1213
11 1213
11 1213
11 727
11 727
11 727
11 727
11 727
21 693
21 693
21 693
30 643
30 643
30 643
30 643
30 643
30 643
30 643
30 643
30 643
30 643
30 643
30 643
30 643
30 643
30 643
30 643
30 643
30 643
30 643
30 643
30 643
30 643
30 643
30 643
30 643
30 643
56 893
56 893
56 893
56 893
56 893
56 893
56 893
56 893
56 893
56 893
56 893
56 893
65 815
65 815
65 815
65 815
23 742
23 742
26 860
26 860
26 860
26 860
26 860
26 860
26 860
26 860
26 860
26 860
26 860
26 860
26 860
26 860
26 860
26 860
26 860
84 797
84 797
84 797
84 797
84 797
84 797
84 797
84 797
84 797
84 797
84 797
84 797
84 797
84 797
84 797
84 797
84 797
84 797
84 797
84 797
84 797
84 797
29 984
29 984
29 984
29 984
29 984
29 984
29 984
29 984
29 984
29 984
29 984
29 984
29 984
29 984
29 984
29 984
29 984
29 984
29 984
29 984
40 916
40 916
40 916
40 916
40 916
40 916
35 968
35 968
35 968
35 968
35 968
35 968
35 968
35 968
35 968
35 968
35 968
35 968
35 968
35 968
35 968
35 968
35 968
35 968
35 968
35 968
35 968
5 789
5 789
5 789
5 789
5 789
5 789
5 789
5 789
5 789
5 789
54 867
54 867
54 867
54 867
54 867
54 867
54 867
54 867
54 867
54 867
54 867
54 867
54 867
54 867
54 867
54 867
82 1100
82 1100
82 1100
82 1100
82 1100
82 1100
82 1100
82 1100
82 1100
82 1100
82 1100
82 1100
82 1100
82 1100
82 1100
82 1100
82 1100
82 1100
82 1100
82 1100
82 1100
82 1100
82 1100
82 1100
102 1178
102 1178
102 1178
102 1178
102 1178
102 1178
102 1178
102 1178
102 1178
102 1178
102 1178
102 1178
102 1178
104 1176
104 1176
104 1176
104 1176
104 1176
104 1176
104 1176
104 1176
104 1176
104 1176
104 1176
104 1176
104 1176
104 1176
104 1176
68 1628
68 1628
68 1628
68 1628
68 1628
68 1628
68 1628
68 1628
68 1628
68 1628
68 1628
9 1228
9 1228
9 1228
9 1228
9 1228
9 1228
9 1228
9 1228
9 1228
9 1228
9 1228
9 1228
9 1228
9 1228
9 1228
9 1228
9 1228
9 1228
9 1228
9 1228
9 1228
9 1228
9 1228
9 1228
9 1228
9 1228
9 1228
9 1228
69 1657
69 1657
69 1657
69 1657
69 1657
69 1657
69 1657
69 1657
69 1657
37 1494
37 1494
37 1494
37 1494
37 1494
37 1494
37 1494
37 1494
57 1296
57 1296
57 1296
57 1296
57 1296
57 1296
57 1296
66 1742
66 1742
66 1742
66 1742
66 1742
66 1742
66 1742
66 1742
66 1742
66 1742
66 1742
66 1742
66 1742
66 1742
66 1742
66 1742
66 1742
66 1742
66 1742
66 1742
66 1742
66 1742
66 1742
66 1742
66 1742
66 1742
66 1742
66 1742
66 1742
84 1103
84 1103
84 1103
84 1103
84 1103
84 1103
84 1103
84 1103
84 1103
84 1103
84 1103
84 1103
84 1103
84 1103
84 1103
84 1103
84 1103
84 1103
84 1103
84 1103
84 1103
84 1103
66 1304
66 1304
66 1304
66 1304
66 1304
66 1304
66 1304
66 1304
66 1304
66 1304
66 1304
66 1304
66 1304
66 1304
66 1304
66 1304
66 1304
66 1304
66 1304
66 1304
66 1304
66 1304
66 1304
66 1304
66 1304
66 1304
66 1304
66 1304
66 1304
65 1324
65 1324
65 1324
65 1324
68 1333
68 1333
68 1333
68 1333
68 1333
68 1333
68 1333
68 1333
68 1333
68 1333
68 1333
23 1284
23 1284
21 1332
21 1332
21 1332
56 1516
56 1516
56 1516
56 1516
56 1516
56 1516
56 1516
56 1516
56 1516
56 1516
56 1516
56 1516
26 1362
26 1362
26 1362
26 1362
26 1362
26 1362
26 1362
26 1362
26 1362
26 1362
26 1362
26 1362
26 1362
26 1362
26 1362
26 1362
26 1362
14 1509
14 1509
14 1509
14 1509
14 1509
14 1509
14 1509
14 1509
14 1509
14 1509
14 1509
14 1509
14 1509
14 1509
14 1509
14 1509
14 1509
14 1509
14 1509
14 1509
14 1509
14 1509
14 1509
14 1509
14 1509
14 1509
14 1509
29 1363
29 1363
29 1363
29 1363
29 1363
29 1363
29 1363
29 1363
29 1363
29 1363
29 1363
29 1363
29 1363
29 1363
29 1363
29 1363
29 1363
29 1363
29 1363
29 1363
11 1598
11 1598
11 1598
11 1598
11 1598
54 1185
54 1185
54 1185
54 1185
54 1185
54 1185
54 1185
54 1185
54 1185
54 1185
54 1185
54 1185
54 1185
54 1185
54 1185
54 1185
69 1538
69 1538
69 1538
69 1538
69 1538
69 1538
69 1538
69 1538
69 1538
35 1494
35 1494
35 1494
35 1494
35 1494
35 1494
35 1494
35 1494
35 1494
35 1494
35 1494
35 1494
35 1494
35 1494
35 1494
35 1494
35 1494
35 1494
35 1494
35 1494
35 1494
30 1572
30 1572
30 1572
30 1572
30 1572
30 1572
30 1572
30 1572
30 1572
30 1572
30 1572
30 1572
30 1572
30 1572
30 1572
30 1572
30 1572
30 1572
30 1572
30 1572
30 1572
30 1572
30 1572
30 1572
30 1572
30 1572
40 1480
40 1480
40 1480
40 1480
40 1480
40 1480
5 1359
5 1359
5 1359
5 1359
5 1359
5 1359
5 1359
5 1359
5 1359
5 1359
37 1592
37 1592
37 1592
37 1592
37 1592
37 1592
37 1592
37 1592
102 1606
102 1606
102 1606
102 1606
102 1606
102 1606
102 1606
102 1606
102 1606
102 1606
102 1606
102 1606
102 1606
56 1617
56 1617
56 1617
56 1617
56 1617
56 1617
56 1617
56 1617
56 1617
56 1617
56 1617
56 1617
104 1656
104 1656
104 1656
104 1656
104 1656
104 1656
104 1656
104 1656
104 1656
104 1656
104 1656
104 1656
104 1656
104 1656
104 1656
82 1885
82 1885
82 1885
82 1885
82 1885
82 1885
82 1885
82 1885
82 1885
82 1885
82 1885
82 1885
82 1885
82 1885
82 1885
82 1885
82 1885
82 1885
82 1885
82 1885
82 1885
82 1885
82 1885
82 1885
57 1696
57 1696
57 1696
57 1696
57 1696
57 1696
57 1696
122 2101
122 2101
122 2101
122 2101
122 2101
122 2101
122 2101
122 2101
122 2101
122 2101
122 2101
122 2101
122 2101
122 2101
122 2101
122 2101
122 2101
122 2101
122 2101
122 2101
122 2101
122 2101
122 2101
122 2101
122 2101
34 2484
34 2484
34 2484
34 2484
34 2484
34 2484
34 2484
34 2484
34 2484
34 2484
34 2484
34 2484
34 2484
34 2484
34 2484
34 2484
34 2484
34 2484
94 2387
34 1989
34 1989
34 1989
34 1989
34 1989
34 1989
34 1989
34 1989
34 1989
34 1989
34 1989
34 1989
34 1989
34 1989
34 1989
34 1989
34 1989
34 1989
94 1898
9 1757
9 1757
9 1757
9 1757
9 1757
9 1757
9 1757
9 1757
9 1757
9 1757
9 1757
9 1757
9 1757
9 1757
9 1757
9 1757
9 1757
9 1757
9 1757
9 1757
9 1757
9 1757
9 1757
9 1757
9 1757
9 1757
9 1757
9 1757
11 1783
11 1783
11 1783
11 1783
11 1783
65 1777
65 1777
65 1777
65 1777
66 1814
66 1814
66 1814
66 1814
66 1814
66 1814
66 1814
66 1814
66 1814
66 1814
66 1814
66 1814
66 1814
66 1814
66 1814
66 1814
66 1814
66 1814
66 1814
66 1814
66 1814
66 1814
66 1814
66 1814
66 1814
66 1814
66 1814
66 1814
66 1814
68 1864
68 1864
68 1864
68 1864
68 1864
68 1864
68 1864
68 1864
68 1864
68 1864
68 1864
69 1868
69 1868
69 1868
69 1868
69 1868
69 1868
69 1868
69 1868
69 1868
122 1869
122 1869
122 1869
122 1869
122 1869
122 1869
122 1869
122 1869
122 1869
122 1869
122 1869
122 1869
122 1869
122 1869
122 1869
122 1869
122 1869
122 1869
122 1869
122 1869
122 1869
122 1869
122 1869
122 1869
122 1869
82 1776
82 1776
82 1776
82 1776
82 1776
82 1776
82 1776
82 1776
82 1776
82 1776
82 1776
82 1776
82 1776
82 1776
82 1776
82 1776
82 1776
82 1776
82 1776
82 1776
82 1776
82 1776
82 1776
82 1776
21 1889
21 1889
21 1889
26 1950
26 1950
26 1950
26 1950
26 1950
26 1950
26 1950
26 1950
26 1950
26 1950
26 1950
26 1950
26 1950
26 1950
26 1950
26 1950
26 1950
23 2011
23 2011
29 1979
29 1979
29 1979
29 1979
29 1979
29 1979
29 1979
29 1979
29 1979
29 1979
29 1979
29 1979
29 1979
29 1979
29 1979
29 1979
29 1979
29 1979
29 1979
29 1979
34 2051
34 2051
34 2051
34 2051
34 2051
34 2051
34 2051
34 2051
34 2051
34 2051
34 2051
34 2051
34 2051
34 2051
34 2051
34 2051
34 2051
34 2051
37 2047
37 2047
37 2047
37 2047
37 2047
37 2047
37 2047
37 2047
94 2080
40 2239
40 2239
40 2239
40 2239
40 2239
40 2239
35 2298
35 2298
35 2298
35 2298
35 2298
35 2298
35 2298
35 2298
35 2298
35 2298
35 2298
35 2298
35 2298
35 2298
35 2298
35 2298
35 2298
35 2298
35 2298
35 2298
35 2298
104 2215
104 2215
104 2215
104 2215
104 2215
104 2215
104 2215
104 2215
104 2215
104 2215
104 2215
104 2215
104 2215
104 2215
104 2215
57 2191
57 2191
57 2191
57 2191
57 2191
57 2191
57 2191
82 1978
82 1978
82 1978
82 1978
82 1978
82 1978
82 1978
82 1978
82 1978
82 1978
82 1978
82 1978
82 1978
82 1978
82 1978
82 1978
82 1978
82 1978
82 1978
82 1978
82 1978
82 1978
82 1978
82 1978
65 2149
65 2149
65 2149
65 2149
113 3171
113 3171
113 3171
113 3171
113 3171
113 3171
113 3171
113 3171
113 3171
113 3171
113 3171
113 3171
113 3171
113 3171
113 3171
113 3171
113 3171
113 3171
113 3171
113 3171
113 3171
113 3171
113 3171
113 3171
113 3171
113 3171
113 3171
113 3171
113 3171
113 3171
113 2672
113 2672
113 2672
113 2672
113 2672
113 2672
113 2672
113 2672
113 2672
113 2672
113 2672
113 2672
113 2672
113 2672
113 2672
113 2672
113 2672
113 2672
113 2672
113 2672
113 2672
113 2672
113 2672
113 2672
113 2672
113 2672
113 2672
113 2672
113 2672
113 2672
68 2155
68 2155
68 2155
68 2155
68 2155
68 2155
68 2155
68 2155
68 2155
68 2155
68 2155
122 2215
122 2215
122 2215
122 2215
122 2215
122 2215
122 2215
122 2215
122 2215
122 2215
122 2215
122 2215
122 2215
122 2215
122 2215
122 2215
122 2215
122 2215
122 2215
122 2215
122 2215
122 2215
122 2215
122 2215
122 2215
