62 102
62 102
62 102
62 102
62 102
62 102
62 102
62 102
62 102
62 102
62 102
62 102
62 102
62 102
62 102
62 102
62 102
62 102
84 9
84 9
84 9
84 9
84 9
84 9
84 9
84 9
84 9
84 9
84 9
84 9
84 9
84 9
83 23
83 23
83 23
83 23
85 13
85 13
85 13
85 13
85 13
85 13
85 13
85 13
85 13
85 13
85 13
85 13
85 13
85 13
85 13
85 13
85 13
86 8
86 8
86 8
87 17
88 9
88 9
88 9
88 9
88 9
88 9
89 12
89 12
89 12
89 12
89 12
89 12
89 12
89 12
89 12
89 12
89 12
89 12
89 12
89 12
89 12
90 4
90 4
83 2
83 2
83 2
83 2
84 2
84 2
84 2
84 2
84 2
84 2
84 2
84 2
84 2
84 2
84 2
84 2
84 2
84 2
85 6
85 6
85 6
85 6
85 6
85 6
85 6
85 6
85 6
85 6
85 6
85 6
85 6
85 6
85 6
85 6
85 6
86 2
86 2
86 2
87 2
88 2
88 2
88 2
88 2
88 2
88 2
89 2
89 2
89 2
89 2
89 2
89 2
89 2
89 2
89 2
89 2
89 2
89 2
89 2
89 2
89 2
90 2
90 2
62 465
62 465
62 465
62 465
62 465
62 465
62 465
62 465
62 465
62 465
62 465
62 465
62 465
62 465
62 465
62 465
62 465
62 465
62 60
62 60
62 60
62 60
62 60
62 60
62 60
62 60
62 60
62 60
62 60
62 60
62 60
62 60
62 60
62 60
62 60
62 60
83 5
83 5
83 5
83 5
84 10
84 10
84 10
84 10
84 10
84 10
84 10
84 10
84 10
84 10
84 10
84 10
84 10
84 10
85 2
85 2
85 2
85 2
85 2
85 2
85 2
85 2
85 2
85 2
85 2
85 2
85 2
85 2
85 2
85 2
85 2
86 3
86 3
86 3
87 4
88 2
88 2
88 2
88 2
88 2
88 2
89 3
89 3
89 3
89 3
89 3
89 3
89 3
89 3
89 3
89 3
89 3
89 3
89 3
89 3
89 3
90 2
90 2
83 3
83 3
83 3
83 3
84 1
84 1
84 1
84 1
84 1
84 1
84 1
84 1
84 1
84 1
84 1
84 1
84 1
84 1
85 2
85 2
85 2
85 2
85 2
85 2
85 2
85 2
85 2
85 2
85 2
85 2
85 2
85 2
85 2
85 2
85 2
86 2
86 2
86 2
87 3
88 2
88 2
88 2
88 2
88 2
88 2
89 2
89 2
89 2
89 2
89 2
89 2
89 2
89 2
89 2
89 2
89 2
89 2
89 2
89 2
89 2
90 1
90 1
82 1180
82 1180
82 1180
82 1180
82 1180
82 1180
82 1180
82 690
82 690
82 690
82 690
82 690
82 690
82 690
83 2
83 2
83 2
83 2
84 2
84 2
84 2
84 2
84 2
84 2
84 2
84 2
84 2
84 2
84 2
84 2
84 2
84 2
85 2
85 2
85 2
85 2
85 2
85 2
85 2
85 2
85 2
85 2
85 2
85 2
85 2
85 2
85 2
85 2
85 2
86 2
86 2
86 2
87 2
88 2
88 2
88 2
88 2
88 2
88 2
89 2
89 2
89 2
89 2
89 2
89 2
89 2
89 2
89 2
89 2
89 2
89 2
89 2
89 2
89 2
90 1
90 1
56 2351
56 2351
56 2351
56 2351
56 2351
56 2351
56 2351
56 2351
56 2351
83 5
83 5
83 5
83 5
84 2
84 2
84 2
84 2
84 2
84 2
84 2
84 2
84 2
84 2
84 2
84 2
84 2
84 2
85 3
85 3
85 3
85 3
85 3
85 3
85 3
85 3
85 3
85 3
85 3
85 3
85 3
85 3
85 3
85 3
85 3
86 2
86 2
86 2
82 546
82 546
82 546
82 546
82 546
82 546
82 546
87 2
88 2
88 2
88 2
88 2
88 2
88 2
89 2
89 2
89 2
89 2
89 2
89 2
89 2
89 2
89 2
89 2
89 2
89 2
89 2
89 2
89 2
56 340
56 340
56 340
56 340
56 340
56 340
56 340
56 340
56 340
90 1
90 1
62 341
62 341
62 341
62 341
62 341
62 341
62 341
62 341
62 341
62 341
62 341
62 341
62 341
62 341
62 341
62 341
62 341
62 341
62 5
62 5
62 5
62 5
62 5
62 5
62 5
62 5
62 5
62 5
62 5
62 5
62 5
62 5
62 5
62 5
62 5
62 5
83 2
83 2
83 2
83 2
84 2
84 2
84 2
84 2
84 2
84 2
84 2
84 2
84 2
84 2
84 2
84 2
84 2
84 2
85 2
85 2
85 2
85 2
85 2
85 2
85 2
85 2
85 2
85 2
85 2
85 2
85 2
85 2
85 2
85 2
85 2
86 1
86 1
86 1
87 2
88 2
88 2
88 2
88 2
88 2
88 2
70 2682
70 2682
70 2682
70 2682
70 2682
70 2682
70 2682
70 2682
70 2682
70 2682
70 2682
70 2192
70 2192
70 2192
70 2192
70 2192
70 2192
70 2192
70 2192
70 2192
70 2192
70 2192
89 4
89 4
89 4
89 4
89 4
89 4
89 4
89 4
89 4
89 4
89 4
89 4
89 4
89 4
89 4
70 1202
70 1202
70 1202
70 1202
70 1202
70 1202
70 1202
70 1202
70 1202
70 1202
70 1202
90 3
90 3
62 7
62 7
62 7
62 7
62 7
62 7
62 7
62 7
62 7
62 7
62 7
62 7
62 7
62 7
62 7
62 7
62 7
62 7
83 7
83 7
83 7
83 7
84 1
84 1
84 1
84 1
84 1
84 1
84 1
84 1
84 1
84 1
84 1
84 1
84 1
84 1
85 9
85 9
85 9
85 9
85 9
85 9
85 9
85 9
85 9
85 9
85 9
85 9
85 9
85 9
85 9
85 9
85 9
86 3
86 3
86 3
87 2
88 6
88 6
88 6
88 6
88 6
88 6
89 10
89 10
89 10
89 10
89 10
89 10
89 10
89 10
89 10
89 10
89 10
89 10
89 10
89 10
89 10
90 18
90 18
