3 157
3 157
3 157
3 157
3 157
5 137
5 137
5 137
5 137
7 137
7 137
7 137
7 137
7 137
7 137
7 137
7 137
7 137
7 137
7 137
7 137
7 137
13 108
13 108
13 108
13 108
13 108
13 108
13 108
13 108
13 108
13 108
13 108
13 108
13 108
13 108
13 108
13 108
13 108
13 108
13 108
13 108
13 108
9 164
11 144
11 144
11 144
11 144
11 144
11 144
11 144
11 144
11 144
11 144
11 144
11 144
11 144
11 144
11 144
11 144
11 144
11 144
11 144
11 144
11 144
11 144
11 144
20 65
20 65
20 65
20 65
20 65
20 65
20 65
19 112
19 112
19 112
19 112
19 112
19 112
19 112
19 112
19 112
19 112
19 112
19 112
19 112
19 112
19 112
19 112
19 112
19 112
19 112
19 112
19 112
19 112
19 112
19 112
19 112
19 112
19 112
26 64
26 64
26 64
26 64
26 64
26 64
26 64
26 64
26 64
26 64
26 64
26 64
26 64
26 64
26 64
26 64
26 64
26 64
26 64
26 64
26 64
26 64
26 64
26 64
43 108
43 108
43 108
57 131
57 131
57 131
57 131
57 131
57 131
57 131
57 131
57 131
57 131
57 131
57 131
57 131
57 131
57 131
57 131
57 131
57 131
57 131
57 131
57 131
57 131
57 131
57 131
57 131
50 214
50 214
50 214
50 214
50 214
50 214
50 214
50 214
50 214
50 214
50 214
50 214
50 214
50 214
50 214
50 214
50 214
50 214
50 214
50 214
50 214
50 214
50 214
50 214
50 214
50 214
50 214
50 214
50 214
50 214
9 157
11 163
11 163
11 163
11 163
11 163
11 163
11 163
11 163
11 163
11 163
11 163
11 163
11 163
11 163
11 163
11 163
11 163
11 163
11 163
11 163
11 163
11 163
11 163
7 247
7 247
7 247
7 247
7 247
7 247
7 247
7 247
7 247
7 247
7 247
7 247
7 247
55 268
55 268
55 268
55 268
55 268
55 268
55 268
55 268
55 268
55 268
55 268
55 268
55 268
55 268
55 268
55 268
55 268
55 268
55 268
58 266
58 266
58 266
58 266
58 266
58 266
61 258
61 258
61 258
61 258
61 258
61 258
61 258
61 258
61 258
61 258
61 258
61 258
61 258
61 258
61 258
61 258
61 258
61 258
61 258
61 258
61 258
61 258
69 211
69 211
69 211
69 211
69 211
69 211
69 211
69 211
69 211
69 211
69 211
69 211
69 211
69 211
69 211
69 211
20 213
20 213
20 213
20 213
20 213
20 213
20 213
13 306
13 306
13 306
13 306
13 306
13 306
13 306
13 306
13 306
13 306
13 306
13 306
13 306
13 306
13 306
13 306
13 306
13 306
13 306
13 306
13 306
65 289
65 289
65 289
65 289
65 289
65 289
65 289
65 289
65 289
65 289
65 289
65 289
3 432
3 432
3 432
3 432
3 432
66 309
66 309
66 309
66 309
66 309
66 309
66 309
66 309
66 309
66 309
66 309
66 309
66 309
66 309
66 309
66 309
66 309
66 309
66 309
66 309
26 224
26 224
26 224
26 224
26 224
26 224
26 224
26 224
26 224
26 224
26 224
26 224
26 224
26 224
26 224
26 224
26 224
26 224
26 224
26 224
26 224
26 224
26 224
26 224
5 437
5 437
5 437
5 437
19 319
19 319
19 319
19 319
19 319
19 319
19 319
19 319
19 319
19 319
19 319
19 319
19 319
19 319
19 319
19 319
19 319
19 319
19 319
19 319
19 319
19 319
19 319
19 319
19 319
19 319
19 319
80 258
80 258
80 258
80 258
80 258
80 258
80 258
80 258
80 258
80 258
80 258
80 258
80 258
80 258
80 258
80 258
80 258
80 258
80 258
80 258
80 258
80 258
80 258
80 258
80 258
80 258
80 258
80 258
80 258
85 330
85 330
85 330
85 330
85 330
85 330
85 330
85 330
85 330
43 295
43 295
43 295
54 710
54 710
54 710
54 710
54 710
54 710
54 710
54 710
54 710
54 710
54 710
54 710
54 710
54 710
54 710
35 901
35 901
35 901
35 901
35 901
35 901
35 901
35 901
35 901
35 901
35 901
35 901
35 901
35 901
35 901
35 901
35 901
35 901
35 901
35 901
35 901
35 901
35 901
35 901
35 901
35 901
35 402
35 402
35 402
35 402
35 402
35 402
35 402
35 402
35 402
35 402
35 402
35 402
35 402
35 402
35 402
35 402
35 402
35 402
35 402
35 402
35 402
35 402
35 402
35 402
35 402
35 402
57 343
57 343
57 343
57 343
57 343
57 343
57 343
57 343
57 343
57 343
57 343
57 343
57 343
57 343
57 343
57 343
57 343
57 343
57 343
57 343
57 343
57 343
57 343
57 343
57 343
73 699
73 699
73 699
73 699
73 699
73 699
73 699
73 699
73 699
73 699
73 699
73 699
73 699
73 699
73 699
73 699
73 699
73 699
9 344
50 438
50 438
50 438
50 438
50 438
50 438
50 438
50 438
50 438
50 438
50 438
50 438
50 438
50 438
50 438
50 438
50 438
50 438
50 438
50 438
50 438
50 438
50 438
50 438
50 438
50 438
50 438
50 438
50 438
50 438
55 414
55 414
55 414
55 414
55 414
55 414
55 414
55 414
55 414
55 414
55 414
55 414
55 414
55 414
55 414
55 414
55 414
55 414
55 414
7 399
7 399
7 399
7 399
7 399
7 399
7 399
7 399
7 399
7 399
7 399
7 399
7 399
58 402
58 402
58 402
58 402
58 402
58 402
61 398
61 398
61 398
61 398
61 398
61 398
61 398
61 398
61 398
61 398
61 398
61 398
61 398
61 398
61 398
61 398
61 398
61 398
61 398
61 398
61 398
61 398
11 424
11 424
11 424
11 424
11 424
11 424
11 424
11 424
11 424
11 424
11 424
11 424
11 424
11 424
11 424
11 424
11 424
11 424
11 424
11 424
11 424
11 424
11 424
13 428
13 428
13 428
13 428
13 428
13 428
13 428
13 428
13 428
13 428
13 428
13 428
13 428
13 428
13 428
13 428
13 428
13 428
13 428
13 428
13 428
65 429
65 429
65 429
65 429
65 429
65 429
65 429
65 429
65 429
65 429
65 429
65 429
66 449
66 449
66 449
66 449
66 449
66 449
66 449
66 449
66 449
66 449
66 449
66 449
66 449
66 449
66 449
66 449
66 449
66 449
66 449
66 449
69 463
69 463
69 463
69 463
69 463
69 463
69 463
69 463
69 463
69 463
69 463
69 463
69 463
69 463
69 463
69 463
20 457
20 457
20 457
20 457
20 457
20 457
20 457
82 890
82 890
82 890
82 890
82 890
82 890
82 890
82 890
82 890
82 890
26 468
26 468
26 468
26 468
26 468
26 468
26 468
26 468
26 468
26 468
26 468
26 468
26 468
26 468
26 468
26 468
26 468
26 468
26 468
26 468
26 468
26 468
26 468
26 468
19 565
19 565
19 565
19 565
19 565
19 565
19 565
19 565
19 565
19 565
19 565
19 565
19 565
19 565
19 565
19 565
19 565
19 565
19 565
19 565
19 565
19 565
19 565
19 565
19 565
19 565
19 565
80 461
80 461
80 461
80 461
80 461
80 461
80 461
80 461
80 461
80 461
80 461
80 461
80 461
80 461
80 461
80 461
80 461
80 461
80 461
80 461
80 461
80 461
80 461
80 461
80 461
80 461
80 461
80 461
80 461
85 472
85 472
85 472
85 472
85 472
85 472
85 472
85 472
85 472
35 478
35 478
35 478
35 478
35 478
35 478
35 478
35 478
35 478
35 478
35 478
35 478
35 478
35 478
35 478
35 478
35 478
35 478
35 478
35 478
35 478
35 478
35 478
35 478
35 478
35 478
3 869
3 869
3 869
3 869
3 869
54 901
54 901
54 901
54 901
54 901
54 901
54 901
54 901
54 901
54 901
54 901
54 901
54 901
54 901
54 901
5 911
5 911
5 911
5 911
43 538
43 538
43 538
50 560
50 560
50 560
50 560
50 560
50 560
50 560
50 560
50 560
50 560
50 560
50 560
50 560
50 560
50 560
50 560
50 560
50 560
50 560
50 560
50 560
50 560
50 560
50 560
50 560
50 560
50 560
50 560
50 560
50 560
90 1260
90 1260
90 1260
90 1260
90 1260
90 1260
90 1260
90 1260
90 1260
90 1260
90 1260
90 1260
90 1260
90 1260
90 1260
90 1260
90 1260
71 1451
71 1451
63 1532
63 1532
63 1532
63 1532
63 1532
63 1532
63 1532
63 1532
25 1912
25 1912
25 1912
25 1912
25 1912
25 1912
25 1912
25 1912
25 1912
25 1912
25 1912
25 1912
25 1912
25 1912
25 1912
25 1912
25 1912
25 1912
25 1912
25 1912
25 1912
25 1912
25 1912
25 1912
25 1912
25 1912
25 1912
25 1912
25 1413
25 1413
25 1413
25 1413
25 1413
25 1413
25 1413
25 1413
25 1413
25 1413
25 1413
25 1413
25 1413
25 1413
25 1413
25 1413
25 1413
25 1413
25 1413
25 1413
25 1413
25 1413
25 1413
25 1413
25 1413
25 1413
25 1413
25 1413
6 2103
6 2103
6 2103
6 2103
6 2103
6 2103
6 2103
6 2103
6 2103
6 2103
6 2103
6 2103
6 2103
6 2103
6 1603
6 1603
6 1603
6 1603
6 1603
6 1603
6 1603
6 1603
6 1603
6 1603
6 1603
6 1603
6 1603
6 1603
6 1104
6 1104
6 1104
6 1104
6 1104
6 1104
6 1104
6 1104
6 1104
6 1104
6 1104
6 1104
6 1104
6 1104
55 633
55 633
55 633
55 633
55 633
55 633
55 633
55 633
55 633
55 633
55 633
55 633
55 633
55 633
55 633
55 633
55 633
55 633
55 633
57 639
57 639
57 639
57 639
57 639
57 639
57 639
57 639
57 639
57 639
57 639
57 639
57 639
57 639
57 639
57 639
57 639
57 639
57 639
57 639
57 639
57 639
57 639
57 639
57 639
9 635
7 660
7 660
7 660
7 660
7 660
7 660
7 660
7 660
7 660
7 660
7 660
7 660
7 660
11 621
11 621
11 621
11 621
11 621
11 621
11 621
11 621
11 621
11 621
11 621
11 621
11 621
11 621
11 621
11 621
11 621
11 621
11 621
11 621
11 621
11 621
11 621
58 660
58 660
58 660
58 660
58 660
58 660
71 1080
71 1080
61 695
61 695
61 695
61 695
61 695
61 695
61 695
61 695
61 695
61 695
61 695
61 695
61 695
61 695
61 695
61 695
61 695
61 695
61 695
61 695
61 695
61 695
13 693
13 693
13 693
13 693
13 693
13 693
13 693
13 693
13 693
13 693
13 693
13 693
13 693
13 693
13 693
13 693
13 693
13 693
13 693
13 693
13 693
69 634
69 634
69 634
69 634
69 634
69 634
69 634
69 634
69 634
69 634
69 634
69 634
69 634
69 634
69 634
69 634
65 683
65 683
65 683
65 683
65 683
65 683
65 683
65 683
65 683
65 683
65 683
65 683
20 636
20 636
20 636
20 636
20 636
20 636
20 636
66 690
66 690
66 690
66 690
66 690
66 690
66 690
66 690
66 690
66 690
66 690
66 690
66 690
66 690
66 690
66 690
66 690
66 690
66 690
66 690
25 1124
25 1124
25 1124
25 1124
25 1124
25 1124
25 1124
25 1124
25 1124
25 1124
25 1124
25 1124
25 1124
25 1124
25 1124
25 1124
25 1124
25 1124
25 1124
25 1124
25 1124
25 1124
25 1124
25 1124
25 1124
25 1124
25 1124
25 1124
19 703
19 703
19 703
19 703
19 703
19 703
19 703
19 703
19 703
19 703
19 703
19 703
19 703
19 703
19 703
19 703
19 703
19 703
19 703
19 703
19 703
19 703
19 703
19 703
19 703
19 703
19 703
26 664
26 664
26 664
26 664
26 664
26 664
26 664
26 664
26 664
26 664
26 664
26 664
26 664
26 664
26 664
26 664
26 664
26 664
26 664
26 664
26 664
26 664
26 664
26 664
80 661
80 661
80 661
80 661
80 661
80 661
80 661
80 661
80 661
80 661
80 661
80 661
80 661
80 661
80 661
80 661
80 661
80 661
80 661
80 661
80 661
80 661
80 661
80 661
80 661
80 661
80 661
80 661
80 661
82 1189
82 1189
82 1189
82 1189
82 1189
82 1189
82 1189
82 1189
82 1189
82 1189
63 1386
63 1386
63 1386
63 1386
63 1386
63 1386
63 1386
63 1386
73 1294
73 1294
73 1294
73 1294
73 1294
73 1294
73 1294
73 1294
73 1294
73 1294
73 1294
73 1294
73 1294
73 1294
73 1294
73 1294
73 1294
73 1294
35 718
35 718
35 718
35 718
35 718
35 718
35 718
35 718
35 718
35 718
35 718
35 718
35 718
35 718
35 718
35 718
35 718
35 718
35 718
35 718
35 718
35 718
35 718
35 718
35 718
35 718
90 1292
90 1292
90 1292
90 1292
90 1292
90 1292
90 1292
90 1292
90 1292
90 1292
90 1292
90 1292
90 1292
90 1292
90 1292
90 1292
90 1292
85 852
85 852
85 852
85 852
85 852
85 852
85 852
85 852
85 852
43 790
43 790
43 790
57 773
57 773
57 773
57 773
57 773
57 773
57 773
57 773
57 773
57 773
57 773
57 773
57 773
57 773
57 773
57 773
57 773
57 773
57 773
57 773
57 773
57 773
57 773
57 773
57 773
3 1329
3 1329
3 1329
3 1329
3 1329
54 1336
54 1336
54 1336
54 1336
54 1336
54 1336
54 1336
54 1336
54 1336
54 1336
54 1336
54 1336
54 1336
54 1336
54 1336
9 793
50 905
50 905
50 905
50 905
50 905
50 905
50 905
50 905
50 905
50 905
50 905
50 905
50 905
50 905
50 905
50 905
50 905
50 905
50 905
50 905
50 905
50 905
50 905
50 905
50 905
50 905
50 905
50 905
50 905
50 905
11 811
11 811
11 811
11 811
11 811
11 811
11 811
11 811
11 811
11 811
11 811
11 811
11 811
11 811
11 811
11 811
11 811
11 811
11 811
11 811
11 811
11 811
11 811
5 1410
5 1410
5 1410
5 1410
55 914
55 914
55 914
55 914
55 914
55 914
55 914
55 914
55 914
55 914
55 914
55 914
55 914
55 914
55 914
55 914
55 914
55 914
55 914
7 901
7 901
7 901
7 901
7 901
7 901
7 901
7 901
7 901
7 901
7 901
7 901
7 901
58 921
58 921
58 921
58 921
58 921
58 921
6 1474
6 1474
6 1474
6 1474
6 1474
6 1474
6 1474
6 1474
6 1474
6 1474
6 1474
6 1474
6 1474
6 1474
20 838
20 838
20 838
20 838
20 838
20 838
20 838
61 952
61 952
61 952
61 952
61 952
61 952
61 952
61 952
61 952
61 952
61 952
61 952
61 952
61 952
61 952
61 952
61 952
61 952
61 952
61 952
61 952
61 952
69 882
69 882
69 882
69 882
69 882
69 882
69 882
69 882
69 882
69 882
69 882
69 882
69 882
69 882
69 882
69 882
13 967
13 967
13 967
13 967
13 967
13 967
13 967
13 967
13 967
13 967
13 967
13 967
13 967
13 967
13 967
13 967
13 967
13 967
13 967
13 967
13 967
65 957
65 957
65 957
65 957
65 957
65 957
65 957
65 957
65 957
65 957
65 957
65 957
66 954
66 954
66 954
66 954
66 954
66 954
66 954
66 954
66 954
66 954
66 954
66 954
66 954
66 954
66 954
66 954
66 954
66 954
66 954
66 954
19 986
19 986
19 986
19 986
19 986
19 986
19 986
19 986
19 986
19 986
19 986
19 986
19 986
19 986
19 986
19 986
19 986
19 986
19 986
19 986
19 986
19 986
19 986
19 986
19 986
19 986
19 986
63 1551
63 1551
63 1551
63 1551
63 1551
63 1551
63 1551
63 1551
26 932
26 932
26 932
26 932
26 932
26 932
26 932
26 932
26 932
26 932
26 932
26 932
26 932
26 932
26 932
26 932
26 932
26 932
26 932
26 932
26 932
26 932
26 932
26 932
29 2912
29 2912
29 2912
29 2912
29 2912
29 2912
29 2912
29 2912
29 2912
29 2912
29 2912
29 2412
29 2412
29 2412
29 2412
29 2412
29 2412
29 2412
29 2412
29 2412
29 2412
29 2412
29 1913
29 1913
29 1913
29 1913
29 1913
29 1913
29 1913
29 1913
29 1913
29 1913
29 1913
80 982
80 982
80 982
80 982
80 982
80 982
80 982
80 982
80 982
80 982
80 982
80 982
80 982
80 982
80 982
80 982
80 982
80 982
80 982
80 982
80 982
80 982
80 982
80 982
80 982
80 982
80 982
80 982
80 982
71 1587
71 1587
29 1010
29 1010
29 1010
29 1010
29 1010
29 1010
29 1010
29 1010
29 1010
29 1010
29 1010
35 984
35 984
35 984
35 984
35 984
35 984
35 984
35 984
35 984
35 984
35 984
35 984
35 984
35 984
35 984
35 984
35 984
35 984
35 984
35 984
35 984
35 984
35 984
35 984
35 984
35 984
85 1001
85 1001
85 1001
85 1001
85 1001
85 1001
85 1001
85 1001
85 1001
25 1614
25 1614
25 1614
25 1614
25 1614
25 1614
25 1614
25 1614
25 1614
25 1614
25 1614
25 1614
25 1614
25 1614
25 1614
25 1614
25 1614
25 1614
25 1614
25 1614
25 1614
25 1614
25 1614
25 1614
25 1614
25 1614
25 1614
25 1614
73 1638
73 1638
73 1638
73 1638
73 1638
73 1638
73 1638
73 1638
73 1638
73 1638
73 1638
73 1638
73 1638
73 1638
73 1638
73 1638
73 1638
73 1638
43 1006
43 1006
43 1006
82 1663
82 1663
82 1663
82 1663
82 1663
82 1663
82 1663
82 1663
82 1663
82 1663
50 1073
50 1073
50 1073
50 1073
50 1073
50 1073
50 1073
50 1073
50 1073
50 1073
50 1073
50 1073
50 1073
50 1073
50 1073
50 1073
50 1073
50 1073
50 1073
50 1073
50 1073
50 1073
50 1073
50 1073
50 1073
50 1073
50 1073
50 1073
50 1073
50 1073
57 1036
57 1036
57 1036
57 1036
57 1036
57 1036
57 1036
57 1036
57 1036
57 1036
57 1036
57 1036
57 1036
57 1036
57 1036
57 1036
57 1036
57 1036
57 1036
57 1036
57 1036
57 1036
57 1036
57 1036
57 1036
55 1068
55 1068
55 1068
55 1068
55 1068
55 1068
55 1068
55 1068
55 1068
55 1068
55 1068
55 1068
55 1068
55 1068
55 1068
55 1068
55 1068
55 1068
55 1068
90 1729
90 1729
90 1729
90 1729
90 1729
90 1729
90 1729
90 1729
90 1729
90 1729
90 1729
90 1729
90 1729
90 1729
90 1729
90 1729
90 1729
7 1071
7 1071
7 1071
7 1071
7 1071
7 1071
7 1071
7 1071
7 1071
7 1071
7 1071
7 1071
7 1071
9 1063
58 1108
58 1108
58 1108
58 1108
58 1108
58 1108
11 1086
11 1086
11 1086
11 1086
11 1086
11 1086
11 1086
11 1086
11 1086
11 1086
11 1086
11 1086
11 1086
11 1086
11 1086
11 1086
11 1086
11 1086
11 1086
11 1086
11 1086
11 1086
11 1086
61 1132
61 1132
61 1132
61 1132
61 1132
61 1132
61 1132
61 1132
61 1132
61 1132
61 1132
61 1132
61 1132
61 1132
61 1132
61 1132
61 1132
61 1132
61 1132
61 1132
61 1132
61 1132
13 1142
13 1142
13 1142
13 1142
13 1142
13 1142
13 1142
13 1142
13 1142
13 1142
13 1142
13 1142
13 1142
13 1142
13 1142
13 1142
13 1142
13 1142
13 1142
13 1142
13 1142
65 1166
65 1166
65 1166
65 1166
65 1166
65 1166
65 1166
65 1166
65 1166
65 1166
65 1166
65 1166
66 1174
66 1174
66 1174
66 1174
66 1174
66 1174
66 1174
66 1174
66 1174
66 1174
66 1174
66 1174
66 1174
66 1174
66 1174
66 1174
66 1174
66 1174
66 1174
66 1174
69 1145
69 1145
69 1145
69 1145
69 1145
69 1145
69 1145
69 1145
69 1145
69 1145
69 1145
69 1145
69 1145
69 1145
69 1145
69 1145
20 1139
20 1139
20 1139
20 1139
20 1139
20 1139
20 1139
3 1842
3 1842
3 1842
3 1842
3 1842
19 1200
19 1200
19 1200
19 1200
19 1200
19 1200
19 1200
19 1200
19 1200
19 1200
19 1200
19 1200
19 1200
19 1200
19 1200
19 1200
19 1200
19 1200
19 1200
19 1200
19 1200
19 1200
19 1200
19 1200
19 1200
19 1200
19 1200
54 1857
54 1857
54 1857
54 1857
54 1857
54 1857
54 1857
54 1857
54 1857
54 1857
54 1857
54 1857
54 1857
54 1857
54 1857
5 1862
5 1862
5 1862
5 1862
26 1165
26 1165
26 1165
26 1165
26 1165
26 1165
26 1165
26 1165
26 1165
26 1165
26 1165
26 1165
26 1165
26 1165
26 1165
26 1165
26 1165
26 1165
26 1165
26 1165
26 1165
26 1165
26 1165
26 1165
6 1881
6 1881
6 1881
6 1881
6 1881
6 1881
6 1881
6 1881
6 1881
6 1881
6 1881
6 1881
6 1881
6 1881
29 1182
29 1182
29 1182
29 1182
29 1182
29 1182
29 1182
29 1182
29 1182
29 1182
29 1182
80 1183
80 1183
80 1183
80 1183
80 1183
80 1183
80 1183
80 1183
80 1183
80 1183
80 1183
80 1183
80 1183
80 1183
80 1183
80 1183
80 1183
80 1183
80 1183
80 1183
80 1183
80 1183
80 1183
80 1183
80 1183
80 1183
80 1183
80 1183
80 1183
35 1208
35 1208
35 1208
35 1208
35 1208
35 1208
35 1208
35 1208
35 1208
35 1208
35 1208
35 1208
35 1208
35 1208
35 1208
35 1208
35 1208
35 1208
35 1208
35 1208
35 1208
35 1208
35 1208
35 1208
35 1208
35 1208
85 1217
85 1217
85 1217
85 1217
85 1217
85 1217
85 1217
85 1217
85 1217
63 1997
63 1997
63 1997
63 1997
63 1997
63 1997
63 1997
63 1997
71 1999
71 1999
43 1326
43 1326
43 1326
50 1293
50 1293
50 1293
50 1293
50 1293
50 1293
50 1293
50 1293
50 1293
50 1293
50 1293
50 1293
50 1293
50 1293
50 1293
50 1293
50 1293
50 1293
50 1293
50 1293
50 1293
50 1293
50 1293
50 1293
50 1293
50 1293
50 1293
50 1293
50 1293
50 1293
73 2086
73 2086
73 2086
73 2086
73 2086
73 2086
73 2086
73 2086
73 2086
73 2086
73 2086
73 2086
73 2086
73 2086
73 2086
73 2086
73 2086
73 2086
57 1305
57 1305
57 1305
57 1305
57 1305
57 1305
57 1305
57 1305
57 1305
57 1305
57 1305
57 1305
57 1305
57 1305
57 1305
57 1305
57 1305
57 1305
57 1305
57 1305
57 1305
57 1305
57 1305
57 1305
57 1305
55 1346
55 1346
55 1346
55 1346
55 1346
55 1346
55 1346
55 1346
55 1346
55 1346
55 1346
55 1346
55 1346
55 1346
55 1346
55 1346
55 1346
55 1346
55 1346
82 2088
82 2088
82 2088
82 2088
82 2088
82 2088
82 2088
82 2088
82 2088
82 2088
58 1345
58 1345
58 1345
58 1345
58 1345
58 1345
61 1350
61 1350
61 1350
61 1350
61 1350
61 1350
61 1350
61 1350
61 1350
61 1350
61 1350
61 1350
61 1350
61 1350
61 1350
61 1350
61 1350
61 1350
61 1350
61 1350
61 1350
61 1350
65 1342
65 1342
65 1342
65 1342
65 1342
65 1342
65 1342
65 1342
65 1342
65 1342
65 1342
65 1342
66 1349
66 1349
66 1349
66 1349
66 1349
66 1349
66 1349
66 1349
66 1349
66 1349
66 1349
66 1349
66 1349
66 1349
66 1349
66 1349
66 1349
66 1349
66 1349
66 1349
69 1336
69 1336
69 1336
69 1336
69 1336
69 1336
69 1336
69 1336
69 1336
69 1336
69 1336
69 1336
69 1336
69 1336
69 1336
69 1336
90 2176
90 2176
90 2176
90 2176
90 2176
90 2176
90 2176
90 2176
90 2176
90 2176
90 2176
90 2176
90 2176
90 2176
90 2176
90 2176
90 2176
80 1378
80 1378
80 1378
80 1378
80 1378
80 1378
80 1378
80 1378
80 1378
80 1378
80 1378
80 1378
80 1378
80 1378
80 1378
80 1378
80 1378
80 1378
80 1378
80 1378
80 1378
80 1378
80 1378
80 1378
80 1378
80 1378
80 1378
80 1378
80 1378
85 1453
85 1453
85 1453
85 1453
85 1453
85 1453
85 1453
85 1453
85 1453
