6 165
6 165
6 165
6 165
6 165
6 165
6 165
6 165
6 165
6 165
6 165
6 165
6 165
6 165
6 165
6 165
6 165
6 165
17 57
17 57
17 57
17 57
17 57
17 57
17 57
17 57
17 57
17 57
17 57
17 57
17 57
17 57
17 57
17 57
17 57
17 57
17 57
17 57
17 57
17 57
17 57
15 79
15 79
15 79
15 79
15 79
15 79
15 79
15 79
15 79
15 79
15 79
15 79
15 79
15 79
15 79
15 79
15 79
15 79
15 79
15 79
15 79
15 79
15 79
15 79
15 79
15 79
15 79
10 157
10 157
10 157
10 157
10 157
10 157
10 157
10 157
10 157
10 157
10 157
10 157
10 157
10 157
10 157
10 157
10 157
10 157
10 157
10 157
10 157
10 157
10 157
10 157
26 74
26 74
26 74
26 74
26 74
26 74
26 74
26 74
26 74
26 74
26 74
26 74
26 74
26 74
26 74
26 74
26 74
26 74
26 74
26 74
41 184
41 184
41 184
41 184
41 184
41 184
41 184
41 184
41 184
41 184
41 184
41 184
41 184
41 184
41 184
41 184
12 129
12 129
12 129
12 129
12 129
12 129
12 129
12 129
12 129
12 129
12 129
12 129
12 129
12 129
12 129
12 129
12 129
10 177
10 177
10 177
10 177
10 177
10 177
10 177
10 177
10 177
10 177
10 177
10 177
10 177
10 177
10 177
10 177
10 177
10 177
10 177
10 177
10 177
10 177
10 177
10 177
83 42
84 32
84 32
84 32
84 32
85 25
85 25
85 25
85 25
85 25
85 25
85 25
85 25
85 25
85 25
85 25
85 25
85 25
85 25
85 25
86 19
86 19
86 19
86 19
86 19
86 19
87 13
87 13
88 14
88 14
88 14
88 14
88 14
88 14
88 14
88 14
88 14
88 14
89 4
89 4
89 4
90 10
90 10
90 10
90 10
90 10
56 355
56 355
56 355
56 355
56 355
56 355
56 355
56 355
56 355
56 355
56 355
56 355
56 355
56 355
56 355
56 355
56 355
56 355
56 355
56 355
56 355
56 355
56 355
56 355
56 355
15 291
15 291
15 291
15 291
15 291
15 291
15 291
15 291
15 291
15 291
15 291
15 291
15 291
15 291
15 291
15 291
15 291
15 291
15 291
15 291
15 291
15 291
15 291
15 291
15 291
15 291
15 291
26 216
26 216
26 216
26 216
26 216
26 216
26 216
26 216
26 216
26 216
26 216
26 216
26 216
26 216
26 216
26 216
26 216
26 216
26 216
26 216
6 430
6 430
6 430
6 430
6 430
6 430
6 430
6 430
6 430
6 430
6 430
6 430
6 430
6 430
6 430
6 430
6 430
6 430
41 192
41 192
41 192
41 192
41 192
41 192
41 192
41 192
41 192
41 192
41 192
41 192
41 192
41 192
41 192
41 192
17 504
17 504
17 504
17 504
17 504
17 504
17 504
17 504
17 504
17 504
17 504
17 504
17 504
17 504
17 504
17 504
17 504
17 504
17 504
17 504
17 504
17 504
17 504
6 218
6 218
6 218
6 218
6 218
6 218
6 218
6 218
6 218
6 218
6 218
6 218
6 218
6 218
6 218
6 218
6 218
6 218
56 229
56 229
56 229
56 229
56 229
56 229
56 229
56 229
56 229
56 229
56 229
56 229
56 229
56 229
56 229
56 229
56 229
56 229
56 229
56 229
56 229
56 229
56 229
56 229
56 229
10 227
10 227
10 227
10 227
10 227
10 227
10 227
10 227
10 227
10 227
10 227
10 227
10 227
10 227
10 227
10 227
10 227
10 227
10 227
10 227
10 227
10 227
10 227
10 227
83 3
84 1
84 1
84 1
84 1
85 3
85 3
85 3
85 3
85 3
85 3
85 3
85 3
85 3
85 3
85 3
85 3
85 3
85 3
85 3
86 6
86 6
86 6
86 6
86 6
86 6
87 2
87 2
88 7
88 7
88 7
88 7
88 7
88 7
88 7
88 7
88 7
88 7
89 2
89 2
89 2
90 1
90 1
90 1
90 1
90 1
12 294
12 294
12 294
12 294
12 294
12 294
12 294
12 294
12 294
12 294
12 294
12 294
12 294
12 294
12 294
12 294
12 294
26 295
26 295
26 295
26 295
26 295
26 295
26 295
26 295
26 295
26 295
26 295
26 295
26 295
26 295
26 295
26 295
26 295
26 295
26 295
26 295
15 555
15 555
15 555
15 555
15 555
15 555
15 555
15 555
15 555
15 555
15 555
15 555
15 555
15 555
15 555
15 555
15 555
15 555
15 555
15 555
15 555
15 555
15 555
15 555
15 555
15 555
15 555
83 12
41 437
41 437
41 437
41 437
41 437
41 437
41 437
41 437
41 437
41 437
41 437
41 437
41 437
41 437
41 437
41 437
84 18
84 18
84 18
84 18
85 19
85 19
85 19
85 19
85 19
85 19
85 19
85 19
85 19
85 19
85 19
85 19
85 19
85 19
85 19
86 13
86 13
86 13
86 13
86 13
86 13
87 5
87 5
88 8
88 8
88 8
88 8
88 8
88 8
88 8
88 8
88 8
88 8
89 4
89 4
89 4
90 1
90 1
90 1
90 1
90 1
17 763
17 763
17 763
17 763
17 763
17 763
17 763
17 763
17 763
17 763
17 763
17 763
17 763
17 763
17 763
17 763
17 763
17 763
17 763
17 763
17 763
17 763
17 763
12 434
12 434
12 434
12 434
12 434
12 434
12 434
12 434
12 434
12 434
12 434
12 434
12 434
12 434
12 434
12 434
12 434
6 533
6 533
6 533
6 533
6 533
6 533
6 533
6 533
6 533
6 533
6 533
6 533
6 533
6 533
6 533
6 533
6 533
6 533
15 483
15 483
15 483
15 483
15 483
15 483
15 483
15 483
15 483
15 483
15 483
15 483
15 483
15 483
15 483
15 483
15 483
15 483
15 483
15 483
15 483
15 483
15 483
15 483
15 483
15 483
15 483
26 519
26 519
26 519
26 519
26 519
26 519
26 519
26 519
26 519
26 519
26 519
26 519
26 519
26 519
26 519
26 519
26 519
26 519
26 519
26 519
10 716
10 716
10 716
10 716
10 716
10 716
10 716
10 716
10 716
10 716
10 716
10 716
10 716
10 716
10 716
10 716
10 716
10 716
10 716
10 716
10 716
10 716
10 716
10 716
83 5
84 3
84 3
84 3
84 3
85 2
85 2
85 2
85 2
85 2
85 2
85 2
85 2
85 2
85 2
85 2
85 2
85 2
85 2
85 2
86 1
86 1
86 1
86 1
86 1
86 1
87 6
87 6
88 3
88 3
88 3
88 3
88 3
88 3
88 3
88 3
88 3
88 3
89 6
89 6
89 6
90 2
90 2
90 2
90 2
90 2
53 1489
53 1489
53 1489
53 1489
53 1489
53 1489
53 1489
53 1489
53 1489
53 1489
53 1489
53 1489
53 1489
53 1489
53 1489
53 1489
53 1489
53 1489
53 1489
53 1489
53 1489
53 1489
53 989
53 989
53 989
53 989
53 989
53 989
53 989
53 989
53 989
53 989
53 989
53 989
53 989
53 989
53 989
53 989
53 989
53 989
53 989
53 989
53 989
53 989
56 1113
56 1113
56 1113
56 1113
56 1113
56 1113
56 1113
56 1113
56 1113
56 1113
56 1113
56 1113
56 1113
56 1113
56 1113
56 1113
56 1113
56 1113
56 1113
56 1113
56 1113
56 1113
56 1113
56 1113
56 1113
83 3
84 5
84 5
84 5
84 5
85 2
85 2
85 2
85 2
85 2
85 2
85 2
85 2
85 2
85 2
85 2
85 2
85 2
85 2
85 2
86 2
86 2
86 2
86 2
86 2
86 2
87 3
87 3
88 3
88 3
88 3
88 3
88 3
88 3
88 3
88 3
88 3
88 3
89 5
89 5
89 5
90 3
90 3
90 3
90 3
90 3
83 5
84 3
84 3
84 3
84 3
85 4
85 4
85 4
85 4
85 4
85 4
85 4
85 4
85 4
85 4
85 4
85 4
85 4
85 4
85 4
86 1
86 1
86 1
86 1
86 1
86 1
87 12
87 12
88 10
88 10
88 10
88 10
88 10
88 10
88 10
88 10
88 10
88 10
89 10
89 10
89 10
90 2
90 2
90 2
90 2
90 2
53 1541
53 1541
53 1541
53 1541
53 1541
53 1541
53 1541
53 1541
53 1541
53 1541
53 1541
53 1541
53 1541
53 1541
53 1541
53 1541
53 1541
53 1541
53 1541
53 1541
53 1541
53 1541
17 1424
17 1424
17 1424
17 1424
17 1424
17 1424
17 1424
17 1424
17 1424
17 1424
17 1424
17 1424
17 1424
17 1424
17 1424
17 1424
17 1424
17 1424
17 1424
17 1424
17 1424
17 1424
17 1424
56 1537
56 1537
56 1537
56 1537
56 1537
56 1537
56 1537
56 1537
56 1537
56 1537
56 1537
56 1537
56 1537
56 1537
56 1537
56 1537
56 1537
56 1537
56 1537
56 1537
56 1537
56 1537
56 1537
56 1537
56 1537
12 982
12 982
12 982
12 982
12 982
12 982
12 982
12 982
12 982
12 982
12 982
12 982
12 982
12 982
12 982
12 982
12 982
53 1078
53 1078
53 1078
53 1078
53 1078
53 1078
53 1078
53 1078
53 1078
53 1078
53 1078
53 1078
53 1078
53 1078
53 1078
53 1078
53 1078
53 1078
53 1078
53 1078
53 1078
53 1078
15 967
15 967
15 967
15 967
15 967
15 967
15 967
15 967
15 967
15 967
15 967
15 967
15 967
15 967
15 967
15 967
15 967
15 967
15 967
15 967
15 967
15 967
15 967
15 967
15 967
15 967
15 967
41 1211
41 1211
41 1211
41 1211
41 1211
41 1211
41 1211
41 1211
41 1211
41 1211
41 1211
41 1211
41 1211
41 1211
41 1211
41 1211
26 864
26 864
26 864
26 864
26 864
26 864
26 864
26 864
26 864
26 864
26 864
26 864
26 864
26 864
26 864
26 864
26 864
26 864
26 864
26 864
56 1067
56 1067
56 1067
56 1067
56 1067
56 1067
56 1067
56 1067
56 1067
56 1067
56 1067
56 1067
56 1067
56 1067
56 1067
56 1067
56 1067
56 1067
56 1067
56 1067
56 1067
56 1067
56 1067
56 1067
56 1067
10 1197
10 1197
10 1197
10 1197
10 1197
10 1197
10 1197
10 1197
10 1197
10 1197
10 1197
10 1197
10 1197
10 1197
10 1197
10 1197
10 1197
10 1197
10 1197
10 1197
10 1197
10 1197
10 1197
10 1197
83 3
84 3
84 3
84 3
84 3
85 2
85 2
85 2
85 2
85 2
85 2
85 2
85 2
85 2
85 2
85 2
85 2
85 2
85 2
85 2
41 943
41 943
41 943
41 943
41 943
41 943
41 943
41 943
41 943
41 943
41 943
41 943
41 943
41 943
41 943
41 943
86 1
86 1
86 1
86 1
86 1
86 1
17 1199
17 1199
17 1199
17 1199
17 1199
17 1199
17 1199
17 1199
17 1199
17 1199
17 1199
17 1199
17 1199
17 1199
17 1199
17 1199
17 1199
17 1199
17 1199
17 1199
17 1199
17 1199
17 1199
87 11
87 11
88 4
88 4
88 4
88 4
88 4
88 4
88 4
88 4
88 4
88 4
89 7
89 7
89 7
90 1
90 1
90 1
90 1
90 1
12 896
12 896
12 896
12 896
12 896
12 896
12 896
12 896
12 896
12 896
12 896
12 896
12 896
12 896
12 896
12 896
12 896
15 919
15 919
15 919
15 919
15 919
15 919
15 919
15 919
15 919
15 919
15 919
15 919
15 919
15 919
15 919
15 919
15 919
15 919
15 919
15 919
15 919
15 919
15 919
15 919
15 919
15 919
15 919
63 3445
63 3445
63 3445
63 3445
63 3445
63 3445
63 3445
63 3445
63 3445
63 3445
63 3445
63 3445
63 3445
63 3445
63 3445
63 3445
63 3445
63 3445
63 3445
63 3445
63 3445
63 2946
63 2946
63 2946
63 2946
63 2946
63 2946
63 2946
63 2946
63 2946
63 2946
63 2946
63 2946
63 2946
63 2946
63 2946
63 2946
63 2946
63 2946
63 2946
63 2946
63 2946
63 2460
63 2460
63 2460
63 2460
63 2460
63 2460
63 2460
63 2460
63 2460
63 2460
63 2460
63 2460
63 2460
63 2460
63 2460
63 2460
63 2460
63 2460
63 2460
63 2460
63 2460
56 1227
56 1227
56 1227
56 1227
56 1227
56 1227
56 1227
56 1227
56 1227
56 1227
56 1227
56 1227
56 1227
56 1227
56 1227
56 1227
56 1227
56 1227
56 1227
56 1227
56 1227
56 1227
56 1227
56 1227
56 1227
53 1261
53 1261
53 1261
53 1261
53 1261
53 1261
53 1261
53 1261
53 1261
53 1261
53 1261
53 1261
53 1261
53 1261
53 1261
53 1261
53 1261
53 1261
53 1261
53 1261
53 1261
53 1261
83 4
84 2
84 2
84 2
84 2
85 12
85 12
85 12
85 12
85 12
85 12
85 12
85 12
85 12
85 12
85 12
85 12
85 12
85 12
85 12
86 18
86 18
86 18
86 18
86 18
86 18
87 11
87 11
88 3
88 3
88 3
88 3
88 3
88 3
88 3
88 3
88 3
88 3
89 9
89 9
89 9
90 11
90 11
90 11
90 11
90 11
