6 141
6 141
6 141
6 141
6 141
6 141
6 141
6 141
13 352
13 352
13 352
13 352
13 352
13 352
13 352
13 352
13 352
13 352
13 352
13 352
13 352
13 352
13 352
13 352
13 352
13 352
13 352
13 352
13 352
13 352
13 352
13 352
13 352
13 352
13 352
13 352
13 352
13 352
16 325
16 325
8 409
8 409
8 409
8 409
8 409
8 409
8 409
8 409
8 409
8 409
8 409
8 409
8 409
8 409
8 409
8 409
8 409
8 409
8 409
8 409
8 409
8 409
37 167
37 167
37 167
37 167
37 167
37 167
37 167
37 167
37 167
37 167
37 167
37 167
37 167
37 167
37 167
37 167
37 167
37 167
40 174
41 220
41 220
41 220
41 220
41 220
41 220
41 220
41 220
41 220
41 220
41 220
41 220
41 220
41 220
41 220
41 220
41 220
41 220
41 220
41 220
41 220
41 220
41 220
41 220
41 220
41 220
41 220
41 220
8 274
8 274
8 274
8 274
8 274
8 274
8 274
8 274
8 274
8 274
8 274
8 274
8 274
8 274
8 274
8 274
8 274
8 274
8 274
8 274
8 274
8 274
58 289
58 289
58 289
58 289
58 289
58 289
58 289
58 289
58 289
58 289
58 289
58 289
58 289
58 289
58 289
60 274
60 274
60 274
60 274
60 274
13 255
13 255
13 255
13 255
13 255
13 255
13 255
13 255
13 255
13 255
13 255
13 255
13 255
13 255
13 255
13 255
13 255
13 255
13 255
13 255
13 255
13 255
13 255
13 255
13 255
13 255
13 255
13 255
13 255
13 255
6 362
6 362
6 362
6 362
6 362
6 362
6 362
6 362
59 369
59 369
59 369
59 369
59 369
59 369
59 369
59 369
59 369
59 369
59 369
59 369
59 369
59 369
59 369
59 369
16 329
16 329
68 339
68 339
68 339
68 339
68 339
68 339
68 339
68 339
68 339
68 339
68 339
68 339
68 339
68 339
68 339
68 339
68 339
68 339
68 339
68 339
68 339
68 339
68 339
68 339
68 339
68 339
68 339
23 348
23 348
23 348
23 348
23 348
23 348
23 348
23 348
23 348
23 348
23 348
23 348
23 348
23 348
23 348
23 348
23 348
23 348
23 348
23 348
23 348
29 406
29 406
29 406
29 406
29 406
29 406
29 406
29 406
29 406
29 406
29 406
29 406
29 406
29 406
29 406
29 406
29 406
29 406
29 406
29 406
29 406
29 406
29 406
29 406
54 727
54 727
54 727
54 727
54 727
54 727
54 727
54 727
54 727
54 727
54 727
54 727
54 727
54 727
54 727
54 727
54 727
54 727
54 727
54 727
54 727
54 727
54 727
14 1159
14 1159
14 1159
14 1159
14 1159
14 1159
14 1159
14 1159
14 1159
14 1159
14 1159
14 1159
14 1159
14 1159
14 1159
14 1159
14 1159
37 429
37 429
37 429
37 429
37 429
37 429
37 429
37 429
37 429
37 429
37 429
37 429
37 429
37 429
37 429
37 429
37 429
37 429
14 670
14 670
14 670
14 670
14 670
14 670
14 670
14 670
14 670
14 670
14 670
14 670
14 670
14 670
14 670
14 670
14 670
53 795
53 795
53 795
53 795
53 795
53 795
53 795
53 795
53 795
53 795
53 795
53 795
53 795
53 795
53 795
53 795
53 795
53 795
53 795
53 795
53 795
53 795
53 795
53 795
53 795
40 444
58 473
58 473
58 473
58 473
58 473
58 473
58 473
58 473
58 473
58 473
58 473
58 473
58 473
58 473
58 473
8 479
8 479
8 479
8 479
8 479
8 479
8 479
8 479
8 479
8 479
8 479
8 479
8 479
8 479
8 479
8 479
8 479
8 479
8 479
8 479
8 479
8 479
60 482
60 482
60 482
60 482
60 482
13 476
13 476
13 476
13 476
13 476
13 476
13 476
13 476
13 476
13 476
13 476
13 476
13 476
13 476
13 476
13 476
13 476
13 476
13 476
13 476
13 476
13 476
13 476
13 476
13 476
13 476
13 476
13 476
13 476
13 476
68 519
68 519
68 519
68 519
68 519
68 519
68 519
68 519
68 519
68 519
68 519
68 519
68 519
68 519
68 519
68 519
68 519
68 519
68 519
68 519
68 519
68 519
68 519
68 519
68 519
68 519
68 519
16 588
16 588
54 734
54 734
54 734
54 734
54 734
54 734
54 734
54 734
54 734
54 734
54 734
54 734
54 734
54 734
54 734
54 734
54 734
54 734
54 734
54 734
54 734
54 734
54 734
81 976
81 976
81 976
81 976
81 976
81 976
81 976
81 976
81 976
81 976
81 976
81 976
81 976
6 753
6 753
6 753
6 753
6 753
6 753
6 753
6 753
23 599
23 599
23 599
23 599
23 599
23 599
23 599
23 599
23 599
23 599
23 599
23 599
23 599
23 599
23 599
23 599
23 599
23 599
23 599
23 599
23 599
41 955
41 955
41 955
41 955
41 955
41 955
41 955
41 955
41 955
41 955
41 955
41 955
41 955
41 955
41 955
41 955
41 955
41 955
41 955
41 955
41 955
41 955
41 955
41 955
41 955
41 955
41 955
41 955
29 626
29 626
29 626
29 626
29 626
29 626
29 626
29 626
29 626
29 626
29 626
29 626
29 626
29 626
29 626
29 626
29 626
29 626
29 626
29 626
29 626
29 626
29 626
29 626
59 870
59 870
59 870
59 870
59 870
59 870
59 870
59 870
59 870
59 870
59 870
59 870
59 870
59 870
59 870
59 870
37 621
37 621
37 621
37 621
37 621
37 621
37 621
37 621
37 621
37 621
37 621
37 621
37 621
37 621
37 621
37 621
37 621
37 621
40 657
14 994
14 994
14 994
14 994
14 994
14 994
14 994
14 994
14 994
14 994
14 994
14 994
14 994
14 994
14 994
14 994
14 994
4 2106
4 2106
4 2106
4 2106
4 2106
4 2106
4 2106
4 2106
4 2106
4 2106
4 2106
4 2106
4 2106
4 2106
4 2106
4 2106
4 2106
4 2106
4 2106
4 1609
4 1609
4 1609
4 1609
4 1609
4 1609
4 1609
4 1609
4 1609
4 1609
4 1609
4 1609
4 1609
4 1609
4 1609
4 1609
4 1609
4 1609
4 1609
4 1109
4 1109
4 1109
4 1109
4 1109
4 1109
4 1109
4 1109
4 1109
4 1109
4 1109
4 1109
4 1109
4 1109
4 1109
4 1109
4 1109
4 1109
4 1109
84 1345
84 1345
84 1345
84 1345
84 1345
84 1345
84 1345
84 1345
84 1345
84 1345
84 1345
84 1345
84 1345
84 1345
84 1345
84 1345
84 1345
84 1345
84 1345
84 1345
84 1345
84 1345
84 1345
84 1345
84 1345
84 1345
84 1345
84 1345
84 1345
53 1249
53 1249
53 1249
53 1249
53 1249
53 1249
53 1249
53 1249
53 1249
53 1249
53 1249
53 1249
53 1249
53 1249
53 1249
53 1249
53 1249
53 1249
53 1249
53 1249
53 1249
53 1249
53 1249
53 1249
53 1249
84 985
84 985
84 985
84 985
84 985
84 985
84 985
84 985
84 985
84 985
84 985
84 985
84 985
84 985
84 985
84 985
84 985
84 985
84 985
84 985
84 985
84 985
84 985
84 985
84 985
84 985
84 985
84 985
84 985
58 756
58 756
58 756
58 756
58 756
58 756
58 756
58 756
58 756
58 756
58 756
58 756
58 756
58 756
58 756
8 760
8 760
8 760
8 760
8 760
8 760
8 760
8 760
8 760
8 760
8 760
8 760
8 760
8 760
8 760
8 760
8 760
8 760
8 760
8 760
8 760
8 760
60 791
60 791
60 791
60 791
60 791
13 832
13 832
13 832
13 832
13 832
13 832
13 832
13 832
13 832
13 832
13 832
13 832
13 832
13 832
13 832
13 832
13 832
13 832
13 832
13 832
13 832
13 832
13 832
13 832
13 832
13 832
13 832
13 832
13 832
13 832
16 822
16 822
68 821
68 821
68 821
68 821
68 821
68 821
68 821
68 821
68 821
68 821
68 821
68 821
68 821
68 821
68 821
68 821
68 821
68 821
68 821
68 821
68 821
68 821
68 821
68 821
68 821
68 821
68 821
41 1101
41 1101
41 1101
41 1101
41 1101
41 1101
41 1101
41 1101
41 1101
41 1101
41 1101
41 1101
41 1101
41 1101
41 1101
41 1101
41 1101
41 1101
41 1101
41 1101
41 1101
41 1101
41 1101
41 1101
41 1101
41 1101
41 1101
41 1101
81 1218
81 1218
81 1218
81 1218
81 1218
81 1218
81 1218
81 1218
81 1218
81 1218
81 1218
81 1218
81 1218
23 855
23 855
23 855
23 855
23 855
23 855
23 855
23 855
23 855
23 855
23 855
23 855
23 855
23 855
23 855
23 855
23 855
23 855
23 855
23 855
23 855
29 852
29 852
29 852
29 852
29 852
29 852
29 852
29 852
29 852
29 852
29 852
29 852
29 852
29 852
29 852
29 852
29 852
29 852
29 852
29 852
29 852
29 852
29 852
29 852
4 1208
4 1208
4 1208
4 1208
4 1208
4 1208
4 1208
4 1208
4 1208
4 1208
4 1208
4 1208
4 1208
4 1208
4 1208
4 1208
4 1208
4 1208
4 1208
54 1216
54 1216
54 1216
54 1216
54 1216
54 1216
54 1216
54 1216
54 1216
54 1216
54 1216
54 1216
54 1216
54 1216
54 1216
54 1216
54 1216
54 1216
54 1216
54 1216
54 1216
54 1216
54 1216
40 905
37 991
37 991
37 991
37 991
37 991
37 991
37 991
37 991
37 991
37 991
37 991
37 991
37 991
37 991
37 991
37 991
37 991
37 991
14 1334
14 1334
14 1334
14 1334
14 1334
14 1334
14 1334
14 1334
14 1334
14 1334
14 1334
14 1334
14 1334
14 1334
14 1334
14 1334
14 1334
8 915
8 915
8 915
8 915
8 915
8 915
8 915
8 915
8 915
8 915
8 915
8 915
8 915
8 915
8 915
8 915
8 915
8 915
8 915
8 915
8 915
8 915
58 920
58 920
58 920
58 920
58 920
58 920
58 920
58 920
58 920
58 920
58 920
58 920
58 920
58 920
58 920
60 965
60 965
60 965
60 965
60 965
6 1519
6 1519
6 1519
6 1519
6 1519
6 1519
6 1519
6 1519
13 953
13 953
13 953
13 953
13 953
13 953
13 953
13 953
13 953
13 953
13 953
13 953
13 953
13 953
13 953
13 953
13 953
13 953
13 953
13 953
13 953
13 953
13 953
13 953
13 953
13 953
13 953
13 953
13 953
13 953
16 958
16 958
89 2246
89 2246
89 2246
89 2246
89 2246
89 2246
89 2246
89 2246
89 2246
89 2246
89 1747
89 1747
89 1747
89 1747
89 1747
89 1747
89 1747
89 1747
89 1747
89 1747
68 969
68 969
68 969
68 969
68 969
68 969
68 969
68 969
68 969
68 969
68 969
68 969
68 969
68 969
68 969
68 969
68 969
68 969
68 969
68 969
68 969
68 969
68 969
68 969
68 969
68 969
68 969
53 1664
53 1664
53 1664
53 1664
53 1664
53 1664
53 1664
53 1664
53 1664
53 1664
53 1664
53 1664
53 1664
53 1664
53 1664
53 1664
53 1664
53 1664
53 1664
53 1664
53 1664
53 1664
53 1664
53 1664
53 1664
23 1073
23 1073
23 1073
23 1073
23 1073
23 1073
23 1073
23 1073
23 1073
23 1073
23 1073
23 1073
23 1073
23 1073
23 1073
23 1073
23 1073
23 1073
23 1073
23 1073
23 1073
38 2924
38 2924
38 2924
38 2924
38 2924
38 2924
38 2924
38 2924
38 2924
38 2924
38 2924
35 2993
35 2993
35 2993
35 2993
35 2993
35 2993
35 2993
45 2896
45 2896
45 2896
29 1062
29 1062
29 1062
29 1062
29 1062
29 1062
29 1062
29 1062
29 1062
29 1062
29 1062
29 1062
29 1062
29 1062
29 1062
29 1062
29 1062
29 1062
29 1062
29 1062
29 1062
29 1062
29 1062
29 1062
59 1797
59 1797
59 1797
59 1797
59 1797
59 1797
59 1797
59 1797
59 1797
59 1797
59 1797
59 1797
59 1797
59 1797
59 1797
59 1797
76 1133
76 1133
76 1133
76 1133
76 1133
76 1133
81 1584
81 1584
81 1584
81 1584
81 1584
81 1584
81 1584
81 1584
81 1584
81 1584
81 1584
81 1584
81 1584
84 1600
84 1600
84 1600
84 1600
84 1600
84 1600
84 1600
84 1600
84 1600
84 1600
84 1600
84 1600
84 1600
84 1600
84 1600
84 1600
84 1600
84 1600
84 1600
84 1600
84 1600
84 1600
84 1600
84 1600
84 1600
84 1600
84 1600
84 1600
84 1600
83 1129
83 1129
83 1129
83 1129
83 1129
83 1129
83 1129
83 1129
83 1129
35 1116
35 1116
35 1116
35 1116
35 1116
35 1116
35 1116
37 1120
37 1120
37 1120
37 1120
37 1120
37 1120
37 1120
37 1120
37 1120
37 1120
37 1120
37 1120
37 1120
37 1120
37 1120
37 1120
37 1120
37 1120
85 1148
85 1148
85 1148
85 1148
85 1148
85 1148
85 1148
85 1148
85 1148
85 1148
85 1148
85 1148
85 1148
85 1148
85 1148
85 1148
85 1148
85 1148
85 1148
85 1148
40 1121
38 1145
38 1145
38 1145
38 1145
38 1145
38 1145
38 1145
38 1145
38 1145
38 1145
38 1145
91 1185
91 1185
91 1185
91 1185
91 1185
91 1185
91 1185
91 1185
91 1185
91 1185
91 1185
91 1185
44 1184
44 1184
44 1184
44 1184
44 1184
44 1184
44 1184
44 1184
44 1184
44 1184
44 1184
44 1184
44 1184
44 1184
45 1200
45 1200
45 1200
53 1623
53 1623
53 1623
53 1623
53 1623
53 1623
53 1623
53 1623
53 1623
53 1623
53 1623
53 1623
53 1623
53 1623
53 1623
53 1623
53 1623
53 1623
53 1623
53 1623
53 1623
53 1623
53 1623
53 1623
53 1623
54 1620
54 1620
54 1620
54 1620
54 1620
54 1620
54 1620
54 1620
54 1620
54 1620
54 1620
54 1620
54 1620
54 1620
54 1620
54 1620
54 1620
54 1620
54 1620
54 1620
54 1620
54 1620
54 1620
4 1676
4 1676
4 1676
4 1676
4 1676
4 1676
4 1676
4 1676
4 1676
4 1676
4 1676
4 1676
4 1676
4 1676
4 1676
4 1676
4 1676
4 1676
4 1676
6 1659
6 1659
6 1659
6 1659
6 1659
6 1659
6 1659
6 1659
41 1824
41 1824
41 1824
41 1824
41 1824
41 1824
41 1824
41 1824
41 1824
41 1824
41 1824
41 1824
41 1824
41 1824
41 1824
41 1824
41 1824
41 1824
41 1824
41 1824
41 1824
41 1824
41 1824
41 1824
41 1824
41 1824
41 1824
41 1824
51 1228
51 1228
51 1228
51 1228
51 1228
51 1228
51 1228
51 1228
51 1228
51 1228
51 1228
51 1228
51 1228
51 1228
51 1228
51 1228
51 1228
51 1228
51 1228
51 1228
51 1228
51 1228
51 1228
51 1228
51 1228
51 1228
58 1159
58 1159
58 1159
58 1159
58 1159
58 1159
58 1159
58 1159
58 1159
58 1159
58 1159
58 1159
58 1159
58 1159
58 1159
60 1205
60 1205
60 1205
60 1205
60 1205
13 1210
13 1210
13 1210
13 1210
13 1210
13 1210
13 1210
13 1210
13 1210
13 1210
13 1210
13 1210
13 1210
13 1210
13 1210
13 1210
13 1210
13 1210
13 1210
13 1210
13 1210
13 1210
13 1210
13 1210
13 1210
13 1210
13 1210
13 1210
13 1210
13 1210
8 1284
8 1284
8 1284
8 1284
8 1284
8 1284
8 1284
8 1284
8 1284
8 1284
8 1284
8 1284
8 1284
8 1284
8 1284
8 1284
8 1284
8 1284
8 1284
8 1284
8 1284
8 1284
16 1265
16 1265
68 1297
68 1297
68 1297
68 1297
68 1297
68 1297
68 1297
68 1297
68 1297
68 1297
68 1297
68 1297
68 1297
68 1297
68 1297
68 1297
68 1297
68 1297
68 1297
68 1297
68 1297
68 1297
68 1297
68 1297
68 1297
68 1297
68 1297
70 1371
70 1371
70 1371
70 1371
23 1351
23 1351
23 1351
23 1351
23 1351
23 1351
23 1351
23 1351
23 1351
23 1351
23 1351
23 1351
23 1351
23 1351
23 1351
23 1351
23 1351
23 1351
23 1351
23 1351
23 1351
76 1324
76 1324
76 1324
76 1324
76 1324
76 1324
29 1306
29 1306
29 1306
29 1306
29 1306
29 1306
29 1306
29 1306
29 1306
29 1306
29 1306
29 1306
29 1306
29 1306
29 1306
29 1306
29 1306
29 1306
29 1306
29 1306
29 1306
29 1306
29 1306
29 1306
59 2062
59 2062
59 2062
59 2062
59 2062
59 2062
59 2062
59 2062
59 2062
59 2062
59 2062
59 2062
59 2062
59 2062
59 2062
59 2062
83 1349
83 1349
83 1349
83 1349
83 1349
83 1349
83 1349
83 1349
83 1349
35 1349
35 1349
35 1349
35 1349
35 1349
35 1349
35 1349
85 1356
85 1356
85 1356
85 1356
85 1356
85 1356
85 1356
85 1356
85 1356
85 1356
85 1356
85 1356
85 1356
85 1356
85 1356
85 1356
85 1356
85 1356
85 1356
85 1356
38 1345
38 1345
38 1345
38 1345
38 1345
38 1345
38 1345
38 1345
38 1345
38 1345
38 1345
37 1369
37 1369
37 1369
37 1369
37 1369
37 1369
37 1369
37 1369
37 1369
37 1369
37 1369
37 1369
37 1369
37 1369
37 1369
37 1369
37 1369
37 1369
91 1344
91 1344
91 1344
91 1344
91 1344
91 1344
91 1344
91 1344
91 1344
91 1344
91 1344
91 1344
84 1925
84 1925
84 1925
84 1925
84 1925
84 1925
84 1925
84 1925
84 1925
84 1925
84 1925
84 1925
84 1925
84 1925
84 1925
84 1925
84 1925
84 1925
84 1925
84 1925
84 1925
84 1925
84 1925
84 1925
84 1925
84 1925
84 1925
84 1925
84 1925
40 1382
44 1352
44 1352
44 1352
44 1352
44 1352
44 1352
44 1352
44 1352
44 1352
44 1352
44 1352
44 1352
44 1352
44 1352
45 1396
45 1396
45 1396
81 2125
81 2125
81 2125
81 2125
81 2125
81 2125
81 2125
81 2125
81 2125
81 2125
81 2125
81 2125
81 2125
51 1450
51 1450
51 1450
51 1450
51 1450
51 1450
51 1450
51 1450
51 1450
51 1450
51 1450
51 1450
51 1450
51 1450
51 1450
51 1450
51 1450
51 1450
51 1450
51 1450
51 1450
51 1450
51 1450
51 1450
51 1450
51 1450
89 2197
89 2197
89 2197
89 2197
89 2197
89 2197
89 2197
89 2197
89 2197
89 2197
70 1463
70 1463
70 1463
70 1463
76 1467
76 1467
76 1467
76 1467
76 1467
76 1467
