15 54
15 54
15 54
15 54
15 54
15 54
15 54
15 54
15 54
15 54
15 54
15 54
15 54
15 54
15 54
15 54
15 54
15 54
15 54
15 54
15 54
15 54
15 54
15 54
17 38
17 38
17 38
17 38
17 38
17 38
17 38
17 38
17 38
17 38
17 38
17 38
17 38
17 38
17 38
17 38
17 38
17 38
17 38
17 38
17 38
17 38
17 38
17 38
17 38
17 38
5 209
5 209
5 209
5 209
5 209
5 209
5 209
5 209
5 209
5 209
5 209
5 209
5 209
5 209
5 209
5 209
5 209
5 209
5 209
5 209
5 209
5 209
5 209
5 209
5 209
5 209
5 209
5 209
5 209
5 209
13 223
13 223
13 223
13 223
13 223
13 223
13 223
13 223
13 223
13 223
13 223
22 134
22 134
22 134
22 134
22 134
22 134
22 134
22 134
22 134
22 134
22 134
22 134
22 134
22 134
22 134
22 134
22 134
22 134
22 134
22 134
21 167
21 167
21 167
21 167
21 167
21 167
21 167
21 167
21 167
21 167
21 167
21 167
21 167
21 167
21 167
21 167
21 167
21 167
21 167
21 167
21 167
21 167
21 167
21 167
21 167
21 167
21 167
21 167
13 169
13 169
13 169
13 169
13 169
13 169
13 169
13 169
13 169
13 169
13 169
84 15
84 15
84 15
84 15
84 15
83 29
83 29
83 29
83 29
83 29
83 29
83 29
83 29
83 29
83 29
83 29
83 29
83 29
83 29
83 29
83 29
83 29
83 29
85 15
85 15
85 15
86 11
86 11
86 11
86 11
86 11
86 11
87 4
87 4
87 4
87 4
87 4
87 4
87 4
87 4
87 4
87 4
87 4
87 4
87 4
87 4
88 8
89 12
89 12
89 12
89 12
89 12
89 12
89 12
89 12
89 12
89 12
89 12
89 12
89 12
89 12
89 12
89 12
89 12
89 12
89 12
89 12
89 12
89 12
89 12
89 12
89 12
89 12
89 12
90 11
90 11
90 11
90 11
90 11
90 11
90 11
92 7
92 7
17 269
17 269
17 269
17 269
17 269
17 269
17 269
17 269
17 269
17 269
17 269
17 269
17 269
17 269
17 269
17 269
17 269
17 269
17 269
17 269
17 269
17 269
17 269
17 269
17 269
17 269
93 11
93 11
93 11
93 11
15 425
15 425
15 425
15 425
15 425
15 425
15 425
15 425
15 425
15 425
15 425
15 425
15 425
15 425
15 425
15 425
15 425
15 425
15 425
15 425
15 425
15 425
15 425
15 425
5 730
5 730
5 730
5 730
5 730
5 730
5 730
5 730
5 730
5 730
5 730
5 730
5 730
5 730
5 730
5 730
5 730
5 730
5 730
5 730
5 730
5 730
5 730
5 730
5 730
5 730
5 730
5 730
5 730
5 730
22 561
22 561
22 561
22 561
22 561
22 561
22 561
22 561
22 561
22 561
22 561
22 561
22 561
22 561
22 561
22 561
22 561
22 561
22 561
22 561
21 576
21 576
21 576
21 576
21 576
21 576
21 576
21 576
21 576
21 576
21 576
21 576
21 576
21 576
21 576
21 576
21 576
21 576
21 576
21 576
21 576
21 576
21 576
21 576
21 576
21 576
21 576
21 576
83 12
83 12
83 12
83 12
83 12
83 12
83 12
83 12
83 12
83 12
83 12
83 12
83 12
83 12
83 12
83 12
83 12
83 12
84 7
84 7
84 7
84 7
84 7
85 16
85 16
85 16
86 18
86 18
86 18
86 18
86 18
86 18
87 18
87 18
87 18
87 18
87 18
87 18
87 18
87 18
87 18
87 18
87 18
87 18
87 18
87 18
88 9
89 13
89 13
89 13
89 13
89 13
89 13
89 13
89 13
89 13
89 13
89 13
89 13
89 13
89 13
89 13
89 13
89 13
89 13
89 13
89 13
89 13
89 13
89 13
89 13
89 13
89 13
89 13
90 5
90 5
90 5
90 5
90 5
90 5
90 5
92 1
92 1
93 3
93 3
93 3
93 3
5 456
5 456
5 456
5 456
5 456
5 456
5 456
5 456
5 456
5 456
5 456
5 456
5 456
5 456
5 456
5 456
5 456
5 456
5 456
5 456
5 456
5 456
5 456
5 456
5 456
5 456
5 456
5 456
5 456
5 456
15 546
15 546
15 546
15 546
15 546
15 546
15 546
15 546
15 546
15 546
15 546
15 546
15 546
15 546
15 546
15 546
15 546
15 546
15 546
15 546
15 546
15 546
15 546
15 546
13 576
13 576
13 576
13 576
13 576
13 576
13 576
13 576
13 576
13 576
13 576
22 487
22 487
22 487
22 487
22 487
22 487
22 487
22 487
22 487
22 487
22 487
22 487
22 487
22 487
22 487
22 487
22 487
22 487
22 487
22 487
63 1105
63 1105
63 1105
63 1105
63 1105
63 1105
63 1105
63 1105
63 1105
63 1105
63 1105
63 1105
63 1105
17 618
17 618
17 618
17 618
17 618
17 618
17 618
17 618
17 618
17 618
17 618
17 618
17 618
17 618
17 618
17 618
17 618
17 618
17 618
17 618
17 618
17 618
17 618
17 618
17 618
17 618
83 13
83 13
83 13
83 13
83 13
83 13
83 13
83 13
83 13
83 13
83 13
83 13
83 13
83 13
83 13
83 13
83 13
83 13
84 12
84 12
84 12
84 12
84 12
85 10
85 10
85 10
86 9
86 9
86 9
86 9
86 9
86 9
87 9
87 9
87 9
87 9
87 9
87 9
87 9
87 9
87 9
87 9
87 9
87 9
87 9
87 9
88 19
89 35
89 35
89 35
89 35
89 35
89 35
89 35
89 35
89 35
89 35
89 35
89 35
89 35
89 35
89 35
89 35
89 35
89 35
89 35
89 35
89 35
89 35
89 35
89 35
89 35
89 35
89 35
90 28
90 28
90 28
90 28
90 28
90 28
90 28
92 12
92 12
93 3
93 3
93 3
93 3
21 835
21 835
21 835
21 835
21 835
21 835
21 835
21 835
21 835
21 835
21 835
21 835
21 835
21 835
21 835
21 835
21 835
21 835
21 835
21 835
21 835
21 835
21 835
21 835
21 835
21 835
21 835
21 835
27 1883
27 1883
27 1883
27 1883
27 1883
27 1883
27 1883
27 1883
27 1883
27 1883
27 1883
27 1883
27 1883
27 1883
27 1883
27 1883
27 1883
27 1883
27 1883
27 1883
27 1883
27 1883
27 1384
27 1384
27 1384
27 1384
27 1384
27 1384
27 1384
27 1384
27 1384
27 1384
27 1384
27 1384
27 1384
27 1384
27 1384
27 1384
27 1384
27 1384
27 1384
27 1384
27 1384
27 1384
27 885
27 885
27 885
27 885
27 885
27 885
27 885
27 885
27 885
27 885
27 885
27 885
27 885
27 885
27 885
27 885
27 885
27 885
27 885
27 885
27 885
27 885
5 626
5 626
5 626
5 626
5 626
5 626
5 626
5 626
5 626
5 626
5 626
5 626
5 626
5 626
5 626
5 626
5 626
5 626
5 626
5 626
5 626
5 626
5 626
5 626
5 626
5 626
5 626
5 626
5 626
5 626
83 6
83 6
83 6
83 6
83 6
83 6
83 6
83 6
83 6
83 6
83 6
83 6
83 6
83 6
83 6
83 6
83 6
83 6
84 2
84 2
84 2
84 2
84 2
85 2
85 2
85 2
86 2
86 2
86 2
86 2
86 2
86 2
87 2
87 2
87 2
87 2
87 2
87 2
87 2
87 2
87 2
87 2
87 2
87 2
87 2
87 2
88 4
89 2
89 2
89 2
89 2
89 2
89 2
89 2
89 2
89 2
89 2
89 2
89 2
89 2
89 2
89 2
89 2
89 2
89 2
89 2
89 2
89 2
89 2
89 2
89 2
89 2
89 2
89 2
90 4
90 4
90 4
90 4
90 4
90 4
90 4
92 2
92 2
93 14
93 14
93 14
93 14
13 871
13 871
13 871
13 871
13 871
13 871
13 871
13 871
13 871
13 871
13 871
15 852
15 852
15 852
15 852
15 852
15 852
15 852
15 852
15 852
15 852
15 852
15 852
15 852
15 852
15 852
15 852
15 852
15 852
15 852
15 852
15 852
15 852
15 852
15 852
32 2271
32 2271
32 2271
32 2271
32 2271
32 2271
32 2271
32 2271
32 2271
32 2271
32 2271
32 2271
32 2271
32 2271
32 2271
32 2271
32 2271
32 1808
32 1808
32 1808
32 1808
32 1808
32 1808
32 1808
32 1808
32 1808
32 1808
32 1808
32 1808
32 1808
32 1808
32 1808
32 1808
32 1808
32 1314
32 1314
32 1314
32 1314
32 1314
32 1314
32 1314
32 1314
32 1314
32 1314
32 1314
32 1314
32 1314
32 1314
32 1314
32 1314
32 1314
22 915
22 915
22 915
22 915
22 915
22 915
22 915
22 915
22 915
22 915
22 915
22 915
22 915
22 915
22 915
22 915
22 915
22 915
22 915
22 915
27 870
27 870
27 870
27 870
27 870
27 870
27 870
27 870
27 870
27 870
27 870
27 870
27 870
27 870
27 870
27 870
27 870
27 870
27 870
27 870
27 870
27 870
63 1039
63 1039
63 1039
63 1039
63 1039
63 1039
63 1039
63 1039
63 1039
63 1039
63 1039
63 1039
63 1039
83 6
83 6
83 6
83 6
83 6
83 6
83 6
83 6
83 6
83 6
83 6
83 6
83 6
83 6
83 6
83 6
83 6
83 6
84 6
84 6
84 6
84 6
84 6
85 6
85 6
85 6
86 3
86 3
86 3
86 3
86 3
86 3
32 1043
32 1043
32 1043
32 1043
32 1043
32 1043
32 1043
32 1043
32 1043
32 1043
32 1043
32 1043
32 1043
32 1043
32 1043
32 1043
32 1043
87 2
87 2
87 2
87 2
87 2
87 2
87 2
87 2
87 2
87 2
87 2
87 2
87 2
87 2
88 4
89 3
89 3
89 3
89 3
89 3
89 3
89 3
89 3
89 3
89 3
89 3
89 3
89 3
89 3
89 3
89 3
89 3
89 3
89 3
89 3
89 3
89 3
89 3
89 3
89 3
89 3
89 3
90 1
90 1
90 1
90 1
90 1
90 1
90 1
17 1271
17 1271
17 1271
17 1271
17 1271
17 1271
17 1271
17 1271
17 1271
17 1271
17 1271
17 1271
17 1271
17 1271
17 1271
17 1271
17 1271
17 1271
17 1271
17 1271
17 1271
17 1271
17 1271
17 1271
17 1271
17 1271
5 902
5 902
5 902
5 902
5 902
5 902
5 902
5 902
5 902
5 902
5 902
5 902
5 902
5 902
5 902
5 902
5 902
5 902
5 902
5 902
5 902
5 902
5 902
5 902
5 902
5 902
5 902
5 902
5 902
5 902
92 35
92 35
93 34
93 34
93 34
93 34
13 854
13 854
13 854
13 854
13 854
13 854
13 854
13 854
13 854
13 854
13 854
21 1411
21 1411
21 1411
21 1411
21 1411
21 1411
21 1411
21 1411
21 1411
21 1411
21 1411
21 1411
21 1411
21 1411
21 1411
21 1411
21 1411
21 1411
21 1411
21 1411
21 1411
21 1411
21 1411
21 1411
21 1411
21 1411
21 1411
21 1411
22 945
22 945
22 945
22 945
22 945
22 945
22 945
22 945
22 945
22 945
22 945
22 945
22 945
22 945
22 945
22 945
22 945
22 945
22 945
22 945
83 26
83 26
83 26
83 26
83 26
83 26
83 26
83 26
83 26
83 26
83 26
83 26
83 26
83 26
83 26
83 26
83 26
83 26
84 26
84 26
84 26
84 26
84 26
85 19
85 19
85 19
86 14
86 14
86 14
86 14
86 14
86 14
87 6
87 6
87 6
87 6
87 6
87 6
87 6
87 6
87 6
87 6
87 6
87 6
87 6
87 6
88 4
89 7
89 7
89 7
89 7
89 7
89 7
89 7
89 7
89 7
89 7
89 7
89 7
89 7
89 7
89 7
89 7
89 7
89 7
89 7
89 7
89 7
89 7
89 7
89 7
89 7
89 7
89 7
90 1
90 1
90 1
90 1
90 1
90 1
90 1
92 3
92 3
93 7
93 7
93 7
93 7
83 7
83 7
83 7
83 7
83 7
83 7
83 7
83 7
83 7
83 7
83 7
83 7
83 7
83 7
83 7
83 7
83 7
83 7
84 7
84 7
84 7
84 7
84 7
85 4
85 4
85 4
86 2
86 2
86 2
86 2
86 2
86 2
88 12
87 24
87 24
87 24
87 24
87 24
87 24
87 24
87 24
87 24
87 24
87 24
87 24
87 24
87 24
89 18
89 18
89 18
89 18
89 18
89 18
89 18
89 18
89 18
89 18
89 18
89 18
89 18
89 18
89 18
89 18
89 18
89 18
89 18
89 18
89 18
89 18
89 18
89 18
89 18
89 18
89 18
90 11
90 11
90 11
90 11
90 11
90 11
90 11
92 4
92 4
93 15
93 15
93 15
93 15
27 1763
27 1763
27 1763
27 1763
27 1763
27 1763
27 1763
27 1763
27 1763
27 1763
27 1763
27 1763
27 1763
27 1763
27 1763
27 1763
27 1763
27 1763
27 1763
27 1763
27 1763
27 1763
5 1494
5 1494
5 1494
5 1494
5 1494
5 1494
5 1494
5 1494
5 1494
5 1494
5 1494
5 1494
5 1494
5 1494
5 1494
5 1494
5 1494
5 1494
5 1494
5 1494
5 1494
5 1494
5 1494
5 1494
5 1494
5 1494
5 1494
5 1494
5 1494
5 1494
15 1405
15 1405
15 1405
15 1405
15 1405
15 1405
15 1405
15 1405
15 1405
15 1405
15 1405
15 1405
15 1405
15 1405
15 1405
15 1405
15 1405
15 1405
15 1405
15 1405
15 1405
15 1405
15 1405
15 1405
22 1337
22 1337
22 1337
22 1337
22 1337
22 1337
22 1337
22 1337
22 1337
22 1337
22 1337
22 1337
22 1337
22 1337
22 1337
22 1337
22 1337
22 1337
22 1337
22 1337
27 1296
27 1296
27 1296
27 1296
27 1296
27 1296
27 1296
27 1296
27 1296
27 1296
27 1296
27 1296
27 1296
27 1296
27 1296
27 1296
27 1296
27 1296
27 1296
27 1296
27 1296
27 1296
21 1374
21 1374
21 1374
21 1374
21 1374
21 1374
21 1374
21 1374
21 1374
21 1374
21 1374
21 1374
21 1374
21 1374
21 1374
21 1374
21 1374
21 1374
21 1374
21 1374
21 1374
21 1374
21 1374
21 1374
21 1374
21 1374
21 1374
21 1374
63 1537
63 1537
63 1537
63 1537
63 1537
63 1537
63 1537
63 1537
63 1537
63 1537
63 1537
63 1537
63 1537
83 9
83 9
83 9
83 9
83 9
83 9
83 9
83 9
83 9
83 9
83 9
83 9
83 9
83 9
83 9
83 9
83 9
83 9
84 2
84 2
84 2
84 2
84 2
85 15
85 15
85 15
86 8
86 8
86 8
86 8
86 8
86 8
87 35
87 35
87 35
87 35
87 35
87 35
87 35
87 35
87 35
87 35
87 35
87 35
87 35
87 35
88 26
89 19
89 19
89 19
89 19
89 19
89 19
89 19
89 19
89 19
89 19
89 19
89 19
89 19
89 19
89 19
89 19
89 19
89 19
89 19
89 19
89 19
89 19
89 19
89 19
89 19
89 19
89 19
90 29
90 29
90 29
90 29
90 29
90 29
90 29
92 21
92 21
93 21
93 21
93 21
93 21
63 1447
63 1447
63 1447
63 1447
63 1447
63 1447
63 1447
63 1447
63 1447
63 1447
63 1447
63 1447
63 1447
