83 20
84 11
84 11
84 11
84 11
84 11
84 11
84 11
84 11
85 7
85 7
86 12
86 12
86 12
86 12
86 12
86 12
86 12
86 12
86 12
86 12
89 7
89 7
89 7
89 7
89 7
89 7
88 19
88 19
88 19
88 19
88 19
88 19
88 19
88 19
88 19
88 19
88 19
88 19
88 19
88 19
88 19
88 19
88 19
88 19
88 19
88 19
88 19
87 35
87 35
87 35
90 8
90 8
90 8
90 8
91 12
91 12
91 12
91 12
91 12
92 4
92 4
92 4
92 4
92 4
92 4
92 4
93 13
93 13
93 13
93 13
93 13
93 13
93 13
93 13
93 13
83 2
84 1
84 1
84 1
84 1
84 1
84 1
84 1
84 1
85 3
85 3
86 8
86 8
86 8
86 8
86 8
86 8
86 8
86 8
86 8
86 8
87 2
87 2
87 2
88 5
88 5
88 5
88 5
88 5
88 5
88 5
88 5
88 5
88 5
88 5
88 5
88 5
88 5
88 5
88 5
88 5
88 5
88 5
88 5
88 5
89 1
89 1
89 1
89 1
89 1
89 1
90 3
90 3
90 3
90 3
91 3
91 3
91 3
91 3
91 3
92 1
92 1
92 1
92 1
92 1
92 1
92 1
93 7
93 7
93 7
93 7
93 7
93 7
93 7
93 7
93 7
83 6
85 6
85 6
84 29
84 29
84 29
84 29
84 29
84 29
84 29
84 29
86 11
86 11
86 11
86 11
86 11
86 11
86 11
86 11
86 11
86 11
87 4
87 4
87 4
88 8
88 8
88 8
88 8
88 8
88 8
88 8
88 8
88 8
88 8
88 8
88 8
88 8
88 8
88 8
88 8
88 8
88 8
88 8
88 8
88 8
89 15
89 15
89 15
89 15
89 15
89 15
90 6
90 6
90 6
90 6
91 2
91 2
91 2
91 2
91 2
92 1
92 1
92 1
92 1
92 1
92 1
92 1
93 2
93 2
93 2
93 2
93 2
93 2
93 2
93 2
93 2
83 5
84 1
84 1
84 1
84 1
84 1
84 1
84 1
84 1
85 2
85 2
86 1
86 1
86 1
86 1
86 1
86 1
86 1
86 1
86 1
86 1
87 3
87 3
87 3
88 2
88 2
88 2
88 2
88 2
88 2
88 2
88 2
88 2
88 2
88 2
88 2
88 2
88 2
88 2
88 2
88 2
88 2
88 2
88 2
88 2
89 3
89 3
89 3
89 3
89 3
89 3
90 1
90 1
90 1
90 1
91 2
91 2
91 2
91 2
91 2
92 1
92 1
92 1
92 1
92 1
92 1
92 1
93 12
93 12
93 12
93 12
93 12
93 12
93 12
93 12
93 12
83 3
84 1
84 1
84 1
84 1
84 1
84 1
84 1
84 1
85 2
85 2
86 1
86 1
86 1
86 1
86 1
86 1
86 1
86 1
86 1
86 1
87 2
87 2
87 2
88 2
88 2
88 2
88 2
88 2
88 2
88 2
88 2
88 2
88 2
88 2
88 2
88 2
88 2
88 2
88 2
88 2
88 2
88 2
88 2
88 2
89 3
89 3
89 3
89 3
89 3
89 3
90 1
90 1
90 1
90 1
91 10
91 10
91 10
91 10
91 10
92 13
92 13
92 13
92 13
92 13
92 13
92 13
93 9
93 9
93 9
93 9
93 9
93 9
93 9
93 9
93 9
49 1056
49 1056
49 1056
49 1056
49 1056
49 1056
49 1056
49 1056
49 1056
49 1056
49 1056
49 1056
49 1056
49 564
49 564
49 564
49 564
49 564
49 564
49 564
49 564
49 564
49 564
49 564
49 564
49 564
64 595
64 595
64 595
64 595
64 595
64 595
64 595
64 595
64 595
64 595
64 595
64 595
64 595
64 595
64 595
64 595
64 595
64 595
64 595
64 595
49 253
49 253
49 253
49 253
49 253
49 253
49 253
49 253
49 253
49 253
49 253
49 253
49 253
83 6
84 2
84 2
84 2
84 2
84 2
84 2
84 2
84 2
85 2
85 2
86 3
86 3
86 3
86 3
86 3
86 3
86 3
86 3
86 3
86 3
87 2
87 2
87 2
88 2
88 2
88 2
88 2
88 2
88 2
88 2
88 2
88 2
88 2
88 2
88 2
88 2
88 2
88 2
88 2
88 2
88 2
88 2
88 2
88 2
89 3
89 3
89 3
89 3
89 3
89 3
64 258
64 258
64 258
64 258
64 258
64 258
64 258
64 258
64 258
64 258
64 258
64 258
64 258
64 258
64 258
64 258
64 258
64 258
64 258
64 258
90 1
90 1
90 1
90 1
91 4
91 4
91 4
91 4
91 4
92 1
92 1
92 1
92 1
92 1
92 1
92 1
93 2
93 2
93 2
93 2
93 2
93 2
93 2
93 2
93 2
49 58
49 58
49 58
49 58
49 58
49 58
49 58
49 58
49 58
49 58
49 58
49 58
49 58
64 7
64 7
64 7
64 7
64 7
64 7
64 7
64 7
64 7
64 7
64 7
64 7
64 7
64 7
64 7
64 7
64 7
64 7
64 7
64 7
83 5
84 1
84 1
84 1
84 1
84 1
84 1
84 1
84 1
85 2
85 2
86 1
86 1
86 1
86 1
86 1
86 1
86 1
86 1
86 1
86 1
82 2545
82 2545
82 2545
82 2545
82 2545
82 2545
82 2545
82 2545
82 2545
82 2545
82 2545
82 2545
82 2545
82 2545
82 2545
82 2545
82 2545
82 2545
82 2545
87 3
87 3
87 3
82 1059
82 1059
82 1059
82 1059
82 1059
82 1059
82 1059
82 1059
82 1059
82 1059
82 1059
82 1059
82 1059
82 1059
82 1059
82 1059
82 1059
82 1059
82 1059
88 2
88 2
88 2
88 2
88 2
88 2
88 2
88 2
88 2
88 2
88 2
88 2
88 2
88 2
88 2
88 2
88 2
88 2
88 2
88 2
88 2
89 8
89 8
89 8
89 8
89 8
89 8
90 1
90 1
90 1
90 1
91 3
91 3
91 3
91 3
91 3
92 1
92 1
92 1
92 1
92 1
92 1
92 1
93 2
93 2
93 2
93 2
93 2
93 2
93 2
93 2
93 2
49 26
49 26
49 26
49 26
49 26
49 26
49 26
49 26
49 26
49 26
49 26
49 26
49 26
64 26
64 26
64 26
64 26
64 26
64 26
64 26
64 26
64 26
64 26
64 26
64 26
64 26
64 26
64 26
64 26
64 26
64 26
64 26
64 26
83 6
84 1
84 1
84 1
84 1
84 1
84 1
84 1
84 1
85 10
85 10
86 11
86 11
86 11
86 11
86 11
86 11
86 11
86 11
86 11
86 11
87 2
87 2
87 2
88 4
88 4
88 4
88 4
88 4
88 4
88 4
88 4
88 4
88 4
88 4
88 4
88 4
88 4
88 4
88 4
88 4
88 4
88 4
88 4
88 4
89 8
89 8
89 8
89 8
89 8
89 8
90 9
90 9
90 9
90 9
91 15
91 15
91 15
91 15
91 15
92 8
92 8
92 8
92 8
92 8
92 8
92 8
93 4
93 4
93 4
93 4
93 4
93 4
93 4
93 4
93 4
63 1423
63 1423
63 1423
63 1423
63 1423
63 1423
63 1423
63 1423
63 1423
63 1423
63 1423
63 1423
63 1423
63 1423
63 1423
63 1423
63 1423
63 1423
63 433
63 433
63 433
63 433
63 433
63 433
63 433
63 433
63 433
63 433
63 433
63 433
63 433
63 433
63 433
63 433
63 433
63 433
