3 130
3 130
3 130
3 130
3 130
3 130
3 130
3 130
3 130
3 130
3 130
3 130
3 130
3 130
3 130
3 130
3 130
3 130
3 130
3 130
3 130
3 130
3 130
3 130
3 130
3 130
3 130
3 130
3 130
3 130
5 133
5 133
5 133
5 133
5 133
5 133
5 133
5 133
5 133
5 133
5 133
5 133
5 133
5 133
12 173
12 173
12 173
12 173
12 173
12 173
12 173
12 173
12 173
12 173
12 173
12 173
11 191
11 191
11 191
11 191
11 191
11 191
11 191
17 134
17 134
17 134
17 134
17 134
17 134
17 134
17 134
17 134
17 134
17 134
17 134
17 134
17 134
17 134
17 134
17 134
17 134
17 134
17 134
17 134
17 134
17 134
26 63
26 63
26 63
26 63
26 63
26 63
26 63
26 63
26 63
26 63
26 63
26 63
26 63
26 63
26 63
26 63
26 63
26 63
26 63
26 63
26 63
7 283
7 283
7 283
7 283
7 283
7 283
7 283
7 283
7 283
7 283
19 171
33 135
33 135
33 135
33 135
31 156
31 156
31 156
31 156
31 156
31 156
31 156
31 156
31 156
35 136
35 136
35 136
42 132
42 132
42 132
42 132
42 132
42 132
42 132
42 132
42 132
42 132
42 132
42 132
42 132
45 171
45 171
45 171
45 171
45 171
45 171
45 171
45 171
45 171
45 171
45 171
50 213
50 213
48 255
48 255
48 255
48 255
48 255
48 255
48 255
48 255
48 255
48 255
48 255
48 255
48 255
48 255
48 255
48 255
48 255
7 200
7 200
7 200
7 200
7 200
7 200
7 200
7 200
7 200
7 200
60 227
60 227
60 227
60 227
60 227
60 227
60 227
60 227
60 227
60 227
60 227
60 227
60 227
60 227
60 227
60 227
11 223
11 223
11 223
11 223
11 223
11 223
11 223
12 220
12 220
12 220
12 220
12 220
12 220
12 220
12 220
12 220
12 220
12 220
12 220
57 274
57 274
57 274
57 274
57 274
57 274
61 246
61 246
61 246
61 246
61 246
61 246
61 246
61 246
61 246
61 246
61 246
61 246
61 246
61 246
61 246
61 246
61 246
61 246
61 246
61 246
61 246
61 246
61 246
61 246
61 246
61 246
3 337
3 337
3 337
3 337
3 337
3 337
3 337
3 337
3 337
3 337
3 337
3 337
3 337
3 337
3 337
3 337
3 337
3 337
3 337
3 337
3 337
3 337
3 337
3 337
3 337
3 337
3 337
3 337
3 337
3 337
5 345
5 345
5 345
5 345
5 345
5 345
5 345
5 345
5 345
5 345
5 345
5 345
5 345
5 345
17 248
17 248
17 248
17 248
17 248
17 248
17 248
17 248
17 248
17 248
17 248
17 248
17 248
17 248
17 248
17 248
17 248
17 248
17 248
17 248
17 248
17 248
17 248
56 361
56 361
56 361
56 361
56 361
56 361
56 361
56 361
56 361
56 361
56 361
56 361
56 361
56 361
56 361
67 259
67 259
67 259
67 259
67 259
19 251
75 259
75 259
75 259
75 259
75 259
75 259
75 259
75 259
75 259
75 259
75 259
75 259
75 259
75 259
75 259
75 259
75 259
75 259
75 259
75 259
75 259
75 259
75 259
75 259
26 252
26 252
26 252
26 252
26 252
26 252
26 252
26 252
26 252
26 252
26 252
26 252
26 252
26 252
26 252
26 252
26 252
26 252
26 252
26 252
26 252
63 424
63 424
63 424
63 424
63 424
63 424
63 424
63 424
63 424
63 424
63 424
63 424
63 424
63 424
63 424
63 424
63 424
63 424
63 424
63 424
31 335
31 335
31 335
31 335
31 335
31 335
31 335
31 335
31 335
33 344
33 344
33 344
33 344
35 356
35 356
35 356
42 333
42 333
42 333
42 333
42 333
42 333
42 333
42 333
42 333
42 333
42 333
42 333
42 333
14 1116
14 1116
14 1116
14 1116
14 1116
14 1116
14 1116
14 1116
14 1116
14 1116
14 1116
14 1116
14 1116
14 1116
14 1116
14 1116
14 1116
14 1116
14 1116
14 1116
14 1116
14 1116
14 1116
14 1116
14 1116
14 1116
14 1116
14 616
14 616
14 616
14 616
14 616
14 616
14 616
14 616
14 616
14 616
14 616
14 616
14 616
14 616
14 616
14 616
14 616
14 616
14 616
14 616
14 616
14 616
14 616
14 616
14 616
14 616
14 616
6 1205
6 1205
6 1205
6 1205
6 1205
6 1205
6 1205
6 1205
6 1205
6 1205
6 1205
6 1205
6 1205
6 1205
6 1205
6 1205
6 1205
6 1205
6 1205
6 710
6 710
6 710
6 710
6 710
6 710
6 710
6 710
6 710
6 710
6 710
6 710
6 710
6 710
6 710
6 710
6 710
6 710
6 710
45 379
45 379
45 379
45 379
45 379
45 379
45 379
45 379
45 379
45 379
45 379
50 347
50 347
37 1015
37 1015
37 1015
37 1015
37 1015
37 1015
37 1015
37 1015
37 1015
37 1015
37 1015
37 1015
37 1015
37 1015
37 1015
37 1015
37 1015
37 1015
37 1015
37 1015
37 1015
37 1015
37 1015
37 1015
37 1015
37 1015
37 1015
37 1015
37 519
37 519
37 519
37 519
37 519
37 519
37 519
37 519
37 519
37 519
37 519
37 519
37 519
37 519
37 519
37 519
37 519
37 519
37 519
37 519
37 519
37 519
37 519
37 519
37 519
37 519
37 519
37 519
7 370
7 370
7 370
7 370
7 370
7 370
7 370
7 370
7 370
7 370
57 399
57 399
57 399
57 399
57 399
57 399
60 412
60 412
60 412
60 412
60 412
60 412
60 412
60 412
60 412
60 412
60 412
60 412
60 412
60 412
60 412
60 412
61 404
61 404
61 404
61 404
61 404
61 404
61 404
61 404
61 404
61 404
61 404
61 404
61 404
61 404
61 404
61 404
61 404
61 404
61 404
61 404
61 404
61 404
61 404
61 404
61 404
61 404
11 418
11 418
11 418
11 418
11 418
11 418
11 418
12 432
12 432
12 432
12 432
12 432
12 432
12 432
12 432
12 432
12 432
12 432
12 432
67 435
67 435
67 435
67 435
67 435
17 467
17 467
17 467
17 467
17 467
17 467
17 467
17 467
17 467
17 467
17 467
17 467
17 467
17 467
17 467
17 467
17 467
17 467
17 467
17 467
17 467
17 467
17 467
19 453
48 721
48 721
48 721
48 721
48 721
48 721
48 721
48 721
48 721
48 721
48 721
48 721
48 721
48 721
48 721
48 721
48 721
75 527
75 527
75 527
75 527
75 527
75 527
75 527
75 527
75 527
75 527
75 527
75 527
75 527
75 527
75 527
75 527
75 527
75 527
75 527
75 527
75 527
75 527
75 527
75 527
3 748
3 748
3 748
3 748
3 748
3 748
3 748
3 748
3 748
3 748
3 748
3 748
3 748
3 748
3 748
3 748
3 748
3 748
3 748
3 748
3 748
3 748
3 748
3 748
3 748
3 748
3 748
3 748
3 748
3 748
26 523
26 523
26 523
26 523
26 523
26 523
26 523
26 523
26 523
26 523
26 523
26 523
26 523
26 523
26 523
26 523
26 523
26 523
26 523
26 523
26 523
5 764
5 764
5 764
5 764
5 764
5 764
5 764
5 764
5 764
5 764
5 764
5 764
5 764
5 764
37 458
37 458
37 458
37 458
37 458
37 458
37 458
37 458
37 458
37 458
37 458
37 458
37 458
37 458
37 458
37 458
37 458
37 458
37 458
37 458
37 458
37 458
37 458
37 458
37 458
37 458
37 458
37 458
56 780
56 780
56 780
56 780
56 780
56 780
56 780
56 780
56 780
56 780
56 780
56 780
56 780
56 780
56 780
6 793
6 793
6 793
6 793
6 793
6 793
6 793
6 793
6 793
6 793
6 793
6 793
6 793
6 793
6 793
6 793
6 793
6 793
6 793
31 543
31 543
31 543
31 543
31 543
31 543
31 543
31 543
31 543
33 530
33 530
33 530
33 530
35 544
35 544
35 544
42 482
42 482
42 482
42 482
42 482
42 482
42 482
42 482
42 482
42 482
42 482
42 482
42 482
50 476
50 476
45 567
45 567
45 567
45 567
45 567
45 567
45 567
45 567
45 567
45 567
45 567
63 932
63 932
63 932
63 932
63 932
63 932
63 932
63 932
63 932
63 932
63 932
63 932
63 932
63 932
63 932
63 932
63 932
63 932
63 932
63 932
7 534
7 534
7 534
7 534
7 534
7 534
7 534
7 534
7 534
7 534
71 1421
71 1421
71 1421
71 1421
71 1421
71 1421
71 1421
71 1421
71 1421
71 1421
71 1421
71 1421
71 1421
71 1421
71 1421
71 1421
71 1421
71 1421
71 1421
71 1421
71 1421
71 1421
71 1421
71 1421
71 1421
41 1737
41 1737
41 1737
41 1737
41 1737
41 1737
41 1737
41 1737
41 1737
41 1737
41 1737
41 1737
41 1737
41 1737
41 1737
41 1737
41 1737
41 1737
41 1238
41 1238
41 1238
41 1238
41 1238
41 1238
41 1238
41 1238
41 1238
41 1238
41 1238
41 1238
41 1238
41 1238
41 1238
41 1238
41 1238
41 1238
14 1009
14 1009
14 1009
14 1009
14 1009
14 1009
14 1009
14 1009
14 1009
14 1009
14 1009
14 1009
14 1009
14 1009
14 1009
14 1009
14 1009
14 1009
14 1009
14 1009
14 1009
14 1009
14 1009
14 1009
14 1009
14 1009
14 1009
60 595
60 595
60 595
60 595
60 595
60 595
60 595
60 595
60 595
60 595
60 595
60 595
60 595
60 595
60 595
60 595
57 642
57 642
57 642
57 642
57 642
57 642
61 602
61 602
61 602
61 602
61 602
61 602
61 602
61 602
61 602
61 602
61 602
61 602
61 602
61 602
61 602
61 602
61 602
61 602
61 602
61 602
61 602
61 602
61 602
61 602
61 602
61 602
67 583
67 583
67 583
67 583
67 583
11 645
11 645
11 645
11 645
11 645
11 645
11 645
19 584
71 1066
71 1066
71 1066
71 1066
71 1066
71 1066
71 1066
71 1066
71 1066
71 1066
71 1066
71 1066
71 1066
71 1066
71 1066
71 1066
71 1066
71 1066
71 1066
71 1066
71 1066
71 1066
71 1066
71 1066
71 1066
12 656
12 656
12 656
12 656
12 656
12 656
12 656
12 656
12 656
12 656
12 656
12 656
17 631
17 631
17 631
17 631
17 631
17 631
17 631
17 631
17 631
17 631
17 631
17 631
17 631
17 631
17 631
17 631
17 631
17 631
17 631
17 631
17 631
17 631
17 631
62 1733
62 1733
62 1733
62 1733
62 1733
62 1733
62 1733
62 1733
62 1233
62 1233
62 1233
62 1233
62 1233
62 1233
62 1233
62 1233
62 734
62 734
62 734
62 734
62 734
62 734
62 734
62 734
58 1774
58 1774
58 1774
58 1774
58 1774
58 1774
58 1774
58 1774
58 1774
58 1774
58 1774
58 1774
58 1774
58 1774
58 1774
58 1774
58 1774
58 1774
58 1774
58 1774
58 1774
58 1774
58 1774
58 1774
58 1774
58 1774
58 1774
58 1774
58 1774
58 1274
58 1274
58 1274
58 1274
58 1274
58 1274
58 1274
58 1274
58 1274
58 1274
58 1274
58 1274
58 1274
58 1274
58 1274
58 1274
58 1274
58 1274
58 1274
58 1274
58 1274
58 1274
58 1274
58 1274
58 1274
58 1274
58 1274
58 1274
58 1274
58 775
58 775
58 775
58 775
58 775
58 775
58 775
58 775
58 775
58 775
58 775
58 775
58 775
58 775
58 775
58 775
58 775
58 775
58 775
58 775
58 775
58 775
58 775
58 775
58 775
58 775
58 775
58 775
58 775
75 666
75 666
75 666
75 666
75 666
75 666
75 666
75 666
75 666
75 666
75 666
75 666
75 666
75 666
75 666
75 666
75 666
75 666
75 666
75 666
75 666
75 666
75 666
75 666
26 696
26 696
26 696
26 696
26 696
26 696
26 696
26 696
26 696
26 696
26 696
26 696
26 696
26 696
26 696
26 696
26 696
26 696
26 696
26 696
26 696
41 1074
41 1074
41 1074
41 1074
41 1074
41 1074
41 1074
41 1074
41 1074
41 1074
41 1074
41 1074
41 1074
41 1074
41 1074
41 1074
41 1074
41 1074
37 618
37 618
37 618
37 618
37 618
37 618
37 618
37 618
37 618
37 618
37 618
37 618
37 618
37 618
37 618
37 618
37 618
37 618
37 618
37 618
37 618
37 618
37 618
37 618
37 618
37 618
37 618
37 618
31 691
31 691
31 691
31 691
31 691
31 691
31 691
31 691
31 691
33 707
33 707
33 707
33 707
35 719
35 719
35 719
42 651
42 651
42 651
42 651
42 651
42 651
42 651
42 651
42 651
42 651
42 651
42 651
42 651
50 690
50 690
45 761
45 761
45 761
45 761
45 761
45 761
45 761
45 761
45 761
45 761
45 761
3 1189
3 1189
3 1189
3 1189
3 1189
3 1189
3 1189
3 1189
3 1189
3 1189
3 1189
3 1189
3 1189
3 1189
3 1189
3 1189
3 1189
3 1189
3 1189
3 1189
3 1189
3 1189
3 1189
3 1189
3 1189
3 1189
3 1189
3 1189
3 1189
3 1189
56 1165
56 1165
56 1165
56 1165
56 1165
56 1165
56 1165
56 1165
56 1165
56 1165
56 1165
56 1165
56 1165
56 1165
56 1165
7 682
7 682
7 682
7 682
7 682
7 682
7 682
7 682
7 682
7 682
58 693
58 693
58 693
58 693
58 693
58 693
58 693
58 693
58 693
58 693
58 693
58 693
58 693
58 693
58 693
58 693
58 693
58 693
58 693
58 693
58 693
58 693
58 693
58 693
58 693
58 693
58 693
58 693
58 693
48 1325
48 1325
48 1325
48 1325
48 1325
48 1325
48 1325
48 1325
48 1325
48 1325
48 1325
48 1325
48 1325
48 1325
48 1325
48 1325
48 1325
60 709
60 709
60 709
60 709
60 709
60 709
60 709
60 709
60 709
60 709
60 709
60 709
60 709
60 709
60 709
60 709
57 748
57 748
57 748
57 748
57 748
57 748
61 720
61 720
61 720
61 720
61 720
61 720
61 720
61 720
61 720
61 720
61 720
61 720
61 720
61 720
61 720
61 720
61 720
61 720
61 720
61 720
61 720
61 720
61 720
61 720
61 720
61 720
62 732
62 732
62 732
62 732
62 732
62 732
62 732
62 732
67 732
67 732
67 732
67 732
67 732
5 1358
5 1358
5 1358
5 1358
5 1358
5 1358
5 1358
5 1358
5 1358
5 1358
5 1358
5 1358
5 1358
5 1358
11 819
11 819
11 819
11 819
11 819
11 819
11 819
12 809
12 809
12 809
12 809
12 809
12 809
12 809
12 809
12 809
12 809
12 809
12 809
63 1306
63 1306
63 1306
63 1306
63 1306
63 1306
63 1306
63 1306
63 1306
63 1306
63 1306
63 1306
63 1306
63 1306
63 1306
63 1306
63 1306
63 1306
63 1306
63 1306
19 763
14 1317
14 1317
14 1317
14 1317
14 1317
14 1317
14 1317
14 1317
14 1317
14 1317
14 1317
14 1317
14 1317
14 1317
14 1317
14 1317
14 1317
14 1317
14 1317
14 1317
14 1317
14 1317
14 1317
14 1317
14 1317
14 1317
14 1317
17 817
17 817
17 817
17 817
17 817
17 817
17 817
17 817
17 817
17 817
17 817
17 817
17 817
17 817
17 817
17 817
17 817
17 817
17 817
17 817
17 817
17 817
17 817
6 1459
6 1459
6 1459
6 1459
6 1459
6 1459
6 1459
6 1459
6 1459
6 1459
6 1459
6 1459
6 1459
6 1459
6 1459
6 1459
6 1459
6 1459
6 1459
71 1359
71 1359
71 1359
71 1359
71 1359
71 1359
71 1359
71 1359
71 1359
71 1359
71 1359
71 1359
71 1359
71 1359
71 1359
71 1359
71 1359
71 1359
71 1359
71 1359
71 1359
71 1359
71 1359
71 1359
71 1359
47 2659
47 2659
47 2659
47 2659
47 2659
47 2659
47 2659
47 2659
47 2659
47 2659
47 2659
47 2659
47 2659
47 2659
47 2659
47 2659
47 2659
47 2659
47 2659
47 2659
47 2659
47 2659
47 2159
47 2159
47 2159
47 2159
47 2159
47 2159
47 2159
47 2159
47 2159
47 2159
47 2159
47 2159
47 2159
47 2159
47 2159
47 2159
47 2159
47 2159
47 2159
47 2159
47 2159
47 2159
47 1663
47 1663
47 1663
47 1663
47 1663
47 1663
47 1663
47 1663
47 1663
47 1663
47 1663
47 1663
47 1663
47 1663
47 1663
47 1663
47 1663
47 1663
47 1663
47 1663
47 1663
47 1663
75 906
75 906
75 906
75 906
75 906
75 906
75 906
75 906
75 906
75 906
75 906
75 906
75 906
75 906
75 906
75 906
75 906
75 906
75 906
75 906
75 906
75 906
75 906
75 906
26 905
26 905
26 905
26 905
26 905
26 905
26 905
26 905
26 905
26 905
26 905
26 905
26 905
26 905
26 905
26 905
26 905
26 905
26 905
26 905
26 905
31 903
31 903
31 903
31 903
31 903
31 903
31 903
31 903
31 903
37 850
37 850
37 850
37 850
37 850
37 850
37 850
37 850
37 850
37 850
37 850
37 850
37 850
37 850
37 850
37 850
37 850
37 850
37 850
37 850
37 850
37 850
37 850
37 850
37 850
37 850
37 850
37 850
42 821
42 821
42 821
42 821
42 821
42 821
42 821
42 821
42 821
42 821
42 821
42 821
42 821
33 923
33 923
33 923
33 923
35 904
35 904
35 904
50 848
50 848
41 1503
41 1503
41 1503
41 1503
41 1503
41 1503
41 1503
41 1503
41 1503
41 1503
41 1503
41 1503
41 1503
41 1503
41 1503
41 1503
41 1503
41 1503
58 838
58 838
58 838
58 838
58 838
58 838
58 838
58 838
58 838
58 838
58 838
58 838
58 838
58 838
58 838
58 838
58 838
58 838
58 838
58 838
58 838
58 838
58 838
58 838
58 838
58 838
58 838
58 838
58 838
7 857
7 857
7 857
7 857
7 857
7 857
7 857
7 857
7 857
7 857
45 1011
45 1011
45 1011
45 1011
45 1011
45 1011
45 1011
45 1011
45 1011
45 1011
45 1011
47 1504
47 1504
47 1504
47 1504
47 1504
47 1504
47 1504
47 1504
47 1504
47 1504
47 1504
47 1504
47 1504
47 1504
47 1504
47 1504
47 1504
47 1504
47 1504
47 1504
47 1504
47 1504
62 856
62 856
62 856
62 856
62 856
62 856
62 856
62 856
61 882
61 882
61 882
61 882
61 882
61 882
61 882
61 882
61 882
61 882
61 882
61 882
61 882
61 882
61 882
61 882
61 882
61 882
61 882
61 882
61 882
61 882
61 882
61 882
61 882
61 882
60 947
60 947
60 947
60 947
60 947
60 947
60 947
60 947
60 947
60 947
60 947
60 947
60 947
60 947
60 947
60 947
48 1590
48 1590
48 1590
48 1590
48 1590
48 1590
48 1590
48 1590
48 1590
48 1590
48 1590
48 1590
48 1590
48 1590
48 1590
48 1590
48 1590
57 1016
57 1016
57 1016
57 1016
57 1016
57 1016
67 926
67 926
67 926
67 926
67 926
19 927
3 1594
3 1594
3 1594
3 1594
3 1594
3 1594
3 1594
3 1594
3 1594
3 1594
3 1594
3 1594
3 1594
3 1594
3 1594
3 1594
3 1594
3 1594
3 1594
3 1594
3 1594
3 1594
3 1594
3 1594
3 1594
3 1594
3 1594
3 1594
3 1594
3 1594
5 1619
5 1619
5 1619
5 1619
5 1619
5 1619
5 1619
5 1619
5 1619
5 1619
5 1619
5 1619
5 1619
5 1619
12 1076
12 1076
12 1076
12 1076
12 1076
12 1076
12 1076
12 1076
12 1076
12 1076
12 1076
12 1076
11 1106
11 1106
11 1106
11 1106
11 1106
11 1106
11 1106
17 1076
17 1076
17 1076
17 1076
17 1076
17 1076
17 1076
17 1076
17 1076
17 1076
17 1076
17 1076
17 1076
17 1076
17 1076
17 1076
17 1076
17 1076
17 1076
17 1076
17 1076
17 1076
17 1076
6 1732
6 1732
6 1732
6 1732
6 1732
6 1732
6 1732
6 1732
6 1732
6 1732
6 1732
6 1732
6 1732
6 1732
6 1732
6 1732
6 1732
6 1732
6 1732
56 1736
56 1736
56 1736
56 1736
56 1736
56 1736
56 1736
56 1736
56 1736
56 1736
56 1736
56 1736
56 1736
56 1736
56 1736
63 1668
63 1668
63 1668
63 1668
63 1668
63 1668
63 1668
63 1668
63 1668
63 1668
63 1668
63 1668
63 1668
63 1668
63 1668
63 1668
63 1668
63 1668
63 1668
63 1668
14 1674
14 1674
14 1674
14 1674
14 1674
14 1674
14 1674
14 1674
14 1674
14 1674
14 1674
14 1674
14 1674
14 1674
14 1674
14 1674
14 1674
14 1674
14 1674
14 1674
14 1674
14 1674
14 1674
14 1674
14 1674
14 1674
14 1674
37 944
37 944
37 944
37 944
37 944
37 944
37 944
37 944
37 944
37 944
37 944
37 944
37 944
37 944
37 944
37 944
37 944
37 944
37 944
37 944
37 944
37 944
37 944
37 944
37 944
37 944
37 944
37 944
75 1086
75 1086
75 1086
75 1086
75 1086
75 1086
75 1086
75 1086
75 1086
75 1086
75 1086
75 1086
75 1086
75 1086
75 1086
75 1086
75 1086
75 1086
75 1086
75 1086
75 1086
75 1086
75 1086
75 1086
26 1077
26 1077
26 1077
26 1077
26 1077
26 1077
26 1077
26 1077
26 1077
26 1077
26 1077
26 1077
26 1077
26 1077
26 1077
26 1077
26 1077
26 1077
26 1077
26 1077
26 1077
42 971
42 971
42 971
42 971
42 971
42 971
42 971
42 971
42 971
42 971
42 971
42 971
42 971
31 1092
31 1092
31 1092
31 1092
31 1092
31 1092
31 1092
31 1092
31 1092
33 1118
33 1118
33 1118
33 1118
35 1125
35 1125
35 1125
50 1000
50 1000
58 1030
58 1030
58 1030
58 1030
58 1030
58 1030
58 1030
58 1030
58 1030
58 1030
58 1030
58 1030
58 1030
58 1030
58 1030
58 1030
58 1030
58 1030
58 1030
58 1030
58 1030
58 1030
58 1030
58 1030
58 1030
58 1030
58 1030
58 1030
58 1030
71 1913
71 1913
71 1913
71 1913
71 1913
71 1913
71 1913
71 1913
71 1913
71 1913
71 1913
71 1913
71 1913
71 1913
71 1913
71 1913
71 1913
71 1913
71 1913
71 1913
71 1913
71 1913
71 1913
71 1913
71 1913
60 1033
60 1033
60 1033
60 1033
60 1033
60 1033
60 1033
60 1033
60 1033
60 1033
60 1033
60 1033
60 1033
60 1033
60 1033
60 1033
61 1030
61 1030
61 1030
61 1030
61 1030
61 1030
61 1030
61 1030
61 1030
61 1030
61 1030
61 1030
61 1030
61 1030
61 1030
61 1030
61 1030
61 1030
61 1030
61 1030
61 1030
61 1030
61 1030
61 1030
61 1030
61 1030
62 1022
62 1022
62 1022
62 1022
62 1022
62 1022
62 1022
62 1022
45 1235
45 1235
45 1235
45 1235
45 1235
45 1235
45 1235
45 1235
45 1235
45 1235
45 1235
67 1044
67 1044
67 1044
67 1044
67 1044
41 1872
41 1872
41 1872
41 1872
41 1872
41 1872
41 1872
41 1872
41 1872
41 1872
41 1872
41 1872
41 1872
41 1872
41 1872
41 1872
41 1872
41 1872
57 1244
57 1244
57 1244
57 1244
57 1244
57 1244
47 1884
47 1884
47 1884
47 1884
47 1884
47 1884
47 1884
47 1884
47 1884
47 1884
47 1884
47 1884
47 1884
47 1884
47 1884
47 1884
47 1884
47 1884
47 1884
47 1884
47 1884
47 1884
48 1961
48 1961
48 1961
48 1961
48 1961
48 1961
48 1961
48 1961
48 1961
48 1961
48 1961
48 1961
48 1961
48 1961
48 1961
48 1961
48 1961
75 1277
75 1277
75 1277
75 1277
75 1277
75 1277
75 1277
75 1277
75 1277
75 1277
75 1277
75 1277
75 1277
75 1277
75 1277
75 1277
75 1277
75 1277
75 1277
75 1277
75 1277
75 1277
75 1277
75 1277
