83 20
83 1
58 856
58 856
58 856
58 856
58 693
58 693
58 693
58 693
83 1
58 297
58 297
58 297
58 297
46 1528
46 1528
46 1528
46 1528
46 1528
46 1528
46 1528
46 1528
46 1528
46 1041
46 1041
46 1041
46 1041
46 1041
46 1041
46 1041
46 1041
46 1041
46 556
46 556
46 556
46 556
46 556
46 556
46 556
46 556
46 556
46 75
46 75
46 75
46 75
46 75
46 75
46 75
46 75
46 75
58 3
58 3
58 3
58 3
83 2
37 2046
37 2046
37 2046
37 2046
37 2046
37 2046
83 1
83 1
46 493
46 493
46 493
46 493
46 493
46 493
46 493
46 493
46 493
83 1
58 842
58 842
58 842
58 842
46 462
46 462
46 462
46 462
46 462
46 462
46 462
46 462
46 462
62 3319
62 3319
62 3319
62 3319
62 3319
62 3319
62 3319
62 3319
62 2826
62 2826
62 2826
62 2826
62 2826
62 2826
62 2826
62 2826
62 2331
62 2331
62 2331
62 2331
62 2331
62 2331
62 2331
62 2331
46 58
46 58
46 58
46 58
46 58
46 58
46 58
46 58
46 58
58 453
58 453
58 453
58 453
83 2
