8 131
8 131
8 131
8 131
16 53
16 53
16 53
23 135
23 135
23 135
23 135
23 135
23 135
23 135
23 135
23 135
8 119
8 119
8 119
8 119
83 27
83 27
83 27
83 27
83 27
83 27
83 27
83 27
83 27
83 27
83 27
83 27
83 27
83 27
83 27
83 27
83 27
16 198
16 198
16 198
23 130
23 130
23 130
23 130
23 130
23 130
23 130
23 130
23 130
63 535
63 535
63 535
63 535
63 535
63 535
63 535
63 535
63 535
63 535
63 535
63 535
63 535
63 535
63 535
8 174
8 174
8 174
8 174
56 734
56 734
56 734
56 734
56 734
83 1
83 1
83 1
83 1
83 1
83 1
83 1
83 1
83 1
83 1
83 1
83 1
83 1
83 1
83 1
83 1
83 1
35 1035
16 234
16 234
16 234
35 711
56 679
56 679
56 679
56 679
56 679
65 1090
65 1090
65 1090
65 1090
65 1090
65 1090
23 510
23 510
23 510
23 510
23 510
23 510
23 510
23 510
23 510
63 647
63 647
63 647
63 647
63 647
63 647
63 647
63 647
63 647
63 647
63 647
63 647
63 647
63 647
63 647
83 4
83 4
83 4
83 4
83 4
83 4
83 4
83 4
83 4
83 4
83 4
83 4
83 4
83 4
83 4
83 4
83 4
65 749
65 749
65 749
65 749
65 749
65 749
8 333
8 333
8 333
8 333
23 284
23 284
23 284
23 284
23 284
23 284
23 284
23 284
23 284
35 667
28 1895
28 1895
28 1895
28 1895
28 1895
28 1895
28 1895
28 1476
28 1476
28 1476
28 1476
28 1476
28 1476
28 1476
28 986
28 986
28 986
28 986
28 986
28 986
28 986
16 616
16 616
16 616
83 1
83 1
83 1
83 1
83 1
83 1
83 1
83 1
83 1
83 1
83 1
83 1
83 1
83 1
83 1
83 1
83 1
56 829
56 829
56 829
56 829
56 829
8 357
8 357
8 357
8 357
16 362
16 362
16 362
23 370
23 370
23 370
23 370
23 370
23 370
23 370
23 370
23 370
28 444
28 444
28 444
28 444
28 444
28 444
28 444
63 616
63 616
63 616
63 616
63 616
63 616
63 616
63 616
63 616
63 616
63 616
63 616
63 616
63 616
63 616
56 711
56 711
56 711
56 711
56 711
65 674
65 674
65 674
65 674
65 674
65 674
83 2
83 2
83 2
83 2
83 2
83 2
83 2
83 2
83 2
83 2
83 2
83 2
83 2
83 2
83 2
83 2
83 2
56 510
56 510
56 510
56 510
56 510
16 469
16 469
16 469
8 592
8 592
8 592
8 592
65 530
65 530
65 530
65 530
65 530
65 530
23 501
23 501
23 501
23 501
23 501
23 501
23 501
23 501
23 501
83 2
83 2
83 2
83 2
83 2
83 2
83 2
83 2
83 2
83 2
83 2
83 2
83 2
83 2
83 2
83 2
83 2
28 571
28 571
28 571
28 571
28 571
28 571
28 571
63 871
63 871
63 871
63 871
63 871
63 871
63 871
63 871
63 871
63 871
63 871
63 871
63 871
63 871
63 871
8 475
8 475
8 475
8 475
36 3255
36 3255
36 2800
36 2800
36 2304
36 2304
23 523
23 523
23 523
23 523
23 523
23 523
23 523
23 523
23 523
63 642
63 642
63 642
63 642
63 642
63 642
63 642
63 642
63 642
63 642
63 642
63 642
63 642
63 642
63 642
65 645
65 645
65 645
65 645
65 645
65 645
56 749
56 749
56 749
56 749
56 749
83 1
83 1
83 1
83 1
83 1
83 1
83 1
83 1
83 1
83 1
83 1
83 1
83 1
83 1
83 1
83 1
83 1
28 645
28 645
28 645
28 645
28 645
28 645
28 645
56 592
56 592
56 592
56 592
56 592
36 974
36 974
83 7
83 7
83 7
83 7
83 7
83 7
83 7
83 7
83 7
83 7
83 7
83 7
83 7
83 7
83 7
83 7
83 7
