4 66
7 42
7 42
7 42
7 42
7 42
7 42
7 42
7 42
7 42
7 42
7 42
7 42
6 55
6 55
6 55
6 55
6 55
6 55
6 55
6 55
6 55
6 55
6 55
6 55
6 55
6 55
6 55
6 55
6 55
6 55
11 51
11 51
11 51
12 59
12 59
12 59
12 59
12 59
12 59
30 39
30 39
30 39
30 39
46 45
46 45
15 375
15 375
15 375
15 375
15 375
15 375
15 375
15 375
15 375
15 375
15 375
15 375
15 375
15 375
15 375
15 375
15 375
15 375
15 375
15 375
15 375
15 375
15 375
17 356
17 356
17 356
17 356
17 356
17 356
17 356
17 356
17 356
17 356
17 356
17 356
17 356
17 356
17 356
17 356
17 356
17 356
17 356
37 174
37 174
37 174
37 174
37 174
37 174
37 174
37 174
51 52
51 52
51 52
51 52
51 52
51 52
51 52
51 52
51 52
51 52
51 52
51 52
51 52
51 52
51 52
51 52
51 52
51 52
51 52
51 52
51 52
51 52
51 52
51 52
51 52
51 52
51 52
4 45
6 39
6 39
6 39
6 39
6 39
6 39
6 39
6 39
6 39
6 39
6 39
6 39
6 39
6 39
6 39
6 39
6 39
6 39
7 35
7 35
7 35
7 35
7 35
7 35
7 35
7 35
7 35
7 35
7 35
7 35
11 28
11 28
11 28
12 26
12 26
12 26
12 26
12 26
12 26
40 278
40 278
40 278
40 278
40 278
40 278
40 278
40 278
40 278
45 293
45 293
45 293
45 293
45 293
45 293
45 293
45 293
45 293
45 293
45 293
45 293
45 293
45 293
45 293
45 293
45 293
45 293
45 293
45 293
45 293
45 293
45 293
45 293
45 293
45 293
45 293
45 293
52 284
52 284
52 284
52 284
52 284
52 284
52 284
30 63
30 63
30 63
30 63
15 253
15 253
15 253
15 253
15 253
15 253
15 253
15 253
15 253
15 253
15 253
15 253
15 253
15 253
15 253
15 253
15 253
15 253
15 253
15 253
15 253
15 253
15 253
83 77
83 77
83 77
83 77
83 77
83 77
83 77
83 77
83 77
83 77
17 285
17 285
17 285
17 285
17 285
17 285
17 285
17 285
17 285
17 285
17 285
17 285
17 285
17 285
17 285
17 285
17 285
17 285
17 285
46 36
46 36
98 39
98 39
98 39
98 39
98 39
98 39
98 39
98 39
98 39
98 39
98 39
98 39
98 39
98 39
98 39
98 39
98 39
98 39
98 39
98 39
51 49
51 49
51 49
51 49
51 49
51 49
51 49
51 49
51 49
51 49
51 49
51 49
51 49
51 49
51 49
51 49
51 49
51 49
51 49
51 49
51 49
51 49
51 49
51 49
51 49
51 49
51 49
4 67
6 66
6 66
6 66
6 66
6 66
6 66
6 66
6 66
6 66
6 66
6 66
6 66
6 66
6 66
6 66
6 66
6 66
6 66
7 57
7 57
7 57
7 57
7 57
7 57
7 57
7 57
7 57
7 57
7 57
7 57
11 48
11 48
11 48
12 50
12 50
12 50
12 50
12 50
12 50
81 448
81 448
81 448
81 448
81 448
81 448
81 448
81 448
81 448
81 448
81 448
81 448
81 448
81 448
81 448
81 448
37 405
37 405
37 405
37 405
37 405
37 405
37 405
37 405
87 409
87 409
87 409
87 409
87 409
87 409
87 409
87 409
87 409
87 409
87 409
87 409
87 409
87 409
40 439
40 439
40 439
40 439
40 439
40 439
40 439
40 439
40 439
89 453
89 453
89 453
89 453
89 453
89 453
89 453
89 453
89 453
89 453
89 453
89 453
89 453
89 453
89 453
89 453
89 453
89 453
89 453
89 453
89 453
89 453
45 444
45 444
45 444
45 444
45 444
45 444
45 444
45 444
45 444
45 444
45 444
45 444
45 444
45 444
45 444
45 444
45 444
45 444
45 444
45 444
45 444
45 444
45 444
45 444
45 444
45 444
45 444
45 444
30 99
30 99
30 99
30 99
91 495
91 495
91 495
91 495
91 495
83 84
83 84
83 84
83 84
83 84
83 84
83 84
83 84
83 84
83 84
46 93
46 93
52 539
52 539
52 539
52 539
52 539
52 539
52 539
51 68
51 68
51 68
51 68
51 68
51 68
51 68
51 68
51 68
51 68
51 68
51 68
51 68
51 68
51 68
51 68
51 68
51 68
51 68
51 68
51 68
51 68
51 68
51 68
51 68
51 68
51 68
98 103
98 103
98 103
98 103
98 103
98 103
98 103
98 103
98 103
98 103
98 103
98 103
98 103
98 103
98 103
98 103
98 103
98 103
98 103
98 103
4 102
6 115
6 115
6 115
6 115
6 115
6 115
6 115
6 115
6 115
6 115
6 115
6 115
6 115
6 115
6 115
6 115
6 115
6 115
7 112
7 112
7 112
7 112
7 112
7 112
7 112
7 112
7 112
7 112
7 112
7 112
11 97
11 97
11 97
12 88
12 88
12 88
12 88
12 88
12 88
15 563
15 563
15 563
15 563
15 563
15 563
15 563
15 563
15 563
15 563
15 563
15 563
15 563
15 563
15 563
15 563
15 563
15 563
15 563
15 563
15 563
15 563
15 563
17 566
17 566
17 566
17 566
17 566
17 566
17 566
17 566
17 566
17 566
17 566
17 566
17 566
17 566
17 566
17 566
17 566
17 566
17 566
30 48
30 48
30 48
30 48
83 166
83 166
83 166
83 166
83 166
83 166
83 166
83 166
83 166
83 166
81 691
81 691
81 691
81 691
81 691
81 691
81 691
81 691
81 691
81 691
81 691
81 691
81 691
81 691
81 691
81 691
46 89
46 89
98 83
98 83
98 83
98 83
98 83
98 83
98 83
98 83
98 83
98 83
98 83
98 83
98 83
98 83
98 83
98 83
98 83
98 83
98 83
98 83
51 77
51 77
51 77
51 77
51 77
51 77
51 77
51 77
51 77
51 77
51 77
51 77
51 77
51 77
51 77
51 77
51 77
51 77
51 77
51 77
51 77
51 77
51 77
51 77
51 77
51 77
51 77
87 731
87 731
87 731
87 731
87 731
87 731
87 731
87 731
87 731
87 731
87 731
87 731
87 731
87 731
4 65
6 53
6 53
6 53
6 53
6 53
6 53
6 53
6 53
6 53
6 53
6 53
6 53
6 53
6 53
6 53
6 53
6 53
6 53
7 44
7 44
7 44
7 44
7 44
7 44
7 44
7 44
7 44
7 44
7 44
7 44
37 759
37 759
37 759
37 759
37 759
37 759
37 759
37 759
89 744
89 744
89 744
89 744
89 744
89 744
89 744
89 744
89 744
89 744
89 744
89 744
89 744
89 744
89 744
89 744
89 744
89 744
89 744
89 744
89 744
89 744
40 741
40 741
40 741
40 741
40 741
40 741
40 741
40 741
40 741
91 745
91 745
91 745
91 745
91 745
11 81
11 81
11 81
45 763
45 763
45 763
45 763
45 763
45 763
45 763
45 763
45 763
45 763
45 763
45 763
45 763
45 763
45 763
45 763
45 763
45 763
45 763
45 763
45 763
45 763
45 763
45 763
45 763
45 763
45 763
45 763
12 98
12 98
12 98
12 98
12 98
12 98
52 775
52 775
52 775
52 775
52 775
52 775
52 775
30 89
30 89
30 89
30 89
83 71
83 71
83 71
83 71
83 71
83 71
83 71
83 71
83 71
83 71
46 47
46 47
98 46
98 46
98 46
98 46
98 46
98 46
98 46
98 46
98 46
98 46
98 46
98 46
98 46
98 46
98 46
98 46
98 46
98 46
98 46
98 46
15 889
15 889
15 889
15 889
15 889
15 889
15 889
15 889
15 889
15 889
15 889
15 889
15 889
15 889
15 889
15 889
15 889
15 889
15 889
15 889
15 889
15 889
15 889
51 36
51 36
51 36
51 36
51 36
51 36
51 36
51 36
51 36
51 36
51 36
51 36
51 36
51 36
51 36
51 36
51 36
51 36
51 36
51 36
51 36
51 36
51 36
51 36
51 36
51 36
51 36
17 895
17 895
17 895
17 895
17 895
17 895
17 895
17 895
17 895
17 895
17 895
17 895
17 895
17 895
17 895
17 895
17 895
17 895
17 895
4 35
7 57
7 57
7 57
7 57
7 57
7 57
7 57
7 57
7 57
7 57
7 57
7 57
6 145
6 145
6 145
6 145
6 145
6 145
6 145
6 145
6 145
6 145
6 145
6 145
6 145
6 145
6 145
6 145
6 145
6 145
12 102
12 102
12 102
12 102
12 102
12 102
11 129
11 129
11 129
81 931
81 931
81 931
81 931
81 931
81 931
81 931
81 931
81 931
81 931
81 931
81 931
81 931
81 931
81 931
81 931
37 970
37 970
37 970
37 970
37 970
37 970
37 970
37 970
87 983
87 983
87 983
87 983
87 983
87 983
87 983
87 983
87 983
87 983
87 983
87 983
87 983
87 983
30 86
30 86
30 86
30 86
89 1006
89 1006
89 1006
89 1006
89 1006
89 1006
89 1006
89 1006
89 1006
89 1006
89 1006
89 1006
89 1006
89 1006
89 1006
89 1006
89 1006
89 1006
89 1006
89 1006
89 1006
89 1006
40 997
40 997
40 997
40 997
40 997
40 997
40 997
40 997
40 997
83 107
83 107
83 107
83 107
83 107
83 107
83 107
83 107
83 107
83 107
45 1030
45 1030
45 1030
45 1030
45 1030
45 1030
45 1030
45 1030
45 1030
45 1030
45 1030
45 1030
45 1030
45 1030
45 1030
45 1030
45 1030
45 1030
45 1030
45 1030
45 1030
45 1030
45 1030
45 1030
45 1030
45 1030
45 1030
45 1030
91 1071
91 1071
91 1071
91 1071
91 1071
46 124
46 124
52 1067
52 1067
52 1067
52 1067
52 1067
52 1067
52 1067
98 197
98 197
98 197
98 197
98 197
98 197
98 197
98 197
98 197
98 197
98 197
98 197
98 197
98 197
98 197
98 197
98 197
98 197
98 197
98 197
51 167
51 167
51 167
51 167
51 167
51 167
51 167
51 167
51 167
51 167
51 167
51 167
51 167
51 167
51 167
51 167
51 167
51 167
51 167
51 167
51 167
51 167
51 167
51 167
51 167
51 167
51 167
4 155
6 138
6 138
6 138
6 138
6 138
6 138
6 138
6 138
6 138
6 138
6 138
6 138
6 138
6 138
6 138
6 138
6 138
6 138
7 136
7 136
7 136
7 136
7 136
7 136
7 136
7 136
7 136
7 136
7 136
7 136
11 124
11 124
11 124
12 117
12 117
12 117
12 117
12 117
12 117
15 1151
15 1151
15 1151
15 1151
15 1151
15 1151
15 1151
15 1151
15 1151
15 1151
15 1151
15 1151
15 1151
15 1151
15 1151
15 1151
15 1151
15 1151
15 1151
15 1151
15 1151
15 1151
15 1151
17 1155
17 1155
17 1155
17 1155
17 1155
17 1155
17 1155
17 1155
17 1155
17 1155
17 1155
17 1155
17 1155
17 1155
17 1155
17 1155
17 1155
17 1155
17 1155
30 88
30 88
30 88
30 88
83 106
83 106
83 106
83 106
83 106
83 106
83 106
83 106
83 106
83 106
81 1234
81 1234
81 1234
81 1234
81 1234
81 1234
81 1234
81 1234
81 1234
81 1234
81 1234
81 1234
81 1234
81 1234
81 1234
81 1234
46 118
46 118
98 102
98 102
98 102
98 102
98 102
98 102
98 102
98 102
98 102
98 102
98 102
98 102
98 102
98 102
98 102
98 102
98 102
98 102
98 102
98 102
51 86
51 86
51 86
51 86
51 86
51 86
51 86
51 86
51 86
51 86
51 86
51 86
51 86
51 86
51 86
51 86
51 86
51 86
51 86
51 86
51 86
51 86
51 86
51 86
51 86
51 86
51 86
87 1256
87 1256
87 1256
87 1256
87 1256
87 1256
87 1256
87 1256
87 1256
87 1256
87 1256
87 1256
87 1256
87 1256
4 138
6 132
6 132
6 132
6 132
6 132
6 132
6 132
6 132
6 132
6 132
6 132
6 132
6 132
6 132
6 132
6 132
6 132
6 132
7 126
7 126
7 126
7 126
7 126
7 126
7 126
7 126
7 126
7 126
7 126
7 126
37 1348
37 1348
37 1348
37 1348
37 1348
37 1348
37 1348
37 1348
89 1328
89 1328
89 1328
89 1328
89 1328
89 1328
89 1328
89 1328
89 1328
89 1328
89 1328
89 1328
89 1328
89 1328
89 1328
89 1328
89 1328
89 1328
89 1328
89 1328
89 1328
89 1328
11 110
11 110
11 110
40 1322
40 1322
40 1322
40 1322
40 1322
40 1322
40 1322
40 1322
40 1322
12 104
12 104
12 104
12 104
12 104
12 104
91 1321
91 1321
91 1321
91 1321
91 1321
45 1318
45 1318
45 1318
45 1318
45 1318
45 1318
45 1318
45 1318
45 1318
45 1318
45 1318
45 1318
45 1318
45 1318
45 1318
45 1318
45 1318
45 1318
45 1318
45 1318
45 1318
45 1318
45 1318
45 1318
45 1318
45 1318
45 1318
45 1318
52 1344
52 1344
52 1344
52 1344
52 1344
52 1344
52 1344
30 157
30 157
30 157
30 157
83 145
83 145
83 145
83 145
83 145
83 145
83 145
83 145
83 145
83 145
46 116
46 116
98 103
98 103
98 103
98 103
98 103
98 103
98 103
98 103
98 103
98 103
98 103
98 103
98 103
98 103
98 103
98 103
98 103
98 103
98 103
98 103
15 1461
15 1461
15 1461
15 1461
15 1461
15 1461
15 1461
15 1461
15 1461
15 1461
15 1461
15 1461
15 1461
15 1461
15 1461
15 1461
15 1461
15 1461
15 1461
15 1461
15 1461
15 1461
15 1461
51 132
51 132
51 132
51 132
51 132
51 132
51 132
51 132
51 132
51 132
51 132
51 132
51 132
51 132
51 132
51 132
51 132
51 132
51 132
51 132
51 132
51 132
51 132
51 132
51 132
51 132
51 132
17 1474
17 1474
17 1474
17 1474
17 1474
17 1474
17 1474
17 1474
17 1474
17 1474
17 1474
17 1474
17 1474
17 1474
17 1474
17 1474
17 1474
17 1474
17 1474
81 1490
81 1490
81 1490
81 1490
81 1490
81 1490
81 1490
81 1490
81 1490
81 1490
81 1490
81 1490
81 1490
81 1490
81 1490
81 1490
87 1528
87 1528
87 1528
87 1528
87 1528
87 1528
87 1528
87 1528
87 1528
87 1528
87 1528
87 1528
87 1528
87 1528
89 1567
89 1567
89 1567
89 1567
89 1567
89 1567
89 1567
89 1567
89 1567
89 1567
89 1567
89 1567
89 1567
89 1567
89 1567
89 1567
89 1567
89 1567
89 1567
89 1567
89 1567
89 1567
83 128
83 128
83 128
83 128
83 128
83 128
83 128
83 128
83 128
83 128
91 1579
91 1579
91 1579
91 1579
91 1579
98 176
98 176
98 176
98 176
98 176
98 176
98 176
98 176
98 176
98 176
98 176
98 176
98 176
98 176
98 176
98 176
98 176
98 176
98 176
98 176
