6 176
6 176
6 176
6 176
6 176
6 176
6 176
6 176
6 176
6 176
6 176
6 176
6 176
6 176
6 176
6 176
6 176
13 108
13 108
13 108
13 108
13 108
13 108
13 108
13 108
13 108
13 108
13 108
13 108
13 108
13 108
13 108
13 108
13 108
13 108
13 108
13 108
13 108
13 108
13 108
13 108
13 108
13 108
21 141
21 141
21 141
21 141
21 141
21 141
21 141
21 141
21 141
21 141
21 141
21 141
21 141
21 141
21 141
21 141
21 141
21 141
21 141
21 141
21 141
21 141
21 141
21 141
21 141
21 141
21 141
21 141
18 374
18 374
18 374
18 374
18 374
18 374
18 374
24 317
24 317
24 317
24 317
24 317
24 317
24 317
24 317
25 311
25 311
25 311
25 311
25 311
25 311
25 311
25 311
25 311
25 311
25 311
25 311
25 311
25 311
25 311
25 311
40 184
40 184
40 184
40 184
40 184
40 184
40 184
40 184
40 184
40 184
44 204
44 204
44 204
44 204
44 204
44 204
44 204
44 204
44 204
44 204
44 204
44 204
44 204
6 147
6 147
6 147
6 147
6 147
6 147
6 147
6 147
6 147
6 147
6 147
6 147
6 147
6 147
6 147
6 147
6 147
49 233
49 233
49 233
49 233
49 233
49 233
13 257
13 257
13 257
13 257
13 257
13 257
13 257
13 257
13 257
13 257
13 257
13 257
13 257
13 257
13 257
13 257
13 257
13 257
13 257
13 257
13 257
13 257
13 257
13 257
13 257
13 257
18 264
18 264
18 264
18 264
18 264
18 264
18 264
24 282
24 282
24 282
24 282
24 282
24 282
24 282
24 282
25 285
25 285
25 285
25 285
25 285
25 285
25 285
25 285
25 285
25 285
25 285
25 285
25 285
25 285
25 285
25 285
66 435
66 435
66 435
66 435
66 435
66 435
66 435
66 435
66 435
66 435
66 435
66 435
66 435
66 435
66 435
66 435
66 435
66 435
66 435
30 319
30 319
30 319
30 319
30 319
30 319
30 319
30 319
30 319
30 319
30 319
30 319
30 319
30 319
30 319
31 319
31 319
31 319
31 319
31 319
31 319
31 319
31 319
31 319
33 318
33 318
33 318
35 312
35 312
35 312
35 312
40 371
40 371
40 371
40 371
40 371
40 371
40 371
40 371
40 371
40 371
44 380
44 380
44 380
44 380
44 380
44 380
44 380
44 380
44 380
44 380
44 380
44 380
44 380
45 945
45 945
45 945
45 945
45 945
45 945
45 945
45 945
45 945
45 945
45 945
45 945
45 945
45 945
45 945
45 945
45 945
45 945
45 945
45 945
45 945
65 748
65 748
65 748
65 748
65 748
65 748
65 748
65 748
65 748
65 748
65 748
55 853
55 853
55 853
55 853
55 853
55 853
55 853
55 853
55 853
55 853
55 853
55 853
55 853
55 853
55 853
55 853
55 853
55 853
55 853
55 853
45 453
45 453
45 453
45 453
45 453
45 453
45 453
45 453
45 453
45 453
45 453
45 453
45 453
45 453
45 453
45 453
45 453
45 453
45 453
45 453
45 453
21 695
21 695
21 695
21 695
21 695
21 695
21 695
21 695
21 695
21 695
21 695
21 695
21 695
21 695
21 695
21 695
21 695
21 695
21 695
21 695
21 695
21 695
21 695
21 695
21 695
21 695
21 695
21 695
56 846
56 846
56 846
56 846
56 846
56 846
56 846
56 846
56 846
56 846
56 846
56 846
56 846
56 846
56 846
56 846
56 846
56 846
49 417
49 417
49 417
49 417
49 417
49 417
6 406
6 406
6 406
6 406
6 406
6 406
6 406
6 406
6 406
6 406
6 406
6 406
6 406
6 406
6 406
6 406
6 406
28 1269
28 1269
28 1269
28 1269
28 1269
28 1269
28 1269
28 1269
28 1269
28 1269
28 1269
28 1269
28 1269
28 1269
28 770
28 770
28 770
28 770
28 770
28 770
28 770
28 770
28 770
28 770
28 770
28 770
28 770
28 770
82 734
82 734
82 734
82 734
82 734
18 443
18 443
18 443
18 443
18 443
18 443
18 443
85 791
85 791
85 791
85 791
85 791
85 791
85 791
85 791
85 791
85 791
85 791
85 791
85 791
85 791
85 791
85 791
85 791
85 791
85 791
85 791
85 791
85 791
85 791
85 791
85 791
85 791
85 791
85 791
85 791
85 791
100 652
100 652
100 652
100 652
100 652
100 652
100 652
100 652
100 652
100 652
100 652
100 652
100 652
100 652
100 652
100 652
100 652
100 652
100 652
100 652
100 652
100 652
100 652
24 465
24 465
24 465
24 465
24 465
24 465
24 465
24 465
25 494
25 494
25 494
25 494
25 494
25 494
25 494
25 494
25 494
25 494
25 494
25 494
25 494
25 494
25 494
25 494
91 839
91 839
91 839
91 839
91 839
91 839
91 839
91 839
91 839
91 839
91 839
91 839
91 839
91 839
91 839
91 839
91 839
91 839
91 839
91 839
91 839
91 839
91 839
91 839
91 839
91 839
91 839
91 839
91 839
10 1158
10 1158
10 1158
10 1158
10 1158
10 1158
10 1158
10 1158
10 1158
10 1158
10 1158
10 1158
10 1158
10 1158
10 1158
10 1158
10 1158
10 1158
10 1158
10 1158
10 1158
10 1158
10 1158
10 1158
10 663
10 663
10 663
10 663
10 663
10 663
10 663
10 663
10 663
10 663
10 663
10 663
10 663
10 663
10 663
10 663
10 663
10 663
10 663
10 663
10 663
10 663
10 663
10 663
30 498
30 498
30 498
30 498
30 498
30 498
30 498
30 498
30 498
30 498
30 498
30 498
30 498
30 498
30 498
31 492
31 492
31 492
31 492
31 492
31 492
31 492
31 492
31 492
33 480
33 480
33 480
35 495
35 495
35 495
35 495
40 514
40 514
40 514
40 514
40 514
40 514
40 514
40 514
40 514
40 514
66 760
66 760
66 760
66 760
66 760
66 760
66 760
66 760
66 760
66 760
66 760
66 760
66 760
66 760
66 760
66 760
66 760
66 760
66 760
99 956
99 956
44 508
44 508
44 508
44 508
44 508
44 508
44 508
44 508
44 508
44 508
44 508
44 508
44 508
49 541
49 541
49 541
49 541
49 541
49 541
55 993
55 993
55 993
55 993
55 993
55 993
55 993
55 993
55 993
55 993
55 993
55 993
55 993
55 993
55 993
55 993
55 993
55 993
55 993
55 993
56 986
56 986
56 986
56 986
56 986
56 986
56 986
56 986
56 986
56 986
56 986
56 986
56 986
56 986
56 986
56 986
56 986
56 986
21 875
21 875
21 875
21 875
21 875
21 875
21 875
21 875
21 875
21 875
21 875
21 875
21 875
21 875
21 875
21 875
21 875
21 875
21 875
21 875
21 875
21 875
21 875
21 875
21 875
21 875
21 875
21 875
45 680
45 680
45 680
45 680
45 680
45 680
45 680
45 680
45 680
45 680
45 680
45 680
45 680
45 680
45 680
45 680
45 680
45 680
45 680
45 680
45 680
28 881
28 881
28 881
28 881
28 881
28 881
28 881
28 881
28 881
28 881
28 881
28 881
28 881
28 881
65 1093
65 1093
65 1093
65 1093
65 1093
65 1093
65 1093
65 1093
65 1093
65 1093
65 1093
18 576
18 576
18 576
18 576
18 576
18 576
18 576
66 669
66 669
66 669
66 669
66 669
66 669
66 669
66 669
66 669
66 669
66 669
66 669
66 669
66 669
66 669
66 669
66 669
66 669
66 669
24 606
24 606
24 606
24 606
24 606
24 606
24 606
24 606
100 846
100 846
100 846
100 846
100 846
100 846
100 846
100 846
100 846
100 846
100 846
100 846
100 846
100 846
100 846
100 846
100 846
100 846
100 846
100 846
100 846
100 846
100 846
25 607
25 607
25 607
25 607
25 607
25 607
25 607
25 607
25 607
25 607
25 607
25 607
25 607
25 607
25 607
25 607
70 1158
93 1428
93 1428
93 1428
93 1428
93 1428
93 1428
93 1428
93 1428
93 1428
93 1428
93 1428
93 1428
93 1428
93 1428
93 1428
93 1428
93 1428
93 1428
93 1428
93 1428
93 1428
93 1428
93 1428
93 1428
93 1428
93 1428
93 1428
73 1178
73 1178
73 1178
73 1178
73 1178
73 1178
73 1178
73 1178
73 1178
73 1178
73 1178
73 1178
73 1178
73 1178
73 1178
73 1178
73 1178
73 1178
73 1178
73 1178
73 1178
73 1178
30 635
30 635
30 635
30 635
30 635
30 635
30 635
30 635
30 635
30 635
30 635
30 635
30 635
30 635
30 635
31 655
31 655
31 655
31 655
31 655
31 655
31 655
31 655
31 655
33 672
33 672
33 672
35 662
35 662
35 662
35 662
21 837
21 837
21 837
21 837
21 837
21 837
21 837
21 837
21 837
21 837
21 837
21 837
21 837
21 837
21 837
21 837
21 837
21 837
21 837
21 837
21 837
21 837
21 837
21 837
21 837
21 837
21 837
21 837
40 671
40 671
40 671
40 671
40 671
40 671
40 671
40 671
40 671
40 671
82 1272
82 1272
82 1272
82 1272
82 1272
44 668
44 668
44 668
44 668
44 668
44 668
44 668
44 668
44 668
44 668
44 668
44 668
44 668
28 875
28 875
28 875
28 875
28 875
28 875
28 875
28 875
28 875
28 875
28 875
28 875
28 875
28 875
6 1099
6 1099
6 1099
6 1099
6 1099
6 1099
6 1099
6 1099
6 1099
6 1099
6 1099
6 1099
6 1099
6 1099
6 1099
6 1099
6 1099
85 1320
85 1320
85 1320
85 1320
85 1320
85 1320
85 1320
85 1320
85 1320
85 1320
85 1320
85 1320
85 1320
85 1320
85 1320
85 1320
85 1320
85 1320
85 1320
85 1320
85 1320
85 1320
85 1320
85 1320
85 1320
85 1320
85 1320
85 1320
85 1320
85 1320
49 696
49 696
49 696
49 696
49 696
49 696
91 1390
91 1390
91 1390
91 1390
91 1390
91 1390
91 1390
91 1390
91 1390
91 1390
91 1390
91 1390
91 1390
91 1390
91 1390
91 1390
91 1390
91 1390
91 1390
91 1390
91 1390
91 1390
91 1390
91 1390
91 1390
91 1390
91 1390
91 1390
91 1390
45 869
45 869
45 869
45 869
45 869
45 869
45 869
45 869
45 869
45 869
45 869
45 869
45 869
45 869
45 869
45 869
45 869
45 869
45 869
45 869
45 869
100 820
100 820
100 820
100 820
100 820
100 820
100 820
100 820
100 820
100 820
100 820
100 820
100 820
100 820
100 820
100 820
100 820
100 820
100 820
100 820
100 820
100 820
100 820
93 1412
93 1412
93 1412
93 1412
93 1412
93 1412
93 1412
93 1412
93 1412
93 1412
93 1412
93 1412
93 1412
93 1412
93 1412
93 1412
93 1412
93 1412
93 1412
93 1412
93 1412
93 1412
93 1412
93 1412
93 1412
93 1412
93 1412
6 851
6 851
6 851
6 851
6 851
6 851
6 851
6 851
6 851
6 851
6 851
6 851
6 851
6 851
6 851
6 851
6 851
13 1288
13 1288
13 1288
13 1288
13 1288
13 1288
13 1288
13 1288
13 1288
13 1288
13 1288
13 1288
13 1288
13 1288
13 1288
13 1288
13 1288
13 1288
13 1288
13 1288
13 1288
13 1288
13 1288
13 1288
13 1288
13 1288
18 747
18 747
18 747
18 747
18 747
18 747
18 747
99 1479
99 1479
24 782
24 782
24 782
24 782
24 782
24 782
24 782
24 782
25 792
25 792
25 792
25 792
25 792
25 792
25 792
25 792
25 792
25 792
25 792
25 792
25 792
25 792
25 792
25 792
55 1502
55 1502
55 1502
55 1502
55 1502
55 1502
55 1502
55 1502
55 1502
55 1502
55 1502
55 1502
55 1502
55 1502
55 1502
55 1502
55 1502
55 1502
55 1502
55 1502
56 1516
56 1516
56 1516
56 1516
56 1516
56 1516
56 1516
56 1516
56 1516
56 1516
56 1516
56 1516
56 1516
56 1516
56 1516
56 1516
56 1516
56 1516
30 798
30 798
30 798
30 798
30 798
30 798
30 798
30 798
30 798
30 798
30 798
30 798
30 798
30 798
30 798
31 797
31 797
31 797
31 797
31 797
31 797
31 797
31 797
31 797
33 814
33 814
33 814
35 806
35 806
35 806
35 806
40 813
40 813
40 813
40 813
40 813
40 813
40 813
40 813
40 813
40 813
44 818
44 818
44 818
44 818
44 818
44 818
44 818
44 818
44 818
44 818
44 818
44 818
44 818
65 1633
65 1633
65 1633
65 1633
65 1633
65 1633
65 1633
65 1633
65 1633
65 1633
65 1633
21 1102
21 1102
21 1102
21 1102
21 1102
21 1102
21 1102
21 1102
21 1102
21 1102
21 1102
21 1102
21 1102
21 1102
21 1102
21 1102
21 1102
21 1102
21 1102
21 1102
21 1102
21 1102
21 1102
21 1102
21 1102
21 1102
21 1102
21 1102
49 865
49 865
49 865
49 865
49 865
49 865
70 1716
73 1713
73 1713
73 1713
73 1713
73 1713
73 1713
73 1713
73 1713
73 1713
73 1713
73 1713
73 1713
73 1713
73 1713
73 1713
73 1713
73 1713
73 1713
73 1713
73 1713
73 1713
73 1713
98 2526
98 2526
98 2526
98 2526
98 2526
98 2526
98 2526
98 2526
98 2526
98 2526
98 2526
98 2526
98 2108
98 2108
98 2108
98 2108
98 2108
98 2108
98 2108
98 2108
98 2108
98 2108
98 2108
98 2108
18 912
18 912
18 912
18 912
18 912
18 912
18 912
98 1612
98 1612
98 1612
98 1612
98 1612
98 1612
98 1612
98 1612
98 1612
98 1612
98 1612
98 1612
66 1442
66 1442
66 1442
66 1442
66 1442
66 1442
66 1442
66 1442
66 1442
66 1442
66 1442
66 1442
66 1442
66 1442
66 1442
66 1442
66 1442
66 1442
66 1442
98 1122
98 1122
98 1122
98 1122
98 1122
98 1122
98 1122
98 1122
98 1122
98 1122
98 1122
98 1122
100 1104
100 1104
100 1104
100 1104
100 1104
100 1104
100 1104
100 1104
100 1104
100 1104
100 1104
100 1104
100 1104
100 1104
100 1104
100 1104
100 1104
100 1104
100 1104
100 1104
100 1104
100 1104
100 1104
82 1789
82 1789
82 1789
82 1789
82 1789
24 921
24 921
24 921
24 921
24 921
24 921
24 921
24 921
25 943
25 943
25 943
25 943
25 943
25 943
25 943
25 943
25 943
25 943
25 943
25 943
25 943
25 943
25 943
25 943
85 1851
85 1851
85 1851
85 1851
85 1851
85 1851
85 1851
85 1851
85 1851
85 1851
85 1851
85 1851
85 1851
85 1851
85 1851
85 1851
85 1851
85 1851
85 1851
85 1851
85 1851
85 1851
85 1851
85 1851
85 1851
85 1851
85 1851
85 1851
85 1851
85 1851
45 1276
45 1276
45 1276
45 1276
45 1276
45 1276
45 1276
45 1276
45 1276
45 1276
45 1276
45 1276
45 1276
45 1276
45 1276
45 1276
45 1276
45 1276
45 1276
45 1276
45 1276
30 960
30 960
30 960
30 960
30 960
30 960
30 960
30 960
30 960
30 960
30 960
30 960
30 960
30 960
30 960
31 961
31 961
31 961
31 961
31 961
31 961
31 961
31 961
31 961
13 1654
13 1654
13 1654
13 1654
13 1654
13 1654
13 1654
13 1654
13 1654
13 1654
13 1654
13 1654
13 1654
13 1654
13 1654
13 1654
13 1654
13 1654
13 1654
13 1654
13 1654
13 1654
13 1654
13 1654
13 1654
13 1654
33 960
33 960
33 960
91 1890
91 1890
91 1890
91 1890
91 1890
91 1890
91 1890
91 1890
91 1890
91 1890
91 1890
91 1890
91 1890
91 1890
91 1890
91 1890
91 1890
91 1890
91 1890
91 1890
91 1890
91 1890
91 1890
91 1890
91 1890
91 1890
91 1890
91 1890
91 1890
28 1536
28 1536
28 1536
28 1536
28 1536
28 1536
28 1536
28 1536
28 1536
28 1536
28 1536
28 1536
28 1536
28 1536
10 1721
10 1721
10 1721
10 1721
10 1721
10 1721
10 1721
10 1721
10 1721
10 1721
10 1721
10 1721
10 1721
10 1721
10 1721
10 1721
10 1721
10 1721
10 1721
10 1721
10 1721
10 1721
10 1721
10 1721
6 1266
6 1266
6 1266
6 1266
6 1266
6 1266
6 1266
6 1266
6 1266
6 1266
6 1266
6 1266
6 1266
6 1266
6 1266
6 1266
6 1266
35 984
35 984
35 984
35 984
93 1966
93 1966
93 1966
93 1966
93 1966
93 1966
93 1966
93 1966
93 1966
93 1966
93 1966
93 1966
93 1966
93 1966
93 1966
93 1966
93 1966
93 1966
93 1966
93 1966
93 1966
93 1966
93 1966
93 1966
93 1966
93 1966
93 1966
40 1004
40 1004
40 1004
40 1004
40 1004
40 1004
40 1004
40 1004
40 1004
40 1004
21 1233
21 1233
21 1233
21 1233
21 1233
21 1233
21 1233
21 1233
21 1233
21 1233
21 1233
21 1233
21 1233
21 1233
21 1233
21 1233
21 1233
21 1233
21 1233
21 1233
21 1233
21 1233
21 1233
21 1233
21 1233
21 1233
21 1233
21 1233
99 1954
99 1954
44 1034
44 1034
44 1034
44 1034
44 1034
44 1034
44 1034
44 1034
44 1034
44 1034
44 1034
44 1034
44 1034
49 1048
49 1048
49 1048
49 1048
49 1048
49 1048
55 1992
55 1992
55 1992
55 1992
55 1992
55 1992
55 1992
55 1992
55 1992
55 1992
55 1992
55 1992
55 1992
55 1992
55 1992
55 1992
55 1992
55 1992
55 1992
55 1992
56 2009
56 2009
56 2009
56 2009
56 2009
56 2009
56 2009
56 2009
56 2009
56 2009
56 2009
56 2009
56 2009
56 2009
56 2009
56 2009
56 2009
56 2009
13 1482
13 1482
13 1482
13 1482
13 1482
13 1482
13 1482
13 1482
13 1482
13 1482
13 1482
13 1482
13 1482
13 1482
13 1482
13 1482
13 1482
13 1482
13 1482
13 1482
13 1482
13 1482
13 1482
13 1482
13 1482
13 1482
65 2122
65 2122
65 2122
65 2122
65 2122
65 2122
65 2122
65 2122
65 2122
65 2122
65 2122
70 2156
91 2212
91 2212
91 2212
91 2212
91 2212
91 2212
91 2212
91 2212
91 2212
91 2212
91 2212
91 2212
91 2212
91 2212
91 2212
91 2212
91 2212
91 2212
91 2212
91 2212
91 2212
91 2212
91 2212
91 2212
91 2212
91 2212
91 2212
91 2212
91 2212
98 1918
98 1918
98 1918
98 1918
98 1918
98 1918
98 1918
98 1918
98 1918
98 1918
98 1918
98 1918
100 1949
100 1949
100 1949
100 1949
100 1949
100 1949
100 1949
100 1949
100 1949
100 1949
100 1949
100 1949
100 1949
100 1949
100 1949
100 1949
100 1949
100 1949
100 1949
100 1949
100 1949
100 1949
100 1949
