19 51
19 51
19 51
19 51
19 51
19 51
19 51
19 51
19 51
19 51
19 51
19 51
19 51
19 51
19 51
19 51
19 51
22 41
22 41
22 41
16 105
16 105
16 105
16 105
24 35
32 56
32 56
32 56
32 56
32 56
32 56
32 56
32 56
33 73
33 73
35 74
35 74
35 74
35 74
35 74
35 74
35 74
35 74
35 74
35 74
35 74
41 25
41 25
41 25
41 25
41 25
41 25
41 25
41 25
41 25
41 25
41 25
41 25
41 25
41 25
41 25
42 19
42 19
42 19
42 19
42 19
42 19
42 19
42 19
42 19
37 72
37 72
37 72
37 72
37 72
37 72
38 75
38 75
38 75
38 75
38 75
51 23
51 23
51 23
51 23
51 23
51 23
51 23
51 23
51 23
51 23
51 23
51 23
51 23
51 23
51 23
51 23
51 23
51 23
51 23
51 23
51 23
51 23
51 23
51 23
51 23
51 23
51 23
51 23
46 108
46 108
46 108
46 108
46 108
46 108
46 108
46 108
46 108
46 108
21 404
21 404
21 404
21 404
21 404
21 404
21 404
21 404
21 404
21 404
21 404
21 404
21 404
21 404
21 404
21 404
21 404
21 404
21 404
21 404
21 404
21 404
21 404
21 404
21 404
61 24
61 24
61 24
61 24
61 24
61 24
61 24
61 24
61 24
61 24
61 24
61 24
61 24
61 24
61 24
61 24
61 24
61 24
61 24
61 24
61 24
61 24
61 24
61 24
61 24
61 24
61 24
55 106
55 106
55 106
55 106
55 106
55 106
55 106
19 37
19 37
19 37
19 37
19 37
19 37
19 37
19 37
19 37
19 37
19 37
19 37
19 37
19 37
19 37
19 37
19 37
71 32
71 32
71 32
71 32
71 32
71 32
71 32
71 32
71 32
71 32
71 32
71 32
71 32
71 32
71 32
71 32
71 32
71 32
71 32
71 32
71 32
71 32
71 32
71 32
71 32
71 32
16 85
16 85
16 85
16 85
72 39
72 39
72 39
72 39
72 39
72 39
72 39
72 39
72 39
72 39
72 39
72 39
72 39
72 39
72 39
72 39
72 39
72 39
22 85
22 85
22 85
24 82
83 22
83 22
83 22
83 22
83 22
83 22
83 22
83 22
83 22
83 22
83 22
83 22
83 22
83 22
83 22
83 22
52 357
52 357
52 357
52 357
52 357
52 357
52 357
52 357
52 357
52 357
52 357
52 357
52 357
52 357
32 66
32 66
32 66
32 66
32 66
32 66
32 66
32 66
87 30
87 30
87 30
87 30
87 30
87 30
87 30
87 30
87 30
87 30
87 30
87 30
87 30
87 30
87 30
87 30
87 30
87 30
87 30
87 30
87 30
87 30
87 30
33 75
33 75
41 19
41 19
41 19
41 19
41 19
41 19
41 19
41 19
41 19
41 19
41 19
41 19
41 19
41 19
41 19
35 100
35 100
35 100
35 100
35 100
35 100
35 100
35 100
35 100
35 100
35 100
42 35
42 35
42 35
42 35
42 35
42 35
42 35
42 35
42 35
37 90
37 90
37 90
37 90
37 90
37 90
38 92
38 92
38 92
38 92
38 92
93 44
93 44
93 44
93 44
93 44
93 44
93 44
93 44
93 44
93 44
93 44
93 44
93 44
93 44
93 44
93 44
93 44
93 44
93 44
93 44
93 44
93 44
93 44
93 44
93 44
93 44
93 44
93 44
93 44
93 44
51 20
51 20
51 20
51 20
51 20
51 20
51 20
51 20
51 20
51 20
51 20
51 20
51 20
51 20
51 20
51 20
51 20
51 20
51 20
51 20
51 20
51 20
51 20
51 20
51 20
51 20
51 20
51 20
46 185
46 185
46 185
46 185
46 185
46 185
46 185
46 185
46 185
46 185
61 289
61 289
61 289
61 289
61 289
61 289
61 289
61 289
61 289
61 289
61 289
61 289
61 289
61 289
61 289
61 289
61 289
61 289
61 289
61 289
61 289
61 289
61 289
61 289
61 289
61 289
61 289
55 377
55 377
55 377
55 377
55 377
55 377
55 377
19 384
19 384
19 384
19 384
19 384
19 384
19 384
19 384
19 384
19 384
19 384
19 384
19 384
19 384
19 384
19 384
19 384
71 364
71 364
71 364
71 364
71 364
71 364
71 364
71 364
71 364
71 364
71 364
71 364
71 364
71 364
71 364
71 364
71 364
71 364
71 364
71 364
71 364
71 364
71 364
71 364
71 364
71 364
72 357
72 357
72 357
72 357
72 357
72 357
72 357
72 357
72 357
72 357
72 357
72 357
72 357
72 357
72 357
72 357
72 357
72 357
16 420
16 420
16 420
16 420
22 367
22 367
22 367
83 258
83 258
83 258
83 258
83 258
83 258
83 258
83 258
83 258
83 258
83 258
83 258
83 258
83 258
83 258
83 258
24 348
87 219
87 219
87 219
87 219
87 219
87 219
87 219
87 219
87 219
87 219
87 219
87 219
87 219
87 219
87 219
87 219
87 219
87 219
87 219
87 219
87 219
87 219
87 219
32 273
32 273
32 273
32 273
32 273
32 273
32 273
32 273
41 185
41 185
41 185
41 185
41 185
41 185
41 185
41 185
41 185
41 185
41 185
41 185
41 185
41 185
41 185
33 266
33 266
35 247
35 247
35 247
35 247
35 247
35 247
35 247
35 247
35 247
35 247
35 247
42 178
42 178
42 178
42 178
42 178
42 178
42 178
42 178
42 178
93 169
93 169
93 169
93 169
93 169
93 169
93 169
93 169
93 169
93 169
93 169
93 169
93 169
93 169
93 169
93 169
93 169
93 169
93 169
93 169
93 169
93 169
93 169
93 169
93 169
93 169
93 169
93 169
93 169
93 169
37 234
37 234
37 234
37 234
37 234
37 234
38 225
38 225
38 225
38 225
38 225
51 132
51 132
51 132
51 132
51 132
51 132
51 132
51 132
51 132
51 132
51 132
51 132
51 132
51 132
51 132
51 132
51 132
51 132
51 132
51 132
51 132
51 132
51 132
51 132
51 132
51 132
51 132
51 132
46 223
46 223
46 223
46 223
46 223
46 223
46 223
46 223
46 223
46 223
61 98
61 98
61 98
61 98
61 98
61 98
61 98
61 98
61 98
61 98
61 98
61 98
61 98
61 98
61 98
61 98
61 98
61 98
61 98
61 98
61 98
61 98
61 98
61 98
61 98
61 98
61 98
19 74
19 74
19 74
19 74
19 74
19 74
19 74
19 74
19 74
19 74
19 74
19 74
19 74
19 74
19 74
19 74
19 74
55 221
55 221
55 221
55 221
55 221
55 221
55 221
71 89
71 89
71 89
71 89
71 89
71 89
71 89
71 89
71 89
71 89
71 89
71 89
71 89
71 89
71 89
71 89
71 89
71 89
71 89
71 89
71 89
71 89
71 89
71 89
71 89
71 89
72 99
72 99
72 99
72 99
72 99
72 99
72 99
72 99
72 99
72 99
72 99
72 99
72 99
72 99
72 99
72 99
72 99
72 99
16 225
16 225
16 225
16 225
83 96
83 96
83 96
83 96
83 96
83 96
83 96
83 96
83 96
83 96
83 96
83 96
83 96
83 96
83 96
83 96
22 220
22 220
22 220
87 87
87 87
87 87
87 87
87 87
87 87
87 87
87 87
87 87
87 87
87 87
87 87
87 87
87 87
87 87
87 87
87 87
87 87
87 87
87 87
87 87
87 87
87 87
24 230
41 76
41 76
41 76
41 76
41 76
41 76
41 76
41 76
41 76
41 76
41 76
41 76
41 76
41 76
41 76
42 72
42 72
42 72
42 72
42 72
42 72
42 72
42 72
42 72
93 70
93 70
93 70
93 70
93 70
93 70
93 70
93 70
93 70
93 70
93 70
93 70
93 70
93 70
93 70
93 70
93 70
93 70
93 70
93 70
93 70
93 70
93 70
93 70
93 70
93 70
93 70
93 70
93 70
93 70
32 229
32 229
32 229
32 229
32 229
32 229
32 229
32 229
33 229
33 229
51 52
51 52
51 52
51 52
51 52
51 52
51 52
51 52
51 52
51 52
51 52
51 52
51 52
51 52
51 52
51 52
51 52
51 52
51 52
51 52
51 52
51 52
51 52
51 52
51 52
51 52
51 52
51 52
35 225
35 225
35 225
35 225
35 225
35 225
35 225
35 225
35 225
35 225
35 225
37 235
37 235
37 235
37 235
37 235
37 235
38 236
38 236
38 236
38 236
38 236
61 47
61 47
61 47
61 47
61 47
61 47
61 47
61 47
61 47
61 47
61 47
61 47
61 47
61 47
61 47
61 47
61 47
61 47
61 47
61 47
61 47
61 47
61 47
61 47
61 47
61 47
61 47
46 224
46 224
46 224
46 224
46 224
46 224
46 224
46 224
46 224
46 224
19 39
19 39
19 39
19 39
19 39
19 39
19 39
19 39
19 39
19 39
19 39
19 39
19 39
19 39
19 39
19 39
19 39
71 46
71 46
71 46
71 46
71 46
71 46
71 46
71 46
71 46
71 46
71 46
71 46
71 46
71 46
71 46
71 46
71 46
71 46
71 46
71 46
71 46
71 46
71 46
71 46
71 46
71 46
72 45
72 45
72 45
72 45
72 45
72 45
72 45
72 45
72 45
72 45
72 45
72 45
72 45
72 45
72 45
72 45
72 45
72 45
55 231
55 231
55 231
55 231
55 231
55 231
55 231
83 46
83 46
83 46
83 46
83 46
83 46
83 46
83 46
83 46
83 46
83 46
83 46
83 46
83 46
83 46
83 46
16 232
16 232
16 232
16 232
87 28
87 28
87 28
87 28
87 28
87 28
87 28
87 28
87 28
87 28
87 28
87 28
87 28
87 28
87 28
87 28
87 28
87 28
87 28
87 28
87 28
87 28
87 28
41 31
41 31
41 31
41 31
41 31
41 31
41 31
41 31
41 31
41 31
41 31
41 31
41 31
41 31
41 31
22 237
22 237
22 237
42 43
42 43
42 43
42 43
42 43
42 43
42 43
42 43
42 43
93 35
93 35
93 35
93 35
93 35
93 35
93 35
93 35
93 35
93 35
93 35
93 35
93 35
93 35
93 35
93 35
93 35
93 35
93 35
93 35
93 35
93 35
93 35
93 35
93 35
93 35
93 35
93 35
93 35
93 35
24 236
52 967
52 967
52 967
52 967
52 967
52 967
52 967
52 967
52 967
52 967
52 967
52 967
52 967
52 967
51 30
51 30
51 30
51 30
51 30
51 30
51 30
51 30
51 30
51 30
51 30
51 30
51 30
51 30
51 30
51 30
51 30
51 30
51 30
51 30
51 30
51 30
51 30
51 30
51 30
51 30
51 30
51 30
32 270
32 270
32 270
32 270
32 270
32 270
32 270
32 270
33 264
33 264
61 11
61 11
61 11
61 11
61 11
61 11
61 11
61 11
61 11
61 11
61 11
61 11
61 11
61 11
61 11
61 11
61 11
61 11
61 11
61 11
61 11
61 11
61 11
61 11
61 11
61 11
61 11
35 294
35 294
35 294
35 294
35 294
35 294
35 294
35 294
35 294
35 294
35 294
37 280
37 280
37 280
37 280
37 280
37 280
38 288
38 288
38 288
38 288
38 288
19 4
19 4
19 4
19 4
19 4
19 4
19 4
19 4
19 4
19 4
19 4
19 4
19 4
19 4
19 4
19 4
19 4
71 9
71 9
71 9
71 9
71 9
71 9
71 9
71 9
71 9
71 9
71 9
71 9
71 9
71 9
71 9
71 9
71 9
71 9
71 9
71 9
71 9
71 9
71 9
71 9
71 9
71 9
72 23
72 23
72 23
72 23
72 23
72 23
72 23
72 23
72 23
72 23
72 23
72 23
72 23
72 23
72 23
72 23
72 23
72 23
46 307
46 307
46 307
46 307
46 307
46 307
46 307
46 307
46 307
46 307
83 4
83 4
83 4
83 4
83 4
83 4
83 4
83 4
83 4
83 4
83 4
83 4
83 4
83 4
83 4
83 4
55 296
55 296
55 296
55 296
55 296
55 296
55 296
87 23
87 23
87 23
87 23
87 23
87 23
87 23
87 23
87 23
87 23
87 23
87 23
87 23
87 23
87 23
87 23
87 23
87 23
87 23
87 23
87 23
87 23
87 23
16 260
16 260
16 260
16 260
14 2798
14 2798
14 2798
14 2798
14 2798
14 2798
14 2798
14 2798
14 2798
14 2798
14 2798
14 2798
14 2798
14 2798
14 2798
14 2798
14 2798
14 2798
14 2798
14 2798
14 2798
14 2798
14 2798
14 2798
14 2304
14 2304
14 2304
14 2304
14 2304
14 2304
14 2304
14 2304
14 2304
14 2304
14 2304
14 2304
14 2304
14 2304
14 2304
14 2304
14 2304
14 2304
14 2304
14 2304
14 2304
14 2304
14 2304
14 2304
41 46
41 46
41 46
41 46
41 46
41 46
41 46
41 46
41 46
41 46
41 46
41 46
41 46
41 46
41 46
42 40
42 40
42 40
42 40
42 40
42 40
42 40
42 40
42 40
93 48
93 48
93 48
93 48
93 48
93 48
93 48
93 48
93 48
93 48
93 48
93 48
93 48
93 48
93 48
93 48
93 48
93 48
93 48
93 48
93 48
93 48
93 48
93 48
93 48
93 48
93 48
93 48
93 48
93 48
22 260
22 260
22 260
24 255
14 1880
14 1880
14 1880
14 1880
14 1880
14 1880
14 1880
14 1880
14 1880
14 1880
14 1880
14 1880
14 1880
14 1880
14 1880
14 1880
14 1880
14 1880
14 1880
14 1880
14 1880
14 1880
14 1880
14 1880
51 24
51 24
51 24
51 24
51 24
51 24
51 24
51 24
51 24
51 24
51 24
51 24
51 24
51 24
51 24
51 24
51 24
51 24
51 24
51 24
51 24
51 24
51 24
51 24
51 24
51 24
51 24
51 24
32 259
32 259
32 259
32 259
32 259
32 259
32 259
32 259
52 1068
52 1068
52 1068
52 1068
52 1068
52 1068
52 1068
52 1068
52 1068
52 1068
52 1068
52 1068
52 1068
52 1068
33 270
33 270
35 272
35 272
35 272
35 272
35 272
35 272
35 272
35 272
35 272
35 272
35 272
61 23
61 23
61 23
61 23
61 23
61 23
61 23
61 23
61 23
61 23
61 23
61 23
61 23
61 23
61 23
61 23
61 23
61 23
61 23
61 23
61 23
61 23
61 23
61 23
61 23
61 23
61 23
37 301
37 301
37 301
37 301
37 301
37 301
38 294
38 294
38 294
38 294
38 294
19 38
19 38
19 38
19 38
19 38
19 38
19 38
19 38
19 38
19 38
19 38
19 38
19 38
19 38
19 38
19 38
19 38
46 278
46 278
46 278
46 278
46 278
46 278
46 278
46 278
46 278
46 278
71 47
71 47
71 47
71 47
71 47
71 47
71 47
71 47
71 47
71 47
71 47
71 47
71 47
71 47
71 47
71 47
71 47
71 47
71 47
71 47
71 47
71 47
71 47
71 47
71 47
71 47
72 55
72 55
72 55
72 55
72 55
72 55
72 55
72 55
72 55
72 55
72 55
72 55
72 55
72 55
72 55
72 55
72 55
72 55
55 278
55 278
55 278
55 278
55 278
55 278
55 278
83 63
83 63
83 63
83 63
83 63
83 63
83 63
83 63
83 63
83 63
83 63
83 63
83 63
83 63
83 63
83 63
16 259
16 259
16 259
16 259
87 58
87 58
87 58
87 58
87 58
87 58
87 58
87 58
87 58
87 58
87 58
87 58
87 58
87 58
87 58
87 58
87 58
87 58
87 58
87 58
87 58
87 58
87 58
41 69
41 69
41 69
41 69
41 69
41 69
41 69
41 69
41 69
41 69
41 69
41 69
41 69
41 69
41 69
22 266
22 266
22 266
42 69
42 69
42 69
42 69
42 69
42 69
42 69
42 69
42 69
93 74
93 74
93 74
93 74
93 74
93 74
93 74
93 74
93 74
93 74
93 74
93 74
93 74
93 74
93 74
93 74
93 74
93 74
93 74
93 74
93 74
93 74
93 74
93 74
93 74
93 74
93 74
93 74
93 74
93 74
24 273
51 62
51 62
51 62
51 62
51 62
51 62
51 62
51 62
51 62
51 62
51 62
51 62
51 62
51 62
51 62
51 62
51 62
51 62
51 62
51 62
51 62
51 62
51 62
51 62
51 62
51 62
51 62
51 62
32 263
32 263
32 263
32 263
32 263
32 263
32 263
32 263
33 267
33 267
35 266
35 266
35 266
35 266
35 266
35 266
35 266
35 266
35 266
35 266
35 266
37 270
37 270
37 270
37 270
37 270
37 270
38 273
38 273
38 273
38 273
38 273
61 58
61 58
61 58
61 58
61 58
61 58
61 58
61 58
61 58
61 58
61 58
61 58
61 58
61 58
61 58
61 58
61 58
61 58
61 58
61 58
61 58
61 58
61 58
61 58
61 58
61 58
61 58
46 276
46 276
46 276
46 276
46 276
46 276
46 276
46 276
46 276
46 276
21 1534
21 1534
21 1534
21 1534
21 1534
21 1534
21 1534
21 1534
21 1534
21 1534
21 1534
21 1534
21 1534
21 1534
21 1534
21 1534
21 1534
21 1534
21 1534
21 1534
21 1534
21 1534
21 1534
21 1534
21 1534
19 77
19 77
19 77
19 77
19 77
19 77
19 77
19 77
19 77
19 77
19 77
19 77
19 77
19 77
19 77
19 77
19 77
71 75
71 75
71 75
71 75
71 75
71 75
71 75
71 75
71 75
71 75
71 75
71 75
71 75
71 75
71 75
71 75
71 75
71 75
71 75
71 75
71 75
71 75
71 75
71 75
71 75
71 75
72 69
72 69
72 69
72 69
72 69
72 69
72 69
72 69
72 69
72 69
72 69
72 69
72 69
72 69
72 69
72 69
72 69
72 69
55 266
55 266
55 266
55 266
55 266
55 266
55 266
83 59
83 59
83 59
83 59
83 59
83 59
83 59
83 59
83 59
83 59
83 59
83 59
83 59
83 59
83 59
83 59
52 1375
52 1375
52 1375
52 1375
52 1375
52 1375
52 1375
52 1375
52 1375
52 1375
52 1375
52 1375
52 1375
52 1375
16 259
16 259
16 259
16 259
87 52
87 52
87 52
87 52
87 52
87 52
87 52
87 52
87 52
87 52
87 52
87 52
87 52
87 52
87 52
87 52
87 52
87 52
87 52
87 52
87 52
87 52
87 52
41 59
41 59
41 59
41 59
41 59
41 59
41 59
41 59
41 59
41 59
41 59
41 59
41 59
41 59
41 59
22 252
22 252
22 252
42 72
42 72
42 72
42 72
42 72
42 72
42 72
42 72
42 72
24 256
93 84
93 84
93 84
93 84
93 84
93 84
93 84
93 84
93 84
93 84
93 84
93 84
93 84
93 84
93 84
93 84
93 84
93 84
93 84
93 84
93 84
93 84
93 84
93 84
93 84
93 84
93 84
93 84
93 84
93 84
32 256
32 256
32 256
32 256
32 256
32 256
32 256
32 256
33 256
33 256
51 89
51 89
51 89
51 89
51 89
51 89
51 89
51 89
51 89
51 89
51 89
51 89
51 89
51 89
51 89
51 89
51 89
51 89
51 89
51 89
51 89
51 89
51 89
51 89
51 89
51 89
51 89
51 89
35 259
35 259
35 259
35 259
35 259
35 259
35 259
35 259
35 259
35 259
35 259
37 248
37 248
37 248
37 248
37 248
37 248
38 254
38 254
38 254
38 254
38 254
61 66
61 66
61 66
61 66
61 66
61 66
61 66
61 66
61 66
61 66
61 66
61 66
61 66
61 66
61 66
61 66
61 66
61 66
61 66
61 66
61 66
61 66
61 66
61 66
61 66
61 66
61 66
46 269
46 269
46 269
46 269
46 269
46 269
46 269
46 269
46 269
46 269
71 59
71 59
71 59
71 59
71 59
71 59
71 59
71 59
71 59
71 59
71 59
71 59
71 59
71 59
71 59
71 59
71 59
71 59
71 59
71 59
71 59
71 59
71 59
71 59
71 59
71 59
72 64
72 64
72 64
72 64
72 64
72 64
72 64
72 64
72 64
72 64
72 64
72 64
72 64
72 64
72 64
72 64
72 64
72 64
55 269
55 269
55 269
55 269
55 269
55 269
55 269
83 57
83 57
83 57
83 57
83 57
83 57
83 57
83 57
83 57
83 57
83 57
83 57
83 57
83 57
83 57
83 57
87 58
87 58
87 58
87 58
87 58
87 58
87 58
87 58
87 58
87 58
87 58
87 58
87 58
87 58
87 58
87 58
87 58
87 58
87 58
87 58
87 58
87 58
87 58
93 64
93 64
93 64
93 64
93 64
93 64
93 64
93 64
93 64
93 64
93 64
93 64
93 64
93 64
93 64
93 64
93 64
93 64
93 64
93 64
93 64
93 64
93 64
93 64
93 64
93 64
93 64
93 64
93 64
93 64
