1 2 1
2 2 1
3 4 2
4 2 1
5 2 1
6 2 1
7 3 1
8 3 1
9 3 1
10 4 2
11 3 1
12 2 1
13 4 2
14 1 3
15 4 2
16 2 1
17 4 2
18 3 1
19 3 1
20 1 3
21 2 1
22 1 3
23 2 1
24 4 2
25 3 1
26 3 1
27 4 2
28 4 2
29 4 2
30 1 3
31 1 3
32 2 1
33 1 3
34 2 1
35 1 3
36 1 3
37 3 1
38 4 2
39 4 2
40 4 2
41 2 1
42 2 1
43 3 1
44 1 3
45 3 1
46 2 1
47 2 1
48 3 1
49 4 2
50 2 1
51 2 1
52 2 1
53 1 3
54 2 1
55 3 1
56 2 1
57 2 1
58 1 1
59 1 2
60 2 1
61 3 1
62 4 2
63 2 1
64 3 1
65 4 2
66 4 2
67 3 1
68 2 1
69 1 2
70 1 2
71 2 1
72 4 2
73 3 1
74 4 2
75 3 1
76 2 1
77 2 1
78 3 1
79 1 2
80 1 2
81 1 2
82 3 1
83 1 2
84 2 1
85 1 2
86 3 1
87 2 1
88 4 2
89 1 2
90 2 1
91 4 2
92 1 1
93 4 2
94 3 1
95 3 1
96 3 1
97 2 1
98 3 1
99 2 1
100 1 1
