1 2 2 -40.3539 -80.0024
2 2 3 -42.3499 -98.0791
3 4 3 42.6921 47.429
4 2 3 9.61232 -59.6857
5 2 3 -99.8221 87.233
6 2 2 -41.2741 63.1738
7 3 2 -25.9853 -38.3744
8 3 3 52.3008 -82.4871
9 3 3 -80.0039 -4.61836
10 4 3 85.972 -93.0347
11 3 2 56.1662 28.4586
12 2 2 -50.8608 77.045
13 4 2 96.1599 25.4506
14 1 1 58.1345 -71.2722
15 4 2 91.5523 81.6819
16 2 1 -20.5598 77.2737
17 4 1 53.5247 -86.677
18 3 1 33.7533 98.5836
19 3 2 29.6521 6.51433
20 1 1 64.7743 -20.7651
21 2 1 -19.417 -35.3415
22 1 1 5.75849 -41.3457
23 2 1 -60.4478 85.6175
24 4 3 68.7757 85.6436
25 3 3 44.2001 46.1785
26 3 1 -19.9109 -1.77808
27 4 1 2.28916 92.9312
28 4 3 88.5765 53.4512
29 4 1 -88.0248 -34.219
30 1 2 -22.2197 20.148
31 1 2 -0.739801 55.1702
32 2 2 56.1763 26.7905
33 1 1 49.9524 30.1543
34 2 1 89.0904 -8.6277
35 1 2 44.2334 -43.4501
36 1 1 83.8332 -83.9932
37 3 2 -92.4408 -86.5584
38 4 2 34.1658 -63.1718
39 4 2 -96.2655 28.4181
40 4 2 39.6143 48.9775
41 2 2 -76.2815 -98.7525
42 2 1 86.5085 63.7303
43 3 2 -64.2716 89.4717
44 1 3 17.1896 -51.8952
45 3 2 -84.8145 -38.9628
46 2 1 9.17455 -14.3734
47 2 1 -48.7325 -9.89934
48 3 2 -70.2134 23.0348
49 4 3 -45.8884 -46.212
50 2 2 -59.2573 98.0612
51 2 1 34.1193 93.029
52 2 3 -91.0819 23.7267
53 1 1 15.7139 2.80463
54 2 2 46.885 -28.4631
55 3 1 -37.1823 -56.0958
56 2 1 78.4401 -93.0938
57 2 1 44.5589 97.7954
58 1 1 -65.0017 77.0224
59 1 1 -7.93038 78.6643
60 2 3 16.7222 10.8336
61 3 1 36.9534 -31.2871
62 4 1 -8.64364 98.6304
63 2 1 -22.0893 43.1042
64 3 3 60.5881 -3.97489
65 4 1 15.6996 -5.01924
66 4 1 46.3511 33.571
67 3 1 -37.6733 -69.2434
68 2 2 -5.33275 -38.5209
69 1 1 21.0488 -50.3796
70 1 1 72.6344 90.3295
71 2 1 68.2592 56.2836
72 4 1 3.26957 27.3745
73 3 1 -30.7895 -48.4381
74 4 3 -12.5948 93.4241
75 3 3 75.6057 38.4644
76 2 3 -71.1026 -61.8953
77 2 1 63.7467 -99.6201
78 3 1 62 -34.2263
79 1 2 -47.5858 58.6341
80 1 3 65.9999 -16.5313
81 1 3 -4.5577 13.5498
82 3 1 81.8988 -45.6971
83 1 1 19.819 -70.896
84 2 2 71.7046 47.7626
85 1 2 65.6077 22.1759
86 3 1 -19.9317 38.3837
87 2 2 -35.1855 25.6041
88 4 3 -33.0842 21.8686
89 1 2 -78.0431 37.1701
90 2 2 46.8894 28.4638
91 4 1 62.1644 25.2478
92 1 1 -27.9736 -12.5168
93 4 3 56.9028 39.2983
94 3 3 71.9116 -38.901
95 3 2 19.1201 -1.66854
96 3 3 32.4952 -3.23496
97 2 3 19.5221 77.3492
98 3 1 2.07331 72.1688
99 2 1 -97.7748 26.0541
100 1 1 -62.9716 24.2445
