6 158
6 158
6 158
6 158
6 158
6 158
6 158
6 158
6 158
6 158
6 158
6 158
6 158
6 158
6 158
6 158
6 158
6 158
6 158
6 158
6 158
6 158
6 158
6 158
6 158
6 158
6 158
6 158
7 437
7 437
7 437
7 437
7 437
7 437
7 437
7 437
7 437
7 437
7 437
7 437
7 437
7 437
7 437
7 437
7 437
7 437
7 437
7 437
23 295
23 295
23 295
23 295
23 295
23 295
23 295
23 295
23 295
23 295
23 295
23 295
23 295
23 295
23 295
23 295
23 295
23 295
23 295
23 295
23 295
27 386
27 386
27 386
27 386
27 386
27 386
27 386
22 644
22 644
22 644
22 644
22 644
22 644
22 644
22 644
22 644
22 644
24 624
24 624
24 624
24 624
24 624
24 624
24 624
24 624
24 624
24 624
24 624
24 624
24 624
24 624
24 624
24 624
42 554
42 554
42 554
6 431
6 431
6 431
6 431
6 431
6 431
6 431
6 431
6 431
6 431
6 431
6 431
6 431
6 431
6 431
6 431
6 431
6 431
6 431
6 431
6 431
6 431
6 431
6 431
6 431
6 431
6 431
6 431
7 458
7 458
7 458
7 458
7 458
7 458
7 458
7 458
7 458
7 458
7 458
7 458
7 458
7 458
7 458
7 458
7 458
7 458
7 458
7 458
58 473
58 473
58 473
58 473
58 473
58 473
58 473
58 473
58 473
58 473
58 473
61 475
61 475
61 475
61 475
61 475
62 487
23 561
23 561
23 561
23 561
23 561
23 561
23 561
23 561
23 561
23 561
23 561
23 561
23 561
23 561
23 561
23 561
23 561
23 561
23 561
23 561
23 561
22 597
22 597
22 597
22 597
22 597
22 597
22 597
22 597
22 597
22 597
24 603
24 603
24 603
24 603
24 603
24 603
24 603
24 603
24 603
24 603
24 603
24 603
24 603
24 603
24 603
24 603
27 621
27 621
27 621
27 621
27 621
27 621
27 621
67 836
67 836
67 836
67 836
67 836
67 836
67 836
67 836
67 836
67 836
67 836
67 836
67 836
67 836
67 836
67 836
67 836
67 836
67 836
67 836
67 836
67 836
67 836
67 836
67 836
67 836
18 838
18 838
18 838
18 838
18 838
18 838
84 709
84 709
84 709
84 709
84 709
84 709
84 709
84 709
84 709
84 709
84 709
84 709
84 709
84 709
84 709
84 709
84 709
84 709
84 709
84 709
84 709
84 709
84 709
84 709
33 725
33 725
33 725
33 725
33 725
33 725
33 725
33 725
33 725
33 725
33 725
33 725
33 725
33 725
33 725
33 725
33 725
33 725
33 725
33 725
33 725
33 725
33 725
33 725
33 725
33 725
33 725
80 760
80 760
80 760
80 760
80 760
80 760
80 760
80 760
80 760
80 760
80 760
80 760
80 760
80 760
80 760
80 760
80 760
80 760
80 760
80 760
80 760
80 760
80 760
80 760
80 760
80 760
80 760
80 760
80 760
80 760
87 704
87 704
87 704
87 704
35 771
35 771
35 771
35 771
35 771
35 771
35 771
35 771
35 771
35 771
35 771
35 771
35 771
35 771
35 771
35 771
35 771
35 771
35 771
35 771
35 771
35 771
35 771
75 909
75 909
75 909
75 909
75 909
75 909
75 909
75 909
75 909
75 909
75 909
75 909
75 909
75 909
42 780
42 780
42 780
97 797
97 797
97 797
97 797
97 797
97 797
97 797
97 797
97 797
97 797
97 797
97 797
97 797
97 797
97 797
97 797
97 797
74 1077
74 1077
74 1077
74 1077
74 1077
74 1077
74 1077
74 1077
74 1077
74 1077
74 1077
74 1077
74 1077
74 1077
74 1077
74 1077
74 1077
74 1077
99 852
99 852
99 852
99 852
99 852
99 852
99 852
99 852
99 852
99 852
99 852
99 852
7 882
7 882
7 882
7 882
7 882
7 882
7 882
7 882
7 882
7 882
7 882
7 882
7 882
7 882
7 882
7 882
7 882
7 882
7 882
7 882
6 904
6 904
6 904
6 904
6 904
6 904
6 904
6 904
6 904
6 904
6 904
6 904
6 904
6 904
6 904
6 904
6 904
6 904
6 904
6 904
6 904
6 904
6 904
6 904
6 904
6 904
6 904
6 904
58 896
58 896
58 896
58 896
58 896
58 896
58 896
58 896
58 896
58 896
58 896
61 916
61 916
61 916
61 916
61 916
62 951
82 1369
82 1369
82 1369
82 1369
82 1369
82 1369
82 1369
82 1369
82 1369
82 1369
82 1369
82 1369
82 1369
82 1369
82 1369
82 1369
82 1369
82 1369
82 1369
82 1369
82 1369
82 1369
67 1032
67 1032
67 1032
67 1032
67 1032
67 1032
67 1032
67 1032
67 1032
67 1032
67 1032
67 1032
67 1032
67 1032
67 1032
67 1032
67 1032
67 1032
67 1032
67 1032
67 1032
67 1032
67 1032
67 1032
67 1032
67 1032
22 993
22 993
22 993
22 993
22 993
22 993
22 993
22 993
22 993
22 993
23 1024
23 1024
23 1024
23 1024
23 1024
23 1024
23 1024
23 1024
23 1024
23 1024
23 1024
23 1024
23 1024
23 1024
23 1024
23 1024
23 1024
23 1024
23 1024
23 1024
23 1024
75 1017
75 1017
75 1017
75 1017
75 1017
75 1017
75 1017
75 1017
75 1017
75 1017
75 1017
75 1017
75 1017
75 1017
24 1069
24 1069
24 1069
24 1069
24 1069
24 1069
24 1069
24 1069
24 1069
24 1069
24 1069
24 1069
24 1069
24 1069
24 1069
24 1069
80 1065
80 1065
80 1065
80 1065
80 1065
80 1065
80 1065
80 1065
80 1065
80 1065
80 1065
80 1065
80 1065
80 1065
80 1065
80 1065
80 1065
80 1065
80 1065
80 1065
80 1065
80 1065
80 1065
80 1065
80 1065
80 1065
80 1065
80 1065
80 1065
80 1065
33 1070
33 1070
33 1070
33 1070
33 1070
33 1070
33 1070
33 1070
33 1070
33 1070
33 1070
33 1070
33 1070
33 1070
33 1070
33 1070
33 1070
33 1070
33 1070
33 1070
33 1070
33 1070
33 1070
33 1070
33 1070
33 1070
33 1070
84 1069
84 1069
84 1069
84 1069
84 1069
84 1069
84 1069
84 1069
84 1069
84 1069
84 1069
84 1069
84 1069
84 1069
84 1069
84 1069
84 1069
84 1069
84 1069
84 1069
84 1069
84 1069
84 1069
84 1069
35 1075
35 1075
35 1075
35 1075
35 1075
35 1075
35 1075
35 1075
35 1075
35 1075
35 1075
35 1075
35 1075
35 1075
35 1075
35 1075
35 1075
35 1075
35 1075
35 1075
35 1075
35 1075
35 1075
94 1561
94 1561
39 2113
39 2113
39 2113
39 2113
39 2113
39 2113
39 2113
39 2113
113 1376
113 1376
113 1376
113 1376
113 1376
113 1376
113 1376
113 1376
113 1376
39 1625
39 1625
39 1625
39 1625
39 1625
39 1625
39 1625
39 1625
87 1169
87 1169
87 1169
87 1169
73 1819
73 1819
73 1819
73 1819
73 1819
73 1819
73 1819
73 1819
73 1819
73 1819
73 1819
73 1819
73 1819
73 1819
73 1819
73 1819
73 1819
73 1819
73 1819
73 1819
73 1819
73 1819
73 1819
73 1819
73 1819
73 1819
73 1819
73 1819
73 1819
27 1327
27 1327
27 1327
27 1327
27 1327
27 1327
27 1327
42 1215
42 1215
42 1215
94 1217
94 1217
97 1192
97 1192
97 1192
97 1192
97 1192
97 1192
97 1192
97 1192
97 1192
97 1192
97 1192
97 1192
97 1192
97 1192
97 1192
97 1192
97 1192
73 1441
73 1441
73 1441
73 1441
73 1441
73 1441
73 1441
73 1441
73 1441
73 1441
73 1441
73 1441
73 1441
73 1441
73 1441
73 1441
73 1441
73 1441
73 1441
73 1441
73 1441
73 1441
73 1441
73 1441
73 1441
73 1441
73 1441
73 1441
73 1441
99 1211
99 1211
99 1211
99 1211
99 1211
99 1211
99 1211
99 1211
99 1211
99 1211
99 1211
99 1211
82 1422
82 1422
82 1422
82 1422
82 1422
82 1422
82 1422
82 1422
82 1422
82 1422
82 1422
82 1422
82 1422
82 1422
82 1422
82 1422
82 1422
82 1422
82 1422
82 1422
82 1422
82 1422
18 1566
18 1566
18 1566
18 1566
18 1566
18 1566
7 1299
7 1299
7 1299
7 1299
7 1299
7 1299
7 1299
7 1299
7 1299
7 1299
7 1299
7 1299
7 1299
7 1299
7 1299
7 1299
7 1299
7 1299
7 1299
7 1299
58 1307
58 1307
58 1307
58 1307
58 1307
58 1307
58 1307
58 1307
58 1307
58 1307
58 1307
74 1666
74 1666
74 1666
74 1666
74 1666
74 1666
74 1666
74 1666
74 1666
74 1666
74 1666
74 1666
74 1666
74 1666
74 1666
74 1666
74 1666
74 1666
62 1383
61 1429
61 1429
61 1429
61 1429
61 1429
113 1413
113 1413
113 1413
113 1413
113 1413
113 1413
113 1413
113 1413
113 1413
18 1408
18 1408
18 1408
18 1408
18 1408
18 1408
22 1409
22 1409
22 1409
22 1409
22 1409
22 1409
22 1409
22 1409
22 1409
22 1409
67 1479
67 1479
67 1479
67 1479
67 1479
67 1479
67 1479
67 1479
67 1479
67 1479
67 1479
67 1479
67 1479
67 1479
67 1479
67 1479
67 1479
67 1479
67 1479
67 1479
67 1479
67 1479
67 1479
67 1479
67 1479
67 1479
27 1435
27 1435
27 1435
27 1435
27 1435
27 1435
27 1435
24 1470
24 1470
24 1470
24 1470
24 1470
24 1470
24 1470
24 1470
24 1470
24 1470
24 1470
24 1470
24 1470
24 1470
24 1470
24 1470
75 1468
75 1468
75 1468
75 1468
75 1468
75 1468
75 1468
75 1468
75 1468
75 1468
75 1468
75 1468
75 1468
75 1468
23 1516
23 1516
23 1516
23 1516
23 1516
23 1516
23 1516
23 1516
23 1516
23 1516
23 1516
23 1516
23 1516
23 1516
23 1516
23 1516
23 1516
23 1516
23 1516
23 1516
23 1516
73 1583
73 1583
73 1583
73 1583
73 1583
73 1583
73 1583
73 1583
73 1583
73 1583
73 1583
73 1583
73 1583
73 1583
73 1583
73 1583
73 1583
73 1583
73 1583
73 1583
73 1583
73 1583
73 1583
73 1583
73 1583
73 1583
73 1583
73 1583
73 1583
80 1524
80 1524
80 1524
80 1524
80 1524
80 1524
80 1524
80 1524
80 1524
80 1524
80 1524
80 1524
80 1524
80 1524
80 1524
80 1524
80 1524
80 1524
80 1524
80 1524
80 1524
80 1524
80 1524
80 1524
80 1524
80 1524
80 1524
80 1524
80 1524
80 1524
33 1512
33 1512
33 1512
33 1512
33 1512
33 1512
33 1512
33 1512
33 1512
33 1512
33 1512
33 1512
33 1512
33 1512
33 1512
33 1512
33 1512
33 1512
33 1512
33 1512
33 1512
33 1512
33 1512
33 1512
33 1512
33 1512
33 1512
82 1543
82 1543
82 1543
82 1543
82 1543
82 1543
82 1543
82 1543
82 1543
82 1543
82 1543
82 1543
82 1543
82 1543
82 1543
82 1543
82 1543
82 1543
82 1543
82 1543
82 1543
82 1543
71 2169
71 2169
71 2169
71 2169
71 2169
71 2169
71 2169
71 2169
71 2169
71 2169
71 2169
71 2169
71 2169
71 2169
71 2169
87 1584
87 1584
87 1584
87 1584
74 1811
74 1811
74 1811
74 1811
74 1811
74 1811
74 1811
74 1811
74 1811
74 1811
74 1811
74 1811
74 1811
74 1811
74 1811
74 1811
74 1811
74 1811
35 1715
35 1715
35 1715
35 1715
35 1715
35 1715
35 1715
35 1715
35 1715
35 1715
35 1715
35 1715
35 1715
35 1715
35 1715
35 1715
35 1715
35 1715
35 1715
35 1715
35 1715
35 1715
35 1715
42 1666
42 1666
42 1666
97 1646
97 1646
97 1646
97 1646
97 1646
97 1646
97 1646
97 1646
97 1646
97 1646
97 1646
97 1646
97 1646
97 1646
97 1646
97 1646
97 1646
94 1685
94 1685
6 2099
6 2099
6 2099
6 2099
6 2099
6 2099
6 2099
6 2099
6 2099
6 2099
6 2099
6 2099
6 2099
6 2099
6 2099
6 2099
6 2099
6 2099
6 2099
6 2099
6 2099
6 2099
6 2099
6 2099
6 2099
6 2099
6 2099
6 2099
99 1711
99 1711
99 1711
99 1711
99 1711
99 1711
99 1711
99 1711
99 1711
99 1711
99 1711
99 1711
17 3668
17 3668
17 3668
17 3668
17 3668
17 3668
17 3668
17 3668
17 3668
17 3668
17 3668
17 3668
17 3668
17 3668
17 3668
17 3668
17 3668
17 3668
17 3668
17 3668
17 3668
17 3668
17 3668
17 3668
17 3668
17 3169
17 3169
17 3169
17 3169
17 3169
17 3169
17 3169
17 3169
17 3169
17 3169
17 3169
17 3169
17 3169
17 3169
17 3169
17 3169
17 3169
17 3169
17 3169
17 3169
17 3169
17 3169
17 3169
17 3169
17 3169
17 2671
17 2671
17 2671
17 2671
17 2671
17 2671
17 2671
17 2671
17 2671
17 2671
17 2671
17 2671
17 2671
17 2671
17 2671
17 2671
17 2671
17 2671
17 2671
17 2671
17 2671
17 2671
17 2671
17 2671
17 2671
115 2692
115 2692
115 2692
115 2692
115 2692
115 2692
115 2692
115 2692
115 2692
115 2692
115 2692
115 2692
115 2692
115 2194
115 2194
115 2194
115 2194
115 2194
115 2194
115 2194
115 2194
115 2194
115 2194
115 2194
115 2194
115 2194
7 1781
7 1781
7 1781
7 1781
7 1781
7 1781
7 1781
7 1781
7 1781
7 1781
7 1781
7 1781
7 1781
7 1781
7 1781
7 1781
7 1781
7 1781
7 1781
7 1781
58 1785
58 1785
58 1785
58 1785
58 1785
58 1785
58 1785
58 1785
58 1785
58 1785
58 1785
61 1820
61 1820
61 1820
61 1820
61 1820
62 1830
6 1924
6 1924
6 1924
6 1924
6 1924
6 1924
6 1924
6 1924
6 1924
6 1924
6 1924
6 1924
6 1924
6 1924
6 1924
6 1924
6 1924
6 1924
6 1924
6 1924
6 1924
6 1924
6 1924
6 1924
6 1924
6 1924
6 1924
6 1924
113 1863
113 1863
113 1863
113 1863
113 1863
113 1863
113 1863
113 1863
113 1863
115 1860
115 1860
115 1860
115 1860
115 1860
115 1860
115 1860
115 1860
115 1860
115 1860
115 1860
115 1860
115 1860
67 1868
67 1868
67 1868
67 1868
67 1868
67 1868
67 1868
67 1868
67 1868
67 1868
67 1868
67 1868
67 1868
67 1868
67 1868
67 1868
67 1868
67 1868
67 1868
67 1868
67 1868
67 1868
67 1868
67 1868
67 1868
67 1868
17 1880
17 1880
17 1880
17 1880
17 1880
17 1880
17 1880
17 1880
17 1880
17 1880
17 1880
17 1880
17 1880
17 1880
17 1880
17 1880
17 1880
17 1880
17 1880
17 1880
17 1880
17 1880
17 1880
17 1880
17 1880
22 1933
22 1933
22 1933
22 1933
22 1933
22 1933
22 1933
22 1933
22 1933
22 1933
27 1903
27 1903
27 1903
27 1903
27 1903
27 1903
27 1903
84 2333
84 2333
84 2333
84 2333
84 2333
84 2333
84 2333
84 2333
84 2333
84 2333
84 2333
84 2333
84 2333
84 2333
84 2333
84 2333
84 2333
84 2333
84 2333
84 2333
84 2333
84 2333
84 2333
84 2333
75 1927
75 1927
75 1927
75 1927
75 1927
75 1927
75 1927
75 1927
75 1927
75 1927
75 1927
75 1927
75 1927
75 1927
23 1954
23 1954
23 1954
23 1954
23 1954
23 1954
23 1954
23 1954
23 1954
23 1954
23 1954
23 1954
23 1954
23 1954
23 1954
23 1954
23 1954
23 1954
23 1954
23 1954
23 1954
53 3711
53 3711
53 3711
53 3711
53 3711
53 3711
53 3711
53 3711
53 3711
53 3711
53 3711
53 3711
53 3711
53 3711
53 3711
53 3711
53 3711
53 3711
53 3711
39 2423
39 2423
39 2423
39 2423
39 2423
39 2423
39 2423
39 2423
80 2062
80 2062
80 2062
80 2062
80 2062
80 2062
80 2062
80 2062
80 2062
80 2062
80 2062
80 2062
80 2062
80 2062
80 2062
80 2062
80 2062
80 2062
80 2062
80 2062
80 2062
80 2062
80 2062
80 2062
80 2062
80 2062
80 2062
80 2062
80 2062
80 2062
87 2104
87 2104
87 2104
87 2104
74 2302
74 2302
74 2302
74 2302
74 2302
74 2302
74 2302
74 2302
74 2302
74 2302
74 2302
74 2302
74 2302
74 2302
74 2302
74 2302
74 2302
74 2302
97 2129
97 2129
97 2129
97 2129
97 2129
97 2129
97 2129
97 2129
97 2129
97 2129
97 2129
97 2129
97 2129
97 2129
97 2129
97 2129
97 2129
99 2144
99 2144
99 2144
99 2144
99 2144
99 2144
99 2144
99 2144
99 2144
99 2144
99 2144
99 2144
94 2211
94 2211
84 2450
84 2450
84 2450
84 2450
84 2450
84 2450
84 2450
84 2450
84 2450
84 2450
84 2450
84 2450
84 2450
84 2450
84 2450
84 2450
84 2450
84 2450
84 2450
84 2450
84 2450
84 2450
84 2450
84 2450
