6 125
6 125
6 125
6 125
6 125
6 125
6 125
6 125
6 125
6 125
6 125
6 125
6 125
6 125
6 125
6 125
6 125
5 137
5 137
5 137
5 137
5 137
5 137
7 147
7 147
7 147
7 147
7 147
7 147
7 147
7 147
7 147
7 147
7 147
7 147
7 147
7 147
7 147
7 147
7 147
7 147
7 147
12 124
22 291
22 291
22 291
22 291
22 291
22 291
22 291
22 291
22 291
22 291
22 291
22 291
22 291
22 291
22 291
22 291
5 141
5 141
5 141
5 141
5 141
5 141
6 135
6 135
6 135
6 135
6 135
6 135
6 135
6 135
6 135
6 135
6 135
6 135
6 135
6 135
6 135
6 135
6 135
7 128
7 128
7 128
7 128
7 128
7 128
7 128
7 128
7 128
7 128
7 128
7 128
7 128
7 128
7 128
7 128
7 128
7 128
7 128
59 146
59 146
59 146
59 146
59 146
12 194
62 211
62 211
62 211
64 220
64 220
64 220
64 220
64 220
64 220
64 220
64 220
64 220
64 220
64 220
64 220
64 220
64 220
64 220
64 220
64 220
64 220
56 397
56 397
56 397
56 397
56 397
56 397
56 397
56 397
56 397
56 397
56 397
56 397
56 397
56 397
22 265
22 265
22 265
22 265
22 265
22 265
22 265
22 265
22 265
22 265
22 265
22 265
22 265
22 265
22 265
22 265
84 439
84 439
84 439
84 439
84 439
84 439
84 439
84 439
84 439
84 439
84 439
84 439
84 439
84 439
84 439
84 439
84 439
84 439
84 439
84 439
84 439
90 396
90 396
90 396
90 396
90 396
90 396
90 396
90 396
90 396
93 385
93 385
93 385
93 385
93 385
93 385
93 385
93 385
93 385
93 385
93 385
93 385
93 385
93 385
93 385
93 385
93 385
93 385
93 385
93 385
93 385
93 385
93 385
93 385
93 385
93 385
93 385
93 385
93 385
99 449
99 449
99 449
99 449
99 449
99 449
99 449
99 449
99 449
99 449
99 449
99 449
99 449
99 449
99 449
99 449
99 449
99 449
99 449
99 449
99 449
99 449
6 574
6 574
6 574
6 574
6 574
6 574
6 574
6 574
6 574
6 574
6 574
6 574
6 574
6 574
6 574
6 574
6 574
5 587
5 587
5 587
5 587
5 587
5 587
56 577
56 577
56 577
56 577
56 577
56 577
56 577
56 577
56 577
56 577
56 577
56 577
56 577
56 577
7 570
7 570
7 570
7 570
7 570
7 570
7 570
7 570
7 570
7 570
7 570
7 570
7 570
7 570
7 570
7 570
7 570
7 570
7 570
59 553
59 553
59 553
59 553
59 553
97 674
97 674
97 674
97 674
97 674
97 674
97 674
97 674
97 674
97 674
97 674
97 674
97 674
97 674
97 674
97 674
97 674
97 674
97 674
97 674
97 674
97 674
97 674
97 674
97 674
97 674
97 674
97 674
97 674
97 674
12 524
64 505
64 505
64 505
64 505
64 505
64 505
64 505
64 505
64 505
64 505
64 505
64 505
64 505
64 505
64 505
64 505
64 505
64 505
109 556
109 556
109 556
109 556
22 490
22 490
22 490
22 490
22 490
22 490
22 490
22 490
22 490
22 490
22 490
22 490
22 490
22 490
22 490
22 490
84 612
84 612
84 612
84 612
84 612
84 612
84 612
84 612
84 612
84 612
84 612
84 612
84 612
84 612
84 612
84 612
84 612
84 612
84 612
84 612
84 612
90 641
90 641
90 641
90 641
90 641
90 641
90 641
90 641
90 641
62 935
62 935
62 935
5 604
5 604
5 604
5 604
5 604
5 604
48 1678
48 1678
48 1178
48 1178
93 733
93 733
93 733
93 733
93 733
93 733
93 733
93 733
93 733
93 733
93 733
93 733
93 733
93 733
93 733
93 733
93 733
93 733
93 733
93 733
93 733
93 733
93 733
93 733
93 733
93 733
93 733
93 733
93 733
7 594
7 594
7 594
7 594
7 594
7 594
7 594
7 594
7 594
7 594
7 594
7 594
7 594
7 594
7 594
7 594
7 594
7 594
7 594
97 695
97 695
97 695
97 695
97 695
97 695
97 695
97 695
97 695
97 695
97 695
97 695
97 695
97 695
97 695
97 695
97 695
97 695
97 695
97 695
97 695
97 695
97 695
97 695
97 695
97 695
97 695
97 695
97 695
97 695
99 676
99 676
99 676
99 676
99 676
99 676
99 676
99 676
99 676
99 676
99 676
99 676
99 676
99 676
99 676
99 676
99 676
99 676
99 676
99 676
99 676
99 676
109 594
109 594
109 594
109 594
48 738
48 738
6 681
6 681
6 681
6 681
6 681
6 681
6 681
6 681
6 681
6 681
6 681
6 681
6 681
6 681
6 681
6 681
6 681
62 709
62 709
62 709
12 717
59 751
59 751
59 751
59 751
59 751
64 704
64 704
64 704
64 704
64 704
64 704
64 704
64 704
64 704
64 704
64 704
64 704
64 704
64 704
64 704
64 704
64 704
64 704
56 810
56 810
56 810
56 810
56 810
56 810
56 810
56 810
56 810
56 810
56 810
56 810
56 810
56 810
27 1742
27 1742
27 1742
27 1742
27 1742
27 1742
27 1742
27 1742
27 1742
27 1742
27 1742
27 1742
27 1742
27 1742
27 1742
27 1742
27 1742
27 1742
27 1742
27 1742
27 1742
27 1742
27 1742
27 1742
27 1244
27 1244
27 1244
27 1244
27 1244
27 1244
27 1244
27 1244
27 1244
27 1244
27 1244
27 1244
27 1244
27 1244
27 1244
27 1244
27 1244
27 1244
27 1244
27 1244
27 1244
27 1244
27 1244
27 1244
26 2257
26 2257
26 2257
26 2257
26 2257
26 2257
26 2257
26 2257
26 2257
26 2257
26 2257
26 2257
26 2257
26 2257
26 2257
26 2257
26 2257
26 2257
26 2257
26 2257
26 2257
26 2257
26 2257
26 2257
26 2257
26 2257
26 2257
26 1764
26 1764
26 1764
26 1764
26 1764
26 1764
26 1764
26 1764
26 1764
26 1764
26 1764
26 1764
26 1764
26 1764
26 1764
26 1764
26 1764
26 1764
26 1764
26 1764
26 1764
26 1764
26 1764
26 1764
26 1764
26 1764
26 1764
26 1265
26 1265
26 1265
26 1265
26 1265
26 1265
26 1265
26 1265
26 1265
26 1265
26 1265
26 1265
26 1265
26 1265
26 1265
26 1265
26 1265
26 1265
26 1265
26 1265
26 1265
26 1265
26 1265
26 1265
26 1265
26 1265
26 1265
26 794
26 794
26 794
26 794
26 794
26 794
26 794
26 794
26 794
26 794
26 794
26 794
26 794
26 794
26 794
26 794
26 794
26 794
26 794
26 794
26 794
26 794
26 794
26 794
26 794
26 794
26 794
27 836
27 836
27 836
27 836
27 836
27 836
27 836
27 836
27 836
27 836
27 836
27 836
27 836
27 836
27 836
27 836
27 836
27 836
27 836
27 836
27 836
27 836
27 836
27 836
22 931
22 931
22 931
22 931
22 931
22 931
22 931
22 931
22 931
22 931
22 931
22 931
22 931
22 931
22 931
22 931
48 779
48 779
97 897
97 897
97 897
97 897
97 897
97 897
97 897
97 897
97 897
97 897
97 897
97 897
97 897
97 897
97 897
97 897
97 897
97 897
97 897
97 897
97 897
97 897
97 897
97 897
97 897
97 897
97 897
97 897
97 897
97 897
93 951
93 951
93 951
93 951
93 951
93 951
93 951
93 951
93 951
93 951
93 951
93 951
93 951
93 951
93 951
93 951
93 951
93 951
93 951
93 951
93 951
93 951
93 951
93 951
93 951
93 951
93 951
93 951
93 951
90 992
90 992
90 992
90 992
90 992
90 992
90 992
90 992
90 992
5 850
5 850
5 850
5 850
5 850
5 850
56 842
56 842
56 842
56 842
56 842
56 842
56 842
56 842
56 842
56 842
56 842
56 842
56 842
56 842
6 843
6 843
6 843
6 843
6 843
6 843
6 843
6 843
6 843
6 843
6 843
6 843
6 843
6 843
6 843
6 843
6 843
84 1067
84 1067
84 1067
84 1067
84 1067
84 1067
84 1067
84 1067
84 1067
84 1067
84 1067
84 1067
84 1067
84 1067
84 1067
84 1067
84 1067
84 1067
84 1067
84 1067
84 1067
59 848
59 848
59 848
59 848
59 848
99 968
99 968
99 968
99 968
99 968
99 968
99 968
99 968
99 968
99 968
99 968
99 968
99 968
99 968
99 968
99 968
99 968
99 968
99 968
99 968
99 968
99 968
109 1021
109 1021
109 1021
109 1021
62 993
62 993
62 993
12 995
7 1052
7 1052
7 1052
7 1052
7 1052
7 1052
7 1052
7 1052
7 1052
7 1052
7 1052
7 1052
7 1052
7 1052
7 1052
7 1052
7 1052
7 1052
7 1052
64 983
64 983
64 983
64 983
64 983
64 983
64 983
64 983
64 983
64 983
64 983
64 983
64 983
64 983
64 983
64 983
64 983
64 983
22 1062
22 1062
22 1062
22 1062
22 1062
22 1062
22 1062
22 1062
22 1062
22 1062
22 1062
22 1062
22 1062
22 1062
22 1062
22 1062
26 1073
26 1073
26 1073
26 1073
26 1073
26 1073
26 1073
26 1073
26 1073
26 1073
26 1073
26 1073
26 1073
26 1073
26 1073
26 1073
26 1073
26 1073
26 1073
26 1073
26 1073
26 1073
26 1073
26 1073
26 1073
26 1073
26 1073
27 1077
27 1077
27 1077
27 1077
27 1077
27 1077
27 1077
27 1077
27 1077
27 1077
27 1077
27 1077
27 1077
27 1077
27 1077
27 1077
27 1077
27 1077
27 1077
27 1077
27 1077
27 1077
27 1077
27 1077
84 1106
84 1106
84 1106
84 1106
84 1106
84 1106
84 1106
84 1106
84 1106
84 1106
84 1106
84 1106
84 1106
84 1106
84 1106
84 1106
84 1106
84 1106
84 1106
84 1106
84 1106
103 2470
103 2470
103 2470
103 2470
103 2470
103 2470
103 2470
103 2470
103 2470
103 2470
103 2470
103 2470
103 2470
103 2470
103 2470
103 2470
103 2470
103 2470
103 2470
103 2470
103 2470
103 2470
103 2470
103 1975
103 1975
103 1975
103 1975
103 1975
103 1975
103 1975
103 1975
103 1975
103 1975
103 1975
103 1975
103 1975
103 1975
103 1975
103 1975
103 1975
103 1975
103 1975
103 1975
103 1975
103 1975
103 1975
103 1492
103 1492
103 1492
103 1492
103 1492
103 1492
103 1492
103 1492
103 1492
103 1492
103 1492
103 1492
103 1492
103 1492
103 1492
103 1492
103 1492
103 1492
103 1492
103 1492
103 1492
103 1492
103 1492
19 3344
19 3344
19 3344
19 3344
19 3344
19 3344
19 3344
19 3344
19 3344
19 3344
19 3344
19 3344
19 3344
19 3344
19 3344
19 3344
19 3344
19 3344
19 3344
19 3344
19 3344
19 3344
19 3344
19 3344
19 3344
19 2852
19 2852
19 2852
19 2852
19 2852
19 2852
19 2852
19 2852
19 2852
19 2852
19 2852
19 2852
19 2852
19 2852
19 2852
19 2852
19 2852
19 2852
19 2852
19 2852
19 2852
19 2852
19 2852
19 2852
19 2852
19 2353
19 2353
19 2353
19 2353
19 2353
19 2353
19 2353
19 2353
19 2353
19 2353
19 2353
19 2353
19 2353
19 2353
19 2353
19 2353
19 2353
19 2353
19 2353
19 2353
19 2353
19 2353
19 2353
19 2353
19 2353
90 1152
90 1152
90 1152
90 1152
90 1152
90 1152
90 1152
90 1152
90 1152
48 1091
48 1091
7 1040
7 1040
7 1040
7 1040
7 1040
7 1040
7 1040
7 1040
7 1040
7 1040
7 1040
7 1040
7 1040
7 1040
7 1040
7 1040
7 1040
7 1040
7 1040
93 1188
93 1188
93 1188
93 1188
93 1188
93 1188
93 1188
93 1188
93 1188
93 1188
93 1188
93 1188
93 1188
93 1188
93 1188
93 1188
93 1188
93 1188
93 1188
93 1188
93 1188
93 1188
93 1188
93 1188
93 1188
93 1188
93 1188
93 1188
93 1188
97 1167
97 1167
97 1167
97 1167
97 1167
97 1167
97 1167
97 1167
97 1167
97 1167
97 1167
97 1167
97 1167
97 1167
97 1167
97 1167
97 1167
97 1167
97 1167
97 1167
97 1167
97 1167
97 1167
97 1167
97 1167
97 1167
97 1167
97 1167
97 1167
97 1167
12 1050
62 1063
62 1063
62 1063
99 1220
99 1220
99 1220
99 1220
99 1220
99 1220
99 1220
99 1220
99 1220
99 1220
99 1220
99 1220
99 1220
99 1220
99 1220
99 1220
99 1220
99 1220
99 1220
99 1220
99 1220
99 1220
5 1168
5 1168
5 1168
5 1168
5 1168
5 1168
103 1232
103 1232
103 1232
103 1232
103 1232
103 1232
103 1232
103 1232
103 1232
103 1232
103 1232
103 1232
103 1232
103 1232
103 1232
103 1232
103 1232
103 1232
103 1232
103 1232
103 1232
103 1232
103 1232
64 1124
64 1124
64 1124
64 1124
64 1124
64 1124
64 1124
64 1124
64 1124
64 1124
64 1124
64 1124
64 1124
64 1124
64 1124
64 1124
64 1124
64 1124
6 1205
6 1205
6 1205
6 1205
6 1205
6 1205
6 1205
6 1205
6 1205
6 1205
6 1205
6 1205
6 1205
6 1205
6 1205
6 1205
6 1205
56 1206
56 1206
56 1206
56 1206
56 1206
56 1206
56 1206
56 1206
56 1206
56 1206
56 1206
56 1206
56 1206
56 1206
109 1179
109 1179
109 1179
109 1179
59 1373
59 1373
59 1373
59 1373
59 1373
19 1370
19 1370
19 1370
19 1370
19 1370
19 1370
19 1370
19 1370
19 1370
19 1370
19 1370
19 1370
19 1370
19 1370
19 1370
19 1370
19 1370
19 1370
19 1370
19 1370
19 1370
19 1370
19 1370
19 1370
19 1370
22 1354
22 1354
22 1354
22 1354
22 1354
22 1354
22 1354
22 1354
22 1354
22 1354
22 1354
22 1354
22 1354
22 1354
22 1354
22 1354
27 1406
27 1406
27 1406
27 1406
27 1406
27 1406
27 1406
27 1406
27 1406
27 1406
27 1406
27 1406
27 1406
27 1406
27 1406
27 1406
27 1406
27 1406
27 1406
27 1406
27 1406
27 1406
27 1406
27 1406
26 1417
26 1417
26 1417
26 1417
26 1417
26 1417
26 1417
26 1417
26 1417
26 1417
26 1417
26 1417
26 1417
26 1417
26 1417
26 1417
26 1417
26 1417
26 1417
26 1417
26 1417
26 1417
26 1417
26 1417
26 1417
26 1417
26 1417
84 1485
84 1485
84 1485
84 1485
84 1485
84 1485
84 1485
84 1485
84 1485
84 1485
84 1485
84 1485
84 1485
84 1485
84 1485
84 1485
84 1485
84 1485
84 1485
84 1485
84 1485
109 1251
109 1251
109 1251
109 1251
48 1395
48 1395
90 1500
90 1500
90 1500
90 1500
90 1500
90 1500
90 1500
90 1500
90 1500
59 1404
59 1404
59 1404
59 1404
59 1404
62 1375
62 1375
62 1375
99 1506
99 1506
99 1506
99 1506
99 1506
99 1506
99 1506
99 1506
99 1506
99 1506
99 1506
99 1506
99 1506
99 1506
99 1506
99 1506
99 1506
99 1506
99 1506
99 1506
99 1506
99 1506
93 1615
93 1615
93 1615
93 1615
93 1615
93 1615
93 1615
93 1615
93 1615
93 1615
93 1615
93 1615
93 1615
93 1615
93 1615
93 1615
93 1615
93 1615
93 1615
93 1615
93 1615
93 1615
93 1615
93 1615
93 1615
93 1615
93 1615
93 1615
93 1615
103 1530
103 1530
103 1530
103 1530
103 1530
103 1530
103 1530
103 1530
103 1530
103 1530
103 1530
103 1530
103 1530
103 1530
103 1530
103 1530
103 1530
103 1530
103 1530
103 1530
103 1530
103 1530
103 1530
64 1489
64 1489
64 1489
64 1489
64 1489
64 1489
64 1489
64 1489
64 1489
64 1489
64 1489
64 1489
64 1489
64 1489
64 1489
64 1489
64 1489
64 1489
97 1734
97 1734
97 1734
97 1734
97 1734
97 1734
97 1734
97 1734
97 1734
97 1734
97 1734
97 1734
97 1734
97 1734
97 1734
97 1734
97 1734
97 1734
97 1734
97 1734
97 1734
97 1734
97 1734
97 1734
97 1734
97 1734
97 1734
97 1734
97 1734
97 1734
