13 425
13 425
13 425
13 425
13 425
13 425
13 425
13 425
13 425
13 425
13 425
13 425
13 425
13 425
13 425
13 425
13 425
13 425
13 425
13 425
13 425
13 425
13 425
13 425
13 425
13 425
13 425
13 425
32 1110
32 1110
32 1110
32 1110
32 1110
32 1110
32 1110
32 1110
32 1110
32 1110
32 1110
32 1110
32 1110
32 1110
32 1110
32 1110
32 1110
32 1110
32 1110
32 1110
32 1110
32 1110
32 623
32 623
32 623
32 623
32 623
32 623
32 623
32 623
32 623
32 623
32 623
32 623
32 623
32 623
32 623
32 623
32 623
32 623
32 623
32 623
32 623
32 623
26 1187
26 1187
26 1187
26 1187
26 1187
26 1187
26 1187
26 1187
26 1187
26 1187
26 1187
26 1187
26 1187
26 1187
26 688
26 688
26 688
26 688
26 688
26 688
26 688
26 688
26 688
26 688
26 688
26 688
26 688
26 688
7 1395
7 1395
7 1395
7 1395
7 1395
7 1395
7 1395
7 1395
7 1395
7 1395
7 1395
7 1395
7 1395
7 1395
7 1395
7 1395
7 1395
7 1395
7 1395
7 1395
7 1395
7 1395
7 1395
7 1395
7 1395
7 1395
7 1395
7 1395
7 1395
7 898
7 898
7 898
7 898
7 898
7 898
7 898
7 898
7 898
7 898
7 898
7 898
7 898
7 898
7 898
7 898
7 898
7 898
7 898
7 898
7 898
7 898
7 898
7 898
7 898
7 898
7 898
7 898
7 898
16 1372
16 1372
16 1372
16 1372
16 1372
16 1372
16 1372
16 1372
16 880
16 880
16 880
16 880
16 880
16 880
16 880
16 880
35 1198
35 1198
35 1198
35 1198
35 1198
35 1198
35 1198
35 1198
35 1198
35 1198
35 1198
35 1198
35 1198
35 1198
35 1198
35 1198
35 1198
35 1198
35 1198
35 1198
35 1198
35 1198
35 1198
35 1198
18 888
18 888
18 888
18 888
18 888
18 888
18 888
18 888
18 888
18 888
18 888
18 888
41 1592
41 1592
41 1592
41 1592
41 1592
41 1592
41 1592
41 1592
41 1592
41 1592
41 1592
41 1592
41 1592
41 1592
41 1592
41 1592
41 1592
41 1592
41 1592
41 1592
41 1592
41 1592
41 1592
41 1592
41 1592
41 1592
41 1592
41 1101
41 1101
41 1101
41 1101
41 1101
41 1101
41 1101
41 1101
41 1101
41 1101
41 1101
41 1101
41 1101
41 1101
41 1101
41 1101
41 1101
41 1101
41 1101
41 1101
41 1101
41 1101
41 1101
41 1101
41 1101
41 1101
41 1101
7 948
7 948
7 948
7 948
7 948
7 948
7 948
7 948
7 948
7 948
7 948
7 948
7 948
7 948
7 948
7 948
7 948
7 948
7 948
7 948
7 948
7 948
7 948
7 948
7 948
7 948
7 948
7 948
7 948
13 898
13 898
13 898
13 898
13 898
13 898
13 898
13 898
13 898
13 898
13 898
13 898
13 898
13 898
13 898
13 898
13 898
13 898
13 898
13 898
13 898
13 898
13 898
13 898
13 898
13 898
13 898
13 898
18 860
18 860
18 860
18 860
18 860
18 860
18 860
18 860
18 860
18 860
18 860
18 860
35 1197
35 1197
35 1197
35 1197
35 1197
35 1197
35 1197
35 1197
35 1197
35 1197
35 1197
35 1197
35 1197
35 1197
35 1197
35 1197
35 1197
35 1197
35 1197
35 1197
35 1197
35 1197
35 1197
35 1197
16 891
16 891
16 891
16 891
16 891
16 891
16 891
16 891
26 860
26 860
26 860
26 860
26 860
26 860
26 860
26 860
26 860
26 860
26 860
26 860
26 860
26 860
32 925
32 925
32 925
32 925
32 925
32 925
32 925
32 925
32 925
32 925
32 925
32 925
32 925
32 925
32 925
32 925
32 925
32 925
32 925
32 925
32 925
32 925
35 1028
35 1028
35 1028
35 1028
35 1028
35 1028
35 1028
35 1028
35 1028
35 1028
35 1028
35 1028
35 1028
35 1028
35 1028
35 1028
35 1028
35 1028
35 1028
35 1028
35 1028
35 1028
35 1028
35 1028
9 2389
9 2389
9 2389
9 2389
9 2389
9 2389
9 2389
9 2389
9 2389
9 2389
9 2389
9 2389
9 2389
9 2389
9 2389
9 2389
9 2389
9 2389
9 2389
9 2389
9 2389
9 2389
9 2389
9 2389
9 2389
9 2389
9 1899
9 1899
9 1899
9 1899
9 1899
9 1899
9 1899
9 1899
9 1899
9 1899
9 1899
9 1899
9 1899
9 1899
9 1899
9 1899
9 1899
9 1899
9 1899
9 1899
9 1899
9 1899
9 1899
9 1899
9 1899
9 1899
9 1400
9 1400
9 1400
9 1400
9 1400
9 1400
9 1400
9 1400
9 1400
9 1400
9 1400
9 1400
9 1400
9 1400
9 1400
9 1400
9 1400
9 1400
9 1400
9 1400
9 1400
9 1400
9 1400
9 1400
9 1400
9 1400
41 1080
41 1080
41 1080
41 1080
41 1080
41 1080
41 1080
41 1080
41 1080
41 1080
41 1080
41 1080
41 1080
41 1080
41 1080
41 1080
41 1080
41 1080
41 1080
41 1080
41 1080
41 1080
41 1080
41 1080
41 1080
41 1080
41 1080
7 1124
7 1124
7 1124
7 1124
7 1124
7 1124
7 1124
7 1124
7 1124
7 1124
7 1124
7 1124
7 1124
7 1124
7 1124
7 1124
7 1124
7 1124
7 1124
7 1124
7 1124
7 1124
7 1124
7 1124
7 1124
7 1124
7 1124
7 1124
7 1124
89 1819
89 1819
89 1819
89 1819
89 1819
89 1819
89 1819
89 1819
89 1819
89 1819
90 1814
90 1814
90 1814
90 1814
94 1774
94 1774
94 1774
94 1774
94 1774
98 1241
98 1241
98 1241
98 1241
98 1241
98 1241
98 1241
98 1241
98 1241
98 1241
98 1241
98 1241
98 1241
98 1241
98 1241
98 1241
98 1241
98 1241
98 1241
98 1241
98 1241
98 1241
98 1241
98 1241
98 1241
98 1241
98 1241
98 1241
98 1241
98 1241
111 1119
111 1119
111 1119
111 1119
111 1119
111 1119
111 1119
111 1119
111 1119
111 1119
111 1119
111 1119
111 1119
111 1119
111 1119
111 1119
111 1119
9 1140
9 1140
9 1140
9 1140
9 1140
9 1140
9 1140
9 1140
9 1140
9 1140
9 1140
9 1140
9 1140
9 1140
9 1140
9 1140
9 1140
9 1140
9 1140
9 1140
9 1140
9 1140
9 1140
9 1140
9 1140
9 1140
13 1126
13 1126
13 1126
13 1126
13 1126
13 1126
13 1126
13 1126
13 1126
13 1126
13 1126
13 1126
13 1126
13 1126
13 1126
13 1126
13 1126
13 1126
13 1126
13 1126
13 1126
13 1126
13 1126
13 1126
13 1126
13 1126
13 1126
13 1126
16 1129
16 1129
16 1129
16 1129
16 1129
16 1129
16 1129
16 1129
18 1145
18 1145
18 1145
18 1145
18 1145
18 1145
18 1145
18 1145
18 1145
18 1145
18 1145
18 1145
26 1186
26 1186
26 1186
26 1186
26 1186
26 1186
26 1186
26 1186
26 1186
26 1186
26 1186
26 1186
26 1186
26 1186
89 1250
89 1250
89 1250
89 1250
89 1250
89 1250
89 1250
89 1250
89 1250
89 1250
90 1387
90 1387
90 1387
90 1387
98 1322
98 1322
98 1322
98 1322
98 1322
98 1322
98 1322
98 1322
98 1322
98 1322
98 1322
98 1322
98 1322
98 1322
98 1322
98 1322
98 1322
98 1322
98 1322
98 1322
98 1322
98 1322
98 1322
98 1322
98 1322
98 1322
98 1322
98 1322
98 1322
98 1322
94 1385
94 1385
94 1385
94 1385
94 1385
41 1434
41 1434
41 1434
41 1434
41 1434
41 1434
41 1434
41 1434
41 1434
41 1434
41 1434
41 1434
41 1434
41 1434
41 1434
41 1434
41 1434
41 1434
41 1434
41 1434
41 1434
41 1434
41 1434
41 1434
41 1434
41 1434
41 1434
102 1346
102 1346
102 1346
102 1346
102 1346
102 1346
102 1346
102 1346
102 1346
102 1346
102 1346
102 1346
102 1346
102 1346
102 1346
102 1346
102 1346
102 1346
102 1346
102 1346
102 1346
102 1346
102 1346
102 1346
102 1346
103 1350
103 1350
103 1350
103 1350
103 1350
103 1350
103 1350
103 1350
103 1350
103 1350
103 1350
108 1347
108 1347
108 1347
108 1347
108 1347
108 1347
108 1347
108 1347
108 1347
108 1347
108 1347
108 1347
108 1347
108 1347
108 1347
108 1347
108 1347
108 1347
109 1372
109 1372
109 1372
109 1372
109 1372
109 1372
109 1372
109 1372
109 1372
109 1372
109 1372
109 1372
109 1372
109 1372
109 1372
109 1372
109 1372
109 1372
109 1372
109 1372
111 1359
111 1359
111 1359
111 1359
111 1359
111 1359
111 1359
111 1359
111 1359
111 1359
111 1359
111 1359
111 1359
111 1359
111 1359
111 1359
111 1359
9 1460
9 1460
9 1460
9 1460
9 1460
9 1460
9 1460
9 1460
9 1460
9 1460
9 1460
9 1460
9 1460
9 1460
9 1460
9 1460
9 1460
9 1460
9 1460
9 1460
9 1460
9 1460
9 1460
9 1460
9 1460
9 1460
7 1486
7 1486
7 1486
7 1486
7 1486
7 1486
7 1486
7 1486
7 1486
7 1486
7 1486
7 1486
7 1486
7 1486
7 1486
7 1486
7 1486
7 1486
7 1486
7 1486
7 1486
7 1486
7 1486
7 1486
7 1486
7 1486
7 1486
7 1486
7 1486
13 1516
13 1516
13 1516
13 1516
13 1516
13 1516
13 1516
13 1516
13 1516
13 1516
13 1516
13 1516
13 1516
13 1516
13 1516
13 1516
13 1516
13 1516
13 1516
13 1516
13 1516
13 1516
13 1516
13 1516
13 1516
13 1516
13 1516
13 1516
16 1515
16 1515
16 1515
16 1515
16 1515
16 1515
16 1515
16 1515
18 1514
18 1514
18 1514
18 1514
18 1514
18 1514
18 1514
18 1514
18 1514
18 1514
18 1514
18 1514
112 2101
112 2101
112 2101
112 2101
112 2101
112 2101
112 2101
112 2101
112 2101
112 2101
112 2101
112 2101
112 2101
112 2101
112 2101
112 2101
112 2101
112 2101
112 2101
112 2101
112 2101
112 1601
112 1601
112 1601
112 1601
112 1601
112 1601
112 1601
112 1601
112 1601
112 1601
112 1601
112 1601
112 1601
112 1601
112 1601
112 1601
112 1601
112 1601
112 1601
112 1601
112 1601
32 2093
32 2093
32 2093
32 2093
32 2093
32 2093
32 2093
32 2093
32 2093
32 2093
32 2093
32 2093
32 2093
32 2093
32 2093
32 2093
32 2093
32 2093
32 2093
32 2093
32 2093
32 2093
89 1527
89 1527
89 1527
89 1527
89 1527
89 1527
89 1527
89 1527
89 1527
89 1527
90 1517
90 1517
90 1517
90 1517
94 1529
94 1529
94 1529
94 1529
94 1529
98 1582
98 1582
98 1582
98 1582
98 1582
98 1582
98 1582
98 1582
98 1582
98 1582
98 1582
98 1582
98 1582
98 1582
98 1582
98 1582
98 1582
98 1582
98 1582
98 1582
98 1582
98 1582
98 1582
98 1582
98 1582
98 1582
98 1582
98 1582
98 1582
98 1582
102 1567
102 1567
102 1567
102 1567
102 1567
102 1567
102 1567
102 1567
102 1567
102 1567
102 1567
102 1567
102 1567
102 1567
102 1567
102 1567
102 1567
102 1567
102 1567
102 1567
102 1567
102 1567
102 1567
102 1567
102 1567
103 1579
103 1579
103 1579
103 1579
103 1579
103 1579
103 1579
103 1579
103 1579
103 1579
103 1579
41 1755
41 1755
41 1755
41 1755
41 1755
41 1755
41 1755
41 1755
41 1755
41 1755
41 1755
41 1755
41 1755
41 1755
41 1755
41 1755
41 1755
41 1755
41 1755
41 1755
41 1755
41 1755
41 1755
41 1755
41 1755
41 1755
41 1755
108 1590
108 1590
108 1590
108 1590
108 1590
108 1590
108 1590
108 1590
108 1590
108 1590
108 1590
108 1590
108 1590
108 1590
108 1590
108 1590
108 1590
108 1590
109 1683
109 1683
109 1683
109 1683
109 1683
109 1683
109 1683
109 1683
109 1683
109 1683
109 1683
109 1683
109 1683
109 1683
109 1683
109 1683
109 1683
109 1683
109 1683
109 1683
111 1667
111 1667
111 1667
111 1667
111 1667
111 1667
111 1667
111 1667
111 1667
111 1667
111 1667
111 1667
111 1667
111 1667
111 1667
111 1667
111 1667
112 1701
112 1701
112 1701
112 1701
112 1701
112 1701
112 1701
112 1701
112 1701
112 1701
112 1701
112 1701
112 1701
112 1701
112 1701
112 1701
112 1701
112 1701
112 1701
112 1701
112 1701
89 1832
89 1832
89 1832
89 1832
89 1832
89 1832
89 1832
89 1832
89 1832
89 1832
90 1860
90 1860
90 1860
90 1860
94 1865
94 1865
94 1865
94 1865
94 1865
98 1971
98 1971
98 1971
98 1971
98 1971
98 1971
98 1971
98 1971
98 1971
98 1971
98 1971
98 1971
98 1971
98 1971
98 1971
98 1971
98 1971
98 1971
98 1971
98 1971
98 1971
98 1971
98 1971
98 1971
98 1971
98 1971
98 1971
98 1971
98 1971
98 1971
102 1947
102 1947
102 1947
102 1947
102 1947
102 1947
102 1947
102 1947
102 1947
102 1947
102 1947
102 1947
102 1947
102 1947
102 1947
102 1947
102 1947
102 1947
102 1947
102 1947
102 1947
102 1947
102 1947
102 1947
102 1947
103 1976
103 1976
103 1976
103 1976
103 1976
103 1976
103 1976
103 1976
103 1976
103 1976
103 1976
108 1988
108 1988
108 1988
108 1988
108 1988
108 1988
108 1988
108 1988
108 1988
108 1988
108 1988
108 1988
108 1988
108 1988
108 1988
108 1988
108 1988
108 1988
