6 90
6 90
6 90
6 90
6 90
6 90
6 90
8 108
7 175
7 175
7 175
7 175
7 175
7 175
7 175
7 175
7 175
7 175
7 175
7 175
7 175
7 175
7 175
7 175
7 175
7 175
7 175
7 175
7 175
7 175
7 175
7 175
16 165
16 165
16 165
16 165
16 165
16 165
16 165
16 165
16 165
16 165
16 165
27 263
27 263
27 263
27 263
27 263
27 263
27 263
27 263
27 263
27 263
27 263
27 263
27 263
27 263
27 263
27 263
27 263
27 263
27 263
27 263
27 263
27 263
27 263
27 263
27 263
27 263
27 263
27 263
27 263
27 263
40 259
40 259
40 259
40 259
40 259
40 259
40 259
40 259
40 259
40 259
40 259
40 259
51 214
51 214
51 214
51 214
51 214
51 214
51 214
51 214
51 214
51 214
51 214
51 214
51 214
51 214
8 208
7 252
7 252
7 252
7 252
7 252
7 252
7 252
7 252
7 252
7 252
7 252
7 252
7 252
7 252
7 252
7 252
7 252
7 252
7 252
7 252
7 252
7 252
7 252
7 252
6 297
6 297
6 297
6 297
6 297
6 297
6 297
47 471
47 471
47 471
47 471
16 298
16 298
16 298
16 298
16 298
16 298
16 298
16 298
16 298
16 298
16 298
68 296
68 296
27 399
27 399
27 399
27 399
27 399
27 399
27 399
27 399
27 399
27 399
27 399
27 399
27 399
27 399
27 399
27 399
27 399
27 399
27 399
27 399
27 399
27 399
27 399
27 399
27 399
27 399
27 399
27 399
27 399
27 399
85 359
85 359
85 359
85 359
85 359
85 359
85 359
85 359
85 359
85 359
85 359
85 359
85 359
85 359
85 359
85 359
85 359
85 359
85 359
85 359
85 359
78 499
78 499
78 499
78 499
78 499
78 499
78 499
78 499
78 499
78 499
78 499
78 499
78 499
78 499
78 499
78 499
78 499
78 499
78 499
78 499
89 415
89 415
89 415
89 415
89 415
89 415
89 415
89 415
89 415
89 415
89 415
89 415
89 415
89 415
89 415
89 415
89 415
89 415
89 415
89 415
89 415
89 415
89 415
89 415
89 415
89 415
93 394
93 394
93 394
93 394
93 394
93 394
93 394
93 394
93 394
93 394
93 394
93 394
93 394
93 394
93 394
93 394
93 394
93 394
93 394
93 394
93 394
93 394
93 394
93 394
93 394
93 394
93 394
94 402
94 402
94 402
94 402
94 402
94 402
94 402
94 402
94 402
94 402
94 402
94 402
94 402
94 402
94 402
94 402
94 402
94 402
94 402
94 402
94 402
94 402
94 402
47 407
47 407
47 407
47 407
40 513
40 513
40 513
40 513
40 513
40 513
40 513
40 513
40 513
40 513
40 513
40 513
51 423
51 423
51 423
51 423
51 423
51 423
51 423
51 423
51 423
51 423
51 423
51 423
51 423
51 423
100 465
100 465
100 465
100 465
100 465
100 465
100 465
100 465
100 465
100 465
100 465
100 465
100 465
100 465
100 465
100 465
100 465
100 465
100 465
100 465
100 465
100 465
100 465
100 465
100 465
100 465
100 465
100 465
7 428
7 428
7 428
7 428
7 428
7 428
7 428
7 428
7 428
7 428
7 428
7 428
7 428
7 428
7 428
7 428
7 428
7 428
7 428
7 428
7 428
7 428
7 428
7 428
6 449
6 449
6 449
6 449
6 449
6 449
6 449
8 472
103 544
103 544
103 544
103 544
103 544
103 544
103 544
103 544
103 544
103 544
103 544
103 544
103 544
103 544
103 544
103 544
103 544
84 774
84 774
84 774
84 774
84 774
84 774
84 774
84 774
84 774
84 774
84 774
84 774
84 774
84 774
84 774
84 774
84 774
84 774
84 774
84 774
84 774
84 774
84 774
84 774
84 774
68 512
68 512
16 603
16 603
16 603
16 603
16 603
16 603
16 603
16 603
16 603
16 603
16 603
27 505
27 505
27 505
27 505
27 505
27 505
27 505
27 505
27 505
27 505
27 505
27 505
27 505
27 505
27 505
27 505
27 505
27 505
27 505
27 505
27 505
27 505
27 505
27 505
27 505
27 505
27 505
27 505
27 505
27 505
78 546
78 546
78 546
78 546
78 546
78 546
78 546
78 546
78 546
78 546
78 546
78 546
78 546
78 546
78 546
78 546
78 546
78 546
78 546
78 546
84 556
84 556
84 556
84 556
84 556
84 556
84 556
84 556
84 556
84 556
84 556
84 556
84 556
84 556
84 556
84 556
84 556
84 556
84 556
84 556
84 556
84 556
84 556
84 556
84 556
85 591
85 591
85 591
85 591
85 591
85 591
85 591
85 591
85 591
85 591
85 591
85 591
85 591
85 591
85 591
85 591
85 591
85 591
85 591
85 591
85 591
89 600
89 600
89 600
89 600
89 600
89 600
89 600
89 600
89 600
89 600
89 600
89 600
89 600
89 600
89 600
89 600
89 600
89 600
89 600
89 600
89 600
89 600
89 600
89 600
89 600
89 600
40 659
40 659
40 659
40 659
40 659
40 659
40 659
40 659
40 659
40 659
40 659
40 659
93 630
93 630
93 630
93 630
93 630
93 630
93 630
93 630
93 630
93 630
93 630
93 630
93 630
93 630
93 630
93 630
93 630
93 630
93 630
93 630
93 630
93 630
93 630
93 630
93 630
93 630
93 630
94 671
94 671
94 671
94 671
94 671
94 671
94 671
94 671
94 671
94 671
94 671
94 671
94 671
94 671
94 671
94 671
94 671
94 671
94 671
94 671
94 671
94 671
94 671
51 642
51 642
51 642
51 642
51 642
51 642
51 642
51 642
51 642
51 642
51 642
51 642
51 642
51 642
100 673
100 673
100 673
100 673
100 673
100 673
100 673
100 673
100 673
100 673
100 673
100 673
100 673
100 673
100 673
100 673
100 673
100 673
100 673
100 673
100 673
100 673
100 673
100 673
100 673
100 673
100 673
100 673
47 727
47 727
47 727
47 727
7 658
7 658
7 658
7 658
7 658
7 658
7 658
7 658
7 658
7 658
7 658
7 658
7 658
7 658
7 658
7 658
7 658
7 658
7 658
7 658
7 658
7 658
7 658
7 658
103 714
103 714
103 714
103 714
103 714
103 714
103 714
103 714
103 714
103 714
103 714
103 714
103 714
103 714
103 714
103 714
103 714
8 757
16 706
16 706
16 706
16 706
16 706
16 706
16 706
16 706
16 706
16 706
16 706
68 698
68 698
6 835
6 835
6 835
6 835
6 835
6 835
6 835
27 851
27 851
27 851
27 851
27 851
27 851
27 851
27 851
27 851
27 851
27 851
27 851
27 851
27 851
27 851
27 851
27 851
27 851
27 851
27 851
27 851
27 851
27 851
27 851
27 851
27 851
27 851
27 851
27 851
27 851
78 882
78 882
78 882
78 882
78 882
78 882
78 882
78 882
78 882
78 882
78 882
78 882
78 882
78 882
78 882
78 882
78 882
78 882
78 882
78 882
85 845
85 845
85 845
85 845
85 845
85 845
85 845
85 845
85 845
85 845
85 845
85 845
85 845
85 845
85 845
85 845
85 845
85 845
85 845
85 845
85 845
84 886
84 886
84 886
84 886
84 886
84 886
84 886
84 886
84 886
84 886
84 886
84 886
84 886
84 886
84 886
84 886
84 886
84 886
84 886
84 886
84 886
84 886
84 886
84 886
84 886
89 889
89 889
89 889
89 889
89 889
89 889
89 889
89 889
89 889
89 889
89 889
89 889
89 889
89 889
89 889
89 889
89 889
89 889
89 889
89 889
89 889
89 889
89 889
89 889
89 889
89 889
93 926
93 926
93 926
93 926
93 926
93 926
93 926
93 926
93 926
93 926
93 926
93 926
93 926
93 926
93 926
93 926
93 926
93 926
93 926
93 926
93 926
93 926
93 926
93 926
93 926
93 926
93 926
47 893
47 893
47 893
47 893
51 856
51 856
51 856
51 856
51 856
51 856
51 856
51 856
51 856
51 856
51 856
51 856
51 856
51 856
94 952
94 952
94 952
94 952
94 952
94 952
94 952
94 952
94 952
94 952
94 952
94 952
94 952
94 952
94 952
94 952
94 952
94 952
94 952
94 952
94 952
94 952
94 952
100 933
100 933
100 933
100 933
100 933
100 933
100 933
100 933
100 933
100 933
100 933
100 933
100 933
100 933
100 933
100 933
100 933
100 933
100 933
100 933
100 933
100 933
100 933
100 933
100 933
100 933
100 933
100 933
103 949
103 949
103 949
103 949
103 949
103 949
103 949
103 949
103 949
103 949
103 949
103 949
103 949
103 949
103 949
103 949
103 949
6 921
6 921
6 921
6 921
6 921
6 921
6 921
40 1081
40 1081
40 1081
40 1081
40 1081
40 1081
40 1081
40 1081
40 1081
40 1081
40 1081
40 1081
8 913
4 3089
4 3089
4 3089
4 3089
4 3089
4 2597
4 2597
4 2597
4 2597
4 2597
4 2099
4 2099
4 2099
4 2099
4 2099
16 980
16 980
16 980
16 980
16 980
16 980
16 980
16 980
16 980
16 980
16 980
7 1070
7 1070
7 1070
7 1070
7 1070
7 1070
7 1070
7 1070
7 1070
7 1070
7 1070
7 1070
7 1070
7 1070
7 1070
7 1070
7 1070
7 1070
7 1070
7 1070
7 1070
7 1070
7 1070
7 1070
68 998
68 998
27 1054
27 1054
27 1054
27 1054
27 1054
27 1054
27 1054
27 1054
27 1054
27 1054
27 1054
27 1054
27 1054
27 1054
27 1054
27 1054
27 1054
27 1054
27 1054
27 1054
27 1054
27 1054
27 1054
27 1054
27 1054
27 1054
27 1054
27 1054
27 1054
27 1054
84 1071
84 1071
84 1071
84 1071
84 1071
84 1071
84 1071
84 1071
84 1071
84 1071
84 1071
84 1071
84 1071
84 1071
84 1071
84 1071
84 1071
84 1071
84 1071
84 1071
84 1071
84 1071
84 1071
84 1071
84 1071
85 1096
85 1096
85 1096
85 1096
85 1096
85 1096
85 1096
85 1096
85 1096
85 1096
85 1096
85 1096
85 1096
85 1096
85 1096
85 1096
85 1096
85 1096
85 1096
85 1096
85 1096
78 1197
78 1197
78 1197
78 1197
78 1197
78 1197
78 1197
78 1197
78 1197
78 1197
78 1197
78 1197
78 1197
78 1197
78 1197
78 1197
78 1197
78 1197
78 1197
78 1197
40 1089
40 1089
40 1089
40 1089
40 1089
40 1089
40 1089
40 1089
40 1089
40 1089
40 1089
40 1089
76 2747
76 2747
76 2747
76 2747
76 2747
76 2747
76 2747
76 2747
76 2747
76 2747
76 2747
76 2747
76 2747
76 2747
76 2747
76 2747
76 2747
76 2747
76 2747
76 2359
76 2359
76 2359
76 2359
76 2359
76 2359
76 2359
76 2359
76 2359
76 2359
76 2359
76 2359
76 2359
76 2359
76 2359
76 2359
76 2359
76 2359
76 2359
76 1859
76 1859
76 1859
76 1859
76 1859
76 1859
76 1859
76 1859
76 1859
76 1859
76 1859
76 1859
76 1859
76 1859
76 1859
76 1859
76 1859
76 1859
76 1859
76 1360
76 1360
76 1360
76 1360
76 1360
76 1360
76 1360
76 1360
76 1360
76 1360
76 1360
76 1360
76 1360
76 1360
76 1360
76 1360
76 1360
76 1360
76 1360
89 1230
89 1230
89 1230
89 1230
89 1230
89 1230
89 1230
89 1230
89 1230
89 1230
89 1230
89 1230
89 1230
89 1230
89 1230
89 1230
89 1230
89 1230
89 1230
89 1230
89 1230
89 1230
89 1230
89 1230
89 1230
89 1230
93 1190
93 1190
93 1190
93 1190
93 1190
93 1190
93 1190
93 1190
93 1190
93 1190
93 1190
93 1190
93 1190
93 1190
93 1190
93 1190
93 1190
93 1190
93 1190
93 1190
93 1190
93 1190
93 1190
93 1190
93 1190
93 1190
93 1190
94 1195
94 1195
94 1195
94 1195
94 1195
94 1195
94 1195
94 1195
94 1195
94 1195
94 1195
94 1195
94 1195
94 1195
94 1195
94 1195
94 1195
94 1195
94 1195
94 1195
94 1195
94 1195
94 1195
51 1159
51 1159
51 1159
51 1159
51 1159
51 1159
51 1159
51 1159
51 1159
51 1159
51 1159
51 1159
51 1159
51 1159
47 1200
47 1200
47 1200
47 1200
4 1147
4 1147
4 1147
4 1147
4 1147
7 1142
7 1142
7 1142
7 1142
7 1142
7 1142
7 1142
7 1142
7 1142
7 1142
7 1142
7 1142
7 1142
7 1142
7 1142
7 1142
7 1142
7 1142
7 1142
7 1142
7 1142
7 1142
7 1142
7 1142
8 1143
100 1228
100 1228
100 1228
100 1228
100 1228
100 1228
100 1228
100 1228
100 1228
100 1228
100 1228
100 1228
100 1228
100 1228
100 1228
100 1228
100 1228
100 1228
100 1228
100 1228
100 1228
100 1228
100 1228
100 1228
100 1228
100 1228
100 1228
100 1228
103 1212
103 1212
103 1212
103 1212
103 1212
103 1212
103 1212
103 1212
103 1212
103 1212
103 1212
103 1212
103 1212
103 1212
103 1212
103 1212
103 1212
6 1195
6 1195
6 1195
6 1195
6 1195
6 1195
6 1195
68 1172
68 1172
16 1258
16 1258
16 1258
16 1258
16 1258
16 1258
16 1258
16 1258
16 1258
16 1258
16 1258
27 1306
27 1306
27 1306
27 1306
27 1306
27 1306
27 1306
27 1306
27 1306
27 1306
27 1306
27 1306
27 1306
27 1306
27 1306
27 1306
27 1306
27 1306
27 1306
27 1306
27 1306
27 1306
27 1306
27 1306
27 1306
27 1306
27 1306
27 1306
27 1306
27 1306
78 1323
78 1323
78 1323
78 1323
78 1323
78 1323
78 1323
78 1323
78 1323
78 1323
78 1323
78 1323
78 1323
78 1323
78 1323
78 1323
78 1323
78 1323
78 1323
78 1323
84 1359
84 1359
84 1359
84 1359
84 1359
84 1359
84 1359
84 1359
84 1359
84 1359
84 1359
84 1359
84 1359
84 1359
84 1359
84 1359
84 1359
84 1359
84 1359
84 1359
84 1359
84 1359
84 1359
84 1359
84 1359
85 1357
85 1357
85 1357
85 1357
85 1357
85 1357
85 1357
85 1357
85 1357
85 1357
85 1357
85 1357
85 1357
85 1357
85 1357
85 1357
85 1357
85 1357
85 1357
85 1357
85 1357
40 1323
40 1323
40 1323
40 1323
40 1323
40 1323
40 1323
40 1323
40 1323
40 1323
40 1323
40 1323
76 1515
76 1515
76 1515
76 1515
76 1515
76 1515
76 1515
76 1515
76 1515
76 1515
76 1515
76 1515
76 1515
76 1515
76 1515
76 1515
76 1515
76 1515
76 1515
89 1420
89 1420
89 1420
89 1420
89 1420
89 1420
89 1420
89 1420
89 1420
89 1420
89 1420
89 1420
89 1420
89 1420
89 1420
89 1420
89 1420
89 1420
89 1420
89 1420
89 1420
89 1420
89 1420
89 1420
89 1420
89 1420
94 1444
94 1444
94 1444
94 1444
94 1444
94 1444
94 1444
94 1444
94 1444
94 1444
94 1444
94 1444
94 1444
94 1444
94 1444
94 1444
94 1444
94 1444
94 1444
94 1444
94 1444
94 1444
94 1444
100 1431
100 1431
100 1431
100 1431
100 1431
100 1431
100 1431
100 1431
100 1431
100 1431
100 1431
100 1431
100 1431
100 1431
100 1431
100 1431
100 1431
100 1431
100 1431
100 1431
100 1431
100 1431
100 1431
100 1431
100 1431
100 1431
100 1431
100 1431
51 1432
51 1432
51 1432
51 1432
51 1432
51 1432
51 1432
51 1432
51 1432
51 1432
51 1432
51 1432
51 1432
51 1432
103 1496
103 1496
103 1496
103 1496
103 1496
103 1496
103 1496
103 1496
103 1496
103 1496
103 1496
103 1496
103 1496
103 1496
103 1496
103 1496
103 1496
93 1741
93 1741
93 1741
93 1741
93 1741
93 1741
93 1741
93 1741
93 1741
93 1741
93 1741
93 1741
93 1741
93 1741
93 1741
93 1741
93 1741
93 1741
93 1741
93 1741
93 1741
93 1741
93 1741
93 1741
93 1741
93 1741
93 1741
