3 319
3 319
3 319
3 319
3 319
3 319
3 319
3 319
3 319
3 319
3 319
3 319
3 319
3 319
3 319
3 319
3 319
3 319
3 319
3 319
3 319
3 319
3 319
3 319
3 319
3 319
3 319
3 319
3 319
3 319
4 320
4 320
20 167
20 167
20 167
20 167
20 167
20 167
20 167
19 189
19 189
19 189
19 189
19 189
19 189
19 189
19 189
19 189
19 189
19 189
19 189
19 189
19 189
27 222
27 222
27 222
27 222
27 222
27 222
27 222
27 222
27 222
27 222
27 222
27 222
27 222
27 222
27 222
27 222
27 222
27 222
27 222
27 222
27 222
4 330
4 330
48 462
48 462
48 462
48 462
48 462
48 462
48 462
48 462
48 462
48 462
48 462
48 462
48 462
48 462
48 462
19 325
19 325
19 325
19 325
19 325
19 325
19 325
19 325
19 325
19 325
19 325
19 325
19 325
19 325
20 321
20 321
20 321
20 321
20 321
20 321
20 321
3 556
3 556
3 556
3 556
3 556
3 556
3 556
3 556
3 556
3 556
3 556
3 556
3 556
3 556
3 556
3 556
3 556
3 556
3 556
3 556
3 556
3 556
3 556
3 556
3 556
3 556
3 556
3 556
3 556
3 556
27 377
27 377
27 377
27 377
27 377
27 377
27 377
27 377
27 377
27 377
27 377
27 377
27 377
27 377
27 377
27 377
27 377
27 377
27 377
27 377
27 377
13 1213
13 1213
13 1213
13 1213
13 1213
13 1213
13 1213
13 1213
13 1213
13 1213
13 1213
13 749
13 749
13 749
13 749
13 749
13 749
13 749
13 749
13 749
13 749
13 749
18 1199
18 1199
18 1199
18 1199
18 1199
18 1199
18 1199
18 1199
18 699
18 699
18 699
18 699
18 699
18 699
18 699
18 699
16 1220
16 1220
16 1220
16 732
16 732
16 732
4 519
4 519
48 618
48 618
48 618
48 618
48 618
48 618
48 618
48 618
48 618
48 618
48 618
48 618
48 618
48 618
48 618
18 654
18 654
18 654
18 654
18 654
18 654
18 654
18 654
13 717
13 717
13 717
13 717
13 717
13 717
13 717
13 717
13 717
13 717
13 717
20 684
20 684
20 684
20 684
20 684
20 684
20 684
16 765
16 765
16 765
27 721
27 721
27 721
27 721
27 721
27 721
27 721
27 721
27 721
27 721
27 721
27 721
27 721
27 721
27 721
27 721
27 721
27 721
27 721
27 721
27 721
3 1234
3 1234
3 1234
3 1234
3 1234
3 1234
3 1234
3 1234
3 1234
3 1234
3 1234
3 1234
3 1234
3 1234
3 1234
3 1234
3 1234
3 1234
3 1234
3 1234
3 1234
3 1234
3 1234
3 1234
3 1234
3 1234
3 1234
3 1234
3 1234
3 1234
48 909
48 909
48 909
48 909
48 909
48 909
48 909
48 909
48 909
48 909
48 909
48 909
48 909
48 909
48 909
13 1016
13 1016
13 1016
13 1016
13 1016
13 1016
13 1016
13 1016
13 1016
13 1016
13 1016
16 1366
16 1366
16 1366
19 1838
19 1838
19 1838
19 1838
19 1838
19 1838
19 1838
19 1838
19 1838
19 1838
19 1838
19 1838
19 1838
19 1838
18 1372
18 1372
18 1372
18 1372
18 1372
18 1372
18 1372
18 1372
20 1352
20 1352
20 1352
20 1352
20 1352
20 1352
20 1352
4 1515
4 1515
27 1306
27 1306
27 1306
27 1306
27 1306
27 1306
27 1306
27 1306
27 1306
27 1306
27 1306
27 1306
27 1306
27 1306
27 1306
27 1306
27 1306
27 1306
27 1306
27 1306
27 1306
3 1553
3 1553
3 1553
3 1553
3 1553
3 1553
3 1553
3 1553
3 1553
3 1553
3 1553
3 1553
3 1553
3 1553
3 1553
3 1553
3 1553
3 1553
3 1553
3 1553
3 1553
3 1553
3 1553
3 1553
3 1553
3 1553
3 1553
3 1553
3 1553
3 1553
19 1409
19 1409
19 1409
19 1409
19 1409
19 1409
19 1409
19 1409
19 1409
19 1409
19 1409
19 1409
19 1409
19 1409
48 1209
48 1209
48 1209
48 1209
48 1209
48 1209
48 1209
48 1209
48 1209
48 1209
48 1209
48 1209
48 1209
48 1209
48 1209
3 1298
3 1298
3 1298
3 1298
3 1298
3 1298
3 1298
3 1298
3 1298
3 1298
3 1298
3 1298
3 1298
3 1298
3 1298
3 1298
3 1298
3 1298
3 1298
3 1298
3 1298
3 1298
3 1298
3 1298
3 1298
3 1298
3 1298
3 1298
3 1298
3 1298
13 1321
13 1321
13 1321
13 1321
13 1321
13 1321
13 1321
13 1321
13 1321
13 1321
13 1321
19 1499
19 1499
19 1499
19 1499
19 1499
19 1499
19 1499
19 1499
19 1499
19 1499
19 1499
19 1499
19 1499
19 1499
27 1454
27 1454
27 1454
27 1454
27 1454
27 1454
27 1454
27 1454
27 1454
27 1454
27 1454
27 1454
27 1454
27 1454
27 1454
27 1454
27 1454
27 1454
27 1454
27 1454
27 1454
20 1552
20 1552
20 1552
20 1552
20 1552
20 1552
20 1552
4 1860
4 1860
18 1866
18 1866
18 1866
18 1866
18 1866
18 1866
18 1866
18 1866
