6 495
6 495
6 495
6 495
6 495
6 495
6 495
6 495
6 495
6 495
33 572
33 572
33 572
33 572
33 572
33 572
33 572
33 572
33 572
33 572
33 572
33 572
33 572
33 572
33 572
33 572
33 572
24 662
24 662
24 662
24 662
24 662
24 662
24 662
24 662
24 662
24 662
24 662
24 662
24 662
24 662
24 662
24 662
24 662
24 662
24 662
24 662
24 662
24 662
24 662
24 662
24 662
44 465
44 465
44 465
44 465
44 465
44 465
44 465
44 465
44 465
44 465
44 465
44 465
44 465
44 465
44 465
44 465
44 465
44 465
44 465
44 465
5 379
5 379
5 379
5 379
5 379
5 379
5 379
5 379
5 379
5 379
5 379
5 379
5 379
5 379
5 379
6 501
6 501
6 501
6 501
6 501
6 501
6 501
6 501
6 501
6 501
59 473
59 473
59 473
59 473
59 473
59 473
59 473
59 473
59 473
63 473
63 473
63 473
63 473
63 473
63 473
63 473
63 473
63 473
63 473
63 473
63 473
63 473
63 473
63 473
63 473
63 473
63 473
24 604
24 604
24 604
24 604
24 604
24 604
24 604
24 604
24 604
24 604
24 604
24 604
24 604
24 604
24 604
24 604
24 604
24 604
24 604
24 604
24 604
24 604
24 604
24 604
24 604
80 638
80 638
80 638
80 638
80 638
80 638
80 638
80 638
80 638
80 638
80 638
80 638
80 638
80 638
80 638
80 638
80 638
80 638
80 638
80 638
80 638
80 638
80 638
80 638
80 638
80 638
80 638
80 638
76 696
76 696
76 696
76 696
76 696
76 696
76 696
76 696
76 696
76 696
76 696
76 696
76 696
76 696
33 632
33 632
33 632
33 632
33 632
33 632
33 632
33 632
33 632
33 632
33 632
33 632
33 632
33 632
33 632
33 632
33 632
18 1285
18 1285
18 1285
18 1285
18 1285
18 1285
18 1285
18 789
18 789
18 789
18 789
18 789
18 789
18 789
85 829
85 829
85 829
85 829
85 829
85 829
85 829
85 829
85 829
85 829
85 829
85 829
85 829
85 829
85 829
85 829
85 829
85 829
85 829
85 829
85 829
85 829
85 829
85 829
85 829
85 829
85 829
44 808
44 808
44 808
44 808
44 808
44 808
44 808
44 808
44 808
44 808
44 808
44 808
44 808
44 808
44 808
44 808
44 808
44 808
44 808
44 808
92 851
92 851
92 851
92 851
92 851
92 851
92 851
92 851
92 851
92 851
92 851
92 851
92 851
92 851
92 851
92 851
92 851
92 851
92 851
92 851
92 851
92 851
92 851
92 851
69 1117
69 1117
69 1117
69 1117
69 1117
69 1117
69 1117
69 1117
69 1117
69 1117
69 1117
69 1117
69 1117
69 1117
69 1117
69 1117
69 1117
69 1117
69 1117
69 1117
69 1117
69 1117
69 1117
69 1117
69 1117
69 1117
69 1117
69 1117
69 1117
69 1117
17 1637
17 1637
17 1637
17 1637
17 1637
17 1637
17 1637
17 1637
17 1637
17 1637
17 1637
17 1637
17 1637
17 1137
17 1137
17 1137
17 1137
17 1137
17 1137
17 1137
17 1137
17 1137
17 1137
17 1137
17 1137
17 1137
64 1169
64 1169
64 1169
64 1169
64 1169
64 1169
64 1169
64 1169
64 1169
64 1169
64 1169
64 1169
64 1169
64 1169
64 1169
64 1169
64 1169
64 1169
64 1169
64 1169
64 1169
64 1169
74 1075
74 1075
99 830
99 830
99 830
99 830
99 830
99 830
99 830
99 830
99 830
99 830
99 830
99 830
99 830
99 830
99 830
99 830
99 830
99 830
99 830
5 808
5 808
5 808
5 808
5 808
5 808
5 808
5 808
5 808
5 808
5 808
5 808
5 808
5 808
5 808
6 943
6 943
6 943
6 943
6 943
6 943
6 943
6 943
6 943
6 943
59 925
59 925
59 925
59 925
59 925
59 925
59 925
59 925
59 925
64 970
64 970
64 970
64 970
64 970
64 970
64 970
64 970
64 970
64 970
64 970
64 970
64 970
64 970
64 970
64 970
64 970
64 970
64 970
64 970
64 970
64 970
18 933
18 933
18 933
18 933
18 933
18 933
18 933
17 976
17 976
17 976
17 976
17 976
17 976
17 976
17 976
17 976
17 976
17 976
17 976
17 976
69 1056
69 1056
69 1056
69 1056
69 1056
69 1056
69 1056
69 1056
69 1056
69 1056
69 1056
69 1056
69 1056
69 1056
69 1056
69 1056
69 1056
69 1056
69 1056
69 1056
69 1056
69 1056
69 1056
69 1056
69 1056
69 1056
69 1056
69 1056
69 1056
69 1056
76 1077
76 1077
76 1077
76 1077
76 1077
76 1077
76 1077
76 1077
76 1077
76 1077
76 1077
76 1077
76 1077
76 1077
24 1110
24 1110
24 1110
24 1110
24 1110
24 1110
24 1110
24 1110
24 1110
24 1110
24 1110
24 1110
24 1110
24 1110
24 1110
24 1110
24 1110
24 1110
24 1110
24 1110
24 1110
24 1110
24 1110
24 1110
24 1110
74 1113
74 1113
80 1113
80 1113
80 1113
80 1113
80 1113
80 1113
80 1113
80 1113
80 1113
80 1113
80 1113
80 1113
80 1113
80 1113
80 1113
80 1113
80 1113
80 1113
80 1113
80 1113
80 1113
80 1113
80 1113
80 1113
80 1113
80 1113
80 1113
80 1113
33 1138
33 1138
33 1138
33 1138
33 1138
33 1138
33 1138
33 1138
33 1138
33 1138
33 1138
33 1138
33 1138
33 1138
33 1138
33 1138
33 1138
85 1181
85 1181
85 1181
85 1181
85 1181
85 1181
85 1181
85 1181
85 1181
85 1181
85 1181
85 1181
85 1181
85 1181
85 1181
85 1181
85 1181
85 1181
85 1181
85 1181
85 1181
85 1181
85 1181
85 1181
85 1181
85 1181
85 1181
92 1247
92 1247
92 1247
92 1247
92 1247
92 1247
92 1247
92 1247
92 1247
92 1247
92 1247
92 1247
92 1247
92 1247
92 1247
92 1247
92 1247
92 1247
92 1247
92 1247
92 1247
92 1247
92 1247
92 1247
44 1255
44 1255
44 1255
44 1255
44 1255
44 1255
44 1255
44 1255
44 1255
44 1255
44 1255
44 1255
44 1255
44 1255
44 1255
44 1255
44 1255
44 1255
44 1255
44 1255
99 1245
99 1245
99 1245
99 1245
99 1245
99 1245
99 1245
99 1245
99 1245
99 1245
99 1245
99 1245
99 1245
99 1245
99 1245
99 1245
99 1245
99 1245
99 1245
5 1297
5 1297
5 1297
5 1297
5 1297
5 1297
5 1297
5 1297
5 1297
5 1297
5 1297
5 1297
5 1297
5 1297
5 1297
14 2793
14 2793
14 2793
14 2302
14 2302
14 2302
14 1806
14 1806
14 1806
64 1320
64 1320
64 1320
64 1320
64 1320
64 1320
64 1320
64 1320
64 1320
64 1320
64 1320
64 1320
64 1320
64 1320
64 1320
64 1320
64 1320
64 1320
64 1320
64 1320
64 1320
64 1320
18 1375
18 1375
18 1375
18 1375
18 1375
18 1375
18 1375
17 1462
17 1462
17 1462
17 1462
17 1462
17 1462
17 1462
17 1462
17 1462
17 1462
17 1462
17 1462
17 1462
69 1516
69 1516
69 1516
69 1516
69 1516
69 1516
69 1516
69 1516
69 1516
69 1516
69 1516
69 1516
69 1516
69 1516
69 1516
69 1516
69 1516
69 1516
69 1516
69 1516
69 1516
69 1516
69 1516
69 1516
69 1516
69 1516
69 1516
69 1516
69 1516
69 1516
24 1506
24 1506
24 1506
24 1506
24 1506
24 1506
24 1506
24 1506
24 1506
24 1506
24 1506
24 1506
24 1506
24 1506
24 1506
24 1506
24 1506
24 1506
24 1506
24 1506
24 1506
24 1506
24 1506
24 1506
24 1506
6 1751
6 1751
6 1751
6 1751
6 1751
6 1751
6 1751
6 1751
6 1751
6 1751
74 1578
74 1578
76 1587
76 1587
76 1587
76 1587
76 1587
76 1587
76 1587
76 1587
76 1587
76 1587
76 1587
76 1587
76 1587
76 1587
14 1707
14 1707
14 1707
80 1593
80 1593
80 1593
80 1593
80 1593
80 1593
80 1593
80 1593
80 1593
80 1593
80 1593
80 1593
80 1593
80 1593
80 1593
80 1593
80 1593
80 1593
80 1593
80 1593
80 1593
80 1593
80 1593
80 1593
80 1593
80 1593
80 1593
80 1593
33 1590
33 1590
33 1590
33 1590
33 1590
33 1590
33 1590
33 1590
33 1590
33 1590
33 1590
33 1590
33 1590
33 1590
33 1590
33 1590
33 1590
60 2846
85 1596
85 1596
85 1596
85 1596
85 1596
85 1596
85 1596
85 1596
85 1596
85 1596
85 1596
85 1596
85 1596
85 1596
85 1596
85 1596
85 1596
85 1596
85 1596
85 1596
85 1596
85 1596
85 1596
85 1596
85 1596
85 1596
85 1596
7 3379
7 3379
7 3379
7 3379
7 3379
7 2883
7 2883
7 2883
7 2883
7 2883
94 1554
94 1554
94 1554
94 1554
94 1554
94 1554
94 1554
94 1554
94 1554
94 1554
94 1554
94 1554
94 1554
94 1554
94 1554
94 1554
94 1554
94 1554
94 1554
94 1554
94 1554
59 2017
59 2017
59 2017
59 2017
59 2017
59 2017
59 2017
59 2017
59 2017
44 1775
44 1775
44 1775
44 1775
44 1775
44 1775
44 1775
44 1775
44 1775
44 1775
44 1775
44 1775
44 1775
44 1775
44 1775
44 1775
44 1775
44 1775
44 1775
44 1775
92 1799
92 1799
92 1799
92 1799
92 1799
92 1799
92 1799
92 1799
92 1799
92 1799
92 1799
92 1799
92 1799
92 1799
92 1799
92 1799
92 1799
92 1799
92 1799
92 1799
92 1799
92 1799
92 1799
92 1799
103 1707
103 1707
103 1707
103 1707
103 1707
103 1707
103 1707
103 1707
103 1707
103 1707
103 1707
103 1707
103 1707
103 1707
103 1707
103 1707
103 1707
103 1707
103 1707
103 1707
103 1707
103 1707
103 1707
103 1707
103 1707
103 1707
103 1707
103 1707
103 1707
6 1687
6 1687
6 1687
6 1687
6 1687
6 1687
6 1687
6 1687
6 1687
6 1687
5 1712
5 1712
5 1712
5 1712
5 1712
5 1712
5 1712
5 1712
5 1712
5 1712
5 1712
5 1712
5 1712
5 1712
5 1712
99 1794
99 1794
99 1794
99 1794
99 1794
99 1794
99 1794
99 1794
99 1794
99 1794
99 1794
99 1794
99 1794
99 1794
99 1794
99 1794
99 1794
99 1794
99 1794
7 1719
7 1719
7 1719
7 1719
7 1719
60 1709
109 1857
109 1857
109 1857
109 1857
109 1857
109 1857
66 1824
66 1824
66 1824
66 1824
66 1824
66 1824
66 1824
66 1824
66 1824
66 1824
66 1824
66 1824
18 1835
18 1835
18 1835
18 1835
18 1835
18 1835
18 1835
17 1905
17 1905
17 1905
17 1905
17 1905
17 1905
17 1905
17 1905
17 1905
17 1905
17 1905
17 1905
17 1905
69 1908
69 1908
69 1908
69 1908
69 1908
69 1908
69 1908
69 1908
69 1908
69 1908
69 1908
69 1908
69 1908
69 1908
69 1908
69 1908
69 1908
69 1908
69 1908
69 1908
69 1908
69 1908
69 1908
69 1908
69 1908
69 1908
69 1908
69 1908
69 1908
69 1908
78 1895
78 1895
78 1895
78 1895
24 1949
24 1949
24 1949
24 1949
24 1949
24 1949
24 1949
24 1949
24 1949
24 1949
24 1949
24 1949
24 1949
24 1949
24 1949
24 1949
24 1949
24 1949
24 1949
24 1949
24 1949
24 1949
24 1949
24 1949
24 1949
63 2157
63 2157
63 2157
63 2157
63 2157
63 2157
63 2157
63 2157
63 2157
63 2157
63 2157
63 2157
63 2157
63 2157
63 2157
63 2157
63 2157
63 2157
59 2206
59 2206
59 2206
59 2206
59 2206
59 2206
59 2206
59 2206
59 2206
80 2018
80 2018
80 2018
80 2018
80 2018
80 2018
80 2018
80 2018
80 2018
80 2018
80 2018
80 2018
80 2018
80 2018
80 2018
80 2018
80 2018
80 2018
80 2018
80 2018
80 2018
80 2018
80 2018
80 2018
80 2018
80 2018
80 2018
80 2018
76 2084
76 2084
76 2084
76 2084
76 2084
76 2084
76 2084
76 2084
76 2084
76 2084
76 2084
76 2084
76 2084
76 2084
107 2399
107 2399
107 2399
107 2399
107 2399
107 2399
107 2399
107 2399
107 2399
107 2399
107 2399
107 2399
107 2399
107 2399
107 2399
107 2399
107 2399
107 2399
107 2399
107 2399
107 2399
107 2399
107 2399
107 2399
107 2399
107 2399
85 2120
85 2120
85 2120
85 2120
85 2120
85 2120
85 2120
85 2120
85 2120
85 2120
85 2120
85 2120
85 2120
85 2120
85 2120
85 2120
85 2120
85 2120
85 2120
85 2120
85 2120
85 2120
85 2120
85 2120
85 2120
85 2120
85 2120
113 2374
113 2374
113 2374
113 2374
113 2374
113 2374
113 2374
113 2374
113 2374
113 2374
113 2374
94 2115
94 2115
94 2115
94 2115
94 2115
94 2115
94 2115
94 2115
94 2115
94 2115
94 2115
94 2115
94 2115
94 2115
94 2115
94 2115
94 2115
94 2115
94 2115
94 2115
94 2115
92 2150
92 2150
92 2150
92 2150
92 2150
92 2150
92 2150
92 2150
92 2150
92 2150
92 2150
92 2150
92 2150
92 2150
92 2150
92 2150
92 2150
92 2150
92 2150
92 2150
92 2150
92 2150
92 2150
92 2150
103 2077
103 2077
103 2077
103 2077
103 2077
103 2077
103 2077
103 2077
103 2077
103 2077
103 2077
103 2077
103 2077
103 2077
103 2077
103 2077
103 2077
103 2077
103 2077
103 2077
103 2077
103 2077
103 2077
103 2077
103 2077
103 2077
103 2077
103 2077
103 2077
107 2110
107 2110
107 2110
107 2110
107 2110
107 2110
107 2110
107 2110
107 2110
107 2110
107 2110
107 2110
107 2110
107 2110
107 2110
107 2110
107 2110
107 2110
107 2110
107 2110
107 2110
107 2110
107 2110
107 2110
107 2110
107 2110
99 2218
99 2218
99 2218
99 2218
99 2218
99 2218
99 2218
99 2218
99 2218
99 2218
99 2218
99 2218
99 2218
99 2218
99 2218
99 2218
99 2218
99 2218
99 2218
113 2172
113 2172
113 2172
113 2172
113 2172
113 2172
113 2172
113 2172
113 2172
113 2172
113 2172
109 2226
109 2226
109 2226
109 2226
109 2226
109 2226
