6 157
6 157
6 157
6 157
6 157
6 157
6 157
6 157
6 157
6 157
6 157
6 157
6 157
6 157
6 157
6 157
6 157
6 157
6 157
9 426
9 426
9 426
9 426
9 426
9 426
9 426
9 426
9 426
9 426
9 426
9 426
9 426
9 426
9 426
9 426
9 426
9 426
9 426
9 426
9 426
9 426
9 426
9 426
9 426
9 426
15 367
15 367
15 367
15 367
15 367
15 367
15 367
15 367
23 290
23 290
23 290
23 290
23 290
23 290
23 290
23 290
23 290
23 290
23 290
23 290
23 290
23 290
23 290
23 290
23 290
23 290
23 290
23 290
37 304
37 304
37 304
37 304
37 304
37 304
37 304
37 304
37 304
37 304
37 304
37 304
37 304
37 304
37 304
37 304
37 304
37 304
37 304
37 304
37 304
37 304
6 133
6 133
6 133
6 133
6 133
6 133
6 133
6 133
6 133
6 133
6 133
6 133
6 133
6 133
6 133
6 133
6 133
6 133
6 133
39 348
39 348
39 348
39 348
45 386
45 386
45 386
45 386
45 386
45 386
45 386
45 386
45 386
45 386
45 386
45 386
45 386
45 386
45 386
45 386
45 386
45 386
45 386
45 386
45 386
45 386
45 386
45 386
45 386
45 386
45 386
45 386
45 386
51 415
51 415
51 415
51 415
51 415
51 415
51 415
9 437
9 437
9 437
9 437
9 437
9 437
9 437
9 437
9 437
9 437
9 437
9 437
9 437
9 437
9 437
9 437
9 437
9 437
9 437
9 437
9 437
9 437
9 437
9 437
9 437
9 437
3 1095
3 1095
3 1095
3 1095
3 1095
3 1095
3 1095
3 1095
3 1095
15 478
15 478
15 478
15 478
15 478
15 478
15 478
15 478
3 624
3 624
3 624
3 624
3 624
3 624
3 624
3 624
3 624
23 530
23 530
23 530
23 530
23 530
23 530
23 530
23 530
23 530
23 530
23 530
23 530
23 530
23 530
23 530
23 530
23 530
23 530
23 530
23 530
25 553
25 553
25 553
26 555
26 555
26 555
26 555
26 555
26 555
26 555
26 555
26 555
26 555
26 555
26 555
26 555
26 555
26 555
27 549
27 549
27 549
27 549
27 549
3 309
3 309
3 309
3 309
3 309
3 309
3 309
3 309
3 309
32 1029
32 1029
32 1029
32 1029
32 1029
32 1029
56 809
56 809
56 809
56 809
56 809
56 809
56 809
56 809
56 809
56 809
76 671
76 671
76 671
76 671
76 671
76 671
76 671
76 671
76 671
76 671
76 671
76 671
76 671
76 671
76 671
76 671
76 671
76 671
76 671
76 671
76 671
76 671
76 671
76 671
76 671
76 671
76 671
76 671
76 671
76 671
37 602
37 602
37 602
37 602
37 602
37 602
37 602
37 602
37 602
37 602
37 602
37 602
37 602
37 602
37 602
37 602
37 602
37 602
37 602
37 602
37 602
37 602
6 446
6 446
6 446
6 446
6 446
6 446
6 446
6 446
6 446
6 446
6 446
6 446
6 446
6 446
6 446
6 446
6 446
6 446
6 446
39 639
39 639
39 639
39 639
45 711
45 711
45 711
45 711
45 711
45 711
45 711
45 711
45 711
45 711
45 711
45 711
45 711
45 711
45 711
45 711
45 711
45 711
45 711
45 711
45 711
45 711
45 711
45 711
45 711
45 711
45 711
45 711
45 711
76 408
76 408
76 408
76 408
76 408
76 408
76 408
76 408
76 408
76 408
76 408
76 408
76 408
76 408
76 408
76 408
76 408
76 408
76 408
76 408
76 408
76 408
76 408
76 408
76 408
76 408
76 408
76 408
76 408
76 408
32 867
32 867
32 867
32 867
32 867
32 867
56 701
56 701
56 701
56 701
56 701
56 701
56 701
56 701
56 701
56 701
51 762
51 762
51 762
51 762
51 762
51 762
51 762
9 808
9 808
9 808
9 808
9 808
9 808
9 808
9 808
9 808
9 808
9 808
9 808
9 808
9 808
9 808
9 808
9 808
9 808
9 808
9 808
9 808
9 808
9 808
9 808
9 808
9 808
15 854
15 854
15 854
15 854
15 854
15 854
15 854
15 854
32 721
32 721
32 721
32 721
32 721
32 721
23 911
23 911
23 911
23 911
23 911
23 911
23 911
23 911
23 911
23 911
23 911
23 911
23 911
23 911
23 911
23 911
23 911
23 911
23 911
23 911
25 954
25 954
25 954
26 952
26 952
26 952
26 952
26 952
26 952
26 952
26 952
26 952
26 952
26 952
26 952
26 952
26 952
26 952
27 946
27 946
27 946
27 946
27 946
44 1368
44 1368
44 1368
44 1368
44 1368
44 1368
44 1368
44 1368
44 1368
44 1368
44 1368
44 1368
44 1368
44 1368
44 1368
44 1368
44 1368
44 1368
44 1368
44 1368
44 1368
44 1368
44 1368
44 1368
44 1368
44 1368
44 1368
76 580
76 580
76 580
76 580
76 580
76 580
76 580
76 580
76 580
76 580
76 580
76 580
76 580
76 580
76 580
76 580
76 580
76 580
76 580
76 580
76 580
76 580
76 580
76 580
76 580
76 580
76 580
76 580
76 580
76 580
32 526
32 526
32 526
32 526
32 526
32 526
37 1032
37 1032
37 1032
37 1032
37 1032
37 1032
37 1032
37 1032
37 1032
37 1032
37 1032
37 1032
37 1032
37 1032
37 1032
37 1032
37 1032
37 1032
37 1032
37 1032
37 1032
37 1032
39 1094
39 1094
39 1094
39 1094
45 1124
45 1124
45 1124
45 1124
45 1124
45 1124
45 1124
45 1124
45 1124
45 1124
45 1124
45 1124
45 1124
45 1124
45 1124
45 1124
45 1124
45 1124
45 1124
45 1124
45 1124
45 1124
45 1124
45 1124
45 1124
45 1124
45 1124
45 1124
45 1124
3 581
3 581
3 581
3 581
3 581
3 581
3 581
3 581
3 581
51 1164
51 1164
51 1164
51 1164
51 1164
51 1164
51 1164
56 1118
56 1118
56 1118
56 1118
56 1118
56 1118
56 1118
56 1118
56 1118
56 1118
9 1197
9 1197
9 1197
9 1197
9 1197
9 1197
9 1197
9 1197
9 1197
9 1197
9 1197
9 1197
9 1197
9 1197
9 1197
9 1197
9 1197
9 1197
9 1197
9 1197
9 1197
9 1197
9 1197
9 1197
9 1197
9 1197
15 1248
15 1248
15 1248
15 1248
15 1248
15 1248
15 1248
15 1248
44 1010
44 1010
44 1010
44 1010
44 1010
44 1010
44 1010
44 1010
44 1010
44 1010
44 1010
44 1010
44 1010
44 1010
44 1010
44 1010
44 1010
44 1010
44 1010
44 1010
44 1010
44 1010
44 1010
44 1010
44 1010
44 1010
44 1010
23 1307
23 1307
23 1307
23 1307
23 1307
23 1307
23 1307
23 1307
23 1307
23 1307
23 1307
23 1307
23 1307
23 1307
23 1307
23 1307
23 1307
23 1307
23 1307
23 1307
56 1015
56 1015
56 1015
56 1015
56 1015
56 1015
56 1015
56 1015
56 1015
56 1015
25 1344
25 1344
25 1344
26 1347
26 1347
26 1347
26 1347
26 1347
26 1347
26 1347
26 1347
26 1347
26 1347
26 1347
26 1347
26 1347
26 1347
26 1347
27 1340
27 1340
27 1340
27 1340
27 1340
86 1429
86 1429
86 1429
86 1429
86 1429
86 1429
86 1429
86 1429
86 1429
86 1429
86 1429
86 1429
86 1429
86 1429
86 1429
86 1429
86 1429
86 1429
86 1429
86 1429
86 1429
86 1429
86 1429
86 1429
88 1436
88 1436
37 1448
37 1448
37 1448
37 1448
37 1448
37 1448
37 1448
37 1448
37 1448
37 1448
37 1448
37 1448
37 1448
37 1448
37 1448
37 1448
37 1448
37 1448
37 1448
37 1448
37 1448
37 1448
39 1472
39 1472
39 1472
39 1472
3 854
3 854
3 854
3 854
3 854
3 854
3 854
3 854
3 854
93 1469
93 1469
93 1469
93 1469
93 1469
93 1469
93 1469
93 1469
93 1469
93 1469
93 1469
45 1543
45 1543
45 1543
45 1543
45 1543
45 1543
45 1543
45 1543
45 1543
45 1543
45 1543
45 1543
45 1543
45 1543
45 1543
45 1543
45 1543
45 1543
45 1543
45 1543
45 1543
45 1543
45 1543
45 1543
45 1543
45 1543
45 1543
45 1543
45 1543
54 1508
54 1508
54 1508
54 1508
54 1508
54 1508
54 1508
54 1508
54 1508
54 1508
54 1508
54 1508
54 1508
54 1508
54 1508
54 1508
51 1583
51 1583
51 1583
51 1583
51 1583
51 1583
51 1583
63 1590
9 1637
9 1637
9 1637
9 1637
9 1637
9 1637
9 1637
9 1637
9 1637
9 1637
9 1637
9 1637
9 1637
9 1637
9 1637
9 1637
9 1637
9 1637
9 1637
9 1637
9 1637
9 1637
9 1637
9 1637
9 1637
9 1637
64 1607
64 1607
64 1607
64 1607
64 1607
64 1607
64 1607
64 1607
64 1607
64 1607
64 1607
64 1607
64 1607
64 1607
64 1607
64 1607
64 1607
64 1607
64 1607
64 1607
64 1607
64 1607
64 1607
64 1607
64 1607
64 1607
64 1607
64 1607
68 1642
68 1642
68 1642
68 1642
68 1642
68 1642
68 1642
68 1642
68 1642
68 1642
68 1642
68 1642
68 1642
15 1693
15 1693
15 1693
15 1693
15 1693
15 1693
15 1693
15 1693
70 1659
70 1659
70 1659
70 1659
70 1659
70 1659
70 1659
70 1659
70 1659
70 1659
70 1659
70 1659
70 1659
70 1659
70 1659
70 1659
70 1659
70 1659
70 1659
70 1659
70 1659
70 1659
70 1659
71 1658
71 1658
71 1658
71 1658
71 1658
71 1658
71 1658
71 1658
71 1658
71 1658
71 1658
71 1658
71 1658
71 1658
23 1752
23 1752
23 1752
23 1752
23 1752
23 1752
23 1752
23 1752
23 1752
23 1752
23 1752
23 1752
23 1752
23 1752
23 1752
23 1752
23 1752
23 1752
23 1752
23 1752
25 1753
25 1753
25 1753
26 1756
26 1756
26 1756
26 1756
26 1756
26 1756
26 1756
26 1756
26 1756
26 1756
26 1756
26 1756
26 1756
26 1756
26 1756
27 1765
27 1765
27 1765
27 1765
27 1765
6 1498
6 1498
6 1498
6 1498
6 1498
6 1498
6 1498
6 1498
6 1498
6 1498
6 1498
6 1498
6 1498
6 1498
6 1498
6 1498
6 1498
6 1498
6 1498
84 1733
84 1733
84 1733
84 1733
84 1733
84 1733
84 1733
84 1733
84 1733
84 1733
84 1733
84 1733
84 1733
84 1733
84 1733
84 1733
84 1733
32 1265
32 1265
32 1265
32 1265
32 1265
32 1265
86 1745
86 1745
86 1745
86 1745
86 1745
86 1745
86 1745
86 1745
86 1745
86 1745
86 1745
86 1745
86 1745
86 1745
86 1745
86 1745
86 1745
86 1745
86 1745
86 1745
86 1745
86 1745
86 1745
86 1745
76 1354
76 1354
76 1354
76 1354
76 1354
76 1354
76 1354
76 1354
76 1354
76 1354
76 1354
76 1354
76 1354
76 1354
76 1354
76 1354
76 1354
76 1354
76 1354
76 1354
76 1354
76 1354
76 1354
76 1354
76 1354
76 1354
76 1354
76 1354
76 1354
76 1354
88 1766
88 1766
37 1816
37 1816
37 1816
37 1816
37 1816
37 1816
37 1816
37 1816
37 1816
37 1816
37 1816
37 1816
37 1816
37 1816
37 1816
37 1816
37 1816
37 1816
37 1816
37 1816
37 1816
37 1816
93 1788
93 1788
93 1788
93 1788
93 1788
93 1788
93 1788
93 1788
93 1788
93 1788
93 1788
39 1865
39 1865
39 1865
39 1865
45 1889
45 1889
45 1889
45 1889
45 1889
45 1889
45 1889
45 1889
45 1889
45 1889
45 1889
45 1889
45 1889
45 1889
45 1889
45 1889
45 1889
45 1889
45 1889
45 1889
45 1889
45 1889
45 1889
45 1889
45 1889
45 1889
45 1889
45 1889
45 1889
54 1865
54 1865
54 1865
54 1865
54 1865
54 1865
54 1865
54 1865
54 1865
54 1865
54 1865
54 1865
54 1865
54 1865
54 1865
54 1865
51 1933
51 1933
51 1933
51 1933
51 1933
51 1933
51 1933
78 3690
78 3690
78 3690
78 3690
78 3690
78 3690
78 3690
78 3690
78 3690
78 3690
78 3690
78 3690
78 3690
78 3690
78 3690
78 3690
78 3690
78 3690
78 3690
78 3690
78 3690
78 3192
78 3192
78 3192
78 3192
78 3192
78 3192
78 3192
78 3192
78 3192
78 3192
78 3192
78 3192
78 3192
78 3192
78 3192
78 3192
78 3192
78 3192
78 3192
78 3192
78 3192
78 2195
78 2195
78 2195
78 2195
78 2195
78 2195
78 2195
78 2195
78 2195
78 2195
78 2195
78 2195
78 2195
78 2195
78 2195
78 2195
78 2195
78 2195
78 2195
78 2195
78 2195
64 1965
64 1965
64 1965
64 1965
64 1965
64 1965
64 1965
64 1965
64 1965
64 1965
64 1965
64 1965
64 1965
64 1965
64 1965
64 1965
64 1965
64 1965
64 1965
64 1965
64 1965
64 1965
64 1965
64 1965
64 1965
64 1965
64 1965
64 1965
68 1997
68 1997
68 1997
68 1997
68 1997
68 1997
68 1997
68 1997
68 1997
68 1997
68 1997
68 1997
68 1997
