8 350
8 350
8 350
8 350
8 350
8 350
8 350
8 350
8 350
8 350
8 350
8 350
8 350
8 350
8 350
8 350
8 350
8 350
8 350
8 350
8 350
8 350
8 350
8 350
30 187
30 187
30 187
30 187
28 248
28 248
28 248
28 248
28 248
28 248
28 248
28 248
28 248
28 248
28 248
28 248
28 248
28 248
28 248
7 503
7 503
7 503
7 503
7 503
7 503
7 503
7 503
7 503
7 503
7 503
7 503
7 503
7 503
7 503
7 503
7 503
7 503
7 503
7 503
7 503
7 503
7 503
7 503
7 503
7 503
7 503
7 503
7 503
7 503
25 365
25 365
25 365
25 365
25 365
25 365
25 365
25 365
25 365
25 365
25 365
25 365
25 365
25 365
25 365
25 365
25 365
22 398
22 398
22 398
22 398
22 398
22 398
22 398
22 398
22 398
22 398
22 398
22 398
22 398
22 398
22 398
22 398
22 398
22 398
18 441
18 441
18 441
18 441
18 441
18 441
18 441
18 441
18 441
18 441
18 441
18 441
18 441
18 441
18 441
18 441
18 441
18 441
18 441
18 441
18 441
46 398
46 398
46 398
46 398
46 398
46 398
46 398
57 308
57 308
57 308
57 308
57 308
57 308
57 308
57 308
57 308
57 308
57 308
51 384
51 384
59 310
59 310
59 310
59 310
59 310
59 310
59 310
59 310
59 310
59 310
59 310
59 310
59 310
60 303
60 303
60 303
8 448
8 448
8 448
8 448
8 448
8 448
8 448
8 448
8 448
8 448
8 448
8 448
8 448
8 448
8 448
8 448
8 448
8 448
8 448
8 448
8 448
8 448
8 448
8 448
67 369
18 457
18 457
18 457
18 457
18 457
18 457
18 457
18 457
18 457
18 457
18 457
18 457
18 457
18 457
18 457
18 457
18 457
18 457
18 457
18 457
18 457
7 576
7 576
7 576
7 576
7 576
7 576
7 576
7 576
7 576
7 576
7 576
7 576
7 576
7 576
7 576
7 576
7 576
7 576
7 576
7 576
7 576
7 576
7 576
7 576
7 576
7 576
7 576
7 576
7 576
7 576
52 687
52 687
52 687
52 687
52 687
52 687
52 687
52 687
52 687
52 687
52 687
52 687
22 534
22 534
22 534
22 534
22 534
22 534
22 534
22 534
22 534
22 534
22 534
22 534
22 534
22 534
22 534
22 534
22 534
22 534
19 1223
19 1223
19 1223
19 1223
19 1223
19 1223
19 1223
19 1223
19 1223
19 1223
19 1223
19 1223
19 1223
19 1223
19 1223
19 1223
19 1223
19 1223
19 1223
19 1223
19 1223
19 1223
19 1223
25 679
25 679
25 679
25 679
25 679
25 679
25 679
25 679
25 679
25 679
25 679
25 679
25 679
25 679
25 679
25 679
25 679
33 796
33 796
33 796
33 796
33 796
33 796
33 796
33 796
33 796
33 796
33 796
33 796
33 796
33 796
33 796
33 796
33 796
33 796
33 796
33 796
33 796
33 796
33 796
33 796
33 796
33 796
33 796
33 796
33 796
19 938
19 938
19 938
19 938
19 938
19 938
19 938
19 938
19 938
19 938
19 938
19 938
19 938
19 938
19 938
19 938
19 938
19 938
19 938
19 938
19 938
19 938
19 938
35 787
35 787
35 787
35 787
35 787
35 787
35 787
35 787
35 787
35 787
35 787
35 787
35 787
35 787
35 787
35 787
28 860
28 860
28 860
28 860
28 860
28 860
28 860
28 860
28 860
28 860
28 860
28 860
28 860
28 860
28 860
38 760
38 760
38 760
38 760
38 760
38 760
38 760
38 760
30 845
30 845
30 845
30 845
75 896
75 896
75 896
75 896
75 896
75 896
75 896
75 896
75 896
75 896
75 896
75 896
75 896
75 896
75 896
75 896
75 896
75 896
75 896
75 896
75 896
75 896
75 896
75 896
75 896
75 896
75 896
75 896
57 581
57 581
57 581
57 581
57 581
57 581
57 581
57 581
57 581
57 581
57 581
59 584
59 584
59 584
59 584
59 584
59 584
59 584
59 584
59 584
59 584
59 584
59 584
59 584
60 593
60 593
60 593
67 655
18 676
18 676
18 676
18 676
18 676
18 676
18 676
18 676
18 676
18 676
18 676
18 676
18 676
18 676
18 676
18 676
18 676
18 676
18 676
18 676
18 676
22 682
22 682
22 682
22 682
22 682
22 682
22 682
22 682
22 682
22 682
22 682
22 682
22 682
22 682
22 682
22 682
22 682
22 682
46 959
46 959
46 959
46 959
46 959
46 959
46 959
25 672
25 672
25 672
25 672
25 672
25 672
25 672
25 672
25 672
25 672
25 672
25 672
25 672
25 672
25 672
25 672
25 672
51 995
51 995
33 682
33 682
33 682
33 682
33 682
33 682
33 682
33 682
33 682
33 682
33 682
33 682
33 682
33 682
33 682
33 682
33 682
33 682
33 682
33 682
33 682
33 682
33 682
33 682
33 682
33 682
33 682
33 682
33 682
73 1286
73 1286
73 1286
73 1286
73 1286
35 680
35 680
35 680
35 680
35 680
35 680
35 680
35 680
35 680
35 680
35 680
35 680
35 680
35 680
35 680
35 680
45 1598
45 1598
45 1598
45 1598
45 1598
45 1598
45 1598
45 1598
45 1598
45 1598
45 1111
45 1111
45 1111
45 1111
45 1111
45 1111
45 1111
45 1111
45 1111
45 1111
52 1042
52 1042
52 1042
52 1042
52 1042
52 1042
52 1042
52 1042
52 1042
52 1042
52 1042
52 1042
12 1943
12 1943
12 1943
12 1943
12 1943
12 1943
12 1943
12 1943
12 1943
12 1943
12 1943
12 1943
12 1943
12 1943
12 1943
12 1943
12 1943
12 1943
12 1943
12 1943
12 1943
12 1943
12 1943
12 1943
12 1943
12 1943
12 1943
12 1446
12 1446
12 1446
12 1446
12 1446
12 1446
12 1446
12 1446
12 1446
12 1446
12 1446
12 1446
12 1446
12 1446
12 1446
12 1446
12 1446
12 1446
12 1446
12 1446
12 1446
12 1446
12 1446
12 1446
12 1446
12 1446
12 1446
93 1140
93 1140
93 1140
93 1140
93 1140
93 1140
93 1140
93 1140
93 1140
93 1140
93 1140
93 1140
93 1140
93 1140
93 1140
93 1140
93 1140
93 1140
93 1140
93 1140
97 1102
97 1102
97 1102
97 1102
97 1102
97 1102
38 704
38 704
38 704
38 704
38 704
38 704
38 704
38 704
102 1074
102 1074
102 1074
102 1074
102 1074
102 1074
102 1074
102 1074
102 1074
102 1074
102 1074
102 1074
102 1074
102 1074
102 1074
102 1074
102 1074
102 1074
102 1074
102 1074
102 1074
102 1074
102 1074
102 1074
102 1074
12 997
12 997
12 997
12 997
12 997
12 997
12 997
12 997
12 997
12 997
12 997
12 997
12 997
12 997
12 997
12 997
12 997
12 997
12 997
12 997
12 997
12 997
12 997
12 997
12 997
12 997
12 997
8 1041
8 1041
8 1041
8 1041
8 1041
8 1041
8 1041
8 1041
8 1041
8 1041
8 1041
8 1041
8 1041
8 1041
8 1041
8 1041
8 1041
8 1041
8 1041
8 1041
8 1041
8 1041
8 1041
8 1041
73 1030
73 1030
73 1030
73 1030
73 1030
7 1227
7 1227
7 1227
7 1227
7 1227
7 1227
7 1227
7 1227
7 1227
7 1227
7 1227
7 1227
7 1227
7 1227
7 1227
7 1227
7 1227
7 1227
7 1227
7 1227
7 1227
7 1227
7 1227
7 1227
7 1227
7 1227
7 1227
7 1227
7 1227
7 1227
19 1127
19 1127
19 1127
19 1127
19 1127
19 1127
19 1127
19 1127
19 1127
19 1127
19 1127
19 1127
19 1127
19 1127
19 1127
19 1127
19 1127
19 1127
19 1127
19 1127
19 1127
19 1127
19 1127
57 808
57 808
57 808
57 808
57 808
57 808
57 808
57 808
57 808
57 808
57 808
55 1864
55 1864
55 1864
55 1864
55 1864
55 1864
55 1864
55 1864
55 1864
55 1365
55 1365
55 1365
55 1365
55 1365
55 1365
55 1365
55 1365
55 1365
75 1195
75 1195
75 1195
75 1195
75 1195
75 1195
75 1195
75 1195
75 1195
75 1195
75 1195
75 1195
75 1195
75 1195
75 1195
75 1195
75 1195
75 1195
75 1195
75 1195
75 1195
75 1195
75 1195
75 1195
75 1195
75 1195
75 1195
75 1195
59 875
59 875
59 875
59 875
59 875
59 875
59 875
59 875
59 875
59 875
59 875
59 875
59 875
60 866
60 866
60 866
28 1218
28 1218
28 1218
28 1218
28 1218
28 1218
28 1218
28 1218
28 1218
28 1218
28 1218
28 1218
28 1218
28 1218
28 1218
67 843
30 1236
30 1236
30 1236
30 1236
18 880
18 880
18 880
18 880
18 880
18 880
18 880
18 880
18 880
18 880
18 880
18 880
18 880
18 880
18 880
18 880
18 880
18 880
18 880
18 880
18 880
22 880
22 880
22 880
22 880
22 880
22 880
22 880
22 880
22 880
22 880
22 880
22 880
22 880
22 880
22 880
22 880
22 880
22 880
93 1234
93 1234
93 1234
93 1234
93 1234
93 1234
93 1234
93 1234
93 1234
93 1234
93 1234
93 1234
93 1234
93 1234
93 1234
93 1234
93 1234
93 1234
93 1234
93 1234
25 922
25 922
25 922
25 922
25 922
25 922
25 922
25 922
25 922
25 922
25 922
25 922
25 922
25 922
25 922
25 922
25 922
52 1240
52 1240
52 1240
52 1240
52 1240
52 1240
52 1240
52 1240
52 1240
52 1240
52 1240
52 1240
46 1325
46 1325
46 1325
46 1325
46 1325
46 1325
46 1325
33 974
33 974
33 974
33 974
33 974
33 974
33 974
33 974
33 974
33 974
33 974
33 974
33 974
33 974
33 974
33 974
33 974
33 974
33 974
33 974
33 974
33 974
33 974
33 974
33 974
33 974
33 974
33 974
33 974
35 964
35 964
35 964
35 964
35 964
35 964
35 964
35 964
35 964
35 964
35 964
35 964
35 964
35 964
35 964
35 964
102 1304
102 1304
102 1304
102 1304
102 1304
102 1304
102 1304
102 1304
102 1304
102 1304
102 1304
102 1304
102 1304
102 1304
102 1304
102 1304
102 1304
102 1304
102 1304
102 1304
102 1304
102 1304
102 1304
102 1304
102 1304
38 975
38 975
38 975
38 975
38 975
38 975
38 975
38 975
51 1363
51 1363
55 1389
55 1389
55 1389
55 1389
55 1389
55 1389
55 1389
55 1389
55 1389
8 1422
8 1422
8 1422
8 1422
8 1422
8 1422
8 1422
8 1422
8 1422
8 1422
8 1422
8 1422
8 1422
8 1422
8 1422
8 1422
8 1422
8 1422
8 1422
8 1422
8 1422
8 1422
8 1422
8 1422
97 1625
97 1625
97 1625
97 1625
97 1625
97 1625
45 1664
45 1664
45 1664
45 1664
45 1664
45 1664
45 1664
45 1664
45 1664
45 1664
59 1072
59 1072
59 1072
59 1072
59 1072
59 1072
59 1072
59 1072
59 1072
59 1072
59 1072
59 1072
59 1072
60 1082
60 1082
60 1082
57 1120
57 1120
57 1120
57 1120
57 1120
57 1120
57 1120
57 1120
57 1120
57 1120
57 1120
19 1504
19 1504
19 1504
19 1504
19 1504
19 1504
19 1504
19 1504
19 1504
19 1504
19 1504
19 1504
19 1504
19 1504
19 1504
19 1504
19 1504
19 1504
19 1504
19 1504
19 1504
19 1504
19 1504
73 1497
73 1497
73 1497
73 1497
73 1497
67 1096
18 1090
18 1090
18 1090
18 1090
18 1090
18 1090
18 1090
18 1090
18 1090
18 1090
18 1090
18 1090
18 1090
18 1090
18 1090
18 1090
18 1090
18 1090
18 1090
18 1090
18 1090
75 1573
75 1573
75 1573
75 1573
75 1573
75 1573
75 1573
75 1573
75 1573
75 1573
75 1573
75 1573
75 1573
75 1573
75 1573
75 1573
75 1573
75 1573
75 1573
75 1573
75 1573
75 1573
75 1573
75 1573
75 1573
75 1573
75 1573
75 1573
22 1133
22 1133
22 1133
22 1133
22 1133
22 1133
22 1133
22 1133
22 1133
22 1133
22 1133
22 1133
22 1133
22 1133
22 1133
22 1133
22 1133
22 1133
28 1599
28 1599
28 1599
28 1599
28 1599
28 1599
28 1599
28 1599
28 1599
28 1599
28 1599
28 1599
28 1599
28 1599
28 1599
25 1138
25 1138
25 1138
25 1138
25 1138
25 1138
25 1138
25 1138
25 1138
25 1138
25 1138
25 1138
25 1138
25 1138
25 1138
25 1138
25 1138
30 1604
30 1604
30 1604
30 1604
86 2553
86 2553
86 2553
86 2553
86 2553
86 2553
86 2553
86 2553
86 2553
86 2553
86 2553
86 2553
86 2553
86 2553
86 2553
86 2553
86 2553
86 2553
86 2553
86 2054
86 2054
86 2054
86 2054
86 2054
86 2054
86 2054
86 2054
86 2054
86 2054
86 2054
86 2054
86 2054
86 2054
86 2054
86 2054
86 2054
86 2054
86 2054
11 3305
11 3305
11 3305
11 3305
11 3305
11 3305
11 3305
11 3305
11 3305
11 3305
11 3305
11 3305
11 3305
11 3305
11 3305
11 3305
11 3305
11 3305
11 3305
11 3305
11 3305
11 3305
11 3305
11 3305
11 3305
11 3305
11 2806
11 2806
11 2806
11 2806
11 2806
11 2806
11 2806
11 2806
11 2806
11 2806
11 2806
11 2806
11 2806
11 2806
11 2806
11 2806
11 2806
11 2806
11 2806
11 2806
11 2806
11 2806
11 2806
11 2806
11 2806
11 2806
11 2306
11 2306
11 2306
11 2306
11 2306
11 2306
11 2306
11 2306
11 2306
11 2306
11 2306
11 2306
11 2306
11 2306
11 2306
11 2306
11 2306
11 2306
11 2306
11 2306
11 2306
11 2306
11 2306
11 2306
11 2306
11 2306
33 1164
33 1164
33 1164
33 1164
33 1164
33 1164
33 1164
33 1164
33 1164
33 1164
33 1164
33 1164
33 1164
33 1164
33 1164
33 1164
33 1164
33 1164
33 1164
33 1164
33 1164
33 1164
33 1164
33 1164
33 1164
33 1164
33 1164
33 1164
33 1164
90 2600
90 2600
90 2600
90 2600
90 2600
90 2600
90 2600
90 2600
90 2600
90 2600
90 2600
90 2600
90 2600
90 2600
90 2103
90 2103
90 2103
90 2103
90 2103
90 2103
90 2103
90 2103
90 2103
90 2103
90 2103
90 2103
90 2103
90 2103
35 1189
35 1189
35 1189
35 1189
35 1189
35 1189
35 1189
35 1189
35 1189
35 1189
35 1189
35 1189
35 1189
35 1189
35 1189
35 1189
38 1174
38 1174
38 1174
38 1174
38 1174
38 1174
38 1174
38 1174
86 1707
86 1707
86 1707
86 1707
86 1707
86 1707
86 1707
86 1707
86 1707
86 1707
86 1707
86 1707
86 1707
86 1707
86 1707
86 1707
86 1707
86 1707
86 1707
93 1717
93 1717
93 1717
93 1717
93 1717
93 1717
93 1717
93 1717
93 1717
93 1717
93 1717
93 1717
93 1717
93 1717
93 1717
93 1717
93 1717
93 1717
93 1717
93 1717
97 1691
97 1691
97 1691
97 1691
97 1691
97 1691
46 1755
46 1755
46 1755
46 1755
46 1755
46 1755
46 1755
12 2147
12 2147
12 2147
12 2147
12 2147
12 2147
12 2147
12 2147
12 2147
12 2147
12 2147
12 2147
12 2147
12 2147
12 2147
12 2147
12 2147
12 2147
12 2147
12 2147
12 2147
12 2147
12 2147
12 2147
12 2147
12 2147
12 2147
7 2200
7 2200
7 2200
7 2200
7 2200
7 2200
7 2200
7 2200
7 2200
7 2200
7 2200
7 2200
7 2200
7 2200
7 2200
7 2200
7 2200
7 2200
7 2200
7 2200
7 2200
7 2200
7 2200
7 2200
7 2200
7 2200
7 2200
7 2200
7 2200
7 2200
102 1768
102 1768
102 1768
102 1768
102 1768
102 1768
102 1768
102 1768
102 1768
102 1768
102 1768
102 1768
102 1768
102 1768
102 1768
102 1768
102 1768
102 1768
102 1768
102 1768
102 1768
102 1768
102 1768
102 1768
102 1768
57 1265
57 1265
57 1265
57 1265
57 1265
57 1265
57 1265
57 1265
57 1265
57 1265
57 1265
51 1835
51 1835
52 1835
52 1835
52 1835
52 1835
52 1835
52 1835
52 1835
52 1835
52 1835
52 1835
52 1835
52 1835
59 1309
59 1309
59 1309
59 1309
59 1309
59 1309
59 1309
59 1309
59 1309
59 1309
59 1309
59 1309
59 1309
55 1871
55 1871
55 1871
55 1871
55 1871
55 1871
55 1871
55 1871
55 1871
8 1855
8 1855
8 1855
8 1855
8 1855
8 1855
8 1855
8 1855
8 1855
8 1855
8 1855
8 1855
8 1855
8 1855
8 1855
8 1855
8 1855
8 1855
8 1855
8 1855
8 1855
8 1855
8 1855
8 1855
60 1336
60 1336
60 1336
11 1912
11 1912
11 1912
11 1912
11 1912
11 1912
11 1912
11 1912
11 1912
11 1912
11 1912
11 1912
11 1912
11 1912
11 1912
11 1912
11 1912
11 1912
11 1912
11 1912
11 1912
11 1912
11 1912
11 1912
11 1912
11 1912
67 1390
18 1389
18 1389
18 1389
18 1389
18 1389
18 1389
18 1389
18 1389
18 1389
18 1389
18 1389
18 1389
18 1389
18 1389
18 1389
18 1389
18 1389
18 1389
18 1389
18 1389
18 1389
22 1384
22 1384
22 1384
22 1384
22 1384
22 1384
22 1384
22 1384
22 1384
22 1384
22 1384
22 1384
22 1384
22 1384
22 1384
22 1384
22 1384
22 1384
25 1406
25 1406
25 1406
25 1406
25 1406
25 1406
25 1406
25 1406
25 1406
25 1406
25 1406
25 1406
25 1406
25 1406
25 1406
25 1406
25 1406
19 1985
19 1985
19 1985
19 1985
19 1985
19 1985
19 1985
19 1985
19 1985
19 1985
19 1985
19 1985
19 1985
19 1985
19 1985
19 1985
19 1985
19 1985
19 1985
19 1985
19 1985
19 1985
19 1985
45 2271
45 2271
45 2271
45 2271
45 2271
45 2271
45 2271
45 2271
45 2271
45 2271
73 1998
73 1998
73 1998
73 1998
73 1998
75 1979
75 1979
75 1979
75 1979
75 1979
75 1979
75 1979
75 1979
75 1979
75 1979
75 1979
75 1979
75 1979
75 1979
75 1979
75 1979
75 1979
75 1979
75 1979
75 1979
75 1979
75 1979
75 1979
75 1979
75 1979
75 1979
75 1979
75 1979
33 1464
33 1464
33 1464
33 1464
33 1464
33 1464
33 1464
33 1464
33 1464
33 1464
33 1464
33 1464
33 1464
33 1464
33 1464
33 1464
33 1464
33 1464
33 1464
33 1464
33 1464
33 1464
33 1464
33 1464
33 1464
33 1464
33 1464
33 1464
33 1464
35 1480
35 1480
35 1480
35 1480
35 1480
35 1480
35 1480
35 1480
35 1480
35 1480
35 1480
35 1480
35 1480
35 1480
35 1480
35 1480
38 1482
38 1482
38 1482
38 1482
38 1482
38 1482
38 1482
38 1482
90 2476
90 2476
90 2476
90 2476
90 2476
90 2476
90 2476
90 2476
90 2476
90 2476
90 2476
90 2476
90 2476
90 2476
90 2100
90 2100
90 2100
90 2100
90 2100
90 2100
90 2100
90 2100
90 2100
90 2100
90 2100
90 2100
90 2100
90 2100
93 2140
93 2140
93 2140
93 2140
93 2140
93 2140
93 2140
93 2140
93 2140
93 2140
93 2140
93 2140
93 2140
93 2140
93 2140
93 2140
93 2140
93 2140
93 2140
93 2140
58 3994
58 3994
58 3994
58 3994
58 3994
58 3994
58 3994
58 3994
58 3994
58 3994
58 3994
58 3994
58 3994
58 3994
58 3994
58 3994
58 3994
58 3994
58 3994
58 3994
58 3994
58 3994
58 3495
58 3495
58 3495
58 3495
58 3495
58 3495
58 3495
58 3495
58 3495
58 3495
58 3495
58 3495
58 3495
58 3495
58 3495
58 3495
58 3495
58 3495
58 3495
58 3495
58 3495
58 3495
58 2999
58 2999
58 2999
58 2999
58 2999
58 2999
58 2999
58 2999
58 2999
58 2999
58 2999
58 2999
58 2999
58 2999
58 2999
58 2999
58 2999
58 2999
58 2999
58 2999
58 2999
58 2999
102 2181
102 2181
102 2181
102 2181
102 2181
102 2181
102 2181
102 2181
102 2181
102 2181
102 2181
102 2181
102 2181
102 2181
102 2181
102 2181
102 2181
102 2181
102 2181
102 2181
102 2181
102 2181
102 2181
102 2181
102 2181
97 2254
97 2254
97 2254
97 2254
97 2254
97 2254
