4 130
4 130
4 130
4 130
4 130
4 130
4 130
4 130
4 130
4 130
4 130
4 130
5 121
5 121
5 121
5 121
5 121
5 121
5 121
5 121
5 121
5 121
5 121
5 121
5 121
5 121
5 121
5 121
5 121
5 121
5 121
5 121
5 121
5 121
5 121
5 121
5 121
9 84
9 84
9 84
9 84
9 84
9 84
9 84
9 84
9 84
9 84
9 84
9 84
9 84
19 18
19 18
19 18
19 18
19 18
19 18
19 18
19 18
19 18
19 18
19 18
19 18
19 18
19 18
19 18
19 18
19 18
19 18
20 11
20 11
20 11
20 11
20 11
20 11
20 11
20 11
20 11
20 11
20 11
20 11
20 11
20 11
20 11
20 11
20 11
20 11
20 11
20 11
20 11
20 11
20 11
20 11
17 42
17 42
17 42
21 9
21 9
21 9
21 9
21 9
21 9
13 95
13 95
13 95
13 95
13 95
13 95
13 95
13 95
13 95
13 95
13 95
13 95
13 95
13 95
13 95
14 99
14 99
14 99
14 99
14 99
14 99
14 99
14 99
14 99
14 99
14 99
14 99
14 99
14 99
14 99
14 99
14 99
23 29
47 73
47 73
46 146
46 146
46 146
46 146
46 146
46 146
46 146
46 146
46 146
46 146
46 146
46 146
46 146
46 146
46 146
46 146
46 146
46 146
46 146
46 146
46 146
46 146
46 146
46 146
46 146
46 146
46 146
4 131
4 131
4 131
4 131
4 131
4 131
4 131
4 131
4 131
4 131
4 131
4 131
5 125
5 125
5 125
5 125
5 125
5 125
5 125
5 125
5 125
5 125
5 125
5 125
5 125
5 125
5 125
5 125
5 125
5 125
5 125
5 125
5 125
5 125
5 125
5 125
5 125
54 151
54 151
54 151
54 151
54 151
54 151
54 151
54 151
54 151
54 151
54 151
54 151
54 151
54 151
54 151
54 151
54 151
54 151
54 151
54 151
9 104
9 104
9 104
9 104
9 104
9 104
9 104
9 104
9 104
9 104
9 104
9 104
9 104
17 40
17 40
17 40
64 71
64 71
64 71
64 71
64 71
64 71
64 71
64 71
64 71
64 71
64 71
14 106
14 106
14 106
14 106
14 106
14 106
14 106
14 106
14 106
14 106
14 106
14 106
14 106
14 106
14 106
14 106
14 106
19 59
19 59
19 59
19 59
19 59
19 59
19 59
19 59
19 59
19 59
19 59
19 59
19 59
19 59
19 59
19 59
19 59
19 59
20 63
20 63
20 63
20 63
20 63
20 63
20 63
20 63
20 63
20 63
20 63
20 63
20 63
20 63
20 63
20 63
20 63
20 63
20 63
20 63
20 63
20 63
20 63
20 63
21 56
21 56
21 56
21 56
21 56
21 56
13 185
13 185
13 185
13 185
13 185
13 185
13 185
13 185
13 185
13 185
13 185
13 185
13 185
13 185
13 185
71 110
71 110
71 110
71 110
71 110
23 101
81 154
81 154
81 154
81 154
81 154
81 154
81 154
89 126
89 126
89 126
89 126
89 126
89 126
89 126
89 126
90 121
90 121
90 121
90 121
96 76
96 76
96 76
96 76
96 76
96 76
96 76
96 76
96 76
96 76
100 77
100 77
100 77
100 77
100 77
100 77
100 77
100 77
100 77
100 77
100 77
100 77
100 77
100 77
100 77
100 77
46 133
46 133
46 133
46 133
46 133
46 133
46 133
46 133
46 133
46 133
46 133
46 133
46 133
46 133
46 133
46 133
46 133
46 133
46 133
46 133
46 133
46 133
46 133
46 133
46 133
46 133
46 133
47 125
47 125
4 179
4 179
4 179
4 179
4 179
4 179
4 179
4 179
4 179
4 179
4 179
4 179
17 51
17 51
17 51
54 216
54 216
54 216
54 216
54 216
54 216
54 216
54 216
54 216
54 216
54 216
54 216
54 216
54 216
54 216
54 216
54 216
54 216
54 216
54 216
5 206
5 206
5 206
5 206
5 206
5 206
5 206
5 206
5 206
5 206
5 206
5 206
5 206
5 206
5 206
5 206
5 206
5 206
5 206
5 206
5 206
5 206
5 206
5 206
5 206
9 167
9 167
9 167
9 167
9 167
9 167
9 167
9 167
9 167
9 167
9 167
9 167
9 167
19 86
19 86
19 86
19 86
19 86
19 86
19 86
19 86
19 86
19 86
19 86
19 86
19 86
19 86
19 86
19 86
19 86
19 86
20 87
20 87
20 87
20 87
20 87
20 87
20 87
20 87
20 87
20 87
20 87
20 87
20 87
20 87
20 87
20 87
20 87
20 87
20 87
20 87
20 87
20 87
20 87
20 87
21 94
21 94
21 94
21 94
21 94
21 94
23 96
14 202
14 202
14 202
14 202
14 202
14 202
14 202
14 202
14 202
14 202
14 202
14 202
14 202
14 202
14 202
14 202
14 202
81 53
81 53
81 53
81 53
81 53
81 53
81 53
71 197
71 197
71 197
71 197
71 197
64 275
64 275
64 275
64 275
64 275
64 275
64 275
64 275
64 275
64 275
64 275
13 311
13 311
13 311
13 311
13 311
13 311
13 311
13 311
13 311
13 311
13 311
13 311
13 311
13 311
13 311
89 58
89 58
89 58
89 58
89 58
89 58
89 58
89 58
90 61
90 61
90 61
90 61
96 135
96 135
96 135
96 135
96 135
96 135
96 135
96 135
96 135
96 135
100 96
100 96
100 96
100 96
100 96
100 96
100 96
100 96
100 96
100 96
100 96
100 96
100 96
100 96
100 96
100 96
46 184
46 184
46 184
46 184
46 184
46 184
46 184
46 184
46 184
46 184
46 184
46 184
46 184
46 184
46 184
46 184
46 184
46 184
46 184
46 184
46 184
46 184
46 184
46 184
46 184
46 184
46 184
17 56
17 56
17 56
19 59
19 59
19 59
19 59
19 59
19 59
19 59
19 59
19 59
19 59
19 59
19 59
19 59
19 59
19 59
19 59
19 59
19 59
20 54
20 54
20 54
20 54
20 54
20 54
20 54
20 54
20 54
20 54
20 54
20 54
20 54
20 54
20 54
20 54
20 54
20 54
20 54
20 54
20 54
20 54
20 54
20 54
21 45
21 45
21 45
21 45
21 45
21 45
4 230
4 230
4 230
4 230
4 230
4 230
4 230
4 230
4 230
4 230
4 230
4 230
5 221
5 221
5 221
5 221
5 221
5 221
5 221
5 221
5 221
5 221
5 221
5 221
5 221
5 221
5 221
5 221
5 221
5 221
5 221
5 221
5 221
5 221
5 221
5 221
5 221
23 61
81 45
81 45
81 45
81 45
81 45
81 45
81 45
9 290
9 290
9 290
9 290
9 290
9 290
9 290
9 290
9 290
9 290
9 290
9 290
9 290
54 346
54 346
54 346
54 346
54 346
54 346
54 346
54 346
54 346
54 346
54 346
54 346
54 346
54 346
54 346
54 346
54 346
54 346
54 346
54 346
47 432
47 432
13 286
13 286
13 286
13 286
13 286
13 286
13 286
13 286
13 286
13 286
13 286
13 286
13 286
13 286
13 286
64 301
64 301
64 301
64 301
64 301
64 301
64 301
64 301
64 301
64 301
64 301
14 304
14 304
14 304
14 304
14 304
14 304
14 304
14 304
14 304
14 304
14 304
14 304
14 304
14 304
14 304
14 304
14 304
71 290
71 290
71 290
71 290
71 290
89 139
89 139
89 139
89 139
89 139
89 139
89 139
89 139
90 179
90 179
90 179
90 179
96 134
96 134
96 134
96 134
96 134
96 134
96 134
96 134
96 134
96 134
100 114
100 114
100 114
100 114
100 114
100 114
100 114
100 114
100 114
100 114
100 114
100 114
100 114
100 114
100 114
100 114
17 53
17 53
17 53
19 35
19 35
19 35
19 35
19 35
19 35
19 35
19 35
19 35
19 35
19 35
19 35
19 35
19 35
19 35
19 35
19 35
19 35
20 69
20 69
20 69
20 69
20 69
20 69
20 69
20 69
20 69
20 69
20 69
20 69
20 69
20 69
20 69
20 69
20 69
20 69
20 69
20 69
20 69
20 69
20 69
20 69
21 61
21 61
21 61
21 61
21 61
21 61
23 50
46 352
46 352
46 352
46 352
46 352
46 352
46 352
46 352
46 352
46 352
46 352
46 352
46 352
46 352
46 352
46 352
46 352
46 352
46 352
46 352
46 352
46 352
46 352
46 352
46 352
46 352
46 352
47 395
47 395
81 80
81 80
81 80
81 80
81 80
81 80
81 80
4 358
4 358
4 358
4 358
4 358
4 358
4 358
4 358
4 358
4 358
4 358
4 358
54 361
54 361
54 361
54 361
54 361
54 361
54 361
54 361
54 361
54 361
54 361
54 361
54 361
54 361
54 361
54 361
54 361
54 361
54 361
54 361
5 352
5 352
5 352
5 352
5 352
5 352
5 352
5 352
5 352
5 352
5 352
5 352
5 352
5 352
5 352
5 352
5 352
5 352
5 352
5 352
5 352
5 352
5 352
5 352
5 352
89 51
89 51
89 51
89 51
89 51
89 51
89 51
89 51
90 47
90 47
90 47
90 47
9 379
9 379
9 379
9 379
9 379
9 379
9 379
9 379
9 379
9 379
9 379
9 379
9 379
13 357
13 357
13 357
13 357
13 357
13 357
13 357
13 357
13 357
13 357
13 357
13 357
13 357
13 357
13 357
64 355
64 355
64 355
64 355
64 355
64 355
64 355
64 355
64 355
64 355
64 355
14 360
14 360
14 360
14 360
14 360
14 360
14 360
14 360
14 360
14 360
14 360
14 360
14 360
14 360
14 360
14 360
14 360
96 42
96 42
96 42
96 42
96 42
96 42
96 42
96 42
96 42
96 42
71 368
71 368
71 368
71 368
71 368
100 104
100 104
100 104
100 104
100 104
100 104
100 104
100 104
100 104
100 104
100 104
100 104
100 104
100 104
100 104
100 104
17 70
17 70
17 70
19 78
19 78
19 78
19 78
19 78
19 78
19 78
19 78
19 78
19 78
19 78
19 78
19 78
19 78
19 78
19 78
19 78
19 78
20 71
20 71
20 71
20 71
20 71
20 71
20 71
20 71
20 71
20 71
20 71
20 71
20 71
20 71
20 71
20 71
20 71
20 71
20 71
20 71
20 71
20 71
20 71
20 71
21 62
21 62
21 62
21 62
21 62
21 62
23 47
81 30
81 30
81 30
81 30
81 30
81 30
81 30
46 415
46 415
46 415
46 415
46 415
46 415
46 415
46 415
46 415
46 415
46 415
46 415
46 415
46 415
46 415
46 415
46 415
46 415
46 415
46 415
46 415
46 415
46 415
46 415
46 415
46 415
46 415
47 407
47 407
89 23
89 23
89 23
89 23
89 23
89 23
89 23
89 23
90 19
90 19
90 19
90 19
54 414
54 414
54 414
54 414
54 414
54 414
54 414
54 414
54 414
54 414
54 414
54 414
54 414
54 414
54 414
54 414
54 414
54 414
54 414
54 414
4 421
4 421
4 421
4 421
4 421
4 421
4 421
4 421
4 421
4 421
4 421
4 421
5 451
5 451
5 451
5 451
5 451
5 451
5 451
5 451
5 451
5 451
5 451
5 451
5 451
5 451
5 451
5 451
5 451
5 451
5 451
5 451
5 451
5 451
5 451
5 451
5 451
9 435
9 435
9 435
9 435
9 435
9 435
9 435
9 435
9 435
9 435
9 435
9 435
9 435
100 87
100 87
100 87
100 87
100 87
100 87
100 87
100 87
100 87
100 87
100 87
100 87
100 87
100 87
100 87
100 87
96 133
96 133
96 133
96 133
96 133
96 133
96 133
96 133
96 133
96 133
14 457
14 457
14 457
14 457
14 457
14 457
14 457
14 457
14 457
14 457
14 457
14 457
14 457
14 457
14 457
14 457
14 457
64 477
64 477
64 477
64 477
64 477
64 477
64 477
64 477
64 477
64 477
64 477
13 513
13 513
13 513
13 513
13 513
13 513
13 513
13 513
13 513
13 513
13 513
13 513
13 513
13 513
13 513
71 495
71 495
71 495
71 495
71 495
17 79
17 79
17 79
19 123
19 123
19 123
19 123
19 123
19 123
19 123
19 123
19 123
19 123
19 123
19 123
19 123
19 123
19 123
19 123
19 123
19 123
20 116
20 116
20 116
20 116
20 116
20 116
20 116
20 116
20 116
20 116
20 116
20 116
20 116
20 116
20 116
20 116
20 116
20 116
20 116
20 116
20 116
20 116
20 116
20 116
21 107
21 107
21 107
21 107
21 107
21 107
23 130
81 84
81 84
81 84
81 84
81 84
81 84
81 84
47 456
47 456
89 142
89 142
89 142
89 142
89 142
89 142
89 142
89 142
90 145
90 145
90 145
90 145
5 508
5 508
5 508
5 508
5 508
5 508
5 508
5 508
5 508
5 508
5 508
5 508
5 508
5 508
5 508
5 508
5 508
5 508
5 508
5 508
5 508
5 508
5 508
5 508
5 508
54 529
54 529
54 529
54 529
54 529
54 529
54 529
54 529
54 529
54 529
54 529
54 529
54 529
54 529
54 529
54 529
54 529
54 529
54 529
54 529
96 121
96 121
96 121
96 121
96 121
96 121
96 121
96 121
96 121
96 121
4 549
4 549
4 549
4 549
4 549
4 549
4 549
4 549
4 549
4 549
4 549
4 549
46 630
46 630
46 630
46 630
46 630
46 630
46 630
46 630
46 630
46 630
46 630
46 630
46 630
46 630
46 630
46 630
46 630
46 630
46 630
46 630
46 630
46 630
46 630
46 630
46 630
46 630
46 630
100 111
100 111
100 111
100 111
100 111
100 111
100 111
100 111
100 111
100 111
100 111
100 111
100 111
100 111
100 111
100 111
9 548
9 548
9 548
9 548
9 548
9 548
9 548
9 548
9 548
9 548
9 548
9 548
9 548
13 559
13 559
13 559
13 559
13 559
13 559
13 559
13 559
13 559
13 559
13 559
13 559
13 559
13 559
13 559
14 551
14 551
14 551
14 551
14 551
14 551
14 551
14 551
14 551
14 551
14 551
14 551
14 551
14 551
14 551
14 551
14 551
17 86
17 86
17 86
64 625
64 625
64 625
64 625
64 625
64 625
64 625
64 625
64 625
64 625
64 625
71 564
71 564
71 564
71 564
71 564
20 92
20 92
20 92
20 92
20 92
20 92
20 92
20 92
20 92
20 92
20 92
20 92
20 92
20 92
20 92
20 92
20 92
20 92
20 92
20 92
20 92
20 92
20 92
20 92
19 105
19 105
19 105
19 105
19 105
19 105
19 105
19 105
19 105
19 105
19 105
19 105
19 105
19 105
19 105
19 105
19 105
19 105
21 98
21 98
21 98
21 98
21 98
21 98
23 136
81 91
81 91
81 91
81 91
81 91
81 91
81 91
89 72
89 72
89 72
89 72
89 72
89 72
89 72
89 72
90 108
90 108
90 108
90 108
96 88
96 88
96 88
96 88
96 88
96 88
96 88
96 88
96 88
96 88
46 604
46 604
46 604
46 604
46 604
46 604
46 604
46 604
46 604
46 604
46 604
46 604
46 604
46 604
46 604
46 604
46 604
46 604
46 604
46 604
46 604
46 604
46 604
46 604
46 604
46 604
46 604
47 601
47 601
100 112
100 112
100 112
100 112
100 112
100 112
100 112
100 112
100 112
100 112
100 112
100 112
100 112
100 112
100 112
100 112
54 585
54 585
54 585
54 585
54 585
54 585
54 585
54 585
54 585
54 585
54 585
54 585
54 585
54 585
54 585
54 585
54 585
54 585
54 585
54 585
64 609
64 609
64 609
64 609
64 609
64 609
64 609
64 609
64 609
64 609
64 609
71 626
71 626
71 626
71 626
71 626
81 60
81 60
81 60
81 60
81 60
81 60
81 60
89 61
89 61
89 61
89 61
89 61
89 61
89 61
89 61
90 144
90 144
90 144
90 144
96 94
96 94
96 94
96 94
96 94
96 94
96 94
96 94
96 94
96 94
100 82
100 82
100 82
100 82
100 82
100 82
100 82
100 82
100 82
100 82
100 82
100 82
100 82
100 82
100 82
100 82
