1 4 2
2 2 2
3 2 2
4 2 2
5 1 1
6 2 2
7 2 2
8 3 2
9 1 1
10 3 2
11 3 2
12 2 2
13 1 1
14 3 3
15 4 3
16 1 1
17 2 3
18 4 3
19 4 3
20 2 3
21 4 3
22 3 1
23 1 1
24 1 1
25 2 1
26 3 1
27 2 1
28 1 1
29 2 1
30 3 1
31 2 1
32 4 1
33 4 1
34 2 1
35 1 1
36 1 1
37 4 1
38 4 1
39 3 1
40 3 1
41 3 2
42 3 2
43 1 1
44 3 2
45 2 2
46 1 1
47 1 1
48 1 1
49 1 1
50 2 2
51 1 1
52 4 2
53 2 2
54 3 2
55 2 2
56 3 2
57 4 2
58 4 2
59 3 2
60 2 2
61 4 2
62 2 2
63 4 2
64 3 2
65 1 1
66 1 1
67 1 1
68 1 1
69 4 2
70 3 2
71 4 3
72 3 3
73 1 1
74 3 3
75 1 1
76 3 3
77 2 3
78 1 1
79 3 3
80 1 1
81 4 3
82 2 3
83 1 1
84 4 3
85 2 3
86 2 3
87 3 3
88 3 3
89 1 1
90 2 3
91 4 3
92 4 3
93 2 3
94 3 3
95 2 3
96 1 1
97 4 3
98 2 3
99 3 3
100 4 3
