1 4 1 -85.2674 57.0342
2 2 1 72.9801 4.62958
3 2 1 15.2103 -13.1005
4 2 3 -93.8964 8.79858
5 1 1 -24.9102 -31.9839
6 2 2 -10.5967 -86.9379
7 2 3 8.40333 67.9238
8 3 1 34.9369 63.9148
9 1 2 28.6038 13.839
10 3 1 0.439091 -31.9294
11 3 3 -38.0245 60.625
12 2 1 40.1763 99.1184
13 1 2 74.6089 -13.2675
14 3 1 -20.9581 83.8603
15 4 3 9.17591 19.5456
16 1 3 -62.7366 38.9987
17 2 2 13.0128 48.1209
18 4 1 98.7052 70.1678
19 4 3 54.143 86.4005
20 2 3 74.0241 -79.1795
21 4 3 23.867 -63.0553
22 3 2 33.4888 93.5353
23 1 3 -64.7865 97.7291
24 1 2 37.7193 73.6475
25 2 3 48.66 79.0522
26 3 2 84.385 -48.7578
27 2 2 -97.4458 69.839
28 1 2 86.2753 -5.79117
29 2 3 58.355 -2.26272
30 3 1 -40.3878 22.6103
31 2 3 -59.6546 -64.6584
32 4 2 -75.261 -15.7858
33 4 3 -47.5753 16.9163
34 2 3 89.8716 48.1223
35 1 3 34.596 38.3184
36 1 3 76.8204 -1.57064
37 4 2 -95.5402 51.7295
38 4 3 54.3822 -70.2385
39 3 2 -49.2535 -20.9864
40 3 1 -97.0188 -8.34609
41 3 3 29.2166 22.3516
42 3 2 -51.1605 -52.0562
43 1 1 42.9168 -69.5685
44 3 2 28.4392 -72.7117
45 2 3 96.4271 -82.9303
46 1 2 25.9182 72.8382
47 1 2 82.4763 -67.1701
48 1 3 70.1155 -83.0456
49 1 2 -77.3746 -36.7042
50 2 1 -4.8762 33.7688
51 1 3 73.0066 -47.2805
52 4 3 -88.0658 1.89099
53 2 2 11.4855 98.3814
54 3 1 -23.6097 -4.61727
55 2 3 87.6424 83.847
56 3 1 73.1746 54.4051
57 4 3 -80.1161 -13.816
58 4 3 -99.1902 67.3267
59 3 3 67.2583 20.3199
60 2 3 -46.0703 40.7051
61 4 2 91.2117 -54.1642
62 2 2 88.6247 21.0499
63 4 2 82.5708 -86.4881
64 3 3 -19.0174 -19.8928
65 1 3 -87.2166 11.3987
66 1 3 -91.5329 7.79698
67 1 1 -88.454 5.6514
68 1 2 -67.6348 70.888
69 4 1 98.4344 6.5931
70 3 2 -98.7055 27.9958
71 4 1 -48.908 48.0314
72 3 1 1.3155 83.4211
73 1 2 5.13314 42.7113
74 3 2 -3.17914 53.4384
75 1 2 -60.3435 28.6392
76 3 1 52.1931 36.3847
77 2 2 70.5346 34.1927
78 1 2 69.5498 25.6297
79 3 1 33.5465 23.7689
80 1 1 91.1957 72.9645
81 4 1 -63.3521 -77.058
82 2 1 -88.655 75.8636
83 1 2 32.6425 -96.0315
84 4 2 26.77 -83.4512
85 2 1 -18.4884 60.8092
86 2 1 9.09318 -88.3467
87 3 1 -56.5484 -13.9391
88 3 1 -63.331 -80.3397
89 1 1 -15.993 60.5222
90 2 1 -2.4002 70.3991
91 4 1 -10.0578 80.0938
92 4 1 -90.7494 -4.59921
93 2 1 89.1233 -72.2369
94 3 1 29.0575 -20.011
95 2 1 47.9296 55.8799
96 1 1 -14.1512 75.5246
97 4 1 54.8654 -8.01469
98 2 1 24.4322 -9.0986
99 3 1 63.2423 -13.5825
100 4 1 -0.409984 18.3391
