4 118
4 118
4 118
4 118
4 118
4 118
4 118
4 118
4 118
4 118
4 118
4 118
4 118
4 118
4 118
4 118
4 118
4 118
4 118
4 118
4 118
4 118
4 118
4 118
3 129
3 129
3 129
3 129
3 129
3 129
3 129
3 129
3 129
3 129
3 129
3 129
3 129
3 129
3 129
3 129
3 129
3 129
3 129
3 129
5 116
5 116
5 116
5 116
5 116
5 116
5 116
5 116
5 116
5 116
5 116
5 116
5 116
5 116
5 116
5 116
5 116
5 116
5 116
5 116
5 116
5 116
5 116
5 116
5 116
5 116
5 116
11 167
11 167
11 167
11 167
11 167
17 117
17 117
17 117
17 117
17 117
17 117
17 117
17 117
17 117
22 70
22 70
22 70
22 70
22 70
22 70
28 73
28 73
28 73
28 73
25 116
25 116
25 116
25 116
25 116
25 116
25 116
25 116
25 116
25 116
25 116
25 116
25 116
25 116
25 116
25 116
25 116
25 116
25 116
25 116
25 116
25 116
25 116
25 116
25 116
25 116
25 116
25 116
25 116
27 117
27 117
27 117
27 117
27 117
27 117
27 117
27 117
27 117
27 117
27 117
27 117
27 117
27 117
27 117
27 117
27 117
27 117
43 71
43 71
45 88
45 88
45 88
44 115
44 115
44 115
44 115
44 115
44 115
44 115
44 115
44 115
44 115
44 115
44 115
44 115
44 115
44 115
44 115
44 115
39 171
39 171
39 171
39 171
39 171
39 171
39 171
39 171
39 171
39 171
39 171
39 171
39 171
39 171
39 171
39 171
39 171
39 171
39 171
39 171
39 171
39 171
41 172
41 172
41 172
41 172
41 172
41 172
41 172
41 172
41 172
41 172
41 172
41 172
41 172
41 172
41 172
41 172
51 134
51 134
51 134
51 134
51 134
51 134
51 134
51 134
51 134
51 134
51 134
51 134
51 134
51 134
57 105
57 105
57 105
57 105
57 105
57 105
57 105
57 105
57 105
57 105
57 105
57 105
57 105
57 105
57 105
57 105
57 105
57 105
57 105
57 105
57 105
57 105
57 105
55 149
55 149
55 149
55 149
55 149
55 149
55 149
55 149
55 149
55 149
55 149
55 149
11 93
11 93
11 93
11 93
11 93
60 167
60 167
60 167
60 167
60 167
60 167
60 167
60 167
17 102
17 102
17 102
17 102
17 102
17 102
17 102
17 102
17 102
3 292
3 292
3 292
3 292
3 292
3 292
3 292
3 292
3 292
3 292
3 292
3 292
3 292
3 292
3 292
3 292
3 292
3 292
3 292
3 292
4 289
4 289
4 289
4 289
4 289
4 289
4 289
4 289
4 289
4 289
4 289
4 289
4 289
4 289
4 289
4 289
4 289
4 289
4 289
4 289
4 289
4 289
4 289
4 289
22 114
22 114
22 114
22 114
22 114
22 114
67 187
67 187
67 187
67 187
67 187
67 187
67 187
67 187
67 187
67 187
66 204
66 204
66 204
66 204
66 204
66 204
66 204
5 319
5 319
5 319
5 319
5 319
5 319
5 319
5 319
5 319
5 319
5 319
5 319
5 319
5 319
5 319
5 319
5 319
5 319
5 319
5 319
5 319
5 319
5 319
5 319
5 319
5 319
5 319
53 343
53 343
53 343
53 343
53 343
53 343
53 343
53 343
53 343
53 343
53 343
53 343
53 343
53 343
53 343
63 292
63 292
63 292
63 292
63 292
63 292
63 292
63 292
63 292
63 292
63 292
63 292
63 292
63 292
63 292
63 292
63 292
63 292
63 292
63 292
63 292
63 292
63 292
63 292
63 292
63 292
63 292
63 292
63 292
63 292
28 150
28 150
28 150
28 150
27 286
27 286
27 286
27 286
27 286
27 286
27 286
27 286
27 286
27 286
27 286
27 286
27 286
27 286
27 286
27 286
27 286
27 286
43 211
43 211
44 202
44 202
44 202
44 202
44 202
44 202
44 202
44 202
44 202
44 202
44 202
44 202
44 202
44 202
44 202
44 202
44 202
45 209
45 209
45 209
25 478
25 478
25 478
25 478
25 478
25 478
25 478
25 478
25 478
25 478
25 478
25 478
25 478
25 478
25 478
25 478
25 478
25 478
25 478
25 478
25 478
25 478
25 478
25 478
25 478
25 478
25 478
25 478
25 478
51 238
51 238
51 238
51 238
51 238
51 238
51 238
51 238
51 238
51 238
51 238
51 238
51 238
51 238
65 624
65 624
65 624
65 624
65 624
65 624
65 624
65 624
65 624
65 624
65 624
65 624
65 624
65 624
65 624
65 624
65 624
65 624
65 624
65 624
65 624
65 624
65 624
65 624
65 624
65 624
65 624
65 624
58 695
58 695
58 695
58 695
58 695
58 695
58 695
58 695
58 695
58 695
58 695
58 695
58 695
58 695
58 695
58 695
58 695
58 695
58 695
58 695
58 695
58 695
58 695
58 695
58 695
58 695
19 1085
19 1085
19 1085
19 1085
19 1085
19 1085
19 1085
19 1085
19 1085
19 1085
19 1085
19 1085
19 1085
36 915
36 915
36 915
36 915
36 915
36 915
36 915
36 915
36 915
36 915
36 915
19 586
19 586
19 586
19 586
19 586
19 586
19 586
19 586
19 586
19 586
19 586
19 586
19 586
36 416
36 416
36 416
36 416
36 416
36 416
36 416
36 416
36 416
36 416
36 416
37 906
37 406
8 1197
8 1197
8 1197
8 1197
8 1197
8 1197
8 1197
8 1197
8 1197
8 1197
8 1197
8 1197
8 1197
8 1197
8 1197
8 1197
8 1197
8 1197
8 1197
8 1197
8 1197
8 1197
8 1197
8 1197
8 1197
8 697
8 697
8 697
8 697
8 697
8 697
8 697
8 697
8 697
8 697
8 697
8 697
8 697
8 697
8 697
8 697
8 697
8 697
8 697
8 697
8 697
8 697
8 697
8 697
8 697
55 239
55 239
55 239
55 239
55 239
55 239
55 239
55 239
55 239
55 239
55 239
55 239
39 402
39 402
39 402
39 402
39 402
39 402
39 402
39 402
39 402
39 402
39 402
39 402
39 402
39 402
39 402
39 402
39 402
39 402
39 402
39 402
39 402
39 402
57 223
57 223
57 223
57 223
57 223
57 223
57 223
57 223
57 223
57 223
57 223
57 223
57 223
57 223
57 223
57 223
57 223
57 223
57 223
57 223
57 223
57 223
57 223
41 395
41 395
41 395
41 395
41 395
41 395
41 395
41 395
41 395
41 395
41 395
41 395
41 395
41 395
41 395
41 395
8 240
8 240
8 240
8 240
8 240
8 240
8 240
8 240
8 240
8 240
8 240
8 240
8 240
8 240
8 240
8 240
8 240
8 240
8 240
8 240
8 240
8 240
8 240
8 240
8 240
58 249
58 249
58 249
58 249
58 249
58 249
58 249
58 249
58 249
58 249
58 249
58 249
58 249
58 249
58 249
58 249
58 249
58 249
58 249
58 249
58 249
58 249
58 249
58 249
58 249
58 249
11 224
11 224
11 224
11 224
11 224
60 249
60 249
60 249
60 249
60 249
60 249
60 249
60 249
66 272
66 272
66 272
66 272
66 272
66 272
66 272
65 285
65 285
65 285
65 285
65 285
65 285
65 285
65 285
65 285
65 285
65 285
65 285
65 285
65 285
65 285
65 285
65 285
65 285
65 285
65 285
65 285
65 285
65 285
65 285
65 285
65 285
65 285
65 285
17 309
17 309
17 309
17 309
17 309
17 309
17 309
17 309
17 309
53 454
53 454
53 454
53 454
53 454
53 454
53 454
53 454
53 454
53 454
53 454
53 454
53 454
53 454
53 454
19 298
19 298
19 298
19 298
19 298
19 298
19 298
19 298
19 298
19 298
19 298
19 298
19 298
67 323
67 323
67 323
67 323
67 323
67 323
67 323
67 323
67 323
67 323
3 467
3 467
3 467
3 467
3 467
3 467
3 467
3 467
3 467
3 467
3 467
3 467
3 467
3 467
3 467
3 467
3 467
3 467
3 467
3 467
4 469
4 469
4 469
4 469
4 469
4 469
4 469
4 469
4 469
4 469
4 469
4 469
4 469
4 469
4 469
4 469
4 469
4 469
4 469
4 469
4 469
4 469
4 469
4 469
5 474
5 474
5 474
5 474
5 474
5 474
5 474
5 474
5 474
5 474
5 474
5 474
5 474
5 474
5 474
5 474
5 474
5 474
5 474
5 474
5 474
5 474
5 474
5 474
5 474
5 474
5 474
22 308
22 308
22 308
22 308
22 308
22 308
28 277
28 277
28 277
28 277
63 532
63 532
63 532
63 532
63 532
63 532
63 532
63 532
63 532
63 532
63 532
63 532
63 532
63 532
63 532
63 532
63 532
63 532
63 532
63 532
63 532
63 532
63 532
63 532
63 532
63 532
63 532
63 532
63 532
63 532
36 310
36 310
36 310
36 310
36 310
36 310
36 310
36 310
36 310
36 310
36 310
37 307
43 323
43 323
44 316
44 316
44 316
44 316
44 316
44 316
44 316
44 316
44 316
44 316
44 316
44 316
44 316
44 316
44 316
44 316
44 316
45 334
45 334
45 334
25 547
25 547
25 547
25 547
25 547
25 547
25 547
25 547
25 547
25 547
25 547
25 547
25 547
25 547
25 547
25 547
25 547
25 547
25 547
25 547
25 547
25 547
25 547
25 547
25 547
25 547
25 547
25 547
25 547
55 318
55 318
55 318
55 318
55 318
55 318
55 318
55 318
55 318
55 318
55 318
55 318
8 336
8 336
8 336
8 336
8 336
8 336
8 336
8 336
8 336
8 336
8 336
8 336
8 336
8 336
8 336
8 336
8 336
8 336
8 336
8 336
8 336
8 336
8 336
8 336
8 336
58 345
58 345
58 345
58 345
58 345
58 345
58 345
58 345
58 345
58 345
58 345
58 345
58 345
58 345
58 345
58 345
58 345
58 345
58 345
58 345
58 345
58 345
58 345
58 345
58 345
58 345
60 336
60 336
60 336
60 336
60 336
60 336
60 336
60 336
51 429
51 429
51 429
51 429
51 429
51 429
51 429
51 429
51 429
51 429
51 429
51 429
51 429
51 429
57 397
57 397
57 397
57 397
57 397
57 397
57 397
57 397
57 397
57 397
57 397
57 397
57 397
57 397
57 397
57 397
57 397
57 397
57 397
57 397
57 397
57 397
57 397
27 706
27 706
27 706
27 706
27 706
27 706
27 706
27 706
27 706
27 706
27 706
27 706
27 706
27 706
27 706
27 706
27 706
27 706
65 341
65 341
65 341
65 341
65 341
65 341
65 341
65 341
65 341
65 341
65 341
65 341
65 341
65 341
65 341
65 341
65 341
65 341
65 341
65 341
65 341
65 341
65 341
65 341
65 341
65 341
65 341
65 341
66 333
66 333
66 333
66 333
66 333
66 333
66 333
67 328
67 328
67 328
67 328
67 328
67 328
67 328
67 328
67 328
67 328
39 617
39 617
39 617
39 617
39 617
39 617
39 617
39 617
39 617
39 617
39 617
39 617
39 617
39 617
39 617
39 617
39 617
39 617
39 617
39 617
39 617
39 617
19 322
19 322
19 322
19 322
19 322
19 322
19 322
19 322
19 322
19 322
19 322
19 322
19 322
11 406
11 406
11 406
11 406
11 406
41 640
41 640
41 640
41 640
41 640
41 640
41 640
41 640
41 640
41 640
41 640
41 640
41 640
41 640
41 640
41 640
17 426
17 426
17 426
17 426
17 426
17 426
17 426
17 426
17 426
22 435
22 435
22 435
22 435
22 435
22 435
73 1427
73 1427
73 1427
73 1427
73 1427
73 1427
73 1427
73 1427
73 1427
73 1427
73 1427
73 1427
73 1427
73 1427
73 1427
73 1427
73 1427
73 1427
73 1427
73 1427
73 1427
73 928
73 928
73 928
73 928
73 928
73 928
73 928
73 928
73 928
73 928
73 928
73 928
73 928
73 928
73 928
73 928
73 928
73 928
73 928
73 928
73 928
3 659
3 659
3 659
3 659
3 659
3 659
3 659
3 659
3 659
3 659
3 659
3 659
3 659
3 659
3 659
3 659
3 659
3 659
3 659
3 659
37 353
5 675
5 675
5 675
5 675
5 675
5 675
5 675
5 675
5 675
5 675
5 675
5 675
5 675
5 675
5 675
5 675
5 675
5 675
5 675
5 675
5 675
5 675
5 675
5 675
5 675
5 675
5 675
28 477
28 477
28 477
28 477
23 2043
23 2043
23 2043
23 2043
23 2043
23 2043
23 2043
23 2043
23 2043
23 2043
23 2043
23 2043
23 2043
23 2043
23 2043
23 2043
23 2043
23 2043
23 2043
23 1544
23 1544
23 1544
23 1544
23 1544
23 1544
23 1544
23 1544
23 1544
23 1544
23 1544
23 1544
23 1544
23 1544
23 1544
23 1544
23 1544
23 1544
23 1544
23 1045
23 1045
23 1045
23 1045
23 1045
23 1045
23 1045
23 1045
23 1045
23 1045
23 1045
23 1045
23 1045
23 1045
23 1045
23 1045
23 1045
23 1045
23 1045
53 768
53 768
53 768
53 768
53 768
53 768
53 768
53 768
53 768
53 768
53 768
53 768
53 768
53 768
53 768
36 464
36 464
36 464
36 464
36 464
36 464
36 464
36 464
36 464
36 464
36 464
63 766
63 766
63 766
63 766
63 766
63 766
63 766
63 766
63 766
63 766
63 766
63 766
63 766
63 766
63 766
63 766
63 766
63 766
63 766
63 766
63 766
63 766
63 766
63 766
63 766
63 766
63 766
63 766
63 766
63 766
4 864
4 864
4 864
4 864
4 864
4 864
4 864
4 864
4 864
4 864
4 864
4 864
4 864
4 864
4 864
4 864
4 864
4 864
4 864
4 864
4 864
4 864
4 864
4 864
43 479
43 479
44 475
44 475
44 475
44 475
44 475
44 475
44 475
44 475
44 475
44 475
44 475
44 475
44 475
44 475
44 475
44 475
44 475
45 473
45 473
45 473
55 411
55 411
55 411
55 411
55 411
55 411
55 411
55 411
55 411
55 411
55 411
55 411
51 466
51 466
51 466
51 466
51 466
51 466
51 466
51 466
51 466
51 466
51 466
51 466
51 466
51 466
8 412
8 412
8 412
8 412
8 412
8 412
8 412
8 412
8 412
8 412
8 412
8 412
8 412
8 412
8 412
8 412
8 412
8 412
8 412
8 412
8 412
8 412
8 412
8 412
8 412
58 414
58 414
58 414
58 414
58 414
58 414
58 414
58 414
58 414
58 414
58 414
58 414
58 414
58 414
58 414
58 414
58 414
58 414
58 414
58 414
58 414
58 414
58 414
58 414
58 414
58 414
57 468
57 468
57 468
57 468
57 468
57 468
57 468
57 468
57 468
57 468
57 468
57 468
57 468
57 468
57 468
57 468
57 468
57 468
57 468
57 468
57 468
57 468
57 468
25 797
25 797
25 797
25 797
25 797
25 797
25 797
25 797
25 797
25 797
25 797
25 797
25 797
25 797
25 797
25 797
25 797
25 797
25 797
25 797
25 797
25 797
25 797
25 797
25 797
25 797
25 797
25 797
25 797
73 825
73 825
73 825
73 825
73 825
73 825
73 825
73 825
73 825
73 825
73 825
73 825
73 825
73 825
73 825
73 825
73 825
73 825
73 825
73 825
73 825
60 461
60 461
60 461
60 461
60 461
60 461
60 461
60 461
27 816
27 816
27 816
27 816
27 816
27 816
27 816
27 816
27 816
27 816
27 816
27 816
27 816
27 816
27 816
27 816
27 816
27 816
65 447
65 447
65 447
65 447
65 447
65 447
65 447
65 447
65 447
65 447
65 447
65 447
65 447
65 447
65 447
65 447
65 447
65 447
65 447
65 447
65 447
65 447
65 447
65 447
65 447
65 447
65 447
65 447
11 498
11 498
11 498
11 498
11 498
66 461
66 461
66 461
66 461
66 461
66 461
66 461
67 452
67 452
67 452
67 452
67 452
67 452
67 452
67 452
67 452
67 452
19 454
19 454
19 454
19 454
19 454
19 454
19 454
19 454
19 454
19 454
19 454
19 454
19 454
17 499
17 499
17 499
17 499
17 499
17 499
17 499
17 499
17 499
23 465
23 465
23 465
23 465
23 465
23 465
23 465
23 465
23 465
23 465
23 465
23 465
23 465
23 465
23 465
23 465
23 465
23 465
23 465
22 536
22 536
22 536
22 536
22 536
22 536
41 928
41 928
41 928
41 928
41 928
41 928
41 928
41 928
41 928
41 928
41 928
41 928
41 928
41 928
41 928
41 928
39 968
39 968
39 968
39 968
39 968
39 968
39 968
39 968
39 968
39 968
39 968
39 968
39 968
39 968
39 968
39 968
39 968
39 968
39 968
39 968
39 968
39 968
28 580
28 580
28 580
28 580
37 494
36 566
36 566
36 566
36 566
36 566
36 566
36 566
36 566
36 566
36 566
36 566
53 937
53 937
53 937
53 937
53 937
53 937
53 937
53 937
53 937
53 937
53 937
53 937
53 937
53 937
53 937
3 946
3 946
3 946
3 946
3 946
3 946
3 946
3 946
3 946
3 946
3 946
3 946
3 946
3 946
3 946
3 946
3 946
3 946
3 946
3 946
4 939
4 939
4 939
4 939
4 939
4 939
4 939
4 939
4 939
4 939
4 939
4 939
4 939
4 939
4 939
4 939
4 939
4 939
4 939
4 939
4 939
4 939
4 939
4 939
43 564
43 564
5 946
5 946
5 946
5 946
5 946
5 946
5 946
5 946
5 946
5 946
5 946
5 946
5 946
5 946
5 946
5 946
5 946
5 946
5 946
5 946
5 946
5 946
5 946
5 946
5 946
5 946
5 946
44 598
44 598
44 598
44 598
44 598
44 598
44 598
44 598
44 598
44 598
44 598
44 598
44 598
44 598
44 598
44 598
44 598
55 503
55 503
55 503
55 503
55 503
55 503
55 503
55 503
55 503
55 503
55 503
55 503
45 619
45 619
45 619
63 959
63 959
63 959
63 959
63 959
63 959
63 959
63 959
63 959
63 959
63 959
63 959
63 959
63 959
63 959
63 959
63 959
63 959
63 959
63 959
63 959
63 959
63 959
63 959
63 959
63 959
63 959
63 959
63 959
63 959
58 520
58 520
58 520
58 520
58 520
58 520
58 520
58 520
58 520
58 520
58 520
58 520
58 520
58 520
58 520
58 520
58 520
58 520
58 520
58 520
58 520
58 520
58 520
58 520
58 520
58 520
8 522
8 522
8 522
8 522
8 522
8 522
8 522
8 522
8 522
8 522
8 522
8 522
8 522
8 522
8 522
8 522
8 522
8 522
8 522
8 522
8 522
8 522
8 522
8 522
8 522
51 606
51 606
51 606
51 606
51 606
51 606
51 606
51 606
51 606
51 606
51 606
51 606
51 606
51 606
60 575
60 575
60 575
60 575
60 575
60 575
60 575
60 575
73 981
73 981
73 981
73 981
73 981
73 981
73 981
73 981
73 981
73 981
73 981
73 981
73 981
73 981
73 981
73 981
73 981
73 981
73 981
73 981
73 981
57 642
57 642
57 642
57 642
57 642
57 642
57 642
57 642
57 642
57 642
57 642
57 642
57 642
57 642
57 642
57 642
57 642
57 642
57 642
57 642
57 642
57 642
57 642
25 986
25 986
25 986
25 986
25 986
25 986
25 986
25 986
25 986
25 986
25 986
25 986
25 986
25 986
25 986
25 986
25 986
25 986
25 986
25 986
25 986
25 986
25 986
25 986
25 986
25 986
25 986
25 986
25 986
27 970
27 970
27 970
27 970
27 970
27 970
27 970
27 970
27 970
27 970
27 970
27 970
27 970
27 970
27 970
27 970
27 970
27 970
65 596
65 596
65 596
65 596
65 596
65 596
65 596
65 596
65 596
65 596
65 596
65 596
65 596
65 596
65 596
65 596
65 596
65 596
65 596
65 596
65 596
65 596
65 596
65 596
65 596
65 596
65 596
65 596
66 607
66 607
66 607
66 607
66 607
66 607
66 607
67 624
67 624
67 624
67 624
67 624
67 624
67 624
67 624
67 624
67 624
11 688
11 688
11 688
11 688
11 688
19 615
19 615
19 615
19 615
19 615
19 615
19 615
19 615
19 615
19 615
19 615
19 615
19 615
23 601
23 601
23 601
23 601
23 601
23 601
23 601
23 601
23 601
23 601
23 601
23 601
23 601
23 601
23 601
23 601
23 601
23 601
23 601
17 685
17 685
17 685
17 685
17 685
17 685
17 685
17 685
17 685
22 681
22 681
22 681
22 681
22 681
22 681
28 662
28 662
28 662
28 662
39 1063
39 1063
39 1063
39 1063
39 1063
39 1063
39 1063
39 1063
39 1063
39 1063
39 1063
39 1063
39 1063
39 1063
39 1063
39 1063
39 1063
39 1063
39 1063
39 1063
39 1063
39 1063
41 1055
41 1055
41 1055
41 1055
41 1055
41 1055
41 1055
41 1055
41 1055
41 1055
41 1055
41 1055
41 1055
41 1055
41 1055
41 1055
37 635
36 700
36 700
36 700
36 700
36 700
36 700
36 700
36 700
36 700
36 700
36 700
3 1065
3 1065
3 1065
3 1065
3 1065
3 1065
3 1065
3 1065
3 1065
3 1065
3 1065
3 1065
3 1065
3 1065
3 1065
3 1065
3 1065
3 1065
3 1065
3 1065
53 1067
53 1067
53 1067
53 1067
53 1067
53 1067
53 1067
53 1067
53 1067
53 1067
53 1067
53 1067
53 1067
53 1067
53 1067
4 1069
4 1069
4 1069
4 1069
4 1069
4 1069
4 1069
4 1069
4 1069
4 1069
4 1069
4 1069
4 1069
4 1069
4 1069
4 1069
4 1069
4 1069
4 1069
4 1069
4 1069
4 1069
4 1069
4 1069
5 1076
5 1076
5 1076
5 1076
5 1076
5 1076
5 1076
5 1076
5 1076
5 1076
5 1076
5 1076
5 1076
5 1076
5 1076
5 1076
5 1076
5 1076
5 1076
5 1076
5 1076
5 1076
5 1076
5 1076
5 1076
5 1076
5 1076
43 725
43 725
44 726
44 726
44 726
44 726
44 726
44 726
44 726
44 726
44 726
44 726
44 726
44 726
44 726
44 726
44 726
44 726
44 726
45 731
45 731
45 731
63 1128
63 1128
63 1128
63 1128
63 1128
63 1128
63 1128
63 1128
63 1128
63 1128
63 1128
63 1128
63 1128
63 1128
63 1128
63 1128
63 1128
63 1128
63 1128
63 1128
63 1128
63 1128
63 1128
63 1128
63 1128
63 1128
63 1128
63 1128
63 1128
63 1128
51 766
51 766
51 766
51 766
51 766
51 766
51 766
51 766
51 766
51 766
51 766
51 766
51 766
51 766
55 735
55 735
55 735
55 735
55 735
55 735
55 735
55 735
55 735
55 735
55 735
55 735
58 729
58 729
58 729
58 729
58 729
58 729
58 729
58 729
58 729
58 729
58 729
58 729
58 729
58 729
58 729
58 729
58 729
58 729
58 729
58 729
58 729
58 729
58 729
58 729
58 729
58 729
8 732
8 732
8 732
8 732
8 732
8 732
8 732
8 732
8 732
8 732
8 732
8 732
8 732
8 732
8 732
8 732
8 732
8 732
8 732
8 732
8 732
8 732
8 732
8 732
8 732
57 766
57 766
57 766
57 766
57 766
57 766
57 766
57 766
57 766
57 766
57 766
57 766
57 766
57 766
57 766
57 766
57 766
57 766
57 766
57 766
57 766
57 766
57 766
60 740
60 740
60 740
60 740
60 740
60 740
60 740
60 740
11 751
11 751
11 751
11 751
11 751
65 744
65 744
65 744
65 744
65 744
65 744
65 744
65 744
65 744
65 744
65 744
65 744
65 744
65 744
65 744
65 744
65 744
65 744
65 744
65 744
65 744
65 744
65 744
65 744
65 744
65 744
65 744
65 744
73 1168
73 1168
73 1168
73 1168
73 1168
73 1168
73 1168
73 1168
73 1168
73 1168
73 1168
73 1168
73 1168
73 1168
73 1168
73 1168
73 1168
73 1168
73 1168
73 1168
73 1168
25 1173
25 1173
25 1173
25 1173
25 1173
25 1173
25 1173
25 1173
25 1173
25 1173
25 1173
25 1173
25 1173
25 1173
25 1173
25 1173
25 1173
25 1173
25 1173
25 1173
25 1173
25 1173
25 1173
25 1173
25 1173
25 1173
25 1173
25 1173
25 1173
66 763
66 763
66 763
66 763
66 763
66 763
66 763
17 768
17 768
17 768
17 768
17 768
17 768
17 768
17 768
17 768
67 772
67 772
67 772
67 772
67 772
67 772
67 772
67 772
67 772
67 772
27 1176
27 1176
27 1176
27 1176
27 1176
27 1176
27 1176
27 1176
27 1176
27 1176
27 1176
27 1176
27 1176
27 1176
27 1176
27 1176
27 1176
27 1176
19 787
19 787
19 787
19 787
19 787
19 787
19 787
19 787
19 787
19 787
19 787
19 787
19 787
22 766
22 766
22 766
22 766
22 766
22 766
23 790
23 790
23 790
23 790
23 790
23 790
23 790
23 790
23 790
23 790
23 790
23 790
23 790
23 790
23 790
23 790
23 790
23 790
23 790
28 774
28 774
28 774
28 774
39 1207
39 1207
39 1207
39 1207
39 1207
39 1207
39 1207
39 1207
39 1207
39 1207
39 1207
39 1207
39 1207
39 1207
39 1207
39 1207
39 1207
39 1207
39 1207
39 1207
39 1207
39 1207
36 827
36 827
36 827
36 827
36 827
36 827
36 827
36 827
36 827
36 827
36 827
37 861
41 1324
41 1324
41 1324
41 1324
41 1324
41 1324
41 1324
41 1324
41 1324
41 1324
41 1324
41 1324
41 1324
41 1324
41 1324
41 1324
43 819
43 819
44 819
44 819
44 819
44 819
44 819
44 819
44 819
44 819
44 819
44 819
44 819
44 819
44 819
44 819
44 819
44 819
44 819
45 827
45 827
45 827
51 849
51 849
51 849
51 849
51 849
51 849
51 849
51 849
51 849
51 849
51 849
51 849
51 849
51 849
53 1337
53 1337
53 1337
53 1337
53 1337
53 1337
53 1337
53 1337
53 1337
53 1337
53 1337
53 1337
53 1337
53 1337
53 1337
55 863
55 863
55 863
55 863
55 863
55 863
55 863
55 863
55 863
55 863
55 863
55 863
58 860
58 860
58 860
58 860
58 860
58 860
58 860
58 860
58 860
58 860
58 860
58 860
58 860
58 860
58 860
58 860
58 860
58 860
58 860
58 860
58 860
58 860
58 860
58 860
58 860
58 860
63 1319
63 1319
63 1319
63 1319
63 1319
63 1319
63 1319
63 1319
63 1319
63 1319
63 1319
63 1319
63 1319
63 1319
63 1319
63 1319
63 1319
63 1319
63 1319
63 1319
63 1319
63 1319
63 1319
63 1319
63 1319
63 1319
63 1319
63 1319
63 1319
63 1319
57 890
57 890
57 890
57 890
57 890
57 890
57 890
57 890
57 890
57 890
57 890
57 890
57 890
57 890
57 890
57 890
57 890
57 890
57 890
57 890
57 890
57 890
57 890
60 862
60 862
60 862
60 862
60 862
60 862
60 862
60 862
65 872
65 872
65 872
65 872
65 872
65 872
65 872
65 872
65 872
65 872
65 872
65 872
65 872
65 872
65 872
65 872
65 872
65 872
65 872
65 872
65 872
65 872
65 872
65 872
65 872
65 872
65 872
65 872
67 894
67 894
67 894
67 894
67 894
67 894
67 894
67 894
67 894
67 894
73 1369
73 1369
73 1369
73 1369
73 1369
73 1369
73 1369
73 1369
73 1369
73 1369
73 1369
73 1369
73 1369
73 1369
73 1369
73 1369
73 1369
73 1369
73 1369
73 1369
73 1369
66 953
66 953
66 953
66 953
66 953
66 953
66 953
