15 36
15 36
15 36
15 36
15 36
15 36
15 36
15 36
15 36
15 36
15 36
17 31
17 31
17 31
17 31
17 31
17 31
17 31
17 31
17 31
17 31
18 24
18 24
18 24
18 24
18 24
18 24
18 24
18 24
18 24
18 24
18 24
18 24
18 24
18 24
18 24
18 24
18 24
18 24
18 24
18 24
19 29
19 29
20 34
20 34
20 34
20 34
20 34
20 34
20 34
20 34
22 18
22 18
22 18
22 18
22 18
22 18
22 18
22 18
22 18
22 18
22 18
22 18
22 18
22 18
22 18
22 18
22 18
24 12
24 12
24 12
24 12
24 12
17 49
17 49
17 49
17 49
17 49
17 49
17 49
17 49
17 49
17 49
15 92
15 92
15 92
15 92
15 92
15 92
15 92
15 92
15 92
15 92
15 92
30 444
30 444
30 444
30 444
30 444
30 444
30 444
30 444
30 444
30 444
30 444
30 444
30 444
30 444
30 444
33 418
33 418
33 418
33 418
33 418
33 418
33 418
33 418
33 418
33 418
33 418
33 418
33 418
33 418
33 418
33 418
33 418
33 418
33 418
18 82
18 82
18 82
18 82
18 82
18 82
18 82
18 82
18 82
18 82
18 82
18 82
18 82
18 82
18 82
18 82
18 82
18 82
18 82
18 82
19 77
19 77
69 85
69 85
69 85
69 85
69 85
69 85
69 85
69 85
69 85
69 85
69 85
69 85
20 76
20 76
20 76
20 76
20 76
20 76
20 76
20 76
22 63
22 63
22 63
22 63
22 63
22 63
22 63
22 63
22 63
22 63
22 63
22 63
22 63
22 63
22 63
22 63
22 63
24 72
24 72
24 72
24 72
24 72
60 476
60 476
60 476
60 476
60 476
60 476
60 476
60 476
60 476
60 476
60 476
60 476
60 476
74 352
33 372
33 372
33 372
33 372
33 372
33 372
33 372
33 372
33 372
33 372
33 372
33 372
33 372
33 372
33 372
33 372
33 372
33 372
33 372
15 96
15 96
15 96
15 96
15 96
15 96
15 96
15 96
15 96
15 96
15 96
38 406
38 406
38 406
38 406
38 406
38 406
18 135
18 135
18 135
18 135
18 135
18 135
18 135
18 135
18 135
18 135
18 135
18 135
18 135
18 135
18 135
18 135
18 135
18 135
18 135
18 135
69 128
69 128
69 128
69 128
69 128
69 128
69 128
69 128
69 128
69 128
69 128
69 128
20 151
20 151
20 151
20 151
20 151
20 151
20 151
20 151
19 197
19 197
17 220
17 220
17 220
17 220
17 220
17 220
17 220
17 220
17 220
17 220
22 177
22 177
22 177
22 177
22 177
22 177
22 177
22 177
22 177
22 177
22 177
22 177
22 177
22 177
22 177
22 177
22 177
24 168
24 168
24 168
24 168
24 168
74 185
50 457
50 457
50 457
50 457
30 836
30 836
30 836
30 836
30 836
30 836
30 836
30 836
30 836
30 836
30 836
30 836
30 836
30 836
30 836
62 1140
62 1140
62 1140
62 1140
62 1140
62 1140
62 1140
62 1140
62 1140
62 1140
62 1140
62 1140
62 1140
62 1140
62 1140
62 1140
62 642
62 642
62 642
62 642
62 642
62 642
62 642
62 642
62 642
62 642
62 642
62 642
62 642
62 642
62 642
62 642
47 1331
47 1331
47 1331
47 1331
47 1331
47 1331
47 1331
47 1331
47 1331
15 155
15 155
15 155
15 155
15 155
15 155
15 155
15 155
15 155
15 155
15 155
17 147
17 147
17 147
17 147
17 147
17 147
17 147
17 147
17 147
17 147
18 178
18 178
18 178
18 178
18 178
18 178
18 178
18 178
18 178
18 178
18 178
18 178
18 178
18 178
18 178
18 178
18 178
18 178
18 178
18 178
19 175
19 175
69 179
69 179
69 179
69 179
69 179
69 179
69 179
69 179
69 179
69 179
69 179
69 179
20 177
20 177
20 177
20 177
20 177
20 177
20 177
20 177
60 778
60 778
60 778
60 778
60 778
60 778
60 778
60 778
60 778
60 778
60 778
60 778
60 778
22 162
22 162
22 162
22 162
22 162
22 162
22 162
22 162
22 162
22 162
22 162
22 162
22 162
22 162
22 162
22 162
22 162
74 172
24 193
24 193
24 193
24 193
24 193
47 1035
47 1035
47 1035
47 1035
47 1035
47 1035
47 1035
47 1035
47 1035
32 1720
32 1720
32 1720
32 1720
32 1720
32 1720
32 1720
32 1221
32 1221
32 1221
32 1221
32 1221
32 1221
32 1221
3 2078
3 2078
3 2078
38 730
38 730
38 730
38 730
38 730
38 730
3 1586
3 1586
3 1586
3 1088
3 1088
3 1088
28 1414
28 1414
28 1414
28 1414
28 1414
28 1414
28 1414
28 1414
28 1414
28 1414
28 1414
28 1414
28 1414
28 1414
3 173
3 173
3 173
28 934
28 934
28 934
28 934
28 934
28 934
28 934
28 934
28 934
28 934
28 934
28 934
28 934
28 934
30 984
30 984
30 984
30 984
30 984
30 984
30 984
30 984
30 984
30 984
30 984
30 984
30 984
30 984
30 984
47 825
47 825
47 825
47 825
47 825
47 825
47 825
47 825
47 825
15 172
15 172
15 172
15 172
15 172
15 172
15 172
15 172
15 172
15 172
15 172
50 834
50 834
50 834
50 834
17 167
17 167
17 167
17 167
17 167
17 167
17 167
17 167
17 167
17 167
18 163
18 163
18 163
18 163
18 163
18 163
18 163
18 163
18 163
18 163
18 163
18 163
18 163
18 163
18 163
18 163
18 163
18 163
18 163
18 163
20 168
20 168
20 168
20 168
20 168
20 168
20 168
20 168
19 195
19 195
69 196
69 196
69 196
69 196
69 196
69 196
69 196
69 196
69 196
69 196
69 196
69 196
32 1078
32 1078
32 1078
32 1078
32 1078
32 1078
32 1078
22 181
22 181
22 181
22 181
22 181
22 181
22 181
22 181
22 181
22 181
22 181
22 181
22 181
22 181
22 181
22 181
22 181
62 853
62 853
62 853
62 853
62 853
62 853
62 853
62 853
62 853
62 853
62 853
62 853
62 853
62 853
62 853
62 853
60 880
60 880
60 880
60 880
60 880
60 880
60 880
60 880
60 880
60 880
60 880
60 880
60 880
24 266
24 266
24 266
24 266
24 266
74 306
33 1289
33 1289
33 1289
33 1289
33 1289
33 1289
33 1289
33 1289
33 1289
33 1289
33 1289
33 1289
33 1289
33 1289
33 1289
33 1289
33 1289
33 1289
33 1289
3 214
3 214
3 214
30 968
30 968
30 968
30 968
30 968
30 968
30 968
30 968
30 968
30 968
30 968
30 968
30 968
30 968
30 968
33 1034
33 1034
33 1034
33 1034
33 1034
33 1034
33 1034
33 1034
33 1034
33 1034
33 1034
33 1034
33 1034
33 1034
33 1034
33 1034
33 1034
33 1034
33 1034
15 222
15 222
15 222
15 222
15 222
15 222
15 222
15 222
15 222
15 222
15 222
17 247
17 247
17 247
17 247
17 247
17 247
17 247
17 247
17 247
17 247
38 1055
38 1055
38 1055
38 1055
38 1055
38 1055
18 271
18 271
18 271
18 271
18 271
18 271
18 271
18 271
18 271
18 271
18 271
18 271
18 271
18 271
18 271
18 271
18 271
18 271
18 271
18 271
69 270
69 270
69 270
69 270
69 270
69 270
69 270
69 270
69 270
69 270
69 270
69 270
19 277
19 277
20 273
20 273
20 273
20 273
20 273
20 273
20 273
20 273
22 258
22 258
22 258
22 258
22 258
22 258
22 258
22 258
22 258
22 258
22 258
22 258
22 258
22 258
22 258
22 258
22 258
24 261
24 261
24 261
24 261
24 261
74 268
50 1109
50 1109
50 1109
50 1109
32 1361
32 1361
32 1361
32 1361
32 1361
32 1361
32 1361
47 1246
47 1246
47 1246
47 1246
47 1246
47 1246
47 1246
47 1246
47 1246
3 278
3 278
3 278
62 1221
62 1221
62 1221
62 1221
62 1221
62 1221
62 1221
62 1221
62 1221
62 1221
62 1221
62 1221
62 1221
62 1221
62 1221
62 1221
60 1300
60 1300
60 1300
60 1300
60 1300
60 1300
60 1300
60 1300
60 1300
60 1300
60 1300
60 1300
60 1300
15 274
15 274
15 274
15 274
15 274
15 274
15 274
15 274
15 274
15 274
15 274
17 268
17 268
17 268
17 268
17 268
17 268
17 268
17 268
17 268
17 268
69 277
69 277
69 277
69 277
69 277
69 277
69 277
69 277
69 277
69 277
69 277
69 277
19 292
19 292
20 286
20 286
20 286
20 286
20 286
20 286
20 286
20 286
18 307
18 307
18 307
18 307
18 307
18 307
18 307
18 307
18 307
18 307
18 307
18 307
18 307
18 307
18 307
18 307
18 307
18 307
18 307
18 307
22 279
22 279
22 279
22 279
22 279
22 279
22 279
22 279
22 279
22 279
22 279
22 279
22 279
22 279
22 279
22 279
22 279
28 1723
28 1723
28 1723
28 1723
28 1723
28 1723
28 1723
28 1723
28 1723
28 1723
28 1723
28 1723
28 1723
28 1723
24 289
24 289
24 289
24 289
24 289
74 304
32 1301
32 1301
32 1301
32 1301
32 1301
32 1301
32 1301
33 1309
33 1309
33 1309
33 1309
33 1309
33 1309
33 1309
33 1309
33 1309
33 1309
33 1309
33 1309
33 1309
33 1309
33 1309
33 1309
33 1309
33 1309
33 1309
30 1407
30 1407
30 1407
30 1407
30 1407
30 1407
30 1407
30 1407
30 1407
30 1407
30 1407
30 1407
30 1407
30 1407
30 1407
38 1377
38 1377
38 1377
38 1377
38 1377
38 1377
3 277
3 277
3 277
28 1564
28 1564
28 1564
28 1564
28 1564
28 1564
28 1564
28 1564
28 1564
28 1564
28 1564
28 1564
28 1564
28 1564
55 3310
55 3310
55 3310
55 3310
55 3310
55 3310
55 3310
55 3310
55 3310
55 3310
55 3310
55 3310
55 3310
55 3310
55 3310
55 3310
55 3310
55 3310
55 2810
55 2810
55 2810
55 2810
55 2810
55 2810
55 2810
55 2810
55 2810
55 2810
55 2810
55 2810
55 2810
55 2810
55 2810
55 2810
55 2810
55 2810
55 2311
55 2311
55 2311
55 2311
55 2311
55 2311
55 2311
55 2311
55 2311
55 2311
55 2311
55 2311
55 2311
55 2311
55 2311
55 2311
55 2311
55 2311
47 1449
47 1449
47 1449
47 1449
47 1449
47 1449
47 1449
47 1449
47 1449
15 292
15 292
15 292
15 292
15 292
15 292
15 292
15 292
15 292
15 292
15 292
50 1452
50 1452
50 1452
50 1452
69 271
69 271
69 271
69 271
69 271
69 271
69 271
69 271
69 271
69 271
69 271
69 271
19 289
19 289
20 295
20 295
20 295
20 295
20 295
20 295
20 295
20 295
22 297
22 297
22 297
22 297
22 297
22 297
22 297
22 297
22 297
22 297
22 297
22 297
22 297
22 297
22 297
22 297
22 297
18 369
18 369
18 369
18 369
18 369
18 369
18 369
18 369
18 369
18 369
18 369
18 369
18 369
18 369
18 369
18 369
18 369
18 369
18 369
18 369
74 319
55 1526
55 1526
55 1526
55 1526
55 1526
55 1526
55 1526
55 1526
55 1526
55 1526
55 1526
55 1526
55 1526
55 1526
55 1526
55 1526
55 1526
55 1526
24 339
24 339
24 339
24 339
24 339
17 414
17 414
17 414
17 414
17 414
17 414
17 414
17 414
17 414
17 414
62 1535
62 1535
62 1535
62 1535
62 1535
62 1535
62 1535
62 1535
62 1535
62 1535
62 1535
62 1535
62 1535
62 1535
62 1535
62 1535
60 1787
60 1787
60 1787
60 1787
60 1787
60 1787
60 1787
60 1787
60 1787
60 1787
60 1787
60 1787
60 1787
69 367
69 367
69 367
69 367
69 367
69 367
69 367
69 367
69 367
69 367
69 367
69 367
74 396
