14 208
14 208
14 208
14 208
14 208
14 208
14 208
14 208
14 208
14 208
14 208
14 208
14 208
14 208
39 150
39 150
39 150
39 150
39 150
39 150
29 255
29 255
29 255
29 255
29 255
29 255
29 255
29 255
29 255
29 255
29 255
29 255
29 255
29 255
29 255
29 255
29 255
29 255
42 136
42 136
42 136
42 136
42 136
42 136
42 136
42 136
42 136
42 136
42 136
42 136
42 136
5 553
5 553
5 553
5 553
5 553
5 553
5 553
5 553
5 553
5 553
5 553
5 553
5 553
5 553
5 553
5 553
5 553
5 553
5 553
5 553
46 199
46 199
46 199
46 199
46 199
49 177
49 177
49 177
49 177
51 192
51 192
51 192
51 192
51 192
51 192
51 192
51 192
51 192
51 192
51 192
51 192
51 192
51 192
51 192
51 192
51 192
54 180
54 180
54 180
14 135
14 135
14 135
14 135
14 135
14 135
14 135
14 135
14 135
14 135
14 135
14 135
14 135
14 135
5 269
5 269
5 269
5 269
5 269
5 269
5 269
5 269
5 269
5 269
5 269
5 269
5 269
5 269
5 269
5 269
5 269
5 269
5 269
5 269
66 183
67 193
67 193
67 193
67 193
67 193
67 193
67 193
67 193
67 193
67 193
67 193
67 193
67 193
67 193
67 193
67 193
67 193
67 193
67 193
63 287
63 287
63 287
63 287
63 287
63 287
63 287
63 287
63 287
72 203
72 203
29 207
29 207
29 207
29 207
29 207
29 207
29 207
29 207
29 207
29 207
29 207
29 207
29 207
29 207
29 207
29 207
29 207
29 207
39 242
39 242
39 242
39 242
39 242
39 242
42 250
42 250
42 250
42 250
42 250
42 250
42 250
42 250
42 250
42 250
42 250
42 250
42 250
46 235
46 235
46 235
46 235
46 235
49 247
49 247
49 247
49 247
51 253
51 253
51 253
51 253
51 253
51 253
51 253
51 253
51 253
51 253
51 253
51 253
51 253
51 253
51 253
51 253
51 253
54 258
54 258
54 258
5 271
5 271
5 271
5 271
5 271
5 271
5 271
5 271
5 271
5 271
5 271
5 271
5 271
5 271
5 271
5 271
5 271
5 271
5 271
5 271
25 1128
25 1128
25 1128
25 1128
25 1128
25 1128
25 1128
25 628
25 628
25 628
25 628
25 628
25 628
25 628
15 1229
15 1229
15 1229
15 1229
15 1229
15 1229
15 1229
15 1229
15 1229
15 1229
15 1229
15 1229
15 1229
15 1229
15 1229
15 1229
15 732
15 732
15 732
15 732
15 732
15 732
15 732
15 732
15 732
15 732
15 732
15 732
15 732
15 732
15 732
15 732
66 277
63 329
63 329
63 329
63 329
63 329
63 329
63 329
63 329
63 329
67 335
67 335
67 335
67 335
67 335
67 335
67 335
67 335
67 335
67 335
67 335
67 335
67 335
67 335
67 335
67 335
67 335
67 335
67 335
14 413
14 413
14 413
14 413
14 413
14 413
14 413
14 413
14 413
14 413
14 413
14 413
14 413
14 413
72 334
72 334
25 310
25 310
25 310
25 310
25 310
25 310
25 310
15 428
15 428
15 428
15 428
15 428
15 428
15 428
15 428
15 428
15 428
15 428
15 428
15 428
15 428
15 428
15 428
29 334
29 334
29 334
29 334
29 334
29 334
29 334
29 334
29 334
29 334
29 334
29 334
29 334
29 334
29 334
29 334
29 334
29 334
39 366
39 366
39 366
39 366
39 366
39 366
42 358
42 358
42 358
42 358
42 358
42 358
42 358
42 358
42 358
42 358
42 358
42 358
42 358
46 371
46 371
46 371
46 371
46 371
53 1326
53 1326
53 1326
53 1326
53 1326
53 1326
53 1326
53 1326
49 415
49 415
49 415
49 415
51 409
51 409
51 409
51 409
51 409
51 409
51 409
51 409
51 409
51 409
51 409
51 409
51 409
51 409
51 409
51 409
51 409
54 436
54 436
54 436
53 1031
53 1031
53 1031
53 1031
53 1031
53 1031
53 1031
53 1031
5 512
5 512
5 512
5 512
5 512
5 512
5 512
5 512
5 512
5 512
5 512
5 512
5 512
5 512
5 512
5 512
5 512
5 512
5 512
5 512
14 429
14 429
14 429
14 429
14 429
14 429
14 429
14 429
14 429
14 429
14 429
14 429
14 429
14 429
15 423
15 423
15 423
15 423
15 423
15 423
15 423
15 423
15 423
15 423
15 423
15 423
15 423
15 423
15 423
15 423
66 461
67 469
67 469
67 469
67 469
67 469
67 469
67 469
67 469
67 469
67 469
67 469
67 469
67 469
67 469
67 469
67 469
67 469
67 469
67 469
72 486
72 486
29 505
29 505
29 505
29 505
29 505
29 505
29 505
29 505
29 505
29 505
29 505
29 505
29 505
29 505
29 505
29 505
29 505
29 505
63 723
63 723
63 723
63 723
63 723
63 723
63 723
63 723
63 723
25 646
25 646
25 646
25 646
25 646
25 646
25 646
39 526
39 526
39 526
39 526
39 526
39 526
11 1824
11 1824
11 1824
11 1824
11 1824
11 1824
11 1824
11 1824
11 1824
11 1824
11 1824
11 1824
11 1824
11 1824
11 1824
42 571
42 571
42 571
42 571
42 571
42 571
42 571
42 571
42 571
42 571
42 571
42 571
42 571
46 577
46 577
46 577
46 577
46 577
49 592
49 592
49 592
49 592
51 607
51 607
51 607
51 607
51 607
51 607
51 607
51 607
51 607
51 607
51 607
51 607
51 607
51 607
51 607
51 607
51 607
54 598
54 598
54 598
66 614
67 617
67 617
67 617
67 617
67 617
67 617
67 617
67 617
67 617
67 617
67 617
67 617
67 617
67 617
67 617
67 617
67 617
67 617
67 617
11 1180
11 1180
11 1180
11 1180
11 1180
11 1180
11 1180
11 1180
11 1180
11 1180
11 1180
11 1180
11 1180
11 1180
11 1180
11 690
11 690
11 690
11 690
11 690
11 690
11 690
11 690
11 690
11 690
11 690
11 690
11 690
11 690
11 690
15 655
15 655
15 655
15 655
15 655
15 655
15 655
15 655
15 655
15 655
15 655
15 655
15 655
15 655
15 655
15 655
5 760
5 760
5 760
5 760
5 760
5 760
5 760
5 760
5 760
5 760
5 760
5 760
5 760
5 760
5 760
5 760
5 760
5 760
5 760
5 760
72 638
72 638
63 745
63 745
63 745
63 745
63 745
63 745
63 745
63 745
63 745
53 847
53 847
53 847
53 847
53 847
53 847
53 847
53 847
29 670
29 670
29 670
29 670
29 670
29 670
29 670
29 670
29 670
29 670
29 670
29 670
29 670
29 670
29 670
29 670
29 670
29 670
39 709
39 709
39 709
39 709
39 709
39 709
42 704
42 704
42 704
42 704
42 704
42 704
42 704
42 704
42 704
42 704
42 704
42 704
42 704
14 1012
14 1012
14 1012
14 1012
14 1012
14 1012
14 1012
14 1012
14 1012
14 1012
14 1012
14 1012
14 1012
14 1012
24 2413
24 2413
24 2413
24 2413
24 2413
24 2413
24 2413
24 2413
24 2413
24 2413
24 2413
24 2413
24 1433
24 1433
24 1433
24 1433
24 1433
24 1433
24 1433
24 1433
24 1433
24 1433
24 1433
24 1433
25 928
25 928
25 928
25 928
25 928
25 928
25 928
5 629
5 629
5 629
5 629
5 629
5 629
5 629
5 629
5 629
5 629
5 629
5 629
5 629
5 629
5 629
5 629
5 629
5 629
5 629
5 629
24 939
24 939
24 939
24 939
24 939
24 939
24 939
24 939
24 939
24 939
24 939
24 939
11 570
11 570
11 570
11 570
11 570
11 570
11 570
11 570
11 570
11 570
11 570
11 570
11 570
11 570
11 570
63 555
63 555
63 555
63 555
63 555
63 555
63 555
63 555
63 555
25 442
25 442
25 442
25 442
25 442
25 442
25 442
46 734
46 734
46 734
46 734
46 734
49 746
49 746
49 746
49 746
51 752
51 752
51 752
51 752
51 752
51 752
51 752
51 752
51 752
51 752
51 752
51 752
51 752
51 752
51 752
51 752
51 752
54 782
54 782
54 782
15 738
15 738
15 738
15 738
15 738
15 738
15 738
15 738
15 738
15 738
15 738
15 738
15 738
15 738
15 738
15 738
66 827
67 819
67 819
67 819
67 819
67 819
67 819
67 819
67 819
67 819
67 819
67 819
67 819
67 819
67 819
67 819
67 819
67 819
67 819
67 819
72 832
72 832
29 909
29 909
29 909
29 909
29 909
29 909
29 909
29 909
29 909
29 909
29 909
29 909
29 909
29 909
29 909
29 909
29 909
29 909
14 1079
14 1079
14 1079
14 1079
14 1079
14 1079
14 1079
14 1079
14 1079
14 1079
14 1079
14 1079
14 1079
14 1079
5 673
5 673
5 673
5 673
5 673
5 673
5 673
5 673
5 673
5 673
5 673
5 673
5 673
5 673
5 673
5 673
5 673
5 673
5 673
5 673
39 884
39 884
39 884
39 884
39 884
39 884
42 888
42 888
42 888
42 888
42 888
42 888
42 888
42 888
42 888
42 888
42 888
42 888
42 888
46 910
46 910
46 910
46 910
46 910
49 955
49 955
49 955
49 955
51 970
51 970
51 970
51 970
51 970
51 970
51 970
51 970
51 970
51 970
51 970
51 970
51 970
51 970
51 970
51 970
51 970
54 978
54 978
54 978
67 1029
67 1029
67 1029
67 1029
67 1029
67 1029
67 1029
67 1029
67 1029
67 1029
67 1029
67 1029
67 1029
67 1029
67 1029
67 1029
67 1029
67 1029
67 1029
66 1063
72 1067
72 1067
53 1274
53 1274
53 1274
53 1274
53 1274
53 1274
53 1274
53 1274
63 1273
63 1273
63 1273
63 1273
63 1273
63 1273
63 1273
63 1273
63 1273
53 873
53 873
53 873
53 873
53 873
53 873
53 873
53 873
