1 4 2 -78.8652 5.76269
2 4 3 16.7069 7.97322
3 3 3 -86.6027 11.5783
4 4 1 -0.120456 65.8775
5 4 1 -18.895 90.725
6 4 3 75.2242 -68.5207
7 2 2 -53.9114 81.2751
8 1 2 89.3887 88.3571
9 1 2 -0.711133 -56.5691
10 4 2 54.7113 -58.3428
11 4 2 94.3621 -56.1857
12 1 3 93.3 24.276
13 2 2 -29.1389 -89.4864
14 4 2 29.963 47.7946
15 1 3 -32.7218 25.808
16 2 1 4.95761 -35.8884
17 3 1 18.9449 -4.36809
18 1 2 -27.4457 95.7884
19 4 2 -57.2678 -53.7433
20 3 2 25.5522 -41.4054
21 2 1 -77.0476 37.0881
22 1 3 -56.8133 -43.2494
23 3 3 28.0236 45.8651
24 1 1 -15.1221 -21.1445
25 4 1 -57.6212 -71.5111
26 4 1 -93.2883 -12.7456
27 2 2 80.6985 13.959
28 3 3 61.5435 88.9668
29 3 3 -66.7448 -36.2681
30 3 3 -90.4711 50.6027
31 1 3 26.4542 -3.88269
32 2 1 -48.1052 54.8275
33 2 1 2.56457 -28.591
34 1 1 35.2678 92.6021
35 4 1 -95.8333 11.5357
36 4 3 92.5498 40.4138
37 2 1 20.3929 73.7172
38 3 2 -76.3343 -33.5969
39 1 1 -39.5635 -89.3095
40 1 1 9.85649 66.7442
41 3 3 44.6521 -23.7704
42 4 3 26.4278 -49.4842
43 4 2 55.6985 -75.8588
44 1 2 48.1863 15.663
45 1 2 -37.0252 82.2322
46 2 3 -11.2942 -60.8182
47 3 2 43.9464 40.876
48 4 1 66.2591 13.3645
49 1 1 -84.2358 64.6996
50 4 3 29.1687 92.379
51 1 2 44.3634 30.0859
52 3 1 11.3998 26.8129
53 2 3 -96.8922 -29.164
54 3 2 73.4136 -35.6034
55 2 2 58.9768 5.49392
56 4 1 29.719 86.9674
57 1 3 79.4997 74.9519
58 4 1 -48.0673 -81.9087
59 3 1 15.5377 85.8818
60 1 1 -4.74905 -49.9128
61 2 1 79.1371 -65.7312
62 2 3 -87.3248 55.8938
63 2 1 -14.8799 -38.8298
64 2 1 84.6669 84.0368
