14 115
14 115
14 115
14 115
14 115
14 115
14 115
14 115
14 115
14 115
14 115
14 115
14 115
14 115
14 115
14 115
14 115
14 115
14 115
14 115
14 115
14 115
14 115
14 115
14 115
14 115
14 115
14 115
14 115
14 115
20 130
20 130
20 130
20 130
20 130
20 130
20 130
20 130
20 130
20 130
22 114
22 114
22 114
22 114
22 114
22 114
7 314
7 314
7 314
7 314
7 314
7 314
7 314
7 314
7 314
7 314
7 314
7 314
7 314
7 314
7 314
7 314
7 314
7 314
7 314
7 314
7 314
7 314
7 314
7 314
7 314
7 314
19 196
19 196
19 196
19 196
19 196
19 196
19 196
19 196
19 196
19 196
19 196
19 196
19 196
19 196
19 196
19 196
19 196
19 196
19 196
19 196
19 196
19 196
19 196
21 177
21 177
21 177
21 177
21 177
21 177
21 177
21 177
21 177
21 177
21 177
21 177
21 177
21 177
21 177
21 177
21 177
21 177
21 177
21 177
21 177
21 177
21 177
21 177
25 173
25 173
25 173
25 173
25 173
25 173
25 173
25 173
25 173
28 148
28 148
28 148
28 148
28 148
28 148
28 148
28 148
34 129
34 129
34 129
34 129
34 129
34 129
34 129
34 129
34 129
34 129
34 129
34 129
36 124
36 124
36 124
36 124
36 124
36 124
36 124
36 124
36 124
36 124
36 124
36 124
36 124
36 124
36 124
36 124
36 124
36 124
36 124
36 124
36 124
36 124
36 124
36 124
36 124
36 124
36 124
37 127
37 127
37 127
37 127
37 127
37 127
37 127
37 127
37 127
37 127
37 127
37 127
37 127
37 127
37 127
37 127
37 127
37 127
42 124
42 124
42 124
42 124
42 124
42 124
42 124
42 124
42 124
42 124
42 124
42 124
42 124
44 186
44 186
44 186
44 186
44 186
44 186
44 186
44 186
44 186
44 186
44 186
44 186
44 186
44 186
44 186
44 186
44 186
44 186
44 186
44 186
44 186
45 218
45 218
45 218
45 218
45 218
45 218
45 218
45 218
45 218
45 218
45 218
45 218
45 218
45 218
45 218
45 218
45 218
45 218
45 218
45 218
7 172
7 172
7 172
7 172
7 172
7 172
7 172
7 172
7 172
7 172
7 172
7 172
7 172
7 172
7 172
7 172
7 172
7 172
7 172
7 172
7 172
7 172
7 172
7 172
7 172
7 172
57 244
57 244
57 244
57 244
57 244
57 244
57 244
57 244
57 244
57 244
57 244
57 244
57 244
57 244
60 248
60 248
60 248
60 248
60 248
60 248
60 248
65 213
65 213
65 213
67 196
67 196
67 196
67 196
19 205
19 205
19 205
19 205
19 205
19 205
19 205
19 205
19 205
19 205
19 205
19 205
19 205
19 205
19 205
19 205
19 205
19 205
19 205
19 205
19 205
19 205
19 205
21 206
21 206
21 206
21 206
21 206
21 206
21 206
21 206
21 206
21 206
21 206
21 206
21 206
21 206
21 206
21 206
21 206
21 206
21 206
21 206
21 206
21 206
21 206
21 206
23 217
23 217
23 217
23 217
23 217
47 480
20 260
20 260
20 260
20 260
20 260
20 260
20 260
20 260
20 260
20 260
22 254
22 254
22 254
22 254
22 254
22 254
48 582
48 582
48 582
48 582
48 582
48 582
48 582
48 582
48 582
48 582
48 582
48 582
48 582
48 582
48 582
48 582
48 582
48 582
48 582
48 582
48 582
48 582
48 582
48 582
48 582
48 582
48 582
48 582
48 582
28 284
28 284
28 284
28 284
28 284
28 284
28 284
28 284
41 675
41 675
41 675
41 675
41 675
41 675
41 675
41 675
41 675
41 675
41 675
41 675
41 675
41 675
41 675
41 675
41 675
53 555
53 555
53 555
53 555
53 555
53 555
53 555
53 555
53 555
53 555
53 555
53 555
53 555
53 555
53 555
53 555
53 555
53 555
53 555
3 1056
3 1056
3 1056
3 1056
3 1056
3 1056
3 1056
3 1056
3 1056
3 1056
3 1056
3 1056
3 1056
3 1056
3 1056
3 556
3 556
3 556
3 556
3 556
3 556
3 556
3 556
3 556
3 556
3 556
3 556
3 556
3 556
3 556
4 1046
4 1046
4 547
4 547
37 303
37 303
37 303
37 303
37 303
37 303
37 303
37 303
37 303
37 303
37 303
37 303
37 303
37 303
37 303
37 303
37 303
37 303
83 346
83 346
83 346
83 346
83 346
83 346
83 346
83 346
83 346
83 346
83 346
83 346
83 346
83 346
83 346
83 346
83 346
83 346
83 346
83 346
83 346
83 346
83 346
83 346
83 346
83 346
83 346
83 346
14 548
14 548
14 548
14 548
14 548
14 548
14 548
14 548
14 548
14 548
14 548
14 548
14 548
14 548
14 548
14 548
14 548
14 548
14 548
14 548
14 548
14 548
14 548
14 548
14 548
14 548
14 548
14 548
14 548
14 548
34 363
34 363
34 363
34 363
34 363
34 363
34 363
34 363
34 363
34 363
34 363
34 363
36 355
36 355
36 355
36 355
36 355
36 355
36 355
36 355
36 355
36 355
36 355
36 355
36 355
36 355
36 355
36 355
36 355
36 355
36 355
36 355
36 355
36 355
36 355
36 355
36 355
36 355
36 355
42 316
42 316
42 316
42 316
42 316
42 316
42 316
42 316
42 316
42 316
42 316
42 316
42 316
25 527
25 527
25 527
25 527
25 527
25 527
25 527
25 527
25 527
44 362
44 362
44 362
44 362
44 362
44 362
44 362
44 362
44 362
44 362
44 362
44 362
44 362
44 362
44 362
44 362
44 362
44 362
44 362
44 362
44 362
45 353
45 353
45 353
45 353
45 353
45 353
45 353
45 353
45 353
45 353
45 353
45 353
45 353
45 353
45 353
45 353
45 353
45 353
45 353
45 353
63 692
63 692
63 692
63 692
63 692
63 692
63 692
63 692
63 692
63 692
63 692
63 692
63 692
63 692
63 692
63 692
9 1236
9 1236
9 1236
9 1236
9 1236
9 1236
9 1236
9 1236
9 1236
9 1236
9 1236
9 1236
9 1236
9 1236
9 1236
9 1236
9 1236
9 1236
9 1236
9 1236
9 1236
9 1236
9 1236
9 1236
9 1236
9 737
9 737
9 737
9 737
9 737
9 737
9 737
9 737
9 737
9 737
9 737
9 737
9 737
9 737
9 737
9 737
9 737
9 737
9 737
9 737
9 737
9 737
9 737
9 737
9 737
79 546
79 546
79 546
79 546
79 546
79 546
79 546
79 546
79 546
79 546
79 546
79 546
79 546
79 546
79 546
79 546
79 546
79 546
79 546
79 546
79 546
79 546
29 1101
29 1101
29 1101
29 1101
29 1101
29 1101
29 1101
29 1101
29 1101
29 1101
29 1101
29 605
29 605
29 605
29 605
29 605
29 605
29 605
29 605
29 605
29 605
29 605
7 340
7 340
7 340
7 340
7 340
7 340
7 340
7 340
7 340
7 340
7 340
7 340
7 340
7 340
7 340
7 340
7 340
7 340
7 340
7 340
7 340
7 340
7 340
7 340
7 340
7 340
60 350
60 350
60 350
60 350
60 350
60 350
60 350
57 385
57 385
57 385
57 385
57 385
57 385
57 385
57 385
57 385
57 385
57 385
57 385
57 385
57 385
9 398
9 398
9 398
9 398
9 398
9 398
9 398
9 398
9 398
9 398
9 398
9 398
9 398
9 398
9 398
9 398
9 398
9 398
9 398
9 398
9 398
9 398
9 398
9 398
9 398
65 377
65 377
65 377
67 439
67 439
67 439
67 439
41 703
41 703
41 703
41 703
41 703
41 703
41 703
41 703
41 703
41 703
41 703
41 703
41 703
41 703
41 703
41 703
41 703
21 448
21 448
21 448
21 448
21 448
21 448
21 448
21 448
21 448
21 448
21 448
21 448
21 448
21 448
21 448
21 448
21 448
21 448
21 448
21 448
21 448
21 448
21 448
21 448
47 707
23 454
23 454
23 454
23 454
23 454
48 717
48 717
48 717
48 717
48 717
48 717
48 717
48 717
48 717
48 717
48 717
48 717
48 717
48 717
48 717
48 717
48 717
48 717
48 717
48 717
48 717
48 717
48 717
48 717
48 717
48 717
48 717
48 717
48 717
20 501
20 501
20 501
20 501
20 501
20 501
20 501
20 501
20 501
20 501
22 489
22 489
22 489
22 489
22 489
22 489
19 529
19 529
19 529
19 529
19 529
19 529
19 529
19 529
19 529
19 529
19 529
19 529
19 529
19 529
19 529
19 529
19 529
19 529
19 529
19 529
19 529
19 529
19 529
29 463
29 463
29 463
29 463
29 463
29 463
29 463
29 463
29 463
29 463
29 463
28 500
28 500
28 500
28 500
28 500
28 500
28 500
28 500
4 757
4 757
3 787
3 787
3 787
3 787
3 787
3 787
3 787
3 787
3 787
3 787
3 787
3 787
3 787
3 787
3 787
53 801
53 801
53 801
53 801
53 801
53 801
53 801
53 801
53 801
53 801
53 801
53 801
53 801
53 801
53 801
53 801
53 801
53 801
53 801
83 528
83 528
83 528
83 528
83 528
83 528
83 528
83 528
83 528
83 528
83 528
83 528
83 528
83 528
83 528
83 528
83 528
83 528
83 528
83 528
83 528
83 528
83 528
83 528
83 528
83 528
83 528
83 528
37 489
37 489
37 489
37 489
37 489
37 489
37 489
37 489
37 489
37 489
37 489
37 489
37 489
37 489
37 489
37 489
37 489
37 489
34 522
34 522
34 522
34 522
34 522
34 522
34 522
34 522
34 522
34 522
34 522
34 522
42 492
42 492
42 492
42 492
42 492
42 492
42 492
42 492
42 492
42 492
42 492
42 492
42 492
36 555
36 555
36 555
36 555
36 555
36 555
36 555
36 555
36 555
36 555
36 555
36 555
36 555
36 555
36 555
36 555
36 555
36 555
36 555
36 555
36 555
36 555
36 555
36 555
36 555
36 555
36 555
44 553
44 553
44 553
44 553
44 553
44 553
44 553
44 553
44 553
44 553
44 553
44 553
44 553
44 553
44 553
44 553
44 553
44 553
44 553
44 553
44 553
45 550
45 550
45 550
45 550
45 550
45 550
45 550
45 550
45 550
45 550
45 550
45 550
45 550
45 550
45 550
45 550
45 550
45 550
45 550
45 550
7 557
7 557
7 557
7 557
7 557
7 557
7 557
7 557
7 557
7 557
7 557
7 557
7 557
7 557
7 557
7 557
7 557
7 557
7 557
7 557
7 557
7 557
7 557
7 557
7 557
7 557
14 999
14 999
14 999
14 999
14 999
14 999
14 999
14 999
14 999
14 999
14 999
14 999
14 999
14 999
14 999
14 999
14 999
14 999
14 999
14 999
14 999
14 999
14 999
14 999
14 999
14 999
14 999
14 999
14 999
14 999
60 586
60 586
60 586
60 586
60 586
60 586
60 586
25 968
25 968
25 968
25 968
25 968
25 968
25 968
25 968
25 968
57 657
57 657
57 657
57 657
57 657
57 657
57 657
57 657
57 657
57 657
57 657
57 657
57 657
57 657
9 663
9 663
9 663
9 663
9 663
9 663
9 663
9 663
9 663
9 663
9 663
9 663
9 663
9 663
9 663
9 663
9 663
9 663
9 663
9 663
9 663
9 663
9 663
9 663
9 663
65 616
65 616
65 616
67 603
67 603
67 603
67 603
19 588
19 588
19 588
19 588
19 588
19 588
19 588
19 588
19 588
19 588
19 588
19 588
19 588
19 588
19 588
19 588
19 588
19 588
19 588
19 588
19 588
19 588
19 588
21 571
21 571
21 571
21 571
21 571
21 571
21 571
21 571
21 571
21 571
21 571
21 571
21 571
21 571
21 571
21 571
21 571
21 571
21 571
21 571
21 571
21 571
21 571
21 571
23 573
23 573
23 573
23 573
23 573
20 664
20 664
20 664
20 664
20 664
20 664
20 664
20 664
20 664
20 664
79 1107
79 1107
79 1107
79 1107
79 1107
79 1107
79 1107
79 1107
79 1107
79 1107
79 1107
79 1107
79 1107
79 1107
79 1107
79 1107
79 1107
79 1107
79 1107
79 1107
79 1107
79 1107
63 1267
63 1267
63 1267
63 1267
63 1267
63 1267
63 1267
63 1267
63 1267
63 1267
63 1267
63 1267
63 1267
63 1267
63 1267
63 1267
29 612
29 612
29 612
29 612
29 612
29 612
29 612
29 612
29 612
29 612
29 612
22 704
22 704
22 704
22 704
22 704
22 704
28 710
28 710
28 710
28 710
28 710
28 710
28 710
28 710
41 1091
41 1091
41 1091
41 1091
41 1091
41 1091
41 1091
41 1091
41 1091
41 1091
41 1091
41 1091
41 1091
41 1091
41 1091
41 1091
41 1091
83 727
83 727
83 727
83 727
83 727
83 727
83 727
83 727
83 727
83 727
83 727
83 727
83 727
83 727
83 727
83 727
83 727
83 727
83 727
83 727
83 727
83 727
83 727
83 727
83 727
83 727
83 727
83 727
47 1101
37 718
37 718
37 718
37 718
37 718
37 718
37 718
37 718
37 718
37 718
37 718
37 718
37 718
37 718
37 718
37 718
37 718
37 718
34 749
34 749
34 749
34 749
34 749
34 749
34 749
34 749
34 749
34 749
34 749
34 749
36 746
36 746
36 746
36 746
36 746
36 746
36 746
36 746
36 746
36 746
36 746
36 746
36 746
36 746
36 746
36 746
36 746
36 746
36 746
36 746
36 746
36 746
36 746
36 746
36 746
36 746
36 746
42 733
42 733
42 733
42 733
42 733
42 733
42 733
42 733
42 733
42 733
42 733
42 733
42 733
3 1124
3 1124
3 1124
3 1124
3 1124
3 1124
3 1124
3 1124
3 1124
3 1124
3 1124
3 1124
3 1124
3 1124
3 1124
4 1142
4 1142
53 1216
53 1216
53 1216
53 1216
53 1216
53 1216
53 1216
53 1216
53 1216
53 1216
53 1216
53 1216
53 1216
53 1216
53 1216
53 1216
53 1216
53 1216
53 1216
7 678
7 678
7 678
7 678
7 678
7 678
7 678
7 678
7 678
7 678
7 678
7 678
7 678
7 678
7 678
7 678
7 678
7 678
7 678
7 678
7 678
7 678
7 678
7 678
7 678
7 678
44 841
44 841
44 841
44 841
44 841
44 841
44 841
44 841
44 841
44 841
44 841
44 841
44 841
44 841
44 841
44 841
44 841
44 841
44 841
44 841
44 841
45 842
45 842
45 842
45 842
45 842
45 842
45 842
45 842
45 842
45 842
45 842
45 842
45 842
45 842
45 842
45 842
45 842
45 842
45 842
45 842
60 704
60 704
60 704
60 704
60 704
60 704
60 704
65 720
65 720
65 720
67 715
67 715
67 715
67 715
14 1257
14 1257
14 1257
14 1257
14 1257
14 1257
14 1257
14 1257
14 1257
14 1257
14 1257
14 1257
14 1257
14 1257
14 1257
14 1257
14 1257
14 1257
14 1257
14 1257
14 1257
14 1257
14 1257
14 1257
14 1257
14 1257
14 1257
14 1257
14 1257
14 1257
57 833
57 833
57 833
57 833
57 833
57 833
57 833
57 833
57 833
57 833
57 833
57 833
57 833
57 833
19 736
19 736
19 736
19 736
19 736
19 736
19 736
19 736
19 736
19 736
19 736
19 736
19 736
19 736
19 736
19 736
19 736
19 736
19 736
19 736
19 736
19 736
19 736
63 1316
63 1316
63 1316
63 1316
63 1316
63 1316
63 1316
63 1316
63 1316
63 1316
63 1316
63 1316
63 1316
63 1316
63 1316
63 1316
48 1499
48 1499
48 1499
48 1499
48 1499
48 1499
48 1499
48 1499
48 1499
48 1499
48 1499
48 1499
48 1499
48 1499
48 1499
48 1499
48 1499
48 1499
48 1499
48 1499
48 1499
48 1499
48 1499
48 1499
48 1499
48 1499
48 1499
48 1499
48 1499
21 783
21 783
21 783
21 783
21 783
21 783
21 783
21 783
21 783
21 783
21 783
21 783
21 783
21 783
21 783
21 783
21 783
21 783
21 783
21 783
21 783
21 783
21 783
21 783
23 767
23 767
23 767
23 767
23 767
9 909
9 909
9 909
9 909
9 909
9 909
9 909
9 909
9 909
9 909
9 909
9 909
9 909
9 909
9 909
9 909
9 909
9 909
9 909
9 909
9 909
9 909
9 909
9 909
9 909
20 878
20 878
20 878
20 878
20 878
20 878
20 878
20 878
20 878
20 878
29 803
29 803
29 803
29 803
29 803
29 803
29 803
29 803
29 803
29 803
29 803
25 1361
25 1361
25 1361
25 1361
25 1361
25 1361
25 1361
25 1361
25 1361
22 915
22 915
22 915
22 915
22 915
22 915
37 807
37 807
37 807
37 807
37 807
37 807
37 807
37 807
37 807
37 807
37 807
37 807
37 807
37 807
37 807
37 807
37 807
37 807
79 1417
79 1417
79 1417
79 1417
79 1417
79 1417
79 1417
79 1417
79 1417
79 1417
79 1417
79 1417
79 1417
79 1417
79 1417
79 1417
79 1417
79 1417
79 1417
79 1417
79 1417
79 1417
42 788
42 788
42 788
42 788
42 788
42 788
42 788
42 788
42 788
42 788
42 788
42 788
42 788
28 959
28 959
28 959
28 959
28 959
28 959
28 959
28 959
83 973
83 973
83 973
83 973
83 973
83 973
83 973
83 973
83 973
83 973
83 973
83 973
83 973
83 973
83 973
83 973
83 973
83 973
83 973
83 973
83 973
83 973
83 973
83 973
83 973
83 973
83 973
83 973
34 984
34 984
34 984
34 984
34 984
34 984
34 984
34 984
34 984
34 984
34 984
34 984
36 984
36 984
36 984
36 984
36 984
36 984
36 984
36 984
36 984
36 984
36 984
36 984
36 984
36 984
36 984
36 984
36 984
36 984
36 984
36 984
36 984
36 984
36 984
36 984
36 984
36 984
36 984
44 943
44 943
44 943
44 943
44 943
44 943
44 943
44 943
44 943
44 943
44 943
44 943
44 943
44 943
44 943
44 943
44 943
44 943
44 943
44 943
44 943
45 969
45 969
45 969
45 969
45 969
45 969
45 969
45 969
45 969
45 969
45 969
45 969
45 969
45 969
45 969
45 969
45 969
45 969
45 969
45 969
7 862
7 862
7 862
7 862
7 862
7 862
7 862
7 862
7 862
7 862
7 862
7 862
7 862
7 862
7 862
7 862
7 862
7 862
7 862
7 862
7 862
7 862
7 862
7 862
7 862
7 862
41 1539
41 1539
41 1539
41 1539
41 1539
41 1539
41 1539
41 1539
41 1539
41 1539
41 1539
41 1539
41 1539
41 1539
41 1539
41 1539
41 1539
60 917
60 917
60 917
60 917
60 917
60 917
60 917
65 934
65 934
65 934
47 1616
48 1608
48 1608
48 1608
48 1608
48 1608
48 1608
48 1608
48 1608
48 1608
48 1608
48 1608
48 1608
48 1608
48 1608
48 1608
48 1608
48 1608
48 1608
48 1608
48 1608
48 1608
48 1608
48 1608
48 1608
48 1608
48 1608
48 1608
48 1608
48 1608
57 1026
57 1026
57 1026
57 1026
57 1026
57 1026
57 1026
57 1026
57 1026
57 1026
57 1026
57 1026
57 1026
57 1026
67 943
67 943
67 943
67 943
9 1030
9 1030
9 1030
9 1030
9 1030
9 1030
9 1030
9 1030
9 1030
9 1030
9 1030
9 1030
9 1030
9 1030
9 1030
9 1030
9 1030
9 1030
9 1030
9 1030
9 1030
9 1030
9 1030
9 1030
9 1030
19 934
19 934
19 934
19 934
19 934
19 934
19 934
19 934
19 934
19 934
19 934
19 934
19 934
19 934
19 934
19 934
19 934
19 934
19 934
19 934
19 934
19 934
19 934
3 1676
3 1676
3 1676
3 1676
3 1676
3 1676
3 1676
3 1676
3 1676
3 1676
3 1676
3 1676
3 1676
3 1676
3 1676
21 1004
21 1004
21 1004
21 1004
21 1004
21 1004
21 1004
21 1004
21 1004
21 1004
21 1004
21 1004
21 1004
21 1004
21 1004
21 1004
21 1004
21 1004
21 1004
21 1004
21 1004
21 1004
21 1004
21 1004
23 1024
23 1024
23 1024
23 1024
23 1024
29 964
29 964
29 964
29 964
29 964
29 964
29 964
29 964
29 964
29 964
29 964
53 1727
53 1727
53 1727
53 1727
53 1727
53 1727
53 1727
53 1727
53 1727
53 1727
53 1727
53 1727
53 1727
53 1727
53 1727
53 1727
53 1727
53 1727
53 1727
4 1720
4 1720
37 925
37 925
37 925
37 925
37 925
37 925
37 925
37 925
37 925
37 925
37 925
37 925
37 925
37 925
37 925
37 925
37 925
37 925
20 1099
20 1099
20 1099
20 1099
20 1099
20 1099
20 1099
20 1099
20 1099
20 1099
22 1110
22 1110
22 1110
22 1110
22 1110
22 1110
42 966
42 966
42 966
42 966
42 966
42 966
42 966
42 966
42 966
42 966
42 966
42 966
42 966
28 1118
28 1118
28 1118
28 1118
28 1118
28 1118
28 1118
28 1118
14 1767
14 1767
14 1767
14 1767
14 1767
14 1767
14 1767
14 1767
14 1767
14 1767
14 1767
14 1767
14 1767
14 1767
14 1767
14 1767
14 1767
14 1767
14 1767
14 1767
14 1767
14 1767
14 1767
14 1767
14 1767
14 1767
14 1767
14 1767
14 1767
14 1767
63 1794
63 1794
63 1794
63 1794
63 1794
63 1794
63 1794
63 1794
63 1794
63 1794
63 1794
63 1794
63 1794
63 1794
63 1794
63 1794
25 1746
25 1746
25 1746
25 1746
25 1746
25 1746
25 1746
25 1746
25 1746
83 1198
83 1198
83 1198
83 1198
83 1198
83 1198
83 1198
83 1198
83 1198
83 1198
83 1198
83 1198
83 1198
83 1198
83 1198
83 1198
83 1198
83 1198
83 1198
83 1198
83 1198
83 1198
83 1198
83 1198
83 1198
83 1198
83 1198
83 1198
34 1188
34 1188
34 1188
34 1188
34 1188
34 1188
34 1188
34 1188
34 1188
34 1188
34 1188
34 1188
36 1183
36 1183
36 1183
36 1183
36 1183
36 1183
36 1183
36 1183
36 1183
36 1183
36 1183
36 1183
36 1183
36 1183
36 1183
36 1183
36 1183
36 1183
36 1183
36 1183
36 1183
36 1183
36 1183
36 1183
36 1183
36 1183
36 1183
60 1008
60 1008
60 1008
60 1008
60 1008
60 1008
60 1008
44 1204
44 1204
44 1204
44 1204
44 1204
44 1204
44 1204
44 1204
44 1204
44 1204
44 1204
44 1204
44 1204
44 1204
44 1204
44 1204
44 1204
44 1204
44 1204
44 1204
44 1204
79 1856
79 1856
79 1856
79 1856
79 1856
79 1856
79 1856
79 1856
79 1856
79 1856
79 1856
79 1856
79 1856
79 1856
79 1856
79 1856
79 1856
79 1856
79 1856
79 1856
79 1856
79 1856
65 1022
65 1022
65 1022
67 1024
67 1024
67 1024
67 1024
45 1252
45 1252
45 1252
45 1252
45 1252
45 1252
45 1252
45 1252
45 1252
45 1252
45 1252
45 1252
45 1252
45 1252
45 1252
45 1252
45 1252
45 1252
45 1252
45 1252
57 1275
57 1275
57 1275
57 1275
57 1275
57 1275
57 1275
57 1275
57 1275
57 1275
57 1275
57 1275
57 1275
57 1275
41 1939
41 1939
41 1939
41 1939
41 1939
41 1939
41 1939
41 1939
41 1939
41 1939
41 1939
41 1939
41 1939
41 1939
41 1939
41 1939
41 1939
48 1982
48 1982
48 1982
48 1982
48 1982
48 1982
48 1982
48 1982
48 1982
48 1982
48 1982
48 1982
48 1982
48 1982
48 1982
48 1982
48 1982
48 1982
48 1982
48 1982
48 1982
48 1982
48 1982
48 1982
48 1982
48 1982
48 1982
48 1982
48 1982
83 1418
83 1418
83 1418
83 1418
83 1418
83 1418
83 1418
83 1418
83 1418
83 1418
83 1418
83 1418
83 1418
83 1418
83 1418
83 1418
83 1418
83 1418
83 1418
83 1418
83 1418
83 1418
83 1418
83 1418
83 1418
83 1418
83 1418
83 1418
