84 10
84 10
83 28
85 14
85 14
85 14
85 14
85 14
85 14
85 14
85 14
85 14
85 14
85 14
31 1018
31 1018
31 1018
31 1018
31 1018
31 1018
83 1
84 1
84 1
31 539
31 539
31 539
31 539
31 539
31 539
85 5
85 5
85 5
85 5
85 5
85 5
85 5
85 5
85 5
85 5
85 5
83 11
84 6
84 6
85 1
85 1
85 1
85 1
85 1
85 1
85 1
85 1
85 1
85 1
85 1
62 1410
62 1410
62 1410
62 1410
62 1410
62 1410
62 1410
62 913
62 913
62 913
62 913
62 913
62 913
62 913
62 421
62 421
62 421
62 421
62 421
62 421
62 421
33 1818
33 1818
33 1818
33 1329
33 1329
33 1329
33 833
33 833
33 833
46 1711
46 1711
46 1711
46 1711
46 1248
46 1248
46 1248
46 1248
46 755
46 755
46 755
46 755
62 136
62 136
62 136
62 136
62 136
62 136
62 136
31 459
31 459
31 459
31 459
31 459
31 459
83 4
84 1
84 1
85 1
85 1
85 1
85 1
85 1
85 1
85 1
85 1
85 1
85 1
85 1
61 1803
61 1803
61 1803
61 1803
61 1803
61 309
61 309
61 309
61 309
61 309
46 8
46 8
46 8
46 8
62 38
62 38
62 38
62 38
62 38
62 38
62 38
33 359
33 359
33 359
83 1
84 2
84 2
85 2
85 2
85 2
85 2
85 2
85 2
85 2
85 2
85 2
85 2
85 2
33 24
33 24
33 24
46 127
46 127
46 127
46 127
83 2
84 1
84 1
85 2
85 2
85 2
85 2
85 2
85 2
85 2
85 2
85 2
85 2
85 2
83 1
84 1
84 1
85 1
85 1
85 1
85 1
85 1
85 1
85 1
85 1
85 1
85 1
85 1
46 551
46 551
46 551
46 551
61 902
61 902
61 902
61 902
61 902
62 604
62 604
62 604
62 604
62 604
62 604
62 604
31 916
31 916
31 916
31 916
31 916
31 916
46 276
46 276
46 276
46 276
61 645
61 645
61 645
61 645
61 645
62 156
62 156
62 156
62 156
62 156
62 156
62 156
83 1
84 1
84 1
85 6
85 6
85 6
85 6
85 6
85 6
85 6
85 6
85 6
85 6
85 6
