3 185
3 185
3 185
3 185
3 185
3 185
3 185
3 185
3 185
18 36
18 36
18 36
18 36
18 36
18 36
18 36
18 36
18 36
18 36
18 36
18 36
18 36
18 36
18 36
18 36
18 36
18 36
18 36
18 36
18 36
18 36
12 120
12 120
12 120
12 120
12 120
12 120
12 120
12 120
12 120
12 120
12 120
12 120
12 120
12 120
12 120
12 120
12 120
12 120
11 134
11 134
11 134
11 134
11 134
11 134
11 134
11 134
11 138
11 138
11 138
11 138
11 138
11 138
11 138
11 138
3 225
3 225
3 225
3 225
3 225
3 225
3 225
3 225
3 225
84 25
85 17
85 17
85 17
85 17
85 17
85 17
85 17
85 17
85 17
85 17
85 17
83 39
83 39
12 369
12 369
12 369
12 369
12 369
12 369
12 369
12 369
12 369
12 369
12 369
12 369
12 369
12 369
12 369
12 369
12 369
12 369
18 366
18 366
18 366
18 366
18 366
18 366
18 366
18 366
18 366
18 366
18 366
18 366
18 366
18 366
18 366
18 366
18 366
18 366
18 366
18 366
18 366
18 366
30 753
30 753
30 753
30 753
30 753
30 753
30 753
30 753
30 753
30 753
30 753
30 753
30 753
30 753
30 753
30 753
30 753
30 753
30 753
30 753
56 493
56 493
56 493
56 493
56 493
56 493
56 493
56 493
56 493
56 493
56 493
56 493
56 493
56 493
56 493
56 493
56 493
56 493
56 493
28 899
28 899
28 899
28 899
28 899
28 899
28 899
28 405
28 405
28 405
28 405
28 405
28 405
28 405
83 3
83 3
84 1
85 4
85 4
85 4
85 4
85 4
85 4
85 4
85 4
85 4
85 4
85 4
56 308
56 308
56 308
56 308
56 308
56 308
56 308
56 308
56 308
56 308
56 308
56 308
56 308
56 308
56 308
56 308
56 308
56 308
56 308
18 259
18 259
18 259
18 259
18 259
18 259
18 259
18 259
18 259
18 259
18 259
18 259
18 259
18 259
18 259
18 259
18 259
18 259
18 259
18 259
18 259
18 259
12 346
12 346
12 346
12 346
12 346
12 346
12 346
12 346
12 346
12 346
12 346
12 346
12 346
12 346
12 346
12 346
12 346
12 346
11 539
11 539
11 539
11 539
11 539
11 539
11 539
11 539
30 857
30 857
30 857
30 857
30 857
30 857
30 857
30 857
30 857
30 857
30 857
30 857
30 857
30 857
30 857
30 857
30 857
30 857
30 857
30 857
28 419
28 419
28 419
28 419
28 419
28 419
28 419
83 7
83 7
84 13
85 8
85 8
85 8
85 8
85 8
85 8
85 8
85 8
85 8
85 8
85 8
3 852
3 852
3 852
3 852
3 852
3 852
3 852
3 852
3 852
11 343
11 343
11 343
11 343
11 343
11 343
11 343
11 343
12 381
12 381
12 381
12 381
12 381
12 381
12 381
12 381
12 381
12 381
12 381
12 381
12 381
12 381
12 381
12 381
12 381
12 381
18 364
18 364
18 364
18 364
18 364
18 364
18 364
18 364
18 364
18 364
18 364
18 364
18 364
18 364
18 364
18 364
18 364
18 364
18 364
18 364
18 364
18 364
36 1800
36 1800
36 1800
36 1800
36 1800
36 1800
36 1800
36 1800
36 1800
36 1800
36 1800
36 1800
36 1800
36 1800
36 1800
36 1800
36 1306
36 1306
36 1306
36 1306
36 1306
36 1306
36 1306
36 1306
36 1306
36 1306
36 1306
36 1306
36 1306
36 1306
36 1306
36 1306
36 817
36 817
36 817
36 817
36 817
36 817
36 817
36 817
36 817
36 817
36 817
36 817
36 817
36 817
36 817
36 817
28 471
28 471
28 471
28 471
28 471
28 471
28 471
83 7
83 7
84 1
85 2
85 2
85 2
85 2
85 2
85 2
85 2
85 2
85 2
85 2
85 2
30 651
30 651
30 651
30 651
30 651
30 651
30 651
30 651
30 651
30 651
30 651
30 651
30 651
30 651
30 651
30 651
30 651
30 651
30 651
30 651
24 2228
24 2228
24 2228
24 2228
24 2228
24 2228
24 2228
24 2228
24 2228
24 2228
24 2228
24 2228
24 2228
24 2228
24 1771
24 1771
24 1771
24 1771
24 1771
24 1771
24 1771
24 1771
24 1771
24 1771
24 1771
24 1771
24 1771
24 1771
24 1438
24 1438
24 1438
24 1438
24 1438
24 1438
24 1438
24 1438
24 1438
24 1438
24 1438
24 1438
24 1438
24 1438
11 586
11 586
11 586
11 586
11 586
11 586
11 586
11 586
36 839
36 839
36 839
36 839
36 839
36 839
36 839
36 839
36 839
36 839
36 839
36 839
36 839
36 839
36 839
36 839
12 585
12 585
12 585
12 585
12 585
12 585
12 585
12 585
12 585
12 585
12 585
12 585
12 585
12 585
12 585
12 585
12 585
12 585
18 538
18 538
18 538
18 538
18 538
18 538
18 538
18 538
18 538
18 538
18 538
18 538
18 538
18 538
18 538
18 538
18 538
18 538
18 538
18 538
18 538
18 538
28 538
28 538
28 538
28 538
28 538
28 538
28 538
83 2
83 2
3 810
3 810
3 810
3 810
3 810
3 810
3 810
3 810
3 810
84 4
85 2
85 2
85 2
85 2
85 2
85 2
85 2
85 2
85 2
85 2
85 2
30 705
30 705
30 705
30 705
30 705
30 705
30 705
30 705
30 705
30 705
30 705
30 705
30 705
30 705
30 705
30 705
30 705
30 705
30 705
30 705
24 873
24 873
24 873
24 873
24 873
24 873
24 873
24 873
24 873
24 873
24 873
24 873
24 873
24 873
11 612
11 612
11 612
11 612
11 612
11 612
11 612
11 612
12 639
12 639
12 639
12 639
12 639
12 639
12 639
12 639
12 639
12 639
12 639
12 639
12 639
12 639
12 639
12 639
12 639
12 639
61 2684
61 2684
61 2684
61 2684
61 2684
61 2684
61 2684
61 2684
61 2684
61 2684
61 2684
61 2684
61 2684
61 2684
61 2684
83 4
83 4
84 1
85 2
85 2
85 2
85 2
85 2
85 2
85 2
85 2
85 2
85 2
85 2
61 2295
61 2295
61 2295
61 2295
61 2295
61 2295
61 2295
61 2295
61 2295
61 2295
61 2295
61 2295
61 2295
61 2295
61 2295
61 1804
61 1804
61 1804
61 1804
61 1804
61 1804
61 1804
61 1804
61 1804
61 1804
61 1804
61 1804
61 1804
61 1804
61 1804
18 744
18 744
18 744
18 744
18 744
18 744
18 744
18 744
18 744
18 744
18 744
18 744
18 744
18 744
18 744
18 744
18 744
18 744
18 744
18 744
18 744
18 744
24 702
24 702
24 702
24 702
24 702
24 702
24 702
24 702
24 702
24 702
24 702
24 702
24 702
24 702
36 1087
36 1087
36 1087
36 1087
36 1087
36 1087
36 1087
36 1087
36 1087
36 1087
36 1087
36 1087
36 1087
36 1087
36 1087
36 1087
28 680
28 680
28 680
28 680
28 680
28 680
28 680
61 1220
61 1220
61 1220
61 1220
61 1220
61 1220
61 1220
61 1220
61 1220
61 1220
61 1220
61 1220
61 1220
61 1220
61 1220
83 2
83 2
30 1036
30 1036
30 1036
30 1036
30 1036
30 1036
30 1036
30 1036
30 1036
30 1036
30 1036
30 1036
30 1036
30 1036
30 1036
30 1036
30 1036
30 1036
30 1036
30 1036
11 728
11 728
11 728
11 728
11 728
11 728
11 728
11 728
84 1
85 2
85 2
85 2
85 2
85 2
85 2
85 2
85 2
85 2
85 2
85 2
12 809
12 809
12 809
12 809
12 809
12 809
12 809
12 809
12 809
12 809
12 809
12 809
12 809
12 809
12 809
12 809
12 809
12 809
36 1115
36 1115
36 1115
36 1115
36 1115
36 1115
36 1115
36 1115
36 1115
36 1115
36 1115
36 1115
36 1115
36 1115
36 1115
36 1115
40 3575
40 3575
40 3575
40 3575
40 3575
40 3575
40 3575
40 3575
40 3575
40 3575
45 3527
45 3527
45 3527
45 3527
45 3527
43 3548
43 3548
43 3548
43 3548
43 3548
43 3548
43 3548
43 3548
43 3548
43 3548
43 3548
43 3548
43 3548
18 820
18 820
18 820
18 820
18 820
18 820
18 820
18 820
18 820
18 820
18 820
18 820
18 820
18 820
18 820
18 820
18 820
18 820
18 820
18 820
18 820
18 820
61 951
61 951
61 951
61 951
61 951
61 951
61 951
61 951
61 951
61 951
61 951
61 951
61 951
61 951
61 951
43 1659
43 1659
43 1659
43 1659
43 1659
43 1659
43 1659
43 1659
43 1659
43 1659
43 1659
43 1659
43 1659
24 915
24 915
24 915
24 915
24 915
24 915
24 915
24 915
24 915
24 915
24 915
24 915
24 915
24 915
58 1621
58 1621
58 1621
58 1621
58 1621
58 1621
58 1621
58 1621
58 1621
58 1621
58 1621
58 1621
58 1621
58 1621
58 1621
58 1621
58 1621
62 1643
62 1643
62 1643
62 1643
62 1643
62 1643
62 1643
62 1643
62 1643
62 1643
62 1643
62 1643
62 1643
62 1643
62 1643
62 1643
62 1643
62 1643
62 1643
62 1643
62 1643
64 1628
64 1628
64 1628
64 1628
83 1
83 1
84 2
85 6
85 6
85 6
85 6
85 6
85 6
85 6
85 6
85 6
85 6
85 6
56 1369
56 1369
56 1369
56 1369
56 1369
56 1369
56 1369
56 1369
56 1369
56 1369
56 1369
56 1369
56 1369
56 1369
56 1369
56 1369
56 1369
56 1369
56 1369
56 945
56 945
56 945
56 945
56 945
56 945
56 945
56 945
56 945
56 945
56 945
56 945
56 945
56 945
56 945
56 945
56 945
56 945
56 945
