3 194
3 194
3 194
3 194
3 194
18 174
18 174
18 174
18 174
18 174
18 174
18 174
18 174
18 174
18 174
18 174
18 174
18 174
18 174
18 174
18 174
18 174
18 174
39 554
39 554
39 554
3 522
3 522
3 522
3 522
3 522
18 565
18 565
18 565
18 565
18 565
18 565
18 565
18 565
18 565
18 565
18 565
18 565
18 565
18 565
18 565
18 565
18 565
18 565
59 815
59 815
59 815
59 815
59 815
59 815
59 815
59 815
59 815
59 815
59 815
59 815
39 787
39 787
39 787
3 785
3 785
3 785
3 785
3 785
59 892
59 892
59 892
59 892
59 892
59 892
59 892
59 892
59 892
59 892
59 892
59 892
18 993
18 993
18 993
18 993
18 993
18 993
18 993
18 993
18 993
18 993
18 993
18 993
18 993
18 993
18 993
18 993
18 993
18 993
100 1344
100 1344
100 1344
100 1344
100 1344
100 1344
100 1344
100 1344
100 1344
100 1344
100 1344
100 1344
100 1344
100 1344
39 1111
39 1111
39 1111
100 1261
100 1261
100 1261
100 1261
100 1261
100 1261
100 1261
100 1261
100 1261
100 1261
100 1261
100 1261
100 1261
100 1261
3 1280
3 1280
3 1280
3 1280
3 1280
71 2176
71 2176
71 2176
71 2176
71 2176
71 2176
71 2176
71 2176
71 2176
71 2176
71 2176
71 2176
71 2176
71 2176
71 2176
71 2176
71 2176
71 2176
71 2176
71 2176
71 2176
71 2176
71 2176
71 2176
71 2176
71 2176
71 2176
71 1676
71 1676
71 1676
71 1676
71 1676
71 1676
71 1676
71 1676
71 1676
71 1676
71 1676
71 1676
71 1676
71 1676
71 1676
71 1676
71 1676
71 1676
71 1676
71 1676
71 1676
71 1676
71 1676
71 1676
71 1676
71 1676
71 1676
18 1441
18 1441
18 1441
18 1441
18 1441
18 1441
18 1441
18 1441
18 1441
18 1441
18 1441
18 1441
18 1441
18 1441
18 1441
18 1441
18 1441
18 1441
84 2536
84 2064
112 2290
112 2290
112 2290
112 2290
112 2290
112 2290
112 2290
112 2290
112 1820
112 1820
112 1820
112 1820
112 1820
112 1820
112 1820
112 1820
39 1674
39 1674
39 1674
84 1919
3 1748
3 1748
3 1748
3 1748
3 1748
100 1810
100 1810
100 1810
100 1810
100 1810
100 1810
100 1810
100 1810
100 1810
100 1810
100 1810
100 1810
100 1810
100 1810
59 2253
59 2253
59 2253
59 2253
59 2253
59 2253
59 2253
59 2253
59 2253
59 2253
59 2253
59 2253
112 1816
112 1816
112 1816
112 1816
112 1816
112 1816
112 1816
112 1816
71 2296
71 2296
71 2296
71 2296
71 2296
71 2296
71 2296
71 2296
71 2296
71 2296
71 2296
71 2296
71 2296
71 2296
71 2296
71 2296
71 2296
71 2296
71 2296
71 2296
71 2296
71 2296
71 2296
71 2296
71 2296
71 2296
71 2296
18 1848
18 1848
18 1848
18 1848
18 1848
18 1848
18 1848
18 1848
18 1848
18 1848
18 1848
18 1848
18 1848
18 1848
18 1848
18 1848
18 1848
18 1848
59 1943
59 1943
59 1943
59 1943
59 1943
59 1943
59 1943
59 1943
59 1943
59 1943
59 1943
59 1943
84 1958
100 2170
100 2170
100 2170
100 2170
100 2170
100 2170
100 2170
100 2170
100 2170
100 2170
100 2170
100 2170
100 2170
100 2170
1 60
1 60
1 60
1 60
1 60
1 60
1 60
1 60
5 70
5 70
5 70
5 70
5 70
5 70
5 70
5 70
5 70
5 70
5 70
5 70
5 70
5 70
5 70
5 70
5 70
5 70
13 19
13 19
13 19
13 19
13 19
13 19
13 19
13 19
13 19
13 19
13 19
13 19
13 19
13 19
13 19
13 19
13 19
13 19
13 19
13 19
13 19
13 19
13 19
13 19
13 19
13 19
13 19
13 19
13 19
13 19
20 28
20 28
20 28
22 13
22 13
22 13
22 13
22 13
22 13
22 13
22 13
22 13
22 13
22 13
22 13
22 13
22 13
22 13
22 13
22 13
22 13
22 13
22 13
22 13
22 13
24 18
24 18
24 18
24 18
24 18
24 18
24 18
24 18
24 18
24 18
24 18
24 18
24 18
24 18
24 18
24 18
24 18
24 18
24 18
24 18
24 18
24 18
24 18
24 18
43 25
43 25
43 25
43 25
43 25
43 25
43 25
43 25
43 25
43 25
43 25
43 25
43 25
43 25
43 25
43 25
43 25
43 25
43 25
43 25
43 25
43 25
43 25
43 25
43 25
49 38
49 38
49 38
49 38
49 38
49 38
49 38
49 38
49 38
49 38
49 38
49 38
1 39
1 39
1 39
1 39
1 39
1 39
1 39
1 39
51 43
51 43
51 43
51 43
51 43
51 43
51 43
5 5
5 5
5 5
5 5
5 5
5 5
5 5
5 5
5 5
5 5
5 5
5 5
5 5
5 5
5 5
5 5
5 5
5 5
28 296
28 296
28 296
28 296
28 296
28 296
28 296
28 296
28 296
28 296
28 296
29 287
29 287
29 287
29 287
29 287
29 287
29 287
29 287
29 287
29 287
29 287
29 287
29 287
29 287
29 287
29 287
29 287
29 287
29 287
29 287
29 287
29 287
29 287
29 287
29 287
29 287
29 287
29 287
29 287
59 26
59 26
59 26
59 26
59 26
59 26
59 26
59 26
59 26
59 26
59 26
59 26
59 26
59 26
59 26
59 26
59 26
59 26
59 26
59 26
62 20
62 20
62 20
62 20
62 20
62 20
62 20
62 20
62 20
13 14
13 14
13 14
13 14
13 14
13 14
13 14
13 14
13 14
13 14
13 14
13 14
13 14
13 14
13 14
13 14
13 14
13 14
13 14
13 14
13 14
13 14
13 14
13 14
13 14
13 14
13 14
13 14
13 14
13 14
63 20
63 20
63 20
63 20
60 57
60 57
60 57
60 57
60 57
60 57
64 29
68 28
68 28
68 28
68 28
68 28
68 28
68 28
68 28
68 28
68 28
68 28
68 28
68 28
68 28
68 28
68 28
68 28
68 28
68 28
68 28
68 28
20 12
20 12
20 12
22 38
22 38
22 38
22 38
22 38
22 38
22 38
22 38
22 38
22 38
22 38
22 38
22 38
22 38
22 38
22 38
22 38
22 38
22 38
22 38
22 38
22 38
75 20
75 20
24 37
24 37
24 37
24 37
24 37
24 37
24 37
24 37
24 37
24 37
24 37
24 37
24 37
24 37
24 37
24 37
24 37
24 37
24 37
24 37
24 37
24 37
24 37
24 37
67 182
67 182
67 182
67 182
67 182
67 182
67 182
67 182
67 182
67 182
67 182
67 182
67 182
67 182
67 182
67 182
67 182
67 182
67 182
67 182
67 182
67 182
67 182
67 182
67 182
67 182
67 182
87 23
87 23
87 23
87 23
87 23
87 23
87 23
87 23
87 23
87 23
87 23
87 23
87 23
87 23
87 23
87 23
87 23
87 23
87 23
43 22
43 22
43 22
43 22
43 22
43 22
43 22
43 22
43 22
43 22
43 22
43 22
43 22
43 22
43 22
43 22
43 22
43 22
43 22
43 22
43 22
43 22
43 22
43 22
43 22
28 184
28 184
28 184
28 184
28 184
28 184
28 184
28 184
28 184
28 184
28 184
29 175
29 175
29 175
29 175
29 175
29 175
29 175
29 175
29 175
29 175
29 175
29 175
29 175
29 175
29 175
29 175
29 175
29 175
29 175
29 175
29 175
29 175
29 175
29 175
29 175
29 175
29 175
29 175
29 175
97 36
97 36
97 36
97 36
97 36
97 36
97 36
97 36
97 36
97 36
97 36
97 36
97 36
97 36
97 36
97 36
97 36
97 36
97 36
97 36
97 36
97 36
97 36
97 36
97 36
97 36
49 38
49 38
49 38
49 38
49 38
49 38
49 38
49 38
49 38
49 38
49 38
49 38
51 29
51 29
51 29
51 29
51 29
51 29
51 29
1 63
1 63
1 63
1 63
1 63
1 63
1 63
1 63
5 98
5 98
5 98
5 98
5 98
5 98
5 98
5 98
5 98
5 98
5 98
5 98
5 98
5 98
5 98
5 98
5 98
5 98
4 1118
4 1118
4 1118
4 1118
4 1118
4 619
4 619
4 619
4 619
4 619
60 77
60 77
60 77
60 77
60 77
60 77
96 232
96 232
96 232
96 232
96 232
96 232
96 232
96 232
96 232
96 232
96 232
96 232
96 232
96 232
96 232
96 232
96 232
96 232
96 232
96 232
96 232
96 232
96 232
96 232
96 232
96 232
96 232
96 232
59 118
59 118
59 118
59 118
59 118
59 118
59 118
59 118
59 118
59 118
59 118
59 118
59 118
59 118
59 118
59 118
59 118
59 118
59 118
59 118
62 135
62 135
62 135
62 135
62 135
62 135
62 135
62 135
62 135
63 128
63 128
63 128
63 128
13 129
13 129
13 129
13 129
13 129
13 129
13 129
13 129
13 129
13 129
13 129
13 129
13 129
13 129
13 129
13 129
13 129
13 129
13 129
13 129
13 129
13 129
13 129
13 129
13 129
13 129
13 129
13 129
13 129
13 129
68 91
68 91
68 91
68 91
68 91
68 91
68 91
68 91
68 91
68 91
68 91
68 91
68 91
68 91
68 91
68 91
68 91
68 91
68 91
68 91
68 91
64 133
22 99
22 99
22 99
22 99
22 99
22 99
22 99
22 99
22 99
22 99
22 99
22 99
22 99
22 99
22 99
22 99
22 99
22 99
22 99
22 99
22 99
22 99
24 106
24 106
24 106
24 106
24 106
24 106
24 106
24 106
24 106
24 106
24 106
24 106
24 106
24 106
24 106
24 106
24 106
24 106
24 106
24 106
24 106
24 106
24 106
24 106
20 191
20 191
20 191
67 243
67 243
67 243
67 243
67 243
67 243
67 243
67 243
67 243
67 243
67 243
67 243
67 243
67 243
67 243
67 243
67 243
67 243
67 243
67 243
67 243
67 243
67 243
67 243
67 243
67 243
67 243
87 108
87 108
87 108
87 108
87 108
87 108
87 108
87 108
87 108
87 108
87 108
87 108
87 108
87 108
87 108
87 108
87 108
87 108
87 108
127 209
127 209
127 209
127 209
127 209
127 209
127 209
127 209
127 209
127 209
127 209
127 209
127 209
127 209
127 209
75 237
75 237
28 216
28 216
28 216
28 216
28 216
28 216
28 216
28 216
28 216
28 216
28 216
29 218
29 218
29 218
29 218
29 218
29 218
29 218
29 218
29 218
29 218
29 218
29 218
29 218
29 218
29 218
29 218
29 218
29 218
29 218
29 218
29 218
29 218
29 218
29 218
29 218
29 218
29 218
29 218
29 218
43 118
43 118
43 118
43 118
43 118
43 118
43 118
43 118
43 118
43 118
43 118
43 118
43 118
43 118
43 118
43 118
43 118
43 118
43 118
43 118
43 118
43 118
43 118
43 118
43 118
97 101
97 101
97 101
97 101
97 101
97 101
97 101
97 101
97 101
97 101
97 101
97 101
97 101
97 101
97 101
97 101
97 101
97 101
97 101
97 101
97 101
97 101
97 101
97 101
97 101
97 101
88 693
88 693
88 693
88 693
88 693
88 693
88 693
88 693
88 693
88 693
88 693
88 693
88 693
88 693
103 543
103 543
103 543
103 543
103 543
103 543
103 543
103 543
103 543
103 543
103 543
103 543
103 543
103 543
103 543
103 543
103 543
88 213
88 213
88 213
88 213
88 213
88 213
88 213
88 213
88 213
88 213
88 213
88 213
88 213
88 213
49 117
49 117
49 117
49 117
49 117
49 117
49 117
49 117
49 117
49 117
49 117
49 117
51 118
51 118
51 118
51 118
51 118
51 118
51 118
1 119
1 119
1 119
1 119
1 119
1 119
1 119
1 119
96 232
96 232
96 232
96 232
96 232
96 232
96 232
96 232
96 232
96 232
96 232
96 232
96 232
96 232
96 232
96 232
96 232
96 232
96 232
96 232
96 232
96 232
96 232
96 232
96 232
96 232
96 232
96 232
4 185
4 185
4 185
4 185
4 185
5 178
5 178
5 178
5 178
5 178
5 178
5 178
5 178
5 178
5 178
5 178
5 178
5 178
5 178
5 178
5 178
5 178
5 178
60 129
60 129
60 129
60 129
60 129
60 129
103 221
103 221
103 221
103 221
103 221
103 221
103 221
103 221
103 221
103 221
103 221
103 221
103 221
103 221
103 221
103 221
103 221
59 181
59 181
59 181
59 181
59 181
59 181
59 181
59 181
59 181
59 181
59 181
59 181
59 181
59 181
59 181
59 181
59 181
59 181
59 181
59 181
62 184
62 184
62 184
62 184
62 184
62 184
62 184
62 184
62 184
63 180
63 180
63 180
63 180
13 184
13 184
13 184
13 184
13 184
13 184
13 184
13 184
13 184
13 184
13 184
13 184
13 184
13 184
13 184
13 184
13 184
13 184
13 184
13 184
13 184
13 184
13 184
13 184
13 184
13 184
13 184
13 184
13 184
13 184
68 147
68 147
68 147
68 147
68 147
68 147
68 147
68 147
68 147
68 147
68 147
68 147
68 147
68 147
68 147
68 147
68 147
68 147
68 147
68 147
68 147
64 205
22 147
22 147
22 147
22 147
22 147
22 147
22 147
22 147
22 147
22 147
22 147
22 147
22 147
22 147
22 147
22 147
22 147
22 147
22 147
22 147
22 147
22 147
67 203
67 203
67 203
67 203
67 203
67 203
67 203
67 203
67 203
67 203
67 203
67 203
67 203
67 203
67 203
67 203
67 203
67 203
67 203
67 203
67 203
67 203
67 203
67 203
67 203
67 203
67 203
24 158
24 158
24 158
24 158
24 158
24 158
24 158
24 158
24 158
24 158
24 158
24 158
24 158
24 158
24 158
24 158
24 158
24 158
24 158
24 158
24 158
24 158
24 158
24 158
20 214
20 214
20 214
75 201
75 201
127 223
127 223
127 223
127 223
127 223
127 223
127 223
127 223
127 223
127 223
127 223
127 223
127 223
127 223
127 223
87 123
87 123
87 123
87 123
87 123
87 123
87 123
87 123
87 123
87 123
87 123
87 123
87 123
87 123
87 123
87 123
87 123
87 123
87 123
28 233
28 233
28 233
28 233
28 233
28 233
28 233
28 233
28 233
28 233
28 233
29 224
29 224
29 224
29 224
29 224
29 224
29 224
29 224
29 224
29 224
29 224
29 224
29 224
29 224
29 224
29 224
29 224
29 224
29 224
29 224
29 224
29 224
29 224
29 224
29 224
29 224
29 224
29 224
29 224
43 119
43 119
43 119
43 119
43 119
43 119
43 119
43 119
43 119
43 119
43 119
43 119
43 119
43 119
43 119
43 119
43 119
43 119
43 119
43 119
43 119
43 119
43 119
43 119
43 119
97 113
97 113
97 113
97 113
97 113
97 113
97 113
97 113
97 113
97 113
97 113
97 113
97 113
97 113
97 113
97 113
97 113
97 113
97 113
97 113
97 113
97 113
97 113
97 113
97 113
97 113
49 114
49 114
49 114
49 114
49 114
49 114
49 114
49 114
49 114
49 114
49 114
49 114
88 239
88 239
88 239
88 239
88 239
88 239
88 239
88 239
88 239
88 239
88 239
88 239
88 239
88 239
1 116
1 116
1 116
1 116
1 116
1 116
1 116
1 116
51 116
51 116
51 116
51 116
51 116
51 116
51 116
96 257
96 257
96 257
96 257
96 257
96 257
96 257
96 257
96 257
96 257
96 257
96 257
96 257
96 257
96 257
96 257
96 257
96 257
96 257
96 257
96 257
96 257
96 257
96 257
96 257
96 257
96 257
96 257
60 131
60 131
60 131
60 131
60 131
60 131
4 205
4 205
4 205
4 205
4 205
103 224
103 224
103 224
103 224
103 224
103 224
103 224
103 224
103 224
103 224
103 224
103 224
103 224
103 224
103 224
103 224
103 224
5 208
5 208
5 208
5 208
5 208
5 208
5 208
5 208
5 208
5 208
5 208
5 208
5 208
5 208
5 208
5 208
5 208
5 208
108 1220
108 1220
108 1220
108 1220
108 1220
108 1220
108 1220
108 1220
108 1220
108 1220
108 1220
108 1220
108 1220
108 1220
108 1220
108 1220
108 1220
108 1220
108 1220
108 1220
108 1220
108 1220
108 1220
108 720
108 720
108 720
108 720
108 720
108 720
108 720
108 720
108 720
108 720
108 720
108 720
108 720
108 720
108 720
108 720
108 720
108 720
108 720
108 720
108 720
108 720
108 720
59 214
59 214
59 214
59 214
59 214
59 214
59 214
59 214
59 214
59 214
59 214
59 214
59 214
59 214
59 214
59 214
59 214
59 214
59 214
59 214
62 211
62 211
62 211
62 211
62 211
62 211
62 211
62 211
62 211
128 1052
128 1052
128 1052
128 1052
128 1052
128 1052
128 1052
128 1052
128 1052
128 1052
128 1052
128 1052
128 1052
128 553
128 553
128 553
128 553
128 553
128 553
128 553
128 553
128 553
128 553
128 553
128 553
128 553
63 203
63 203
63 203
63 203
13 206
13 206
13 206
13 206
13 206
13 206
13 206
13 206
13 206
13 206
13 206
13 206
13 206
13 206
13 206
13 206
13 206
13 206
13 206
13 206
13 206
13 206
13 206
13 206
13 206
13 206
13 206
13 206
13 206
13 206
134 998
134 998
134 998
134 998
134 998
134 998
134 998
134 998
134 998
134 998
134 998
134 998
134 998
134 998
134 998
134 998
134 498
134 498
134 498
134 498
134 498
134 498
134 498
134 498
134 498
134 498
134 498
134 498
134 498
134 498
134 498
134 498
68 167
68 167
68 167
68 167
68 167
68 167
68 167
68 167
68 167
68 167
68 167
68 167
68 167
68 167
68 167
68 167
68 167
68 167
68 167
68 167
68 167
64 215
22 167
22 167
22 167
22 167
22 167
22 167
22 167
22 167
22 167
22 167
22 167
22 167
22 167
22 167
22 167
22 167
22 167
22 167
22 167
22 167
22 167
22 167
20 207
20 207
20 207
67 239
67 239
67 239
67 239
67 239
67 239
67 239
67 239
67 239
67 239
67 239
67 239
67 239
67 239
67 239
67 239
67 239
67 239
67 239
67 239
67 239
67 239
67 239
67 239
67 239
67 239
67 239
24 172
24 172
24 172
24 172
24 172
24 172
24 172
24 172
24 172
24 172
24 172
24 172
24 172
24 172
24 172
24 172
24 172
24 172
24 172
24 172
24 172
24 172
24 172
24 172
75 199
75 199
127 240
127 240
127 240
127 240
127 240
127 240
127 240
127 240
127 240
127 240
127 240
127 240
127 240
127 240
127 240
29 241
29 241
29 241
29 241
29 241
29 241
29 241
29 241
29 241
29 241
29 241
29 241
29 241
29 241
29 241
29 241
29 241
29 241
29 241
29 241
29 241
29 241
29 241
29 241
29 241
29 241
29 241
29 241
29 241
28 253
28 253
28 253
28 253
28 253
28 253
28 253
28 253
28 253
28 253
28 253
87 169
87 169
87 169
87 169
87 169
87 169
87 169
87 169
87 169
87 169
87 169
87 169
87 169
87 169
87 169
87 169
87 169
87 169
87 169
43 179
43 179
43 179
43 179
43 179
43 179
43 179
43 179
43 179
43 179
43 179
43 179
43 179
43 179
43 179
43 179
43 179
43 179
43 179
43 179
43 179
43 179
43 179
43 179
43 179
97 161
97 161
97 161
97 161
97 161
97 161
97 161
97 161
97 161
97 161
97 161
97 161
97 161
97 161
97 161
97 161
97 161
97 161
97 161
97 161
97 161
97 161
97 161
97 161
97 161
97 161
49 166
49 166
49 166
49 166
49 166
49 166
49 166
49 166
49 166
49 166
49 166
49 166
1 163
1 163
1 163
1 163
1 163
1 163
1 163
1 163
51 168
51 168
51 168
51 168
51 168
51 168
51 168
103 186
103 186
103 186
103 186
103 186
103 186
103 186
103 186
103 186
103 186
103 186
103 186
103 186
103 186
103 186
103 186
103 186
88 352
88 352
88 352
88 352
88 352
88 352
88 352
88 352
88 352
88 352
88 352
88 352
88 352
88 352
4 201
4 201
4 201
4 201
4 201
5 199
5 199
5 199
5 199
5 199
5 199
5 199
5 199
5 199
5 199
5 199
5 199
5 199
5 199
5 199
5 199
5 199
5 199
59 194
59 194
59 194
59 194
59 194
59 194
59 194
59 194
59 194
59 194
59 194
59 194
59 194
59 194
59 194
59 194
59 194
59 194
59 194
59 194
60 185
60 185
60 185
60 185
60 185
60 185
62 201
62 201
62 201
62 201
62 201
62 201
62 201
62 201
62 201
13 198
13 198
13 198
13 198
13 198
13 198
13 198
13 198
13 198
13 198
13 198
13 198
13 198
13 198
13 198
13 198
13 198
13 198
13 198
13 198
13 198
13 198
13 198
13 198
13 198
13 198
13 198
13 198
13 198
13 198
63 199
63 199
63 199
63 199
64 206
68 190
68 190
68 190
68 190
68 190
68 190
68 190
68 190
68 190
68 190
68 190
68 190
68 190
68 190
68 190
68 190
68 190
68 190
68 190
68 190
68 190
108 793
108 793
108 793
108 793
108 793
108 793
108 793
108 793
108 793
108 793
108 793
108 793
108 793
108 793
108 793
108 793
108 793
108 793
108 793
108 793
108 793
108 793
108 793
108 296
108 296
108 296
108 296
108 296
108 296
108 296
108 296
108 296
108 296
108 296
108 296
108 296
108 296
108 296
108 296
108 296
108 296
108 296
108 296
108 296
108 296
108 296
128 615
128 615
128 615
128 615
128 615
128 615
128 615
128 615
128 615
128 615
128 615
128 615
128 615
96 437
96 437
96 437
96 437
96 437
96 437
96 437
96 437
96 437
96 437
96 437
96 437
96 437
96 437
96 437
96 437
96 437
96 437
96 437
96 437
96 437
96 437
96 437
96 437
96 437
96 437
96 437
96 437
22 190
22 190
22 190
22 190
22 190
22 190
22 190
22 190
22 190
22 190
22 190
22 190
22 190
22 190
22 190
22 190
22 190
22 190
22 190
22 190
22 190
22 190
134 577
134 577
134 577
134 577
134 577
134 577
134 577
134 577
134 577
134 577
134 577
134 577
134 577
134 577
134 577
134 577
20 229
20 229
20 229
24 205
24 205
24 205
24 205
24 205
24 205
24 205
24 205
24 205
24 205
24 205
24 205
24 205
24 205
24 205
24 205
24 205
24 205
24 205
24 205
24 205
24 205
24 205
24 205
75 220
75 220
128 229
128 229
128 229
128 229
128 229
128 229
128 229
128 229
128 229
128 229
128 229
128 229
128 229
67 361
67 361
67 361
67 361
67 361
67 361
67 361
67 361
67 361
67 361
67 361
67 361
67 361
67 361
67 361
67 361
67 361
67 361
67 361
67 361
67 361
67 361
67 361
67 361
67 361
67 361
67 361
87 179
87 179
87 179
87 179
87 179
87 179
87 179
87 179
87 179
87 179
87 179
87 179
87 179
87 179
87 179
87 179
87 179
87 179
87 179
134 238
134 238
134 238
134 238
134 238
134 238
134 238
134 238
134 238
134 238
134 238
134 238
134 238
134 238
134 238
134 238
43 188
43 188
43 188
43 188
43 188
43 188
43 188
43 188
43 188
43 188
43 188
43 188
43 188
43 188
43 188
43 188
43 188
43 188
43 188
43 188
43 188
43 188
43 188
43 188
43 188
88 258
88 258
88 258
88 258
88 258
88 258
88 258
88 258
88 258
88 258
88 258
88 258
88 258
88 258
97 184
97 184
97 184
97 184
97 184
97 184
97 184
97 184
97 184
97 184
97 184
97 184
97 184
97 184
97 184
97 184
97 184
97 184
97 184
97 184
97 184
97 184
97 184
97 184
97 184
97 184
127 387
127 387
127 387
127 387
127 387
127 387
127 387
127 387
127 387
127 387
127 387
127 387
127 387
127 387
127 387
29 367
29 367
29 367
29 367
29 367
29 367
29 367
29 367
29 367
29 367
29 367
29 367
29 367
29 367
29 367
29 367
29 367
29 367
29 367
29 367
29 367
29 367
29 367
29 367
29 367
29 367
29 367
29 367
29 367
28 379
28 379
28 379
28 379
28 379
28 379
28 379
28 379
28 379
28 379
28 379
49 177
49 177
49 177
49 177
49 177
49 177
49 177
49 177
49 177
49 177
49 177
49 177
51 180
51 180
51 180
51 180
51 180
51 180
51 180
1 181
1 181
1 181
1 181
1 181
1 181
1 181
1 181
96 236
96 236
96 236
96 236
96 236
96 236
96 236
96 236
96 236
96 236
96 236
96 236
96 236
96 236
96 236
96 236
96 236
96 236
96 236
96 236
96 236
96 236
96 236
96 236
96 236
96 236
96 236
96 236
4 193
4 193
4 193
4 193
4 193
5 200
5 200
5 200
5 200
5 200
5 200
5 200
5 200
5 200
5 200
5 200
5 200
5 200
5 200
5 200
5 200
5 200
5 200
124 2030
124 2030
124 2030
124 2030
124 2030
124 2030
124 2030
124 2030
124 2030
124 2030
124 1531
124 1531
124 1531
124 1531
124 1531
124 1531
124 1531
124 1531
124 1531
124 1531
59 201
59 201
59 201
59 201
59 201
59 201
59 201
59 201
59 201
59 201
59 201
59 201
59 201
59 201
59 201
59 201
59 201
59 201
59 201
59 201
60 192
60 192
60 192
60 192
60 192
60 192
108 234
108 234
108 234
108 234
108 234
108 234
108 234
108 234
108 234
108 234
108 234
108 234
108 234
108 234
108 234
108 234
108 234
108 234
108 234
108 234
108 234
108 234
108 234
62 207
62 207
62 207
62 207
62 207
62 207
62 207
62 207
62 207
13 199
13 199
13 199
13 199
13 199
13 199
13 199
13 199
13 199
13 199
13 199
13 199
13 199
13 199
13 199
13 199
13 199
13 199
13 199
13 199
13 199
13 199
13 199
13 199
13 199
13 199
13 199
13 199
13 199
13 199
63 202
63 202
63 202
63 202
64 212
68 177
68 177
68 177
68 177
68 177
68 177
68 177
68 177
68 177
68 177
68 177
68 177
68 177
68 177
68 177
68 177
68 177
68 177
68 177
68 177
68 177
103 358
103 358
103 358
103 358
103 358
103 358
103 358
103 358
103 358
103 358
103 358
103 358
103 358
103 358
103 358
103 358
103 358
67 221
67 221
67 221
67 221
67 221
67 221
67 221
67 221
67 221
67 221
67 221
67 221
67 221
67 221
67 221
67 221
67 221
67 221
67 221
67 221
67 221
67 221
67 221
67 221
67 221
67 221
67 221
20 207
20 207
20 207
22 197
22 197
22 197
22 197
22 197
22 197
22 197
22 197
22 197
22 197
22 197
22 197
22 197
22 197
22 197
22 197
22 197
22 197
22 197
22 197
22 197
22 197
24 187
24 187
24 187
24 187
24 187
24 187
24 187
24 187
24 187
24 187
24 187
24 187
24 187
24 187
24 187
24 187
24 187
24 187
24 187
24 187
24 187
24 187
24 187
24 187
75 194
75 194
127 227
127 227
127 227
127 227
127 227
127 227
127 227
127 227
127 227
127 227
127 227
127 227
127 227
127 227
127 227
28 231
28 231
28 231
28 231
28 231
28 231
28 231
28 231
28 231
28 231
28 231
29 222
29 222
29 222
29 222
29 222
29 222
29 222
29 222
29 222
29 222
29 222
29 222
29 222
29 222
29 222
29 222
29 222
29 222
29 222
29 222
29 222
29 222
29 222
29 222
29 222
29 222
29 222
29 222
29 222
87 177
87 177
87 177
87 177
87 177
87 177
87 177
87 177
87 177
87 177
87 177
87 177
87 177
87 177
87 177
87 177
87 177
87 177
87 177
124 329
124 329
124 329
124 329
124 329
124 329
124 329
124 329
124 329
124 329
43 178
43 178
43 178
43 178
43 178
43 178
43 178
43 178
43 178
43 178
43 178
43 178
43 178
43 178
43 178
43 178
43 178
43 178
43 178
43 178
43 178
43 178
43 178
43 178
43 178
128 354
128 354
128 354
128 354
128 354
128 354
128 354
128 354
128 354
128 354
128 354
128 354
128 354
97 184
97 184
97 184
97 184
97 184
97 184
97 184
97 184
97 184
97 184
97 184
97 184
97 184
97 184
97 184
97 184
97 184
97 184
97 184
97 184
97 184
97 184
97 184
97 184
97 184
97 184
49 183
49 183
49 183
49 183
49 183
49 183
49 183
49 183
49 183
49 183
49 183
49 183
134 351
134 351
134 351
134 351
134 351
134 351
134 351
134 351
134 351
134 351
134 351
134 351
134 351
134 351
134 351
134 351
51 188
51 188
51 188
51 188
51 188
51 188
51 188
1 195
1 195
1 195
1 195
1 195
1 195
1 195
1 195
5 168
5 168
5 168
5 168
5 168
5 168
5 168
5 168
5 168
5 168
5 168
5 168
5 168
5 168
5 168
5 168
5 168
5 168
88 349
88 349
88 349
88 349
88 349
88 349
88 349
88 349
88 349
88 349
88 349
88 349
88 349
88 349
103 228
103 228
103 228
103 228
103 228
103 228
103 228
103 228
103 228
103 228
103 228
103 228
103 228
103 228
103 228
103 228
103 228
59 177
59 177
59 177
59 177
59 177
59 177
59 177
59 177
59 177
59 177
59 177
59 177
59 177
59 177
59 177
59 177
59 177
59 177
59 177
59 177
96 337
96 337
96 337
96 337
96 337
96 337
96 337
96 337
96 337
96 337
96 337
96 337
96 337
96 337
96 337
96 337
96 337
96 337
96 337
96 337
96 337
96 337
96 337
96 337
96 337
96 337
96 337
96 337
62 184
62 184
62 184
62 184
62 184
62 184
62 184
62 184
62 184
60 206
60 206
60 206
60 206
60 206
60 206
13 177
13 177
13 177
13 177
13 177
13 177
13 177
13 177
13 177
13 177
13 177
13 177
13 177
13 177
13 177
13 177
13 177
13 177
13 177
13 177
13 177
13 177
13 177
13 177
13 177
13 177
13 177
13 177
13 177
13 177
63 183
63 183
63 183
63 183
64 185
4 322
4 322
4 322
4 322
4 322
108 294
108 294
108 294
108 294
108 294
108 294
108 294
108 294
108 294
108 294
108 294
108 294
108 294
108 294
108 294
108 294
108 294
108 294
108 294
108 294
108 294
108 294
108 294
68 207
68 207
68 207
68 207
68 207
68 207
68 207
68 207
68 207
68 207
68 207
68 207
68 207
68 207
68 207
68 207
68 207
68 207
68 207
68 207
68 207
20 218
20 218
20 218
67 261
67 261
67 261
67 261
67 261
67 261
67 261
67 261
67 261
67 261
67 261
67 261
67 261
67 261
67 261
67 261
67 261
67 261
67 261
67 261
67 261
67 261
67 261
67 261
67 261
67 261
67 261
22 214
22 214
22 214
22 214
22 214
22 214
22 214
22 214
22 214
22 214
22 214
22 214
22 214
22 214
22 214
22 214
22 214
22 214
22 214
22 214
22 214
22 214
24 205
24 205
24 205
24 205
24 205
24 205
24 205
24 205
24 205
24 205
24 205
24 205
24 205
24 205
24 205
24 205
24 205
24 205
24 205
24 205
24 205
24 205
24 205
24 205
128 179
128 179
128 179
128 179
128 179
128 179
128 179
128 179
128 179
128 179
128 179
128 179
128 179
124 245
124 245
124 245
124 245
124 245
124 245
124 245
124 245
124 245
124 245
75 238
75 238
127 226
127 226
127 226
127 226
127 226
127 226
127 226
127 226
127 226
127 226
127 226
127 226
127 226
127 226
127 226
2 18
0 40
0 40
0 40
0 40
0 40
0 40
0 40
0 40
0 40
1 31
1 31
1 31
3 12
3 12
3 12
3 12
3 12
3 12
3 12
3 12
7 13
7 13
7 13
7 13
7 13
7 13
7 13
4 48
4 48
4 48
4 48
4 48
5 40
5 40
5 40
5 40
6 35
6 35
9 9
9 9
9 9
9 9
9 9
9 9
9 9
9 9
9 9
9 9
8 22
8 22
8 22
8 22
8 22
8 22
0 1
0 1
0 1
0 1
0 1
0 1
0 1
0 1
0 1
1 2
1 2
1 2
2 3
3 2
3 2
3 2
3 2
3 2
3 2
3 2
3 2
4 2
4 2
4 2
4 2
4 2
5 2
5 2
5 2
5 2
6 2
6 2
7 2
7 2
7 2
7 2
7 2
7 2
7 2
8 2
8 2
8 2
8 2
8 2
8 2
9 2
9 2
9 2
9 2
9 2
9 2
9 2
9 2
9 2
9 2
0 1
0 1
0 1
0 1
0 1
0 1
0 1
0 1
0 1
1 2
1 2
1 2
2 3
3 9
3 9
3 9
3 9
3 9
3 9
3 9
3 9
4 5
4 5
4 5
4 5
4 5
5 4
5 4
5 4
5 4
6 2
6 2
7 2
7 2
7 2
7 2
7 2
7 2
7 2
8 2
8 2
8 2
8 2
8 2
8 2
9 2
9 2
9 2
9 2
9 2
9 2
9 2
9 2
9 2
9 2
0 1
0 1
0 1
0 1
0 1
0 1
0 1
0 1
0 1
1 2
1 2
1 2
2 3
3 2
3 2
3 2
3 2
3 2
3 2
3 2
3 2
4 2
4 2
4 2
4 2
4 2
5 2
5 2
5 2
5 2
6 2
6 2
7 2
7 2
7 2
7 2
7 2
7 2
7 2
8 2
8 2
8 2
8 2
8 2
8 2
9 2
9 2
9 2
9 2
9 2
9 2
9 2
9 2
9 2
9 2
0 1
0 1
0 1
0 1
0 1
0 1
0 1
0 1
0 1
1 2
1 2
1 2
2 3
3 2
3 2
3 2
3 2
3 2
3 2
3 2
3 2
4 2
4 2
4 2
4 2
4 2
5 2
5 2
5 2
5 2
6 2
6 2
7 2
7 2
7 2
7 2
7 2
7 2
7 2
8 2
8 2
8 2
8 2
8 2
8 2
9 2
9 2
9 2
9 2
9 2
9 2
9 2
9 2
9 2
9 2
0 1
0 1
0 1
0 1
0 1
0 1
0 1
0 1
0 1
1 2
1 2
1 2
2 3
3 2
3 2
3 2
3 2
3 2
3 2
3 2
3 2
4 2
4 2
4 2
4 2
4 2
5 2
5 2
5 2
5 2
6 2
6 2
7 2
7 2
7 2
7 2
7 2
7 2
7 2
8 2
8 2
8 2
8 2
8 2
8 2
9 2
9 2
9 2
9 2
9 2
9 2
9 2
9 2
9 2
9 2
0 1
0 1
0 1
0 1
0 1
0 1
0 1
0 1
0 1
1 2
1 2
1 2
2 3
3 2
3 2
3 2
3 2
3 2
3 2
3 2
3 2
4 2
4 2
4 2
4 2
4 2
5 2
5 2
5 2
5 2
6 2
6 2
7 2
7 2
7 2
7 2
7 2
7 2
7 2
8 2
8 2
8 2
8 2
8 2
8 2
9 2
9 2
9 2
9 2
9 2
9 2
9 2
9 2
9 2
9 2
0 1
0 1
0 1
0 1
0 1
0 1
0 1
0 1
0 1
1 2
1 2
1 2
2 3
3 2
3 2
3 2
3 2
3 2
3 2
3 2
3 2
4 2
4 2
4 2
4 2
4 2
5 2
5 2
5 2
5 2
6 2
6 2
7 2
7 2
7 2
7 2
7 2
7 2
7 2
8 2
8 2
8 2
8 2
8 2
8 2
9 2
9 2
9 2
9 2
9 2
9 2
9 2
9 2
9 2
9 2
2 18
2 18
2 18
2 18
2 18
0 40
0 40
0 40
0 40
0 40
0 40
0 40
1 31
1 31
1 31
1 31
3 12
3 12
3 12
3 12
3 12
3 12
7 13
4 48
4 48
4 48
4 48
4 48
4 48
4 48
4 48
4 48
4 48
5 40
5 40
5 40
6 35
6 35
9 9
9 9
9 9
9 9
9 9
9 9
9 9
9 9
9 9
8 22
8 22
8 22
8 22
8 22
8 22
8 22
8 22
0 1
0 1
0 1
0 1
0 1
0 1
0 1
1 2
1 2
1 2
1 2
2 3
2 3
2 3
2 3
2 3
3 2
3 2
3 2
3 2
3 2
3 2
4 2
4 2
4 2
4 2
4 2
4 2
4 2
4 2
4 2
4 2
5 2
5 2
5 2
6 2
6 2
7 2
8 2
8 2
8 2
8 2
8 2
8 2
8 2
8 2
9 2
9 2
9 2
9 2
9 2
9 2
9 2
9 2
9 2
0 1
0 1
0 1
0 1
0 1
0 1
0 1
1 2
1 2
1 2
1 2
2 3
2 3
2 3
2 3
2 3
3 9
3 9
3 9
3 9
3 9
3 9
4 5
4 5
4 5
4 5
4 5
4 5
4 5
4 5
4 5
4 5
5 4
5 4
5 4
6 2
6 2
7 2
8 2
8 2
8 2
8 2
8 2
8 2
8 2
8 2
9 2
9 2
9 2
9 2
9 2
9 2
9 2
9 2
9 2
0 1
0 1
0 1
0 1
0 1
0 1
0 1
1 2
1 2
1 2
1 2
2 3
2 3
2 3
2 3
2 3
3 2
3 2
3 2
3 2
3 2
3 2
4 2
4 2
4 2
4 2
4 2
4 2
4 2
4 2
4 2
4 2
5 2
5 2
5 2
6 2
6 2
7 2
8 2
8 2
8 2
8 2
8 2
8 2
8 2
8 2
9 2
9 2
9 2
9 2
9 2
9 2
9 2
9 2
9 2
0 1
0 1
0 1
0 1
0 1
0 1
0 1
1 2
1 2
1 2
1 2
2 3
2 3
2 3
2 3
2 3
3 2
3 2
3 2
3 2
3 2
3 2
4 2
4 2
4 2
4 2
4 2
4 2
4 2
4 2
4 2
4 2
5 2
5 2
5 2
6 2
6 2
7 2
8 2
8 2
8 2
8 2
8 2
8 2
8 2
8 2
9 2
9 2
9 2
9 2
9 2
9 2
9 2
9 2
9 2
0 1
0 1
0 1
0 1
0 1
0 1
0 1
1 2
1 2
1 2
1 2
2 3
2 3
2 3
2 3
2 3
3 2
3 2
3 2
3 2
3 2
3 2
4 2
4 2
4 2
4 2
4 2
4 2
4 2
4 2
4 2
4 2
5 2
5 2
5 2
6 2
6 2
7 2
8 2
8 2
8 2
8 2
8 2
8 2
8 2
8 2
9 2
9 2
9 2
9 2
9 2
9 2
9 2
9 2
9 2
0 1
0 1
0 1
0 1
0 1
0 1
0 1
1 2
1 2
1 2
1 2
2 3
2 3
2 3
2 3
2 3
3 2
3 2
3 2
3 2
3 2
3 2
4 2
4 2
4 2
4 2
4 2
4 2
4 2
4 2
4 2
4 2
5 2
5 2
5 2
6 2
6 2
7 2
8 2
8 2
8 2
8 2
8 2
8 2
8 2
8 2
9 2
9 2
9 2
9 2
9 2
9 2
9 2
9 2
9 2
0 1
0 1
0 1
0 1
0 1
0 1
0 1
1 2
1 2
1 2
1 2
2 3
2 3
2 3
2 3
2 3
3 2
3 2
3 2
3 2
3 2
3 2
4 2
4 2
4 2
4 2
4 2
4 2
4 2
4 2
4 2
4 2
5 2
5 2
5 2
6 2
6 2
7 2
8 2
8 2
8 2
8 2
8 2
8 2
8 2
8 2
9 2
9 2
9 2
9 2
9 2
9 2
9 2
9 2
9 2
2 18
2 18
2 18
2 18
2 18
2 18
2 18
2 18
0 40
0 40
0 40
0 40
0 40
0 40
1 31
1 31
1 31
1 31
1 31
1 31
1 31
1 31
1 31
1 31
3 12
3 12
3 12
3 12
3 12
3 12
3 12
7 13
7 13
7 13
7 13
4 48
4 48
4 48
4 48
4 48
5 40
5 40
6 35
9 9
9 9
9 9
9 9
9 9
9 9
9 9
9 9
9 9
8 22
8 22
8 22
0 1
0 1
0 1
0 1
0 1
0 1
1 2
1 2
1 2
1 2
1 2
1 2
1 2
1 2
1 2
1 2
2 3
2 3
2 3
2 3
2 3
2 3
2 3
2 3
3 2
3 2
3 2
3 2
3 2
3 2
3 2
4 2
4 2
4 2
4 2
4 2
5 2
5 2
6 2
7 2
7 2
7 2
7 2
8 2
8 2
8 2
9 2
9 2
9 2
9 2
9 2
9 2
9 2
9 2
9 2
0 1
0 1
0 1
0 1
0 1
0 1
1 2
1 2
1 2
1 2
1 2
1 2
1 2
1 2
1 2
1 2
2 3
2 3
2 3
2 3
2 3
2 3
2 3
2 3
3 9
3 9
3 9
3 9
3 9
3 9
3 9
4 5
4 5
4 5
4 5
4 5
5 4
5 4
6 2
7 2
7 2
7 2
7 2
8 2
8 2
8 2
9 2
9 2
9 2
9 2
9 2
9 2
9 2
9 2
9 2
0 1
0 1
0 1
0 1
0 1
0 1
1 2
1 2
1 2
1 2
1 2
1 2
1 2
1 2
1 2
1 2
2 3
2 3
2 3
2 3
2 3
2 3
2 3
2 3
3 2
3 2
3 2
3 2
3 2
3 2
3 2
4 2
4 2
4 2
4 2
4 2
5 2
5 2
6 2
7 2
7 2
7 2
7 2
8 2
8 2
8 2
9 2
9 2
9 2
9 2
9 2
9 2
9 2
9 2
9 2
0 1
0 1
0 1
0 1
0 1
0 1
1 2
1 2
1 2
1 2
1 2
1 2
1 2
1 2
1 2
1 2
2 3
2 3
2 3
2 3
2 3
2 3
2 3
2 3
3 2
3 2
3 2
3 2
3 2
3 2
3 2
4 2
4 2
4 2
4 2
4 2
5 2
5 2
6 2
7 2
7 2
7 2
7 2
8 2
8 2
8 2
9 2
9 2
9 2
9 2
9 2
9 2
9 2
9 2
9 2
0 1
0 1
0 1
0 1
0 1
0 1
1 2
1 2
1 2
1 2
1 2
1 2
1 2
1 2
1 2
1 2
2 3
2 3
2 3
2 3
2 3
2 3
2 3
2 3
3 2
3 2
3 2
3 2
3 2
3 2
3 2
4 2
4 2
4 2
4 2
4 2
5 2
5 2
6 2
7 2
7 2
7 2
7 2
8 2
8 2
8 2
9 2
9 2
9 2
9 2
9 2
9 2
9 2
9 2
9 2
0 1
0 1
0 1
0 1
0 1
0 1
1 2
1 2
1 2
1 2
1 2
1 2
1 2
1 2
1 2
1 2
2 3
2 3
2 3
2 3
2 3
2 3
2 3
2 3
3 2
3 2
3 2
3 2
3 2
3 2
3 2
4 2
4 2
4 2
4 2
4 2
5 2
5 2
6 2
7 2
7 2
7 2
7 2
8 2
8 2
8 2
9 2
9 2
9 2
9 2
9 2
9 2
9 2
9 2
9 2
0 1
0 1
0 1
0 1
0 1
0 1
1 2
1 2
1 2
1 2
1 2
1 2
1 2
1 2
1 2
1 2
2 3
2 3
2 3
2 3
2 3
2 3
2 3
2 3
3 2
3 2
3 2
3 2
3 2
3 2
3 2
4 2
4 2
4 2
4 2
4 2
5 2
5 2
6 2
7 2
7 2
7 2
7 2
8 2
8 2
8 2
9 2
9 2
9 2
9 2
9 2
9 2
9 2
9 2
9 2
2 18
2 18
2 18
2 18
2 18
2 18
2 18
0 40
0 40
0 40
1 31
1 31
1 31
1 31
1 31
1 31
1 31
1 31
3 12
3 12
3 12
3 12
3 12
7 13
4 48
4 48
4 48
4 48
4 48
4 48
4 48
4 48
4 48
5 40
5 40
6 35
6 35
6 35
6 35
9 9
9 9
9 9
9 9
9 9
9 9
8 22
8 22
8 22
8 22
8 22
8 22
8 22
8 22
8 22
8 22
0 1
0 1
0 1
1 2
1 2
1 2
1 2
1 2
1 2
1 2
1 2
2 3
2 3
2 3
2 3
2 3
2 3
2 3
3 2
3 2
3 2
3 2
3 2
4 2
4 2
4 2
4 2
4 2
4 2
4 2
4 2
4 2
5 2
5 2
6 2
6 2
6 2
6 2
7 2
8 2
8 2
8 2
8 2
8 2
8 2
8 2
8 2
8 2
8 2
9 2
9 2
9 2
9 2
9 2
9 2
0 1
0 1
0 1
1 2
1 2
1 2
1 2
1 2
1 2
1 2
1 2
2 3
2 3
2 3
2 3
2 3
2 3
2 3
3 9
3 9
3 9
3 9
3 9
4 5
4 5
4 5
4 5
4 5
4 5
4 5
4 5
4 5
5 4
5 4
6 2
6 2
6 2
6 2
7 2
8 2
8 2
8 2
8 2
8 2
8 2
8 2
8 2
8 2
8 2
9 2
9 2
9 2
9 2
9 2
9 2
0 1
0 1
0 1
1 2
1 2
1 2
1 2
1 2
1 2
1 2
1 2
2 3
2 3
2 3
2 3
2 3
2 3
2 3
3 2
3 2
3 2
3 2
3 2
4 2
4 2
4 2
4 2
4 2
4 2
4 2
4 2
4 2
5 2
5 2
6 2
6 2
6 2
6 2
7 2
8 2
8 2
8 2
8 2
8 2
8 2
8 2
8 2
8 2
8 2
9 2
9 2
9 2
9 2
9 2
9 2
0 1
0 1
0 1
1 2
1 2
1 2
1 2
1 2
1 2
1 2
1 2
2 3
2 3
2 3
2 3
2 3
2 3
2 3
3 2
3 2
3 2
3 2
3 2
4 2
4 2
4 2
4 2
4 2
4 2
4 2
4 2
4 2
5 2
5 2
6 2
6 2
6 2
6 2
7 2
8 2
8 2
8 2
8 2
8 2
8 2
8 2
8 2
8 2
8 2
9 2
9 2
9 2
9 2
9 2
9 2
0 1
0 1
0 1
1 2
1 2
1 2
1 2
1 2
1 2
1 2
1 2
2 3
2 3
2 3
2 3
2 3
2 3
2 3
3 2
3 2
3 2
3 2
3 2
4 2
4 2
4 2
4 2
4 2
4 2
4 2
4 2
4 2
5 2
5 2
6 2
6 2
6 2
6 2
7 2
8 2
8 2
8 2
8 2
8 2
8 2
8 2
8 2
8 2
8 2
9 2
9 2
9 2
9 2
9 2
9 2
0 1
0 1
0 1
1 2
1 2
1 2
1 2
1 2
1 2
1 2
1 2
2 3
2 3
2 3
2 3
2 3
2 3
2 3
3 2
3 2
3 2
3 2
3 2
4 2
4 2
4 2
4 2
4 2
4 2
4 2
4 2
4 2
5 2
5 2
6 2
6 2
6 2
6 2
7 2
8 2
8 2
8 2
8 2
8 2
8 2
8 2
8 2
8 2
8 2
9 2
9 2
9 2
9 2
9 2
9 2
0 1
0 1
0 1
1 2
1 2
1 2
1 2
1 2
1 2
1 2
1 2
2 3
2 3
2 3
2 3
2 3
2 3
2 3
3 2
3 2
3 2
3 2
3 2
4 2
4 2
4 2
4 2
4 2
4 2
4 2
4 2
4 2
5 2
5 2
6 2
6 2
6 2
6 2
7 2
8 2
8 2
8 2
8 2
8 2
8 2
8 2
8 2
8 2
8 2
9 2
9 2
9 2
9 2
9 2
9 2
2 34
2 34
2 34
2 34
2 34
2 34
2 34
2 34
2 34
2 34
2 34
2 34
2 34
2 34
2 34
2 34
2 34
1 48
1 48
1 48
1 48
1 48
1 48
1 48
1 48
1 48
1 48
1 48
1 48
1 48
4 32
4 32
4 32
4 32
4 32
4 32
4 32
4 32
4 32
4 32
4 32
4 32
4 32
4 32
4 32
4 32
4 32
4 32
4 32
4 32
4 32
4 32
4 32
4 32
4 32
4 32
6 51
6 51
6 51
6 51
6 51
6 51
6 51
6 51
13 17
13 17
13 17
13 17
13 17
13 17
13 17
18 26
18 26
18 26
18 26
18 26
24 27
24 27
24 27
24 27
24 27
24 27
24 27
24 27
24 27
24 27
24 27
24 27
24 27
24 27
24 27
24 27
24 27
24 27
24 27
24 27
24 27
24 27
24 27
24 27
26 13
26 13
28 30
28 30
28 30
28 30
28 30
28 30
28 30
28 30
28 30
28 30
28 30
28 30
30 27
30 27
30 27
30 27
30 27
30 27
30 27
30 27
30 27
30 27
30 27
30 27
30 27
30 27
34 9
34 9
34 9
34 9
34 9
34 9
34 9
34 9
34 9
34 9
34 9
35 17
35 17
35 17
35 17
35 17
35 17
37 16
37 16
37 16
37 16
37 16
37 16
37 16
37 16
37 16
37 16
37 16
37 16
37 16
37 16
37 16
37 16
42 28
42 28
42 28
42 28
42 28
42 28
42 28
42 28
42 28
42 28
42 28
42 28
42 28
42 28
42 28
42 28
42 28
42 28
42 28
42 28
42 28
42 28
42 28
42 28
42 28
47 11
46 28
46 28
46 28
46 28
46 28
46 28
46 28
46 28
46 28
46 28
46 28
46 28
46 28
46 28
46 28
46 28
46 28
46 28
46 28
46 28
46 28
46 28
48 14
48 14
48 14
48 14
48 14
48 14
48 14
48 14
48 14
48 14
48 14
48 14
48 14
48 14
48 14
48 14
48 14
48 14
48 14
48 14
48 14
48 14
48 14
48 14
48 14
48 14
48 14
1 8
1 8
1 8
1 8
1 8
1 8
1 8
1 8
1 8
1 8
1 8
1 8
1 8
52 8
52 8
52 8
52 8
52 8
52 8
52 8
52 8
52 8
52 8
2 14
2 14
2 14
2 14
2 14
2 14
2 14
2 14
2 14
2 14
2 14
2 14
2 14
2 14
2 14
2 14
2 14
4 4
4 4
4 4
4 4
4 4
4 4
4 4
4 4
4 4
4 4
4 4
4 4
4 4
4 4
4 4
4 4
4 4
4 4
4 4
4 4
4 4
4 4
4 4
4 4
4 4
4 4
6 9
6 9
6 9
6 9
6 9
6 9
6 9
6 9
58 18
58 18
58 18
60 23
60 23
60 23
60 23
60 23
60 23
60 23
60 23
60 23
60 23
60 23
60 23
60 23
60 23
60 23
60 23
60 23
60 23
60 23
60 23
60 23
60 23
60 23
60 23
60 23
60 23
60 23
60 23
60 23
60 23
13 5
13 5
13 5
13 5
13 5
13 5
13 5
66 16
66 16
66 16
66 16
66 16
66 16
66 16
66 16
66 16
66 16
66 16
66 16
66 16
66 16
66 16
66 16
66 16
66 16
66 16
66 16
66 16
66 16
66 16
66 16
66 16
66 16
66 16
66 16
18 12
18 12
18 12
18 12
18 12
24 9
24 9
24 9
24 9
24 9
24 9
24 9
24 9
24 9
24 9
24 9
24 9
24 9
24 9
24 9
24 9
24 9
24 9
24 9
24 9
24 9
24 9
24 9
24 9
26 16
26 16
28 14
28 14
28 14
28 14
28 14
28 14
28 14
28 14
28 14
28 14
28 14
28 14
78 28
78 28
78 28
78 28
78 28
78 28
78 28
78 28
78 28
78 28
78 28
78 28
78 28
78 28
78 28
78 28
78 28
78 28
78 28
78 28
78 28
78 28
78 28
30 10
30 10
30 10
30 10
30 10
30 10
30 10
30 10
30 10
30 10
30 10
30 10
30 10
30 10
80 14
80 14
80 14
80 14
80 14
80 14
80 14
80 14
80 14
34 9
34 9
34 9
34 9
34 9
34 9
34 9
34 9
34 9
34 9
34 9
35 6
35 6
35 6
35 6
35 6
35 6
37 9
37 9
37 9
37 9
37 9
37 9
37 9
37 9
37 9
37 9
37 9
37 9
37 9
37 9
37 9
37 9
87 19
87 19
87 19
87 19
87 19
87 19
87 19
87 19
87 19
87 19
87 19
87 19
87 19
87 19
87 19
87 19
87 19
87 19
87 19
87 19
87 19
93 6
93 6
93 6
93 6
93 6
93 6
93 6
93 6
93 6
93 6
93 6
93 6
93 6
93 6
93 6
93 6
93 6
93 6
93 6
93 6
42 17
42 17
42 17
42 17
42 17
42 17
42 17
42 17
42 17
42 17
42 17
42 17
42 17
42 17
42 17
42 17
42 17
42 17
42 17
42 17
42 17
42 17
42 17
42 17
42 17
92 27
92 27
92 27
92 27
95 15
95 15
95 15
95 15
95 15
95 15
95 15
95 15
95 15
95 15
95 15
95 15
95 15
95 15
95 15
95 15
95 15
95 15
95 15
95 15
95 15
95 15
95 15
95 15
95 15
95 15
95 15
95 15
95 15
47 3
46 16
46 16
46 16
46 16
46 16
46 16
46 16
46 16
46 16
46 16
46 16
46 16
46 16
46 16
46 16
46 16
46 16
46 16
46 16
46 16
46 16
46 16
98 12
98 12
98 12
98 12
98 12
98 12
98 12
98 12
98 12
98 12
98 12
98 12
98 12
98 12
98 12
98 12
98 12
98 12
98 12
48 12
48 12
48 12
48 12
48 12
48 12
48 12
48 12
48 12
48 12
48 12
48 12
48 12
48 12
48 12
48 12
48 12
48 12
48 12
48 12
48 12
48 12
48 12
48 12
48 12
48 12
48 12
99 18
99 18
99 18
99 18
99 18
99 18
99 18
99 18
99 18
99 18
99 18
99 18
99 18
99 18
99 18
1 6
1 6
1 6
1 6
1 6
1 6
1 6
1 6
1 6
1 6
1 6
1 6
1 6
52 6
52 6
52 6
52 6
52 6
52 6
52 6
52 6
52 6
52 6
4 30
4 30
4 30
4 30
4 30
4 30
4 30
4 30
4 30
4 30
4 30
4 30
4 30
4 30
4 30
4 30
4 30
4 30
4 30
4 30
4 30
4 30
4 30
4 30
4 30
4 30
6 32
6 32
6 32
6 32
6 32
6 32
6 32
6 32
86 237
86 237
86 237
86 237
86 237
86 237
86 237
86 237
86 237
86 237
86 237
86 237
86 237
86 237
86 237
86 237
86 237
86 237
2 93
2 93
2 93
2 93
2 93
2 93
2 93
2 93
2 93
2 93
2 93
2 93
2 93
2 93
2 93
2 93
2 93
58 87
58 87
58 87
60 98
60 98
60 98
60 98
60 98
60 98
60 98
60 98
60 98
60 98
60 98
60 98
60 98
60 98
60 98
60 98
60 98
60 98
60 98
60 98
60 98
60 98
60 98
60 98
60 98
60 98
60 98
60 98
60 98
60 98
13 80
13 80
13 80
13 80
13 80
13 80
13 80
66 131
66 131
66 131
66 131
66 131
66 131
66 131
66 131
66 131
66 131
66 131
66 131
66 131
66 131
66 131
66 131
66 131
66 131
66 131
66 131
66 131
66 131
66 131
66 131
66 131
66 131
66 131
66 131
18 114
18 114
18 114
18 114
18 114
26 97
26 97
34 67
34 67
34 67
34 67
34 67
34 67
34 67
34 67
34 67
34 67
34 67
37 56
37 56
37 56
37 56
37 56
37 56
37 56
37 56
37 56
37 56
37 56
37 56
37 56
37 56
37 56
37 56
28 169
28 169
28 169
28 169
28 169
28 169
28 169
28 169
28 169
28 169
28 169
28 169
92 37
92 37
92 37
92 37
24 229
24 229
24 229
24 229
24 229
24 229
24 229
24 229
24 229
24 229
24 229
24 229
24 229
24 229
24 229
24 229
24 229
24 229
24 229
24 229
24 229
24 229
24 229
24 229
80 173
80 173
80 173
80 173
80 173
80 173
80 173
80 173
80 173
30 175
30 175
30 175
30 175
30 175
30 175
30 175
30 175
30 175
30 175
30 175
30 175
30 175
30 175
47 34
78 234
78 234
78 234
78 234
78 234
78 234
78 234
78 234
78 234
78 234
78 234
78 234
78 234
78 234
78 234
78 234
78 234
78 234
78 234
78 234
78 234
78 234
78 234
35 176
35 176
35 176
35 176
35 176
35 176
52 32
52 32
52 32
52 32
52 32
52 32
52 32
52 32
52 32
52 32
4 19
4 19
4 19
4 19
4 19
4 19
4 19
4 19
4 19
4 19
4 19
4 19
4 19
4 19
4 19
4 19
4 19
4 19
4 19
4 19
4 19
4 19
4 19
4 19
4 19
4 19
42 159
42 159
42 159
42 159
42 159
42 159
42 159
42 159
42 159
42 159
42 159
42 159
42 159
42 159
42 159
42 159
42 159
42 159
42 159
42 159
42 159
42 159
42 159
42 159
42 159
86 227
86 227
86 227
86 227
86 227
86 227
86 227
86 227
86 227
86 227
86 227
86 227
86 227
86 227
86 227
86 227
86 227
86 227
87 217
87 217
87 217
87 217
87 217
87 217
87 217
87 217
87 217
87 217
87 217
87 217
87 217
87 217
87 217
87 217
87 217
87 217
87 217
87 217
87 217
58 11
58 11
58 11
95 160
95 160
95 160
95 160
95 160
95 160
95 160
95 160
95 160
95 160
95 160
95 160
95 160
95 160
95 160
95 160
95 160
95 160
95 160
95 160
95 160
95 160
95 160
95 160
95 160
95 160
95 160
95 160
95 160
93 198
93 198
93 198
93 198
93 198
93 198
93 198
93 198
93 198
93 198
93 198
93 198
93 198
93 198
93 198
93 198
93 198
93 198
93 198
93 198
48 157
48 157
48 157
48 157
48 157
48 157
48 157
48 157
48 157
48 157
48 157
48 157
48 157
48 157
48 157
48 157
48 157
48 157
48 157
48 157
48 157
48 157
48 157
48 157
48 157
48 157
48 157
13 16
13 16
13 16
13 16
13 16
13 16
13 16
99 156
99 156
99 156
99 156
99 156
99 156
99 156
99 156
99 156
99 156
99 156
99 156
99 156
99 156
99 156
46 199
46 199
46 199
46 199
46 199
46 199
46 199
46 199
46 199
46 199
46 199
46 199
46 199
46 199
46 199
46 199
46 199
46 199
46 199
46 199
46 199
46 199
98 206
98 206
98 206
98 206
98 206
98 206
98 206
98 206
98 206
98 206
98 206
98 206
98 206
98 206
98 206
98 206
98 206
98 206
98 206
6 129
6 129
6 129
6 129
6 129
6 129
6 129
6 129
18 18
18 18
18 18
18 18
18 18
1 197
1 197
1 197
1 197
1 197
1 197
1 197
1 197
1 197
1 197
1 197
1 197
1 197
2 206
2 206
2 206
2 206
2 206
2 206
2 206
2 206
2 206
2 206
2 206
2 206
2 206
2 206
2 206
2 206
2 206
26 6
26 6
66 118
66 118
66 118
66 118
66 118
66 118
66 118
66 118
66 118
66 118
66 118
66 118
66 118
66 118
66 118
66 118
66 118
66 118
66 118
66 118
66 118
66 118
66 118
66 118
66 118
66 118
66 118
66 118
60 194
60 194
60 194
60 194
60 194
60 194
60 194
60 194
60 194
60 194
60 194
60 194
60 194
60 194
60 194
60 194
60 194
60 194
60 194
60 194
60 194
60 194
60 194
60 194
60 194
60 194
60 194
60 194
60 194
60 194
34 23
34 23
34 23
34 23
34 23
34 23
34 23
34 23
34 23
34 23
34 23
37 8
37 8
37 8
37 8
37 8
37 8
37 8
37 8
37 8
37 8
37 8
37 8
37 8
37 8
37 8
37 8
28 106
28 106
28 106
28 106
28 106
28 106
28 106
28 106
28 106
28 106
28 106
28 106
30 90
30 90
30 90
30 90
30 90
30 90
30 90
30 90
30 90
30 90
30 90
30 90
30 90
30 90
80 107
80 107
80 107
80 107
80 107
80 107
80 107
80 107
80 107
24 171
24 171
24 171
24 171
24 171
24 171
24 171
24 171
24 171
24 171
24 171
24 171
24 171
24 171
24 171
24 171
24 171
24 171
24 171
24 171
24 171
24 171
24 171
24 171
92 12
92 12
92 12
92 12
78 166
78 166
78 166
78 166
78 166
78 166
78 166
78 166
78 166
78 166
78 166
78 166
78 166
78 166
78 166
78 166
78 166
78 166
78 166
78 166
78 166
78 166
78 166
35 97
35 97
35 97
35 97
35 97
35 97
47 8
42 73
42 73
42 73
42 73
42 73
42 73
42 73
42 73
42 73
42 73
42 73
42 73
42 73
42 73
42 73
42 73
42 73
42 73
42 73
42 73
42 73
42 73
42 73
42 73
42 73
95 66
95 66
95 66
95 66
95 66
95 66
95 66
95 66
95 66
95 66
95 66
95 66
95 66
95 66
95 66
95 66
95 66
95 66
95 66
95 66
95 66
95 66
95 66
95 66
95 66
95 66
95 66
95 66
95 66
52 6
52 6
52 6
52 6
52 6
52 6
52 6
52 6
52 6
52 6
48 53
48 53
48 53
48 53
48 53
48 53
48 53
48 53
48 53
48 53
48 53
48 53
48 53
48 53
48 53
48 53
48 53
48 53
48 53
48 53
48 53
48 53
48 53
48 53
48 53
48 53
48 53
4 6
4 6
4 6
4 6
4 6
4 6
4 6
4 6
4 6
4 6
4 6
4 6
4 6
4 6
4 6
4 6
4 6
4 6
4 6
4 6
4 6
4 6
4 6
4 6
4 6
4 6
99 63
99 63
99 63
99 63
99 63
99 63
99 63
99 63
99 63
99 63
99 63
99 63
99 63
99 63
99 63
86 207
86 207
86 207
86 207
86 207
86 207
86 207
86 207
86 207
86 207
86 207
86 207
86 207
86 207
86 207
86 207
86 207
86 207
87 206
87 206
87 206
87 206
87 206
87 206
87 206
87 206
87 206
87 206
87 206
87 206
87 206
87 206
87 206
87 206
87 206
87 206
87 206
87 206
87 206
58 18
58 18
58 18
6 57
6 57
6 57
6 57
6 57
6 57
6 57
6 57
13 3
13 3
13 3
13 3
13 3
13 3
13 3
93 221
93 221
93 221
93 221
93 221
93 221
93 221
93 221
93 221
93 221
93 221
93 221
93 221
93 221
93 221
93 221
93 221
93 221
93 221
93 221
46 218
46 218
46 218
46 218
46 218
46 218
46 218
46 218
46 218
46 218
46 218
46 218
46 218
46 218
46 218
46 218
46 218
46 218
46 218
46 218
46 218
46 218
18 5
18 5
18 5
18 5
18 5
98 211
98 211
98 211
98 211
98 211
98 211
98 211
98 211
98 211
98 211
98 211
98 211
98 211
98 211
98 211
98 211
98 211
98 211
98 211
66 59
66 59
66 59
66 59
66 59
66 59
66 59
66 59
66 59
66 59
66 59
66 59
66 59
66 59
66 59
66 59
66 59
66 59
66 59
66 59
66 59
66 59
66 59
66 59
66 59
66 59
66 59
66 59
1 217
1 217
1 217
1 217
1 217
1 217
1 217
1 217
1 217
1 217
1 217
1 217
1 217
2 211
2 211
2 211
2 211
2 211
2 211
2 211
2 211
2 211
2 211
2 211
2 211
2 211
2 211
2 211
2 211
2 211
26 17
26 17
60 189
60 189
60 189
60 189
60 189
60 189
60 189
60 189
60 189
60 189
60 189
60 189
60 189
60 189
60 189
60 189
60 189
60 189
60 189
60 189
60 189
60 189
60 189
60 189
60 189
60 189
60 189
60 189
60 189
60 189
28 64
28 64
28 64
28 64
28 64
28 64
28 64
28 64
28 64
28 64
28 64
28 64
34 11
34 11
34 11
34 11
34 11
34 11
34 11
34 11
34 11
34 11
34 11
30 65
30 65
30 65
30 65
30 65
30 65
30 65
30 65
30 65
30 65
30 65
30 65
30 65
30 65
80 66
80 66
80 66
80 66
80 66
80 66
80 66
80 66
80 66
37 17
37 17
37 17
37 17
37 17
37 17
37 17
37 17
37 17
37 17
37 17
37 17
37 17
37 17
37 17
37 17
35 49
35 49
35 49
35 49
35 49
35 49
24 192
24 192
24 192
24 192
24 192
24 192
24 192
24 192
24 192
24 192
24 192
24 192
24 192
24 192
24 192
24 192
24 192
24 192
24 192
24 192
24 192
24 192
24 192
24 192
92 13
92 13
92 13
92 13
42 32
42 32
42 32
42 32
42 32
42 32
42 32
42 32
42 32
42 32
42 32
42 32
42 32
42 32
42 32
42 32
42 32
42 32
42 32
42 32
42 32
42 32
42 32
42 32
42 32
95 18
95 18
95 18
95 18
95 18
95 18
95 18
95 18
95 18
95 18
95 18
95 18
95 18
95 18
95 18
95 18
95 18
95 18
95 18
95 18
95 18
95 18
95 18
95 18
95 18
95 18
95 18
95 18
95 18
47 3
78 216
78 216
78 216
78 216
78 216
78 216
78 216
78 216
78 216
78 216
78 216
78 216
78 216
78 216
78 216
78 216
78 216
78 216
78 216
78 216
78 216
78 216
78 216
48 17
48 17
48 17
48 17
48 17
48 17
48 17
48 17
48 17
48 17
48 17
48 17
48 17
48 17
48 17
48 17
48 17
48 17
48 17
48 17
48 17
48 17
48 17
48 17
48 17
48 17
48 17
99 9
99 9
99 9
99 9
99 9
99 9
99 9
99 9
99 9
99 9
99 9
99 9
99 9
99 9
99 9
52 10
52 10
52 10
52 10
52 10
52 10
52 10
52 10
52 10
52 10
4 5
4 5
4 5
4 5
4 5
4 5
4 5
4 5
4 5
4 5
4 5
4 5
4 5
4 5
4 5
4 5
4 5
4 5
4 5
4 5
4 5
4 5
4 5
4 5
4 5
4 5
86 193
86 193
86 193
86 193
86 193
86 193
86 193
86 193
86 193
86 193
86 193
86 193
86 193
86 193
86 193
86 193
86 193
86 193
6 7
6 7
6 7
6 7
6 7
6 7
6 7
6 7
87 199
87 199
87 199
87 199
87 199
87 199
87 199
87 199
87 199
87 199
87 199
87 199
87 199
87 199
87 199
87 199
87 199
87 199
87 199
87 199
87 199
58 9
58 9
58 9
93 186
93 186
93 186
93 186
93 186
93 186
93 186
93 186
93 186
93 186
93 186
93 186
93 186
93 186
93 186
93 186
93 186
93 186
93 186
93 186
13 6
13 6
13 6
13 6
13 6
13 6
13 6
46 179
46 179
46 179
46 179
46 179
46 179
46 179
46 179
46 179
46 179
46 179
46 179
46 179
46 179
46 179
46 179
46 179
46 179
46 179
46 179
46 179
46 179
98 179
98 179
98 179
98 179
98 179
98 179
98 179
98 179
98 179
98 179
98 179
98 179
98 179
98 179
98 179
98 179
98 179
98 179
98 179
1 159
1 159
1 159
1 159
1 159
1 159
1 159
1 159
1 159
1 159
1 159
1 159
1 159
66 17
66 17
66 17
66 17
66 17
66 17
66 17
66 17
66 17
66 17
66 17
66 17
66 17
66 17
66 17
66 17
66 17
66 17
66 17
66 17
66 17
66 17
66 17
66 17
66 17
66 17
66 17
66 17
18 5
18 5
18 5
18 5
18 5
2 174
2 174
2 174
2 174
2 174
2 174
2 174
2 174
2 174
2 174
2 174
2 174
2 174
2 174
2 174
2 174
2 174
26 4
26 4
60 177
60 177
60 177
60 177
60 177
60 177
60 177
60 177
60 177
60 177
60 177
60 177
60 177
60 177
60 177
60 177
60 177
60 177
60 177
60 177
60 177
60 177
60 177
60 177
60 177
60 177
60 177
60 177
60 177
60 177
28 14
28 14
28 14
28 14
28 14
28 14
28 14
28 14
28 14
28 14
28 14
28 14
30 16
30 16
30 16
30 16
30 16
30 16
30 16
30 16
30 16
30 16
30 16
30 16
30 16
30 16
80 18
80 18
80 18
80 18
80 18
80 18
80 18
80 18
80 18
34 15
34 15
34 15
34 15
34 15
34 15
34 15
34 15
34 15
34 15
34 15
35 10
35 10
35 10
35 10
35 10
35 10
37 6
37 6
37 6
37 6
37 6
37 6
37 6
37 6
37 6
37 6
37 6
37 6
37 6
37 6
37 6
37 6
24 146
24 146
24 146
24 146
24 146
24 146
24 146
24 146
24 146
24 146
24 146
24 146
24 146
24 146
24 146
24 146
24 146
24 146
24 146
24 146
24 146
24 146
24 146
24 146
78 125
78 125
78 125
78 125
78 125
78 125
78 125
78 125
78 125
78 125
78 125
78 125
78 125
78 125
78 125
78 125
78 125
78 125
78 125
78 125
78 125
78 125
78 125
92 7
92 7
92 7
92 7
42 26
42 26
42 26
42 26
42 26
42 26
42 26
42 26
42 26
42 26
42 26
42 26
42 26
42 26
42 26
42 26
42 26
42 26
42 26
42 26
42 26
42 26
42 26
42 26
42 26
86 106
86 106
86 106
86 106
86 106
86 106
86 106
86 106
86 106
86 106
86 106
86 106
86 106
86 106
86 106
86 106
86 106
86 106
87 100
87 100
87 100
87 100
87 100
87 100
87 100
87 100
87 100
87 100
87 100
87 100
87 100
87 100
87 100
87 100
87 100
87 100
87 100
87 100
87 100
95 26
95 26
95 26
95 26
95 26
95 26
95 26
95 26
95 26
95 26
95 26
95 26
95 26
95 26
95 26
95 26
95 26
95 26
95 26
95 26
95 26
95 26
95 26
95 26
95 26
95 26
95 26
95 26
95 26
47 9
48 26
48 26
48 26
48 26
48 26
48 26
48 26
48 26
48 26
48 26
48 26
48 26
48 26
48 26
48 26
48 26
48 26
48 26
48 26
48 26
48 26
48 26
48 26
48 26
48 26
48 26
48 26
93 88
93 88
93 88
93 88
93 88
93 88
93 88
93 88
93 88
93 88
93 88
93 88
93 88
93 88
93 88
93 88
93 88
93 88
93 88
93 88
52 4
52 4
52 4
52 4
52 4
52 4
52 4
52 4
52 4
52 4
99 38
99 38
99 38
99 38
99 38
99 38
99 38
99 38
99 38
99 38
99 38
99 38
99 38
99 38
99 38
46 75
46 75
46 75
46 75
46 75
46 75
46 75
46 75
46 75
46 75
46 75
46 75
46 75
46 75
46 75
46 75
46 75
46 75
46 75
46 75
46 75
46 75
4 6
4 6
4 6
4 6
4 6
4 6
4 6
4 6
4 6
4 6
4 6
4 6
4 6
4 6
4 6
4 6
4 6
4 6
4 6
4 6
4 6
4 6
4 6
4 6
4 6
4 6
98 87
98 87
98 87
98 87
98 87
98 87
98 87
98 87
98 87
98 87
98 87
98 87
98 87
98 87
98 87
98 87
98 87
98 87
98 87
58 8
58 8
58 8
6 32
6 32
6 32
6 32
6 32
6 32
6 32
6 32
1 92
1 92
1 92
1 92
1 92
1 92
1 92
1 92
1 92
1 92
1 92
1 92
1 92
2 93
2 93
2 93
2 93
2 93
2 93
2 93
2 93
2 93
2 93
2 93
2 93
2 93
2 93
2 93
2 93
2 93
13 9
13 9
13 9
13 9
13 9
13 9
13 9
60 90
60 90
60 90
60 90
60 90
60 90
60 90
60 90
60 90
60 90
60 90
60 90
60 90
60 90
60 90
60 90
60 90
60 90
60 90
60 90
60 90
60 90
60 90
60 90
60 90
60 90
60 90
60 90
60 90
60 90
18 22
18 22
18 22
18 22
18 22
66 46
66 46
66 46
66 46
66 46
66 46
66 46
66 46
66 46
66 46
66 46
66 46
66 46
66 46
66 46
66 46
66 46
66 46
66 46
66 46
66 46
66 46
66 46
66 46
66 46
66 46
66 46
66 46
26 17
26 17
28 19
28 19
28 19
28 19
28 19
28 19
28 19
28 19
28 19
28 19
28 19
28 19
24 71
24 71
24 71
24 71
24 71
24 71
24 71
24 71
24 71
24 71
24 71
24 71
24 71
24 71
24 71
24 71
24 71
24 71
24 71
24 71
24 71
24 71
24 71
24 71
80 17
80 17
80 17
80 17
80 17
80 17
80 17
80 17
80 17
30 22
30 22
30 22
30 22
30 22
30 22
30 22
30 22
30 22
30 22
30 22
30 22
30 22
30 22
78 52
78 52
78 52
78 52
78 52
78 52
78 52
78 52
78 52
78 52
78 52
78 52
78 52
78 52
78 52
78 52
78 52
78 52
78 52
78 52
78 52
78 52
78 52
34 7
34 7
34 7
34 7
34 7
34 7
34 7
34 7
34 7
34 7
34 7
35 17
35 17
35 17
35 17
35 17
35 17
37 2
37 2
37 2
37 2
37 2
37 2
37 2
37 2
37 2
37 2
37 2
37 2
37 2
37 2
37 2
37 2
86 47
86 47
86 47
86 47
86 47
86 47
86 47
86 47
86 47
86 47
86 47
86 47
86 47
86 47
86 47
86 47
86 47
86 47
87 39
87 39
87 39
87 39
87 39
87 39
87 39
87 39
87 39
87 39
87 39
87 39
87 39
87 39
87 39
87 39
87 39
87 39
87 39
87 39
87 39
42 6
42 6
42 6
42 6
42 6
42 6
42 6
42 6
42 6
42 6
42 6
42 6
42 6
42 6
42 6
42 6
42 6
42 6
42 6
42 6
42 6
42 6
42 6
42 6
42 6
92 16
92 16
92 16
92 16
95 15
95 15
95 15
95 15
95 15
95 15
95 15
95 15
95 15
95 15
95 15
95 15
95 15
95 15
95 15
95 15
95 15
95 15
95 15
95 15
95 15
95 15
95 15
95 15
95 15
95 15
95 15
95 15
95 15
93 40
93 40
93 40
93 40
93 40
93 40
93 40
93 40
93 40
93 40
93 40
93 40
93 40
93 40
93 40
93 40
93 40
93 40
93 40
93 40
47 4
48 22
48 22
48 22
48 22
48 22
48 22
48 22
48 22
48 22
48 22
48 22
48 22
48 22
48 22
48 22
48 22
48 22
48 22
48 22
48 22
48 22
48 22
48 22
48 22
48 22
48 22
48 22
99 13
99 13
99 13
99 13
99 13
99 13
99 13
99 13
99 13
99 13
99 13
99 13
99 13
99 13
99 13
46 48
46 48
46 48
46 48
46 48
46 48
46 48
46 48
46 48
46 48
46 48
46 48
46 48
46 48
46 48
46 48
46 48
46 48
46 48
46 48
46 48
46 48
98 49
98 49
98 49
98 49
98 49
98 49
98 49
98 49
98 49
98 49
98 49
98 49
98 49
98 49
98 49
98 49
98 49
98 49
98 49
52 11
52 11
52 11
52 11
52 11
52 11
52 11
52 11
52 11
52 11
4 3
4 3
4 3
4 3
4 3
4 3
4 3
4 3
4 3
4 3
4 3
4 3
4 3
4 3
4 3
4 3
4 3
4 3
4 3
4 3
4 3
4 3
4 3
4 3
4 3
4 3
1 37
1 37
1 37
1 37
1 37
1 37
1 37
1 37
1 37
1 37
1 37
1 37
1 37
2 35
2 35
2 35
2 35
2 35
2 35
2 35
2 35
2 35
2 35
2 35
2 35
2 35
2 35
2 35
2 35
2 35
6 5
6 5
6 5
6 5
6 5
6 5
6 5
6 5
58 5
58 5
58 5
60 29
60 29
60 29
60 29
60 29
60 29
60 29
60 29
60 29
60 29
60 29
60 29
60 29
60 29
60 29
60 29
60 29
60 29
60 29
60 29
60 29
60 29
60 29
60 29
60 29
60 29
60 29
60 29
60 29
60 29
13 6
13 6
13 6
13 6
13 6
13 6
13 6
66 10
66 10
66 10
66 10
66 10
66 10
66 10
66 10
66 10
66 10
66 10
66 10
66 10
66 10
66 10
66 10
66 10
66 10
66 10
66 10
66 10
66 10
66 10
66 10
66 10
66 10
66 10
66 10
18 12
18 12
18 12
18 12
18 12
24 19
24 19
24 19
24 19
24 19
24 19
24 19
24 19
24 19
24 19
24 19
24 19
24 19
24 19
24 19
24 19
24 19
24 19
24 19
24 19
24 19
24 19
24 19
24 19
26 12
26 12
28 10
28 10
28 10
28 10
28 10
28 10
28 10
28 10
28 10
28 10
28 10
28 10
78 17
78 17
78 17
78 17
78 17
78 17
78 17
78 17
78 17
78 17
78 17
78 17
78 17
78 17
78 17
78 17
78 17
78 17
78 17
78 17
78 17
78 17
78 17
30 9
30 9
30 9
30 9
30 9
30 9
30 9
30 9
30 9
30 9
30 9
30 9
30 9
30 9
80 25
80 25
80 25
80 25
80 25
80 25
80 25
80 25
80 25
34 7
34 7
34 7
34 7
34 7
34 7
34 7
34 7
34 7
34 7
34 7
35 13
35 13
35 13
35 13
35 13
35 13
86 17
86 17
86 17
86 17
86 17
86 17
86 17
86 17
86 17
86 17
86 17
86 17
86 17
86 17
86 17
86 17
86 17
86 17
87 12
87 12
87 12
87 12
87 12
87 12
87 12
87 12
87 12
87 12
87 12
87 12
87 12
87 12
87 12
87 12
87 12
87 12
87 12
87 12
87 12
37 15
37 15
37 15
37 15
37 15
37 15
37 15
37 15
37 15
37 15
37 15
37 15
37 15
37 15
37 15
37 15
42 7
42 7
42 7
42 7
42 7
42 7
42 7
42 7
42 7
42 7
42 7
42 7
42 7
42 7
42 7
42 7
42 7
42 7
42 7
42 7
42 7
42 7
42 7
42 7
42 7
92 8
92 8
92 8
92 8
93 15
93 15
93 15
93 15
93 15
93 15
93 15
93 15
93 15
93 15
93 15
93 15
93 15
93 15
93 15
93 15
93 15
93 15
93 15
93 15
95 5
95 5
95 5
95 5
95 5
95 5
95 5
95 5
95 5
95 5
95 5
95 5
95 5
95 5
95 5
95 5
95 5
95 5
95 5
95 5
95 5
95 5
95 5
95 5
95 5
95 5
95 5
95 5
95 5
46 9
46 9
46 9
46 9
46 9
46 9
46 9
46 9
46 9
46 9
46 9
46 9
46 9
46 9
46 9
46 9
46 9
46 9
46 9
46 9
46 9
46 9
47 2
98 8
98 8
98 8
98 8
98 8
98 8
98 8
98 8
98 8
98 8
98 8
98 8
98 8
98 8
98 8
98 8
98 8
98 8
98 8
99 8
99 8
99 8
99 8
99 8
99 8
99 8
99 8
99 8
99 8
99 8
99 8
99 8
99 8
99 8
