5 149
5 149
9 265
9 265
9 265
9 265
9 265
9 265
9 265
9 265
9 265
9 265
9 265
9 265
9 265
9 265
9 265
9 265
9 265
9 265
9 265
9 265
9 265
9 265
9 265
9 265
14 224
14 224
14 224
14 224
14 224
14 224
14 224
14 224
14 224
14 224
14 224
14 224
14 224
14 224
24 236
24 236
24 236
24 236
24 236
24 236
24 236
5 369
5 369
9 404
9 404
9 404
9 404
9 404
9 404
9 404
9 404
9 404
9 404
9 404
9 404
9 404
9 404
9 404
9 404
9 404
9 404
9 404
9 404
9 404
9 404
9 404
9 404
14 471
14 471
14 471
14 471
14 471
14 471
14 471
14 471
14 471
14 471
14 471
14 471
14 471
14 471
26 949
26 949
26 949
26 949
26 949
26 949
26 949
26 949
26 949
26 949
26 949
26 949
26 949
26 949
26 949
26 949
26 949
26 949
26 949
26 949
26 949
26 949
26 949
26 949
26 949
20 1032
20 1032
20 1032
20 1032
20 1032
20 1032
20 532
20 532
20 532
20 532
20 532
20 532
24 561
24 561
24 561
24 561
24 561
24 561
24 561
26 597
26 597
26 597
26 597
26 597
26 597
26 597
26 597
26 597
26 597
26 597
26 597
26 597
26 597
26 597
26 597
26 597
26 597
26 597
26 597
26 597
26 597
26 597
26 597
26 597
3 1483
3 1483
3 1483
3 1483
3 1483
3 1483
3 1483
3 1483
3 1483
3 1483
3 1483
3 1483
3 1483
3 1483
3 1483
3 1483
3 1483
3 1483
3 1483
3 1483
3 1483
3 1483
3 1483
3 1483
3 1483
3 1483
3 1483
3 1483
3 998
3 998
3 998
3 998
3 998
3 998
3 998
3 998
3 998
3 998
3 998
3 998
3 998
3 998
3 998
3 998
3 998
3 998
3 998
3 998
3 998
3 998
3 998
3 998
3 998
3 998
3 998
3 998
61 1144
61 1144
61 1144
61 1144
3 780
3 780
3 780
3 780
3 780
3 780
3 780
3 780
3 780
3 780
3 780
3 780
3 780
3 780
3 780
3 780
3 780
3 780
3 780
3 780
3 780
3 780
3 780
3 780
3 780
3 780
3 780
3 780
5 771
5 771
20 877
20 877
20 877
20 877
20 877
20 877
14 954
14 954
14 954
14 954
14 954
14 954
14 954
14 954
14 954
14 954
14 954
14 954
14 954
14 954
61 1005
61 1005
61 1005
61 1005
26 1109
26 1109
26 1109
26 1109
26 1109
26 1109
26 1109
26 1109
26 1109
26 1109
26 1109
26 1109
26 1109
26 1109
26 1109
26 1109
26 1109
26 1109
26 1109
26 1109
26 1109
26 1109
26 1109
26 1109
26 1109
9 1308
9 1308
9 1308
9 1308
9 1308
9 1308
9 1308
9 1308
9 1308
9 1308
9 1308
9 1308
9 1308
9 1308
9 1308
9 1308
9 1308
9 1308
9 1308
9 1308
9 1308
9 1308
9 1308
9 1308
10 2542
10 2542
10 2542
10 2542
10 2542
10 2542
10 2542
10 2542
10 2542
10 2542
10 2542
10 2542
10 2542
10 2542
10 2542
10 2542
10 2542
10 2542
10 2542
10 2542
10 2542
10 2542
10 2542
10 2542
10 2542
10 2542
10 2542
10 2542
10 2542
10 2054
10 2054
10 2054
10 2054
10 2054
10 2054
10 2054
10 2054
10 2054
10 2054
10 2054
10 2054
10 2054
10 2054
10 2054
10 2054
10 2054
10 2054
10 2054
10 2054
10 2054
10 2054
10 2054
10 2054
10 2054
10 2054
10 2054
10 2054
10 2054
10 1566
10 1566
10 1566
10 1566
10 1566
10 1566
10 1566
10 1566
10 1566
10 1566
10 1566
10 1566
10 1566
10 1566
10 1566
10 1566
10 1566
10 1566
10 1566
10 1566
10 1566
10 1566
10 1566
10 1566
10 1566
10 1566
10 1566
10 1566
10 1566
9 1094
9 1094
9 1094
9 1094
9 1094
9 1094
9 1094
9 1094
9 1094
9 1094
9 1094
9 1094
9 1094
9 1094
9 1094
9 1094
9 1094
9 1094
9 1094
9 1094
9 1094
9 1094
9 1094
9 1094
20 1165
20 1165
20 1165
20 1165
20 1165
20 1165
3 1336
3 1336
3 1336
3 1336
3 1336
3 1336
3 1336
3 1336
3 1336
3 1336
3 1336
3 1336
3 1336
3 1336
3 1336
3 1336
3 1336
3 1336
3 1336
3 1336
3 1336
3 1336
3 1336
3 1336
3 1336
3 1336
3 1336
3 1336
26 1151
26 1151
26 1151
26 1151
26 1151
26 1151
26 1151
26 1151
26 1151
26 1151
26 1151
26 1151
26 1151
26 1151
26 1151
26 1151
26 1151
26 1151
26 1151
26 1151
26 1151
26 1151
26 1151
26 1151
26 1151
24 1773
24 1773
24 1773
24 1773
24 1773
24 1773
24 1773
10 1686
10 1686
10 1686
10 1686
10 1686
10 1686
10 1686
10 1686
10 1686
10 1686
10 1686
10 1686
10 1686
10 1686
10 1686
10 1686
10 1686
10 1686
10 1686
10 1686
10 1686
10 1686
10 1686
10 1686
10 1686
10 1686
10 1686
10 1686
10 1686
24 1716
24 1716
24 1716
24 1716
24 1716
24 1716
24 1716
3 1461
3 1461
3 1461
3 1461
3 1461
3 1461
3 1461
3 1461
3 1461
3 1461
3 1461
3 1461
3 1461
3 1461
3 1461
3 1461
3 1461
3 1461
3 1461
3 1461
3 1461
3 1461
3 1461
3 1461
3 1461
3 1461
3 1461
3 1461
10 1520
10 1520
10 1520
10 1520
10 1520
10 1520
10 1520
10 1520
10 1520
10 1520
10 1520
10 1520
10 1520
10 1520
10 1520
10 1520
10 1520
10 1520
10 1520
10 1520
10 1520
10 1520
10 1520
10 1520
10 1520
10 1520
10 1520
10 1520
10 1520
9 1530
9 1530
9 1530
9 1530
9 1530
9 1530
9 1530
9 1530
9 1530
9 1530
9 1530
9 1530
9 1530
9 1530
9 1530
9 1530
9 1530
9 1530
9 1530
9 1530
9 1530
9 1530
9 1530
9 1530
20 1589
20 1589
20 1589
20 1589
20 1589
20 1589
26 1590
26 1590
26 1590
26 1590
26 1590
26 1590
26 1590
26 1590
26 1590
26 1590
26 1590
26 1590
26 1590
26 1590
26 1590
26 1590
26 1590
26 1590
26 1590
26 1590
26 1590
26 1590
26 1590
26 1590
26 1590
24 1746
24 1746
24 1746
24 1746
24 1746
24 1746
24 1746
5 1940
5 1940
2 20
2 20
2 20
2 20
0 40
0 40
0 40
0 40
0 40
0 40
0 40
0 40
1 31
1 31
1 31
1 31
1 31
1 31
1 31
1 31
1 31
1 31
3 13
4 10
4 10
4 10
4 10
4 10
4 10
4 10
5 19
5 19
5 19
6 12
6 12
6 12
6 12
6 12
7 15
7 15
7 15
7 15
7 15
7 15
8 14
8 14
8 14
8 14
8 14
8 14
8 14
8 14
8 14
9 11
9 11
0 1
0 1
0 1
0 1
0 1
0 1
0 1
0 1
1 2
1 2
1 2
1 2
1 2
1 2
1 2
1 2
1 2
1 2
2 3
2 3
2 3
2 3
3 2
4 3
4 3
4 3
4 3
4 3
4 3
4 3
5 2
5 2
5 2
6 3
6 3
6 3
6 3
6 3
7 2
7 2
7 2
7 2
7 2
7 2
8 3
8 3
8 3
8 3
8 3
8 3
8 3
8 3
8 3
9 2
9 2
0 1
0 1
0 1
0 1
0 1
0 1
0 1
0 1
1 2
1 2
1 2
1 2
1 2
1 2
1 2
1 2
1 2
1 2
2 3
2 3
2 3
2 3
3 3
4 6
4 6
4 6
4 6
4 6
4 6
4 6
5 2
5 2
5 2
6 3
6 3
6 3
6 3
6 3
7 2
7 2
7 2
7 2
7 2
7 2
8 3
8 3
8 3
8 3
8 3
8 3
8 3
8 3
8 3
9 2
9 2
0 1
0 1
0 1
0 1
0 1
0 1
0 1
0 1
1 2
1 2
1 2
1 2
1 2
1 2
1 2
1 2
1 2
1 2
2 3
2 3
2 3
2 3
3 2
4 3
4 3
4 3
4 3
4 3
4 3
4 3
5 2
5 2
5 2
6 3
6 3
6 3
6 3
6 3
7 2
7 2
7 2
7 2
7 2
7 2
8 3
8 3
8 3
8 3
8 3
8 3
8 3
8 3
8 3
9 2
9 2
0 1
0 1
0 1
0 1
0 1
0 1
0 1
0 1
1 2
1 2
1 2
1 2
1 2
1 2
1 2
1 2
1 2
1 2
2 4
2 4
2 4
2 4
3 2
4 3
4 3
4 3
4 3
4 3
4 3
4 3
5 2
5 2
5 2
6 3
6 3
6 3
6 3
6 3
7 2
7 2
7 2
7 2
7 2
7 2
8 3
8 3
8 3
8 3
8 3
8 3
8 3
8 3
8 3
9 2
9 2
0 1
0 1
0 1
0 1
0 1
0 1
0 1
0 1
1 2
1 2
1 2
1 2
1 2
1 2
1 2
1 2
1 2
1 2
2 3
2 3
2 3
2 3
3 2
4 3
4 3
4 3
4 3
4 3
4 3
4 3
5 2
5 2
5 2
6 3
6 3
6 3
6 3
6 3
7 2
7 2
7 2
7 2
7 2
7 2
8 3
8 3
8 3
8 3
8 3
8 3
8 3
8 3
8 3
9 2
9 2
0 2
0 2
0 2
0 2
0 2
0 2
0 2
0 2
1 2
1 2
1 2
1 2
1 2
1 2
1 2
1 2
1 2
1 2
2 3
2 3
2 3
2 3
3 2
4 3
4 3
4 3
4 3
4 3
4 3
4 3
5 2
5 2
5 2
6 3
6 3
6 3
6 3
6 3
7 2
7 2
7 2
7 2
7 2
7 2
8 3
8 3
8 3
8 3
8 3
8 3
8 3
8 3
8 3
9 2
9 2
0 1
0 1
0 1
0 1
0 1
0 1
0 1
0 1
1 2
1 2
1 2
1 2
1 2
1 2
1 2
1 2
1 2
1 2
2 3
2 3
2 3
2 3
3 2
4 3
4 3
4 3
4 3
4 3
4 3
4 3
5 2
5 2
5 2
6 3
6 3
6 3
6 3
6 3
7 2
7 2
7 2
7 2
7 2
7 2
8 3
8 3
8 3
8 3
8 3
8 3
8 3
8 3
8 3
9 2
9 2
