1 1 3 39.0973 -1.0162
2 2 3 -16.1451 11.1973
3 2 3 -73.9569 22.19
4 3 3 59.478 -13.6677
5 4 3 -67.2793 62.5668
6 2 3 -19.951 -47.3975
7 2 3 -60.1642 -17.6153
8 3 3 90.9926 -90.4062
9 4 3 -33.9177 61.8641
10 4 3 -17.7264 23.4709
11 4 3 -63.4706 17.2617
12 1 3 -37.7632 -18.8928
13 2 3 -50.6829 -67.1725
14 3 3 -25.7284 -78.236
15 1 3 -73.5993 -64.549
16 2 3 -77.2596 73.6996
17 3 3 -3.85237 75.0908
18 4 3 -88.1607 87.5678
19 3 3 -20.9913 98.3
20 4 3 91.4219 35.0403
21 2 3 -98.9293 -27.6432
22 1 3 18.5754 45.3212
23 4 3 -45.2167 22.608
24 4 3 54.8744 -75.931
25 4 3 -21.2098 -77.2923
26 1 3 -96.5465 -56.0271
27 1 2 20.1252 2.12112
28 3 3 23.3534 -43.6245
29 3 3 41.3773 47.2642
30 3 3 -70.7765 91.3938
31 4 2 -10.4261 -64.9501
32 4 2 -52.5421 -80.7633
33 3 3 85.8692 -6.42172
34 3 3 19.9599 -36.3992
35 1 2 -11.459 -80.6495
36 4 2 62.9031 -68.7184
37 1 2 15.7252 93.3808
38 2 2 -70.6732 90.1272
39 3 3 11.6057 -7.23953
40 1 2 -61.8148 94.8569
41 1 2 34.028 34.0813
42 1 2 -71.5561 -70.3409
43 1 2 -0.407869 12.9931
44 4 2 -19.2789 -1.9221
45 3 3 48.5175 80.9192
46 3 3 -77.2523 -30.7045
47 4 2 -9.82091 24.9005
48 2 2 -26.3942 27.948
49 4 2 -72.6706 -98.7479
50 1 2 99.1972 -51.6964
51 3 3 -6.27077 47.5852
52 4 2 62.8725 99.408
53 1 2 13.0822 21.8282
54 3 3 -11.8531 -23.0894
55 1 2 -88.1768 47.9857
56 4 2 44.4554 -19.9244
57 3 3 62.8219 -64.2009
58 1 2 28.6203 50.6383
59 3 3 -56.8079 46.5651
60 4 2 -16.3674 -12.7231
61 3 3 85.4913 -10.8726
62 4 2 -29.3179 95.7775
63 3 3 -98.3375 93.0427
64 1 2 -48.7903 -76.1945
65 3 2 -11.3833 34.7369
66 4 2 34.3926 70.0529
67 1 2 -23.2579 -57.7662
68 3 2 38.6034 -25.8738
69 1 2 -1.30391 -55.1879
70 1 2 -89.1512 -41.1418
71 3 2 55.5872 -12.1671
72 3 2 -33.1887 43.4645
73 1 2 -64.6011 -7.22277
74 3 2 58.6404 34.4192
75 1 2 22.5429 78.7225
76 3 2 95.8385 55.8778
77 3 2 -93.2283 -58.9707
78 2 2 82.4224 12.0266
79 1 2 -69.7939 52.2654
80 3 2 69.4661 88.0166
81 2 1 34.9407 -59.2796
82 3 1 -13.3499 62.2179
83 4 1 52.5561 -11.5084
84 4 1 -91.332 30.2929
85 2 1 -94.8818 66.8931
86 1 1 -82.8404 -6.8195
87 2 1 16.4663 8.86455
88 3 1 -52.297 42.052
89 4 1 45.1989 -11.0551
90 3 1 53.9307 15.7608
91 3 1 43.0379 -2.78691
92 3 1 -24.4086 86.6435
93 2 1 15.0977 -1.7726
94 1 1 52.9532 -36.0271
95 2 1 -15.8579 -41.563
96 3 1 20.6558 11.9122
97 4 1 -44.6834 -18.8579
98 2 1 55.4726 45.3999
99 1 1 -37.7667 32.5668
100 4 1 -21.4112 47.4402
101 2 1 -89.6363 29.5925
102 4 1 68.9978 -72.2659
103 4 1 -90.2877 -20.6384
104 2 1 88.2714 65.9199
105 1 1 42.9352 -57.0945
106 2 1 75.4061 -52.6627
107 1 1 29.5327 15.0443
108 1 1 -99.5754 -25.4074
109 2 1 41.8599 1.49034
110 3 1 -19.3719 18.9196
111 1 1 -97.506 70.5867
112 1 1 27.5862 77.4874
113 2 1 65.9475 -8.80242
114 2 1 21.3588 -69.3187
115 1 1 -17.3655 68.4204
116 3 1 90.4345 -38.2825
117 4 1 41.3871 -8.10306
118 1 1 2.29033 68.4989
119 2 1 -51.7033 -57.5899
120 4 1 -87.4714 68.7524
121 2 1 -4.52507 -52.2053
122 2 1 -26.0409 4.33688
123 3 1 89.9046 30.7046
124 3 1 -35.8087 -99.4601
125 2 1 -5.35039 56.8293
126 4 1 45.8383 67.1581
127 3 1 91.2787 -71.944
128 1 1 82.0825 -4.64749
129 4 1 39.6479 89.6207
130 4 1 6.02015 18.7822
131 3 1 32.1483 11.8973
132 2 1 37.9789 53.2915
133 1 1 92.7985 -28.8046
134 3 1 -82.5185 53.9623
135 2 1 -10.1281 -22.7388
136 2 1 -0.538593 -24.5243
137 4 1 25.5372 -58.932
138 1 1 70.6963 21.5358
139 3 1 -89.9785 -23.8023
