32 221
32 221
32 221
32 221
32 221
32 221
34 228
34 228
34 228
34 228
34 228
40 298
40 298
40 298
40 298
40 298
40 298
40 298
40 298
59 399
59 399
59 399
65 434
65 434
65 434
65 434
65 434
65 434
65 434
65 434
65 434
65 434
65 434
65 434
65 434
65 434
65 434
65 434
65 434
65 434
34 554
34 554
34 554
34 554
34 554
32 584
32 584
32 584
32 584
32 584
32 584
88 581
88 581
88 581
88 581
88 581
88 581
88 581
88 581
88 581
88 581
88 581
88 581
88 581
88 581
88 581
88 581
88 581
88 581
88 581
88 581
88 581
88 581
88 581
60 862
60 862
60 862
60 862
60 862
60 862
60 862
18 1282
18 1282
18 1282
18 1282
18 1282
18 1282
18 1282
18 1282
18 1282
18 1282
18 782
18 782
18 782
18 782
18 782
18 782
18 782
18 782
18 782
18 782
10 1363
10 1363
10 1363
10 1363
10 863
10 863
10 863
10 863
40 601
40 601
40 601
40 601
40 601
40 601
40 601
40 601
59 664
59 664
59 664
10 667
10 667
10 667
10 667
60 673
60 673
60 673
60 673
60 673
60 673
60 673
18 764
18 764
18 764
18 764
18 764
18 764
18 764
18 764
18 764
18 764
65 797
65 797
65 797
65 797
65 797
65 797
65 797
65 797
65 797
65 797
65 797
65 797
65 797
65 797
65 797
65 797
65 797
65 797
32 823
32 823
32 823
32 823
32 823
32 823
34 834
34 834
34 834
34 834
34 834
88 877
88 877
88 877
88 877
88 877
88 877
88 877
88 877
88 877
88 877
88 877
88 877
88 877
88 877
88 877
88 877
88 877
88 877
88 877
88 877
88 877
88 877
88 877
40 885
40 885
40 885
40 885
40 885
40 885
40 885
40 885
89 1577
89 1577
89 1577
89 1577
89 1577
89 1577
89 1577
89 1577
89 1577
89 1577
89 1577
89 1577
89 1577
89 1577
89 1577
89 1577
89 1577
89 1577
89 1577
89 1577
89 1577
89 1577
89 1577
89 1577
89 1577
89 1577
89 1577
89 1577
89 1577
89 1078
89 1078
89 1078
89 1078
89 1078
89 1078
89 1078
89 1078
89 1078
89 1078
89 1078
89 1078
89 1078
89 1078
89 1078
89 1078
89 1078
89 1078
89 1078
89 1078
89 1078
89 1078
89 1078
89 1078
89 1078
89 1078
89 1078
89 1078
89 1078
59 1050
59 1050
59 1050
10 1044
10 1044
10 1044
10 1044
60 1048
60 1048
60 1048
60 1048
60 1048
60 1048
60 1048
65 1047
65 1047
65 1047
65 1047
65 1047
65 1047
65 1047
65 1047
65 1047
65 1047
65 1047
65 1047
65 1047
65 1047
65 1047
65 1047
65 1047
65 1047
18 1063
18 1063
18 1063
18 1063
18 1063
18 1063
18 1063
18 1063
18 1063
18 1063
32 1148
32 1148
32 1148
32 1148
32 1148
32 1148
88 1162
88 1162
88 1162
88 1162
88 1162
88 1162
88 1162
88 1162
88 1162
88 1162
88 1162
88 1162
88 1162
88 1162
88 1162
88 1162
88 1162
88 1162
88 1162
88 1162
88 1162
88 1162
88 1162
40 1168
40 1168
40 1168
40 1168
40 1168
40 1168
40 1168
40 1168
34 1248
34 1248
34 1248
34 1248
34 1248
89 1303
89 1303
89 1303
89 1303
89 1303
89 1303
89 1303
89 1303
89 1303
89 1303
89 1303
89 1303
89 1303
89 1303
89 1303
89 1303
89 1303
89 1303
89 1303
89 1303
89 1303
89 1303
89 1303
89 1303
89 1303
89 1303
89 1303
89 1303
89 1303
60 1294
60 1294
60 1294
60 1294
60 1294
60 1294
60 1294
59 1338
59 1338
59 1338
10 1346
10 1346
10 1346
10 1346
65 1325
65 1325
65 1325
65 1325
65 1325
65 1325
65 1325
65 1325
65 1325
65 1325
65 1325
65 1325
65 1325
65 1325
65 1325
65 1325
65 1325
65 1325
18 1373
18 1373
18 1373
18 1373
18 1373
18 1373
18 1373
18 1373
18 1373
18 1373
32 1444
32 1444
32 1444
32 1444
32 1444
32 1444
34 1445
34 1445
34 1445
34 1445
34 1445
88 1438
88 1438
88 1438
88 1438
88 1438
88 1438
88 1438
88 1438
88 1438
88 1438
88 1438
88 1438
88 1438
88 1438
88 1438
88 1438
88 1438
88 1438
88 1438
88 1438
88 1438
88 1438
88 1438
89 1451
89 1451
89 1451
89 1451
89 1451
89 1451
89 1451
89 1451
89 1451
89 1451
89 1451
89 1451
89 1451
89 1451
89 1451
89 1451
89 1451
89 1451
89 1451
89 1451
89 1451
89 1451
89 1451
89 1451
89 1451
89 1451
89 1451
89 1451
89 1451
40 1454
40 1454
40 1454
40 1454
40 1454
40 1454
40 1454
40 1454
59 1581
59 1581
59 1581
60 1652
60 1652
60 1652
60 1652
60 1652
60 1652
60 1652
65 1638
65 1638
65 1638
65 1638
65 1638
65 1638
65 1638
65 1638
65 1638
65 1638
65 1638
65 1638
65 1638
65 1638
65 1638
65 1638
65 1638
65 1638
88 1769
88 1769
88 1769
88 1769
88 1769
88 1769
88 1769
88 1769
88 1769
88 1769
88 1769
88 1769
88 1769
88 1769
88 1769
88 1769
88 1769
88 1769
88 1769
88 1769
88 1769
88 1769
88 1769
89 1766
89 1766
89 1766
89 1766
89 1766
89 1766
89 1766
89 1766
89 1766
89 1766
89 1766
89 1766
89 1766
89 1766
89 1766
89 1766
89 1766
89 1766
89 1766
89 1766
89 1766
89 1766
89 1766
89 1766
89 1766
89 1766
89 1766
89 1766
89 1766
