16 155
16 155
16 155
16 155
17 207
17 207
17 207
31 617
31 617
31 617
31 617
31 617
31 617
31 617
31 617
31 617
31 617
31 617
31 617
31 617
31 617
31 617
31 617
31 617
31 617
31 617
31 617
31 617
31 617
31 617
23 852
23 852
23 852
23 852
23 852
23 852
23 852
23 852
23 852
23 852
23 852
23 852
23 852
23 852
23 852
23 852
23 852
23 852
23 852
23 852
23 852
23 852
23 852
23 852
23 852
23 852
23 852
23 852
47 628
47 628
47 628
47 628
47 628
47 628
47 628
47 628
47 628
47 628
47 628
47 628
47 628
47 628
47 628
47 628
47 628
47 628
29 810
29 810
29 810
29 810
29 810
29 810
29 810
29 810
29 810
29 810
29 810
29 810
29 810
29 810
29 810
29 810
29 810
29 810
29 810
29 810
29 810
29 810
29 810
29 810
29 810
29 810
29 810
16 573
16 573
16 573
16 573
37 925
37 925
37 925
37 925
37 925
37 925
37 925
37 925
37 925
37 925
37 925
37 925
37 925
37 925
37 925
37 925
37 925
37 925
37 925
37 925
37 925
37 925
37 925
37 925
37 925
23 673
23 673
23 673
23 673
23 673
23 673
23 673
23 673
23 673
23 673
23 673
23 673
23 673
23 673
23 673
23 673
23 673
23 673
23 673
23 673
23 673
23 673
23 673
23 673
23 673
23 673
23 673
23 673
27 678
29 712
29 712
29 712
29 712
29 712
29 712
29 712
29 712
29 712
29 712
29 712
29 712
29 712
29 712
29 712
29 712
29 712
29 712
29 712
29 712
29 712
29 712
29 712
29 712
29 712
29 712
29 712
17 1029
17 1029
17 1029
31 907
31 907
31 907
31 907
31 907
31 907
31 907
31 907
31 907
31 907
31 907
31 907
31 907
31 907
31 907
31 907
31 907
31 907
31 907
31 907
31 907
31 907
31 907
47 846
47 846
47 846
47 846
47 846
47 846
47 846
47 846
47 846
47 846
47 846
47 846
47 846
47 846
47 846
47 846
47 846
47 846
18 1907
18 1907
18 1907
18 1907
18 1907
18 1907
18 1907
18 1907
18 1907
18 1907
18 1907
18 1907
18 1907
18 1907
18 1907
18 1907
18 1907
18 1907
18 1907
18 1907
18 1907
18 1907
18 1907
18 1907
18 1907
18 1907
18 1422
18 1422
18 1422
18 1422
18 1422
18 1422
18 1422
18 1422
18 1422
18 1422
18 1422
18 1422
18 1422
18 1422
18 1422
18 1422
18 1422
18 1422
18 1422
18 1422
18 1422
18 1422
18 1422
18 1422
18 1422
18 1422
16 1084
16 1084
16 1084
16 1084
23 1119
23 1119
23 1119
23 1119
23 1119
23 1119
23 1119
23 1119
23 1119
23 1119
23 1119
23 1119
23 1119
23 1119
23 1119
23 1119
23 1119
23 1119
23 1119
23 1119
23 1119
23 1119
23 1119
23 1119
23 1119
23 1119
23 1119
23 1119
27 1118
18 1279
18 1279
18 1279
18 1279
18 1279
18 1279
18 1279
18 1279
18 1279
18 1279
18 1279
18 1279
18 1279
18 1279
18 1279
18 1279
18 1279
18 1279
18 1279
18 1279
18 1279
18 1279
18 1279
18 1279
18 1279
18 1279
17 1292
17 1292
17 1292
37 1633
37 1633
37 1633
37 1633
37 1633
37 1633
37 1633
37 1633
37 1633
37 1633
37 1633
37 1633
37 1633
37 1633
37 1633
37 1633
37 1633
37 1633
37 1633
37 1633
37 1633
37 1633
37 1633
37 1633
37 1633
29 1255
29 1255
29 1255
29 1255
29 1255
29 1255
29 1255
29 1255
29 1255
29 1255
29 1255
29 1255
29 1255
29 1255
29 1255
29 1255
29 1255
29 1255
29 1255
29 1255
29 1255
29 1255
29 1255
29 1255
29 1255
29 1255
29 1255
31 1236
31 1236
31 1236
31 1236
31 1236
31 1236
31 1236
31 1236
31 1236
31 1236
31 1236
31 1236
31 1236
31 1236
31 1236
31 1236
31 1236
31 1236
31 1236
31 1236
31 1236
31 1236
31 1236
37 1382
37 1382
37 1382
37 1382
37 1382
37 1382
37 1382
37 1382
37 1382
37 1382
37 1382
37 1382
37 1382
37 1382
37 1382
37 1382
37 1382
37 1382
37 1382
37 1382
37 1382
37 1382
37 1382
37 1382
37 1382
4 3040
4 3040
4 2562
4 2562
4 2063
4 2063
47 1668
47 1668
47 1668
47 1668
47 1668
47 1668
47 1668
47 1668
47 1668
47 1668
47 1668
47 1668
47 1668
47 1668
47 1668
47 1668
47 1668
47 1668
16 1584
16 1584
16 1584
16 1584
17 1591
17 1591
17 1591
18 1684
18 1684
18 1684
18 1684
18 1684
18 1684
18 1684
18 1684
18 1684
18 1684
18 1684
18 1684
18 1684
18 1684
18 1684
18 1684
18 1684
18 1684
18 1684
18 1684
18 1684
18 1684
18 1684
18 1684
18 1684
18 1684
23 1647
23 1647
23 1647
23 1647
23 1647
23 1647
23 1647
23 1647
23 1647
23 1647
23 1647
23 1647
23 1647
23 1647
23 1647
23 1647
23 1647
23 1647
23 1647
23 1647
23 1647
23 1647
23 1647
23 1647
23 1647
23 1647
23 1647
23 1647
29 1707
29 1707
29 1707
29 1707
29 1707
29 1707
29 1707
29 1707
29 1707
29 1707
29 1707
29 1707
29 1707
29 1707
29 1707
29 1707
29 1707
29 1707
29 1707
29 1707
29 1707
29 1707
29 1707
29 1707
29 1707
29 1707
29 1707
27 1744
31 1765
31 1765
31 1765
31 1765
31 1765
31 1765
31 1765
31 1765
31 1765
31 1765
31 1765
31 1765
31 1765
31 1765
31 1765
31 1765
31 1765
31 1765
31 1765
31 1765
31 1765
31 1765
31 1765
4 2064
4 2064
37 1921
37 1921
37 1921
37 1921
37 1921
37 1921
37 1921
37 1921
37 1921
37 1921
37 1921
37 1921
37 1921
37 1921
37 1921
37 1921
37 1921
37 1921
37 1921
37 1921
37 1921
37 1921
37 1921
37 1921
37 1921
47 1931
47 1931
47 1931
47 1931
47 1931
47 1931
47 1931
47 1931
47 1931
47 1931
47 1931
47 1931
47 1931
47 1931
47 1931
47 1931
47 1931
47 1931
