29 2374
29 2374
29 2374
29 2374
29 2374
29 2374
29 2374
29 2374
29 2374
29 2374
29 2374
29 2374
29 2374
29 2374
29 2374
29 2374
29 2374
29 2374
29 2374
29 2374
29 2374
29 2374
29 2374
29 2374
29 2374
27 2400
27 2400
27 2400
27 2400
27 2400
27 2400
30 2374
30 2374
30 2374
30 2374
30 2374
30 2374
30 2374
30 2374
30 2374
30 2374
30 2374
30 2374
30 2374
30 2374
30 2374
30 2374
30 2374
30 2374
30 2374
37 1478
37 1478
37 1478
37 1478
37 1478
37 1478
37 1478
37 1478
37 1478
37 1478
43 1431
43 1431
43 1431
43 1431
43 1431
43 1431
43 1431
43 1431
43 1431
43 1431
43 1431
43 1431
43 1431
43 1431
43 1431
43 1431
43 1431
43 1431
46 1416
46 1416
46 1416
62 1595
62 1595
62 1595
62 1595
62 1595
62 1595
62 1595
62 1595
62 1595
62 1595
62 1595
27 1828
27 1828
27 1828
27 1828
27 1828
27 1828
29 1809
29 1809
29 1809
29 1809
29 1809
29 1809
29 1809
29 1809
29 1809
29 1809
29 1809
29 1809
29 1809
29 1809
29 1809
29 1809
29 1809
29 1809
29 1809
29 1809
29 1809
29 1809
29 1809
29 1809
29 1809
30 1799
30 1799
30 1799
30 1799
30 1799
30 1799
30 1799
30 1799
30 1799
30 1799
30 1799
30 1799
30 1799
30 1799
30 1799
30 1799
30 1799
30 1799
30 1799
51 2180
51 2180
46 1954
46 1954
46 1954
43 2005
43 2005
43 2005
43 2005
43 2005
43 2005
43 2005
43 2005
43 2005
43 2005
43 2005
43 2005
43 2005
43 2005
43 2005
43 2005
43 2005
43 2005
51 1941
51 1941
37 2104
37 2104
37 2104
37 2104
37 2104
37 2104
37 2104
37 2104
37 2104
37 2104
62 2063
62 2063
62 2063
62 2063
62 2063
62 2063
62 2063
62 2063
62 2063
62 2063
62 2063
66 2989
66 2989
66 2989
66 2989
66 2989
66 2989
66 2989
66 2989
66 2989
66 2989
66 2989
66 2989
66 2989
66 2989
66 2989
66 2989
66 2989
66 2989
66 2989
66 2989
66 2489
66 2489
66 2489
66 2489
66 2489
66 2489
66 2489
66 2489
66 2489
66 2489
66 2489
66 2489
66 2489
66 2489
66 2489
66 2489
66 2489
66 2489
66 2489
66 2489
