58 148
58 148
58 148
58 148
58 148
58 148
58 148
58 148
58 148
58 148
58 148
58 148
58 148
58 148
58 148
58 148
58 148
61 118
61 118
61 118
86 88
86 88
86 88
86 88
86 88
86 88
86 88
86 88
86 88
97 7
96 18
96 18
98 16
98 16
98 16
98 16
98 16
98 16
98 16
98 16
98 16
98 16
98 16
98 16
98 16
98 16
98 16
98 16
98 16
98 16
98 16
98 16
98 16
98 16
98 16
98 16
99 19
99 19
99 19
99 19
58 70
58 70
58 70
58 70
58 70
58 70
58 70
58 70
58 70
58 70
58 70
58 70
58 70
58 70
58 70
58 70
58 70
61 138
61 138
61 138
96 2
96 2
86 110
86 110
86 110
86 110
86 110
86 110
86 110
86 110
86 110
97 8
98 4
98 4
98 4
98 4
98 4
98 4
98 4
98 4
98 4
98 4
98 4
98 4
98 4
98 4
98 4
98 4
98 4
98 4
98 4
98 4
98 4
98 4
98 4
98 4
99 2
99 2
99 2
99 2
58 120
58 120
58 120
58 120
58 120
58 120
58 120
58 120
58 120
58 120
58 120
58 120
58 120
58 120
58 120
58 120
58 120
92 850
92 850
92 850
92 850
92 850
92 850
92 850
92 850
92 850
92 850
92 850
92 850
92 850
92 850
92 850
92 850
92 850
92 850
92 376
92 376
92 376
92 376
92 376
92 376
92 376
92 376
92 376
92 376
92 376
92 376
92 376
92 376
92 376
92 376
92 376
92 376
96 1
96 1
97 5
98 2
98 2
98 2
98 2
98 2
98 2
98 2
98 2
98 2
98 2
98 2
98 2
98 2
98 2
98 2
98 2
98 2
98 2
98 2
98 2
98 2
98 2
98 2
98 2
99 8
99 8
99 8
99 8
86 197
86 197
86 197
86 197
86 197
86 197
86 197
86 197
86 197
56 1650
56 1650
56 1650
56 1650
56 1650
56 1650
56 1650
56 1650
56 1650
56 1650
56 1650
56 1650
56 1650
56 1650
56 1650
56 1650
56 1650
56 1650
56 1650
56 1150
56 1150
56 1150
56 1150
56 1150
56 1150
56 1150
56 1150
56 1150
56 1150
56 1150
56 1150
56 1150
56 1150
56 1150
56 1150
56 1150
56 1150
56 1150
61 621
61 621
61 621
58 201
58 201
58 201
58 201
58 201
58 201
58 201
58 201
58 201
58 201
58 201
58 201
58 201
58 201
58 201
58 201
58 201
92 526
92 526
92 526
92 526
92 526
92 526
92 526
92 526
92 526
92 526
92 526
92 526
92 526
92 526
92 526
92 526
92 526
92 526
96 4
96 4
97 2
98 2
98 2
98 2
98 2
98 2
98 2
98 2
98 2
98 2
98 2
98 2
98 2
98 2
98 2
98 2
98 2
98 2
98 2
98 2
98 2
98 2
98 2
98 2
98 2
99 2
99 2
99 2
99 2
56 532
56 532
56 532
56 532
56 532
56 532
56 532
56 532
56 532
56 532
56 532
56 532
56 532
56 532
56 532
56 532
56 532
56 532
56 532
61 491
61 491
61 491
86 442
86 442
86 442
86 442
86 442
86 442
86 442
86 442
86 442
92 391
92 391
92 391
92 391
92 391
92 391
92 391
92 391
92 391
92 391
92 391
92 391
92 391
92 391
92 391
92 391
92 391
92 391
85 1978
85 1978
85 1978
85 1978
85 1978
85 1978
85 1978
85 1519
85 1519
85 1519
85 1519
85 1519
85 1519
85 1519
85 1019
85 1019
85 1019
85 1019
85 1019
85 1019
85 1019
94 1942
94 1942
94 1942
94 1942
94 1942
94 1942
94 1460
94 1460
94 1460
94 1460
94 1460
94 1460
94 968
94 968
94 968
94 968
94 968
94 968
96 8
96 8
97 5
98 2
98 2
98 2
98 2
98 2
98 2
98 2
98 2
98 2
98 2
98 2
98 2
98 2
98 2
98 2
98 2
98 2
98 2
98 2
98 2
98 2
98 2
98 2
98 2
99 2
99 2
99 2
99 2
61 803
61 803
61 803
85 568
85 568
85 568
85 568
85 568
85 568
85 568
96 2
96 2
97 5
98 3
98 3
98 3
98 3
98 3
98 3
98 3
98 3
98 3
98 3
98 3
98 3
98 3
98 3
98 3
98 3
98 3
98 3
98 3
98 3
98 3
98 3
98 3
98 3
99 6
99 6
99 6
99 6
86 925
86 925
86 925
86 925
86 925
86 925
86 925
86 925
86 925
94 847
94 847
94 847
94 847
94 847
94 847
92 867
92 867
92 867
92 867
92 867
92 867
92 867
92 867
92 867
92 867
92 867
92 867
92 867
92 867
92 867
92 867
92 867
92 867
56 728
56 728
56 728
56 728
56 728
56 728
56 728
56 728
56 728
56 728
56 728
56 728
56 728
56 728
56 728
56 728
56 728
56 728
56 728
61 684
61 684
61 684
85 447
85 447
85 447
85 447
85 447
85 447
85 447
86 495
86 495
86 495
86 495
86 495
86 495
86 495
86 495
86 495
58 784
58 784
58 784
58 784
58 784
58 784
58 784
58 784
58 784
58 784
58 784
58 784
58 784
58 784
58 784
58 784
58 784
96 3
96 3
97 3
98 7
98 7
98 7
98 7
98 7
98 7
98 7
98 7
98 7
98 7
98 7
98 7
98 7
98 7
98 7
98 7
98 7
98 7
98 7
98 7
98 7
98 7
98 7
98 7
99 4
99 4
99 4
99 4
56 731
56 731
56 731
56 731
56 731
56 731
56 731
56 731
56 731
56 731
56 731
56 731
56 731
56 731
56 731
56 731
56 731
56 731
56 731
94 856
94 856
94 856
94 856
94 856
94 856
85 455
85 455
85 455
85 455
85 455
85 455
85 455
86 533
86 533
86 533
86 533
86 533
86 533
86 533
86 533
86 533
92 1040
92 1040
92 1040
92 1040
92 1040
92 1040
92 1040
92 1040
92 1040
92 1040
92 1040
92 1040
92 1040
92 1040
92 1040
92 1040
92 1040
92 1040
96 1
96 1
97 3
98 8
98 8
98 8
98 8
98 8
98 8
98 8
98 8
98 8
98 8
98 8
98 8
98 8
98 8
98 8
98 8
98 8
98 8
98 8
98 8
98 8
98 8
98 8
98 8
99 9
99 9
99 9
99 9
94 959
94 959
94 959
94 959
94 959
94 959
92 987
92 987
92 987
92 987
92 987
92 987
92 987
92 987
92 987
92 987
92 987
92 987
92 987
92 987
92 987
92 987
92 987
92 987
