9 172
9 172
9 172
9 172
9 172
9 172
9 172
9 172
9 172
9 172
9 172
9 172
9 172
9 172
9 172
9 172
9 172
9 172
9 172
9 172
9 172
9 172
9 172
9 172
9 172
9 172
9 172
9 172
9 172
18 85
18 85
18 85
18 85
18 85
18 85
18 85
18 85
18 85
18 85
18 85
18 85
18 85
18 85
18 85
18 85
18 85
18 85
18 85
18 85
18 85
18 85
18 85
18 85
18 85
18 85
18 85
9 260
9 260
9 260
9 260
9 260
9 260
9 260
9 260
9 260
9 260
9 260
9 260
9 260
9 260
9 260
9 260
9 260
9 260
9 260
9 260
9 260
9 260
9 260
9 260
9 260
9 260
9 260
9 260
9 260
83 95
83 95
83 95
84 89
93 13
93 13
93 13
93 13
94 9
94 9
94 9
94 9
94 9
94 9
94 9
94 9
94 9
94 9
94 9
94 9
94 9
94 9
94 9
94 9
94 9
94 9
94 9
94 9
94 9
94 9
94 9
95 23
95 23
95 23
95 23
95 23
95 23
95 23
95 23
95 23
95 23
95 23
95 23
95 23
97 4
97 4
97 4
97 4
97 4
99 27
99 27
99 27
99 27
99 27
99 27
99 27
99 27
18 367
18 367
18 367
18 367
18 367
18 367
18 367
18 367
18 367
18 367
18 367
18 367
18 367
18 367
18 367
18 367
18 367
18 367
18 367
18 367
18 367
18 367
18 367
18 367
18 367
18 367
18 367
20 1104
20 1104
20 1104
20 1104
20 1104
20 1104
20 1104
20 1104
20 1104
20 1104
20 1104
20 1104
20 612
20 612
20 612
20 612
20 612
20 612
20 612
20 612
20 612
20 612
20 612
20 612
7 1253
7 1253
7 1253
7 1253
7 1253
7 1253
7 1253
7 1253
7 1253
7 1253
7 1253
7 1253
7 1253
7 1253
7 1253
7 1253
7 1253
7 1253
7 1253
7 1253
7 1253
7 758
7 758
7 758
7 758
7 758
7 758
7 758
7 758
7 758
7 758
7 758
7 758
7 758
7 758
7 758
7 758
7 758
7 758
7 758
7 758
7 758
83 13
83 13
83 13
84 11
91 8
91 8
91 8
91 8
91 8
91 8
91 8
91 8
91 8
93 6
93 6
93 6
93 6
94 3
94 3
94 3
94 3
94 3
94 3
94 3
94 3
94 3
94 3
94 3
94 3
94 3
94 3
94 3
94 3
94 3
94 3
94 3
94 3
94 3
94 3
94 3
59 861
59 861
59 861
59 861
59 861
59 861
59 861
59 861
59 861
59 861
59 861
59 861
59 861
59 861
59 861
59 861
59 861
59 861
59 861
59 861
59 861
59 861
59 861
59 861
95 7
95 7
95 7
95 7
95 7
95 7
95 7
95 7
95 7
95 7
95 7
95 7
95 7
97 38
97 38
97 38
97 38
97 38
99 21
99 21
99 21
99 21
99 21
99 21
99 21
99 21
6 1565
6 1565
6 1565
6 1565
6 1565
6 1565
6 1565
6 1565
6 1565
6 1565
6 1565
6 1565
6 1565
6 1565
6 1565
83 18
83 18
83 18
6 1297
6 1297
6 1297
6 1297
6 1297
6 1297
6 1297
6 1297
6 1297
6 1297
6 1297
6 1297
6 1297
6 1297
6 1297
6 800
6 800
6 800
6 800
6 800
6 800
6 800
6 800
6 800
6 800
6 800
6 800
6 800
6 800
6 800
35 1519
35 1519
35 1519
35 1519
35 1519
35 1519
35 1519
84 29
35 1038
35 1038
35 1038
35 1038
35 1038
35 1038
35 1038
9 806
9 806
9 806
9 806
9 806
9 806
9 806
9 806
9 806
9 806
9 806
9 806
9 806
9 806
9 806
9 806
9 806
9 806
9 806
9 806
9 806
9 806
9 806
9 806
9 806
9 806
9 806
9 806
9 806
7 844
7 844
7 844
7 844
7 844
7 844
7 844
7 844
7 844
7 844
7 844
7 844
7 844
7 844
7 844
7 844
7 844
7 844
7 844
7 844
7 844
98 941
98 941
98 941
98 941
98 941
98 941
98 941
98 941
98 941
98 941
98 941
98 941
98 941
98 941
98 941
98 941
98 941
98 941
98 941
98 941
98 941
98 941
98 941
98 941
98 941
98 941
98 442
98 442
98 442
98 442
98 442
98 442
98 442
98 442
98 442
98 442
98 442
98 442
98 442
98 442
98 442
98 442
98 442
98 442
98 442
98 442
98 442
98 442
98 442
98 442
98 442
98 442
20 757
20 757
20 757
20 757
20 757
20 757
20 757
20 757
20 757
20 757
20 757
20 757
91 48
91 48
91 48
91 48
91 48
91 48
91 48
91 48
91 48
93 29
93 29
93 29
93 29
59 871
59 871
59 871
59 871
59 871
59 871
59 871
59 871
59 871
59 871
59 871
59 871
59 871
59 871
59 871
59 871
59 871
59 871
59 871
59 871
59 871
59 871
59 871
59 871
94 30
94 30
94 30
94 30
94 30
94 30
94 30
94 30
94 30
94 30
94 30
94 30
94 30
94 30
94 30
94 30
94 30
94 30
94 30
94 30
94 30
94 30
94 30
95 22
95 22
95 22
95 22
95 22
95 22
95 22
95 22
95 22
95 22
95 22
95 22
95 22
97 5
97 5
97 5
97 5
97 5
98 4
98 4
98 4
98 4
98 4
98 4
98 4
98 4
98 4
98 4
98 4
98 4
98 4
98 4
98 4
98 4
98 4
98 4
98 4
98 4
98 4
98 4
98 4
98 4
98 4
98 4
99 9
99 9
99 9
99 9
99 9
99 9
99 9
99 9
18 822
18 822
18 822
18 822
18 822
18 822
18 822
18 822
18 822
18 822
18 822
18 822
18 822
18 822
18 822
18 822
18 822
18 822
18 822
18 822
18 822
18 822
18 822
18 822
18 822
18 822
18 822
83 3
83 3
83 3
84 21
7 831
7 831
7 831
7 831
7 831
7 831
7 831
7 831
7 831
7 831
7 831
7 831
7 831
7 831
7 831
7 831
7 831
7 831
7 831
7 831
7 831
91 8
91 8
91 8
91 8
91 8
91 8
91 8
91 8
91 8
9 847
9 847
9 847
9 847
9 847
9 847
9 847
9 847
9 847
9 847
9 847
9 847
9 847
9 847
9 847
9 847
9 847
9 847
9 847
9 847
9 847
9 847
9 847
9 847
9 847
9 847
9 847
9 847
9 847
93 25
93 25
93 25
93 25
94 34
94 34
94 34
94 34
94 34
94 34
94 34
94 34
94 34
94 34
94 34
94 34
94 34
94 34
94 34
94 34
94 34
94 34
94 34
94 34
94 34
94 34
94 34
95 40
95 40
95 40
95 40
95 40
95 40
95 40
95 40
95 40
95 40
95 40
95 40
95 40
97 25
97 25
97 25
97 25
97 25
35 1147
35 1147
35 1147
35 1147
35 1147
35 1147
35 1147
98 25
98 25
98 25
98 25
98 25
98 25
98 25
98 25
98 25
98 25
98 25
98 25
98 25
98 25
98 25
98 25
98 25
98 25
98 25
98 25
98 25
98 25
98 25
98 25
98 25
98 25
99 21
99 21
99 21
99 21
99 21
99 21
99 21
99 21
18 871
18 871
18 871
18 871
18 871
18 871
18 871
18 871
18 871
18 871
18 871
18 871
18 871
18 871
18 871
18 871
18 871
18 871
18 871
18 871
18 871
18 871
18 871
18 871
18 871
18 871
18 871
20 874
20 874
20 874
20 874
20 874
20 874
20 874
20 874
20 874
20 874
20 874
20 874
59 1141
59 1141
59 1141
59 1141
59 1141
59 1141
59 1141
59 1141
59 1141
59 1141
59 1141
59 1141
59 1141
59 1141
59 1141
59 1141
59 1141
59 1141
59 1141
59 1141
59 1141
59 1141
59 1141
59 1141
83 12
83 12
83 12
84 8
85 2079
85 2079
85 2079
85 2079
85 2079
85 2079
85 2079
85 2079
85 2079
85 2079
85 1594
85 1594
85 1594
85 1594
85 1594
85 1594
85 1594
85 1594
85 1594
85 1594
85 1095
85 1095
85 1095
85 1095
85 1095
85 1095
85 1095
85 1095
85 1095
85 1095
93 31
93 31
93 31
93 31
91 60
91 60
91 60
91 60
91 60
91 60
91 60
91 60
91 60
95 31
95 31
95 31
95 31
95 31
95 31
95 31
95 31
95 31
95 31
95 31
95 31
95 31
94 78
94 78
94 78
94 78
94 78
94 78
94 78
94 78
94 78
94 78
94 78
94 78
94 78
94 78
94 78
94 78
94 78
94 78
94 78
94 78
94 78
94 78
94 78
97 55
97 55
97 55
97 55
97 55
98 87
98 87
98 87
98 87
98 87
98 87
98 87
98 87
98 87
98 87
98 87
98 87
98 87
98 87
98 87
98 87
98 87
98 87
98 87
98 87
98 87
98 87
98 87
98 87
98 87
98 87
7 1002
7 1002
7 1002
7 1002
7 1002
7 1002
7 1002
7 1002
7 1002
7 1002
7 1002
7 1002
7 1002
7 1002
7 1002
7 1002
7 1002
7 1002
7 1002
7 1002
7 1002
99 89
99 89
99 89
99 89
99 89
99 89
99 89
99 89
9 1006
9 1006
9 1006
9 1006
9 1006
9 1006
9 1006
9 1006
9 1006
9 1006
9 1006
9 1006
9 1006
9 1006
9 1006
9 1006
9 1006
9 1006
9 1006
9 1006
9 1006
9 1006
9 1006
9 1006
9 1006
9 1006
9 1006
9 1006
9 1006
83 77
83 77
83 77
84 80
85 72
85 72
85 72
85 72
85 72
85 72
85 72
85 72
85 72
85 72
91 36
91 36
91 36
91 36
91 36
91 36
91 36
91 36
91 36
93 27
93 27
93 27
93 27
94 19
94 19
94 19
94 19
94 19
94 19
94 19
94 19
94 19
94 19
94 19
94 19
94 19
94 19
94 19
94 19
94 19
94 19
94 19
94 19
94 19
94 19
94 19
95 19
95 19
95 19
95 19
95 19
95 19
95 19
95 19
95 19
95 19
95 19
95 19
95 19
97 2
97 2
97 2
97 2
97 2
98 4
98 4
98 4
98 4
98 4
98 4
98 4
98 4
98 4
98 4
98 4
98 4
98 4
98 4
98 4
98 4
98 4
98 4
98 4
98 4
98 4
98 4
98 4
98 4
98 4
98 4
99 3
99 3
99 3
99 3
99 3
99 3
99 3
99 3
83 5
83 5
83 5
84 24
85 16
85 16
85 16
85 16
85 16
85 16
85 16
85 16
85 16
85 16
91 11
91 11
91 11
91 11
91 11
91 11
91 11
91 11
91 11
29 3632
29 3632
29 3632
29 3632
29 3632
29 3632
29 3632
29 3632
29 3632
29 3632
29 3632
29 3632
29 3632
29 3632
29 3632
29 3632
29 3632
29 3632
29 3632
29 3632
29 3632
29 3632
43 3496
43 3496
43 3496
43 3496
43 3496
43 3496
93 5
93 5
93 5
93 5
94 1
94 1
94 1
94 1
94 1
94 1
94 1
94 1
94 1
94 1
94 1
94 1
94 1
94 1
94 1
94 1
94 1
94 1
94 1
94 1
94 1
94 1
94 1
59 1852
59 1852
59 1852
59 1852
59 1852
59 1852
59 1852
59 1852
59 1852
59 1852
59 1852
59 1852
59 1852
59 1852
59 1852
59 1852
59 1852
59 1852
59 1852
59 1852
59 1852
59 1852
59 1852
59 1852
6 1889
6 1889
6 1889
6 1889
6 1889
6 1889
6 1889
6 1889
6 1889
6 1889
6 1889
6 1889
6 1889
6 1889
6 1889
7 1387
7 1387
7 1387
7 1387
7 1387
7 1387
7 1387
7 1387
7 1387
7 1387
7 1387
7 1387
7 1387
7 1387
7 1387
7 1387
7 1387
7 1387
7 1387
7 1387
7 1387
95 8
95 8
95 8
95 8
95 8
95 8
95 8
95 8
95 8
95 8
95 8
95 8
95 8
9 1370
9 1370
9 1370
9 1370
9 1370
9 1370
9 1370
9 1370
9 1370
9 1370
9 1370
9 1370
9 1370
9 1370
9 1370
9 1370
9 1370
9 1370
9 1370
9 1370
9 1370
9 1370
9 1370
9 1370
9 1370
9 1370
9 1370
9 1370
9 1370
6 1402
6 1402
6 1402
6 1402
6 1402
6 1402
6 1402
6 1402
6 1402
6 1402
6 1402
6 1402
6 1402
6 1402
6 1402
18 1784
18 1784
18 1784
18 1784
18 1784
18 1784
18 1784
18 1784
18 1784
18 1784
18 1784
18 1784
18 1784
18 1784
18 1784
18 1784
18 1784
18 1784
18 1784
18 1784
18 1784
18 1784
18 1784
18 1784
18 1784
18 1784
18 1784
97 3
97 3
97 3
97 3
97 3
98 3
98 3
98 3
98 3
98 3
98 3
98 3
98 3
98 3
98 3
98 3
98 3
98 3
98 3
98 3
98 3
98 3
98 3
98 3
98 3
98 3
98 3
98 3
98 3
98 3
98 3
99 27
99 27
99 27
99 27
99 27
99 27
99 27
99 27
49 2077
49 2077
49 2077
49 2077
49 2077
49 2077
49 2077
49 2077
49 2077
49 2077
49 2077
49 2077
49 2077
49 2077
49 2077
49 2077
49 2077
20 1419
20 1419
20 1419
20 1419
20 1419
20 1419
20 1419
20 1419
20 1419
20 1419
20 1419
20 1419
58 2045
58 2045
69 2070
69 2070
69 2070
69 2070
69 2070
69 2070
69 2070
69 2070
69 2070
69 2070
69 2070
59 1673
59 1673
59 1673
59 1673
59 1673
59 1673
59 1673
59 1673
59 1673
59 1673
59 1673
59 1673
59 1673
59 1673
59 1673
59 1673
59 1673
59 1673
59 1673
59 1673
59 1673
59 1673
59 1673
59 1673
83 9
83 9
83 9
84 3
85 3
85 3
85 3
85 3
85 3
85 3
85 3
85 3
85 3
85 3
91 64
91 64
91 64
91 64
91 64
91 64
91 64
91 64
91 64
93 48
93 48
93 48
93 48
63 3857
63 3857
63 3857
63 3857
63 3857
63 3857
63 3857
63 3857
63 3857
63 3857
63 3857
63 3857
63 3857
63 3857
63 3857
63 3857
63 3857
63 3857
63 3857
63 3857
63 3857
63 3857
63 3857
63 3857
63 3857
63 3363
63 3363
63 3363
63 3363
63 3363
63 3363
63 3363
63 3363
63 3363
63 3363
63 3363
63 3363
63 3363
63 3363
63 3363
63 3363
63 3363
63 3363
63 3363
63 3363
63 3363
63 3363
63 3363
63 3363
63 3363
63 2866
63 2866
63 2866
63 2866
63 2866
63 2866
63 2866
63 2866
63 2866
63 2866
63 2866
63 2866
63 2866
63 2866
63 2866
63 2866
63 2866
63 2866
63 2866
63 2866
63 2866
63 2866
63 2866
63 2866
63 2866
94 57
94 57
94 57
94 57
94 57
94 57
94 57
94 57
94 57
94 57
94 57
94 57
94 57
94 57
94 57
94 57
94 57
94 57
94 57
94 57
94 57
94 57
94 57
95 48
95 48
95 48
95 48
95 48
95 48
95 48
95 48
95 48
95 48
95 48
95 48
95 48
97 34
97 34
97 34
97 34
97 34
98 27
98 27
98 27
98 27
98 27
98 27
98 27
98 27
98 27
98 27
98 27
98 27
98 27
98 27
98 27
98 27
98 27
98 27
98 27
98 27
98 27
98 27
98 27
98 27
98 27
98 27
99 33
99 33
99 33
99 33
99 33
99 33
99 33
99 33
