10 243
10 243
10 243
10 243
10 243
10 243
10 243
10 243
10 243
10 243
10 243
10 243
10 243
10 243
10 243
10 243
10 243
10 243
8 264
8 264
8 264
8 264
8 264
8 264
8 264
8 264
8 264
8 264
8 264
8 264
8 264
8 264
8 264
8 264
13 224
13 224
13 224
13 224
13 224
13 224
13 224
13 224
13 224
13 224
13 224
13 224
13 224
13 224
13 224
13 224
13 224
13 224
13 224
13 224
13 224
13 224
17 214
17 214
17 214
17 214
17 214
17 214
17 214
17 214
17 214
17 214
17 214
17 214
17 214
17 214
17 214
17 214
17 214
17 214
17 214
17 214
20 188
20 188
20 188
20 188
20 188
20 188
20 188
20 188
20 188
20 188
20 188
20 188
20 188
20 188
20 188
20 188
20 188
20 188
20 188
20 188
20 188
20 188
20 188
20 188
22 172
22 172
22 172
22 172
22 172
22 172
22 172
22 172
22 172
22 172
22 172
22 172
22 172
22 172
29 160
29 160
29 160
29 160
29 160
29 160
29 160
29 160
29 160
29 160
29 160
29 160
29 160
29 160
29 160
29 160
29 160
40 199
40 199
40 199
40 199
40 199
40 199
40 199
40 199
40 199
40 199
40 199
40 199
40 199
40 199
40 199
40 199
40 199
40 199
40 199
45 179
45 179
45 179
45 179
45 179
45 179
45 179
45 179
45 179
45 179
45 179
45 179
43 268
43 268
43 268
43 268
43 268
43 268
43 268
43 268
43 268
43 268
43 268
43 268
43 268
55 335
55 335
55 335
55 335
55 335
55 335
55 335
55 335
55 335
55 335
55 335
55 335
55 335
55 335
55 335
55 335
55 335
55 335
55 335
55 335
55 335
55 335
55 335
55 335
55 335
8 330
8 330
8 330
8 330
8 330
8 330
8 330
8 330
8 330
8 330
8 330
8 330
8 330
8 330
8 330
8 330
58 356
58 356
58 356
58 356
58 356
58 356
58 356
10 337
10 337
10 337
10 337
10 337
10 337
10 337
10 337
10 337
10 337
10 337
10 337
10 337
10 337
10 337
10 337
10 337
10 337
62 333
62 333
62 333
62 333
62 333
62 333
62 333
62 333
62 333
62 333
62 333
62 333
62 333
62 333
62 333
62 333
62 333
62 333
62 333
62 333
62 333
62 333
62 333
62 333
62 333
62 333
62 333
62 333
62 333
13 331
13 331
13 331
13 331
13 331
13 331
13 331
13 331
13 331
13 331
13 331
13 331
13 331
13 331
13 331
13 331
13 331
13 331
13 331
13 331
13 331
13 331
17 298
17 298
17 298
17 298
17 298
17 298
17 298
17 298
17 298
17 298
17 298
17 298
17 298
17 298
17 298
17 298
17 298
17 298
17 298
17 298
20 330
20 330
20 330
20 330
20 330
20 330
20 330
20 330
20 330
20 330
20 330
20 330
20 330
20 330
20 330
20 330
20 330
20 330
20 330
20 330
20 330
20 330
20 330
20 330
65 396
65 396
65 396
65 396
22 327
22 327
22 327
22 327
22 327
22 327
22 327
22 327
22 327
22 327
22 327
22 327
22 327
22 327
24 343
24 343
24 343
24 343
24 343
24 343
24 343
24 343
24 343
24 343
24 343
24 343
24 343
24 343
24 343
24 343
24 343
24 343
24 343
24 343
24 343
24 343
24 343
24 343
24 343
24 343
29 425
29 425
29 425
29 425
29 425
29 425
29 425
29 425
29 425
29 425
29 425
29 425
29 425
29 425
29 425
29 425
29 425
83 429
83 429
83 429
83 429
83 429
83 429
83 429
83 429
83 429
83 429
31 1082
31 1082
31 1082
31 1082
31 1082
31 1082
31 1082
31 1082
31 1082
31 1082
31 1082
31 1082
31 1082
31 1082
31 1082
31 1082
31 1082
31 1082
31 1082
31 1082
31 1082
31 1082
31 1082
31 1082
31 1082
31 1082
31 1082
31 1082
31 1082
31 1082
31 583
31 583
31 583
31 583
31 583
31 583
31 583
31 583
31 583
31 583
31 583
31 583
31 583
31 583
31 583
31 583
31 583
31 583
31 583
31 583
31 583
31 583
31 583
31 583
31 583
31 583
31 583
31 583
31 583
31 583
91 496
91 496
91 496
91 496
91 496
91 496
91 496
91 496
91 496
91 496
91 496
43 497
43 497
43 497
43 497
43 497
43 497
43 497
43 497
43 497
43 497
43 497
43 497
43 497
45 494
45 494
45 494
45 494
45 494
45 494
45 494
45 494
45 494
45 494
45 494
45 494
40 569
40 569
40 569
40 569
40 569
40 569
40 569
40 569
40 569
40 569
40 569
40 569
40 569
40 569
40 569
40 569
40 569
40 569
40 569
55 627
55 627
55 627
55 627
55 627
55 627
55 627
55 627
55 627
55 627
55 627
55 627
55 627
55 627
55 627
55 627
55 627
55 627
55 627
55 627
55 627
55 627
55 627
55 627
55 627
8 626
8 626
8 626
8 626
8 626
8 626
8 626
8 626
8 626
8 626
8 626
8 626
8 626
8 626
8 626
8 626
17 575
17 575
17 575
17 575
17 575
17 575
17 575
17 575
17 575
17 575
17 575
17 575
17 575
17 575
17 575
17 575
17 575
17 575
17 575
17 575
58 686
58 686
58 686
58 686
58 686
58 686
58 686
10 667
10 667
10 667
10 667
10 667
10 667
10 667
10 667
10 667
10 667
10 667
10 667
10 667
10 667
10 667
10 667
10 667
10 667
62 651
62 651
62 651
62 651
62 651
62 651
62 651
62 651
62 651
62 651
62 651
62 651
62 651
62 651
62 651
62 651
62 651
62 651
62 651
62 651
62 651
62 651
62 651
62 651
62 651
62 651
62 651
62 651
62 651
20 584
20 584
20 584
20 584
20 584
20 584
20 584
20 584
20 584
20 584
20 584
20 584
20 584
20 584
20 584
20 584
20 584
20 584
20 584
20 584
20 584
20 584
20 584
20 584
13 662
13 662
13 662
13 662
13 662
13 662
13 662
13 662
13 662
13 662
13 662
13 662
13 662
13 662
13 662
13 662
13 662
13 662
13 662
13 662
13 662
13 662
22 609
22 609
22 609
22 609
22 609
22 609
22 609
22 609
22 609
22 609
22 609
22 609
22 609
22 609
65 785
65 785
65 785
65 785
24 696
24 696
24 696
24 696
24 696
24 696
24 696
24 696
24 696
24 696
24 696
24 696
24 696
24 696
24 696
24 696
24 696
24 696
24 696
24 696
24 696
24 696
24 696
24 696
24 696
24 696
31 716
31 716
31 716
31 716
31 716
31 716
31 716
31 716
31 716
31 716
31 716
31 716
31 716
31 716
31 716
31 716
31 716
31 716
31 716
31 716
31 716
31 716
31 716
31 716
31 716
31 716
31 716
31 716
31 716
31 716
83 711
83 711
83 711
83 711
83 711
83 711
83 711
83 711
83 711
83 711
29 754
29 754
29 754
29 754
29 754
29 754
29 754
29 754
29 754
29 754
29 754
29 754
29 754
29 754
29 754
29 754
29 754
91 797
91 797
91 797
91 797
91 797
91 797
91 797
91 797
91 797
91 797
91 797
40 810
40 810
40 810
40 810
40 810
40 810
40 810
40 810
40 810
40 810
40 810
40 810
40 810
40 810
40 810
40 810
40 810
40 810
40 810
43 789
43 789
43 789
43 789
43 789
43 789
43 789
43 789
43 789
43 789
43 789
43 789
43 789
45 790
45 790
45 790
45 790
45 790
45 790
45 790
45 790
45 790
45 790
45 790
45 790
70 1683
70 1683
70 1683
70 1683
70 1683
70 1683
70 1683
70 1683
70 1683
70 1683
70 1683
70 1683
70 1683
70 1683
70 1683
70 1683
70 1683
70 1683
70 1683
70 1683
70 1683
70 1183
70 1183
70 1183
70 1183
70 1183
70 1183
70 1183
70 1183
70 1183
70 1183
70 1183
70 1183
70 1183
70 1183
70 1183
70 1183
70 1183
70 1183
70 1183
70 1183
70 1183
55 913
55 913
55 913
55 913
55 913
55 913
55 913
55 913
55 913
55 913
55 913
55 913
55 913
55 913
55 913
55 913
55 913
55 913
55 913
55 913
55 913
55 913
55 913
55 913
55 913
8 893
8 893
8 893
8 893
8 893
8 893
8 893
8 893
8 893
8 893
8 893
8 893
8 893
8 893
8 893
8 893
58 905
58 905
58 905
58 905
58 905
58 905
58 905
10 916
10 916
10 916
10 916
10 916
10 916
10 916
10 916
10 916
10 916
10 916
10 916
10 916
10 916
10 916
10 916
10 916
10 916
94 1581
94 1581
94 1581
94 1581
94 1581
94 1581
94 1581
94 1581
94 1081
94 1081
94 1081
94 1081
94 1081
94 1081
94 1081
94 1081
62 924
62 924
62 924
62 924
62 924
62 924
62 924
62 924
62 924
62 924
62 924
62 924
62 924
62 924
62 924
62 924
62 924
62 924
62 924
62 924
62 924
62 924
62 924
62 924
62 924
62 924
62 924
62 924
62 924
13 946
13 946
13 946
13 946
13 946
13 946
13 946
13 946
13 946
13 946
13 946
13 946
13 946
13 946
13 946
13 946
13 946
13 946
13 946
13 946
13 946
13 946
65 934
65 934
65 934
65 934
17 944
17 944
17 944
17 944
17 944
17 944
17 944
17 944
17 944
17 944
17 944
17 944
17 944
17 944
17 944
17 944
17 944
17 944
17 944
17 944
20 964
20 964
20 964
20 964
20 964
20 964
20 964
20 964
20 964
20 964
20 964
20 964
20 964
20 964
20 964
20 964
20 964
20 964
20 964
20 964
20 964
20 964
20 964
20 964
70 966
70 966
70 966
70 966
70 966
70 966
70 966
70 966
70 966
70 966
70 966
70 966
70 966
70 966
70 966
70 966
70 966
70 966
70 966
70 966
70 966
22 963
22 963
22 963
22 963
22 963
22 963
22 963
22 963
22 963
22 963
22 963
22 963
22 963
22 963
24 1010
24 1010
24 1010
24 1010
24 1010
24 1010
24 1010
24 1010
24 1010
24 1010
24 1010
24 1010
24 1010
24 1010
24 1010
24 1010
24 1010
24 1010
24 1010
24 1010
24 1010
24 1010
24 1010
24 1010
24 1010
24 1010
29 1016
29 1016
29 1016
29 1016
29 1016
29 1016
29 1016
29 1016
29 1016
29 1016
29 1016
29 1016
29 1016
29 1016
29 1016
29 1016
29 1016
31 1014
31 1014
31 1014
31 1014
31 1014
31 1014
31 1014
31 1014
31 1014
31 1014
31 1014
31 1014
31 1014
31 1014
31 1014
31 1014
31 1014
31 1014
31 1014
31 1014
31 1014
31 1014
31 1014
31 1014
31 1014
31 1014
31 1014
31 1014
31 1014
31 1014
83 1034
83 1034
83 1034
83 1034
83 1034
83 1034
83 1034
83 1034
83 1034
83 1034
40 1024
40 1024
40 1024
40 1024
40 1024
40 1024
40 1024
40 1024
40 1024
40 1024
40 1024
40 1024
40 1024
40 1024
40 1024
40 1024
40 1024
40 1024
40 1024
91 1105
91 1105
91 1105
91 1105
91 1105
91 1105
91 1105
91 1105
91 1105
91 1105
91 1105
43 1124
43 1124
43 1124
43 1124
43 1124
43 1124
43 1124
43 1124
43 1124
43 1124
43 1124
43 1124
43 1124
94 1123
94 1123
94 1123
94 1123
94 1123
94 1123
94 1123
94 1123
45 1173
45 1173
45 1173
45 1173
45 1173
45 1173
45 1173
45 1173
45 1173
45 1173
45 1173
45 1173
55 1108
55 1108
55 1108
55 1108
55 1108
55 1108
55 1108
55 1108
55 1108
55 1108
55 1108
55 1108
55 1108
55 1108
55 1108
55 1108
55 1108
55 1108
55 1108
55 1108
55 1108
55 1108
55 1108
55 1108
55 1108
8 1106
8 1106
8 1106
8 1106
8 1106
8 1106
8 1106
8 1106
8 1106
8 1106
8 1106
8 1106
8 1106
8 1106
8 1106
8 1106
58 1110
58 1110
58 1110
58 1110
58 1110
58 1110
58 1110
62 1140
62 1140
62 1140
62 1140
62 1140
62 1140
62 1140
62 1140
62 1140
62 1140
62 1140
62 1140
62 1140
62 1140
62 1140
62 1140
62 1140
62 1140
62 1140
62 1140
62 1140
62 1140
62 1140
62 1140
62 1140
62 1140
62 1140
62 1140
62 1140
10 1163
10 1163
10 1163
10 1163
10 1163
10 1163
10 1163
10 1163
10 1163
10 1163
10 1163
10 1163
10 1163
10 1163
10 1163
10 1163
10 1163
10 1163
13 1209
13 1209
13 1209
13 1209
13 1209
13 1209
13 1209
13 1209
13 1209
13 1209
13 1209
13 1209
13 1209
13 1209
13 1209
13 1209
13 1209
13 1209
13 1209
13 1209
13 1209
13 1209
65 1190
65 1190
65 1190
65 1190
17 1267
17 1267
17 1267
17 1267
17 1267
17 1267
17 1267
17 1267
17 1267
17 1267
17 1267
17 1267
17 1267
17 1267
17 1267
17 1267
17 1267
17 1267
17 1267
17 1267
20 1295
20 1295
20 1295
20 1295
20 1295
20 1295
20 1295
20 1295
20 1295
20 1295
20 1295
20 1295
20 1295
20 1295
20 1295
20 1295
20 1295
20 1295
20 1295
20 1295
20 1295
20 1295
20 1295
20 1295
22 1305
22 1305
22 1305
22 1305
22 1305
22 1305
22 1305
22 1305
22 1305
22 1305
22 1305
22 1305
22 1305
22 1305
29 1257
29 1257
29 1257
29 1257
29 1257
29 1257
29 1257
29 1257
29 1257
29 1257
29 1257
29 1257
29 1257
29 1257
29 1257
29 1257
29 1257
70 1361
70 1361
70 1361
70 1361
70 1361
70 1361
70 1361
70 1361
70 1361
70 1361
70 1361
70 1361
70 1361
70 1361
70 1361
70 1361
70 1361
70 1361
70 1361
70 1361
70 1361
24 1449
24 1449
24 1449
24 1449
24 1449
24 1449
24 1449
24 1449
24 1449
24 1449
24 1449
24 1449
24 1449
24 1449
24 1449
24 1449
24 1449
24 1449
24 1449
24 1449
24 1449
24 1449
24 1449
24 1449
24 1449
24 1449
40 1318
40 1318
40 1318
40 1318
40 1318
40 1318
40 1318
40 1318
40 1318
40 1318
40 1318
40 1318
40 1318
40 1318
40 1318
40 1318
40 1318
40 1318
40 1318
31 1445
31 1445
31 1445
31 1445
31 1445
31 1445
31 1445
31 1445
31 1445
31 1445
31 1445
31 1445
31 1445
31 1445
31 1445
31 1445
31 1445
31 1445
31 1445
31 1445
31 1445
31 1445
31 1445
31 1445
31 1445
31 1445
31 1445
31 1445
31 1445
31 1445
83 1430
83 1430
83 1430
83 1430
83 1430
83 1430
83 1430
83 1430
83 1430
83 1430
94 1409
94 1409
94 1409
94 1409
94 1409
94 1409
94 1409
94 1409
91 1445
91 1445
91 1445
91 1445
91 1445
91 1445
91 1445
91 1445
91 1445
91 1445
91 1445
43 1455
43 1455
43 1455
43 1455
43 1455
43 1455
43 1455
43 1455
43 1455
43 1455
43 1455
43 1455
43 1455
45 1478
45 1478
45 1478
45 1478
45 1478
45 1478
45 1478
45 1478
45 1478
45 1478
45 1478
45 1478
8 1395
8 1395
8 1395
8 1395
8 1395
8 1395
8 1395
8 1395
8 1395
8 1395
8 1395
8 1395
8 1395
8 1395
8 1395
8 1395
58 1398
58 1398
58 1398
58 1398
58 1398
58 1398
58 1398
62 1420
62 1420
62 1420
62 1420
62 1420
62 1420
62 1420
62 1420
62 1420
62 1420
62 1420
62 1420
62 1420
62 1420
62 1420
62 1420
62 1420
62 1420
62 1420
62 1420
62 1420
62 1420
62 1420
62 1420
62 1420
62 1420
62 1420
62 1420
62 1420
13 1468
13 1468
13 1468
13 1468
13 1468
13 1468
13 1468
13 1468
13 1468
13 1468
13 1468
13 1468
13 1468
13 1468
13 1468
13 1468
13 1468
13 1468
13 1468
13 1468
13 1468
13 1468
65 1474
65 1474
65 1474
65 1474
70 1665
70 1665
70 1665
70 1665
70 1665
70 1665
70 1665
70 1665
70 1665
70 1665
70 1665
70 1665
70 1665
70 1665
70 1665
70 1665
70 1665
70 1665
70 1665
70 1665
70 1665
83 1751
83 1751
83 1751
83 1751
83 1751
83 1751
83 1751
83 1751
83 1751
83 1751
91 1780
91 1780
91 1780
91 1780
91 1780
91 1780
91 1780
91 1780
91 1780
91 1780
91 1780
94 1753
94 1753
94 1753
94 1753
94 1753
94 1753
94 1753
94 1753
