15 174
15 174
15 174
15 174
15 174
15 174
15 174
15 174
15 174
15 174
15 174
15 174
15 174
19 138
8 252
8 252
8 252
8 252
8 252
8 252
4 323
4 323
4 323
4 323
4 323
4 323
4 323
4 323
4 323
4 323
4 323
4 323
4 323
4 323
4 323
4 323
4 323
4 323
4 323
4 323
4 323
4 323
4 323
4 323
4 323
4 323
4 323
4 323
4 323
4 323
20 184
20 184
20 184
20 184
20 184
20 184
20 184
20 184
20 184
20 184
20 184
20 184
20 184
20 184
20 184
9 295
9 295
9 295
9 295
9 295
9 295
9 295
26 160
26 160
26 160
26 160
26 160
26 160
26 160
26 160
26 160
26 160
26 160
26 160
26 160
26 160
26 160
26 160
26 160
26 160
26 160
26 160
26 160
26 160
26 160
26 160
26 160
26 160
26 160
26 160
26 160
32 183
32 183
32 183
32 183
32 183
32 183
32 183
32 183
32 183
32 183
32 183
32 183
32 183
32 183
32 183
32 183
32 183
32 183
32 183
32 183
32 183
33 202
33 202
33 202
33 202
33 202
33 202
33 202
33 202
42 168
42 168
42 168
42 168
42 168
42 168
42 168
42 168
42 168
42 168
42 168
42 168
42 168
42 168
42 168
42 168
42 168
42 168
42 168
42 168
42 168
42 168
42 168
30 416
30 416
30 416
30 416
30 416
30 416
30 416
30 416
30 416
30 416
30 416
30 416
30 416
30 416
30 416
30 416
30 416
30 416
30 416
30 416
30 416
30 416
30 416
30 416
30 416
30 416
27 448
27 448
27 448
27 448
27 448
27 448
27 448
27 448
27 448
27 448
27 448
27 448
27 448
27 448
27 448
27 448
27 448
27 448
27 448
27 448
27 448
27 448
27 448
27 448
27 448
8 257
8 257
8 257
8 257
8 257
8 257
58 285
58 285
58 285
58 285
58 285
58 285
58 285
58 285
58 285
58 285
9 359
9 359
9 359
9 359
9 359
9 359
9 359
15 303
15 303
15 303
15 303
15 303
15 303
15 303
15 303
15 303
15 303
15 303
15 303
15 303
65 323
65 323
65 323
65 323
65 323
67 304
67 304
67 304
67 304
67 304
67 304
67 304
67 304
67 304
67 304
67 304
67 304
67 304
67 304
67 304
67 304
67 304
67 304
67 304
67 304
67 304
67 304
19 346
21 352
21 352
21 352
21 352
21 352
21 352
21 352
21 352
21 352
21 352
21 352
21 352
20 430
20 430
20 430
20 430
20 430
20 430
20 430
20 430
20 430
20 430
20 430
20 430
20 430
20 430
20 430
4 651
4 651
4 651
4 651
4 651
4 651
4 651
4 651
4 651
4 651
4 651
4 651
4 651
4 651
4 651
4 651
4 651
4 651
4 651
4 651
4 651
4 651
4 651
4 651
4 651
4 651
4 651
4 651
4 651
4 651
25 948
25 948
25 948
25 948
25 948
25 948
25 948
25 948
25 948
25 948
25 948
25 948
25 948
25 948
25 948
25 948
25 948
64 561
64 561
64 561
64 561
64 561
64 561
64 561
64 561
64 561
64 561
64 561
64 561
64 561
64 561
64 561
64 561
64 561
64 561
64 561
64 561
64 561
64 561
64 561
64 561
64 561
64 561
64 561
64 561
26 469
26 469
26 469
26 469
26 469
26 469
26 469
26 469
26 469
26 469
26 469
26 469
26 469
26 469
26 469
26 469
26 469
26 469
26 469
26 469
26 469
26 469
26 469
26 469
26 469
26 469
26 469
26 469
26 469
76 497
76 497
76 497
76 497
76 497
76 497
76 497
76 497
76 497
76 497
76 497
76 497
76 497
76 497
76 497
76 497
76 497
76 497
76 497
76 497
76 497
76 497
76 497
76 497
33 558
33 558
33 558
33 558
33 558
33 558
33 558
33 558
83 569
83 569
22 680
22 680
22 680
12 1280
12 1280
12 1280
12 1280
12 1280
12 1280
12 1280
12 1280
12 1280
12 1280
12 1280
12 1280
12 1280
12 1280
12 1280
12 1280
12 1280
12 1280
12 1280
12 1280
12 780
12 780
12 780
12 780
12 780
12 780
12 780
12 780
12 780
12 780
12 780
12 780
12 780
12 780
12 780
12 780
12 780
12 780
12 780
12 780
42 494
42 494
42 494
42 494
42 494
42 494
42 494
42 494
42 494
42 494
42 494
42 494
42 494
42 494
42 494
42 494
42 494
42 494
42 494
42 494
42 494
42 494
42 494
25 669
25 669
25 669
25 669
25 669
25 669
25 669
25 669
25 669
25 669
25 669
25 669
25 669
25 669
25 669
25 669
25 669
32 605
32 605
32 605
32 605
32 605
32 605
32 605
32 605
32 605
32 605
32 605
32 605
32 605
32 605
32 605
32 605
32 605
32 605
32 605
32 605
32 605
72 706
72 706
72 706
72 706
72 706
72 706
72 706
72 706
72 706
72 706
72 706
94 502
94 502
94 502
94 502
94 502
94 502
94 502
94 502
94 502
94 502
94 502
94 502
94 502
94 502
27 694
27 694
27 694
27 694
27 694
27 694
27 694
27 694
27 694
27 694
27 694
27 694
27 694
27 694
27 694
27 694
27 694
27 694
27 694
27 694
27 694
27 694
27 694
27 694
27 694
95 514
95 514
95 514
95 514
97 570
97 570
97 570
97 570
97 570
97 570
97 570
97 570
97 570
97 570
97 570
97 570
97 570
97 570
97 570
97 570
97 570
97 570
97 570
97 570
97 570
97 570
97 570
97 570
97 570
97 570
97 570
58 556
58 556
58 556
58 556
58 556
58 556
58 556
58 556
58 556
58 556
8 567
8 567
8 567
8 567
8 567
8 567
9 587
9 587
9 587
9 587
9 587
9 587
9 587
12 627
12 627
12 627
12 627
12 627
12 627
12 627
12 627
12 627
12 627
12 627
12 627
12 627
12 627
12 627
12 627
12 627
12 627
12 627
12 627
77 1010
77 1010
77 1010
77 1010
77 1010
77 1010
77 1010
77 1010
77 1010
77 1010
77 1010
77 1010
77 1010
77 1010
77 1010
77 1010
77 1010
77 1010
77 1010
65 670
65 670
65 670
65 670
65 670
30 1047
30 1047
30 1047
30 1047
30 1047
30 1047
30 1047
30 1047
30 1047
30 1047
30 1047
30 1047
30 1047
30 1047
30 1047
30 1047
30 1047
30 1047
30 1047
30 1047
30 1047
30 1047
30 1047
30 1047
30 1047
30 1047
21 650
21 650
21 650
21 650
21 650
21 650
21 650
21 650
21 650
21 650
21 650
21 650
20 700
20 700
20 700
20 700
20 700
20 700
20 700
20 700
20 700
20 700
20 700
20 700
20 700
20 700
20 700
19 734
67 754
67 754
67 754
67 754
67 754
67 754
67 754
67 754
67 754
67 754
67 754
67 754
67 754
67 754
67 754
67 754
67 754
67 754
67 754
67 754
67 754
67 754
15 775
15 775
15 775
15 775
15 775
15 775
15 775
15 775
15 775
15 775
15 775
15 775
15 775
4 892
4 892
4 892
4 892
4 892
4 892
4 892
4 892
4 892
4 892
4 892
4 892
4 892
4 892
4 892
4 892
4 892
4 892
4 892
4 892
4 892
4 892
4 892
4 892
4 892
4 892
4 892
4 892
4 892
4 892
22 725
22 725
22 725
26 764
26 764
26 764
26 764
26 764
26 764
26 764
26 764
26 764
26 764
26 764
26 764
26 764
26 764
26 764
26 764
26 764
26 764
26 764
26 764
26 764
26 764
26 764
26 764
26 764
26 764
26 764
26 764
26 764
76 767
76 767
76 767
76 767
76 767
76 767
76 767
76 767
76 767
76 767
76 767
76 767
76 767
76 767
76 767
76 767
76 767
76 767
76 767
76 767
76 767
76 767
76 767
76 767
32 784
32 784
32 784
32 784
32 784
32 784
32 784
32 784
32 784
32 784
32 784
32 784
32 784
32 784
32 784
32 784
32 784
32 784
32 784
32 784
32 784
33 776
33 776
33 776
33 776
33 776
33 776
33 776
33 776
83 787
83 787
41 1749
41 1749
41 1749
41 1749
41 1749
41 1749
41 1749
41 1749
41 1749
64 1023
64 1023
64 1023
64 1023
64 1023
64 1023
64 1023
64 1023
64 1023
64 1023
64 1023
64 1023
64 1023
64 1023
64 1023
64 1023
64 1023
64 1023
64 1023
64 1023
64 1023
64 1023
64 1023
64 1023
64 1023
64 1023
64 1023
64 1023
42 757
42 757
42 757
42 757
42 757
42 757
42 757
42 757
42 757
42 757
42 757
42 757
42 757
42 757
42 757
42 757
42 757
42 757
42 757
42 757
42 757
42 757
42 757
94 758
94 758
94 758
94 758
94 758
94 758
94 758
94 758
94 758
94 758
94 758
94 758
94 758
94 758
95 770
95 770
95 770
95 770
97 865
97 865
97 865
97 865
97 865
97 865
97 865
97 865
97 865
97 865
97 865
97 865
97 865
97 865
97 865
97 865
97 865
97 865
97 865
97 865
97 865
97 865
97 865
97 865
97 865
97 865
97 865
25 1086
25 1086
25 1086
25 1086
25 1086
25 1086
25 1086
25 1086
25 1086
25 1086
25 1086
25 1086
25 1086
25 1086
25 1086
25 1086
25 1086
27 1121
27 1121
27 1121
27 1121
27 1121
27 1121
27 1121
27 1121
27 1121
27 1121
27 1121
27 1121
27 1121
27 1121
27 1121
27 1121
27 1121
27 1121
27 1121
27 1121
27 1121
27 1121
27 1121
27 1121
27 1121
58 845
58 845
58 845
58 845
58 845
58 845
58 845
58 845
58 845
58 845
8 888
8 888
8 888
8 888
8 888
8 888
77 1234
77 1234
77 1234
77 1234
77 1234
77 1234
77 1234
77 1234
77 1234
77 1234
77 1234
77 1234
77 1234
77 1234
77 1234
77 1234
77 1234
77 1234
77 1234
9 974
9 974
9 974
9 974
9 974
9 974
9 974
12 982
12 982
12 982
12 982
12 982
12 982
12 982
12 982
12 982
12 982
12 982
12 982
12 982
12 982
12 982
12 982
12 982
12 982
12 982
12 982
65 977
65 977
65 977
65 977
65 977
15 983
15 983
15 983
15 983
15 983
15 983
15 983
15 983
15 983
15 983
15 983
15 983
15 983
67 969
67 969
67 969
67 969
67 969
67 969
67 969
67 969
67 969
67 969
67 969
67 969
67 969
67 969
67 969
67 969
67 969
67 969
67 969
67 969
67 969
67 969
19 953
21 940
21 940
21 940
21 940
21 940
21 940
21 940
21 940
21 940
21 940
21 940
21 940
20 998
20 998
20 998
20 998
20 998
20 998
20 998
20 998
20 998
20 998
20 998
20 998
20 998
20 998
20 998
22 1055
22 1055
22 1055
63 2175
63 2175
63 2175
63 2175
63 2175
63 2175
63 2175
63 2175
63 2175
63 2175
63 2175
63 2175
63 2175
63 2175
63 2175
63 2175
63 2175
63 2175
63 1682
63 1682
63 1682
63 1682
63 1682
63 1682
63 1682
63 1682
63 1682
63 1682
63 1682
63 1682
63 1682
63 1682
63 1682
63 1682
63 1682
63 1682
76 1054
76 1054
76 1054
76 1054
76 1054
76 1054
76 1054
76 1054
76 1054
76 1054
76 1054
76 1054
76 1054
76 1054
76 1054
76 1054
76 1054
76 1054
76 1054
76 1054
76 1054
76 1054
76 1054
76 1054
26 1056
26 1056
26 1056
26 1056
26 1056
26 1056
26 1056
26 1056
26 1056
26 1056
26 1056
26 1056
26 1056
26 1056
26 1056
26 1056
26 1056
26 1056
26 1056
26 1056
26 1056
26 1056
26 1056
26 1056
26 1056
26 1056
26 1056
26 1056
26 1056
72 1620
72 1620
72 1620
72 1620
72 1620
72 1620
72 1620
72 1620
72 1620
72 1620
72 1620
32 1053
32 1053
32 1053
32 1053
32 1053
32 1053
32 1053
32 1053
32 1053
32 1053
32 1053
32 1053
32 1053
32 1053
32 1053
32 1053
32 1053
32 1053
32 1053
32 1053
32 1053
4 1354
4 1354
4 1354
4 1354
4 1354
4 1354
4 1354
4 1354
4 1354
4 1354
4 1354
4 1354
4 1354
4 1354
4 1354
4 1354
4 1354
4 1354
4 1354
4 1354
4 1354
4 1354
4 1354
4 1354
4 1354
4 1354
4 1354
4 1354
4 1354
4 1354
33 1078
33 1078
33 1078
33 1078
33 1078
33 1078
33 1078
33 1078
83 1103
83 1103
42 1142
42 1142
42 1142
42 1142
42 1142
42 1142
42 1142
42 1142
42 1142
42 1142
42 1142
42 1142
42 1142
42 1142
42 1142
42 1142
42 1142
42 1142
42 1142
42 1142
42 1142
42 1142
42 1142
94 1123
94 1123
94 1123
94 1123
94 1123
94 1123
94 1123
94 1123
94 1123
94 1123
94 1123
94 1123
94 1123
94 1123
64 1448
64 1448
64 1448
64 1448
64 1448
64 1448
64 1448
64 1448
64 1448
64 1448
64 1448
64 1448
64 1448
64 1448
64 1448
64 1448
64 1448
64 1448
64 1448
64 1448
64 1448
64 1448
64 1448
64 1448
64 1448
64 1448
64 1448
64 1448
95 1150
95 1150
95 1150
95 1150
97 1208
97 1208
97 1208
97 1208
97 1208
97 1208
97 1208
97 1208
97 1208
97 1208
97 1208
97 1208
97 1208
97 1208
97 1208
97 1208
97 1208
97 1208
97 1208
97 1208
97 1208
97 1208
97 1208
97 1208
97 1208
97 1208
97 1208
58 1131
58 1131
58 1131
58 1131
58 1131
58 1131
58 1131
58 1131
58 1131
58 1131
8 1137
8 1137
8 1137
8 1137
8 1137
8 1137
63 1588
63 1588
63 1588
63 1588
63 1588
63 1588
63 1588
63 1588
63 1588
63 1588
63 1588
63 1588
63 1588
63 1588
63 1588
63 1588
63 1588
63 1588
41 1823
41 1823
41 1823
41 1823
41 1823
41 1823
41 1823
41 1823
41 1823
15 1153
15 1153
15 1153
15 1153
15 1153
15 1153
15 1153
15 1153
15 1153
15 1153
15 1153
15 1153
15 1153
72 1588
72 1588
72 1588
72 1588
72 1588
72 1588
72 1588
72 1588
72 1588
72 1588
72 1588
65 1161
65 1161
65 1161
65 1161
65 1161
9 1224
9 1224
9 1224
9 1224
9 1224
9 1224
9 1224
67 1183
67 1183
67 1183
67 1183
67 1183
67 1183
67 1183
67 1183
67 1183
67 1183
67 1183
67 1183
67 1183
67 1183
67 1183
67 1183
67 1183
67 1183
67 1183
67 1183
67 1183
67 1183
19 1167
21 1168
21 1168
21 1168
21 1168
21 1168
21 1168
21 1168
21 1168
21 1168
21 1168
21 1168
21 1168
12 1271
12 1271
12 1271
12 1271
12 1271
12 1271
12 1271
12 1271
12 1271
12 1271
12 1271
12 1271
12 1271
12 1271
12 1271
12 1271
12 1271
12 1271
12 1271
12 1271
27 1634
27 1634
27 1634
27 1634
27 1634
27 1634
27 1634
27 1634
27 1634
27 1634
27 1634
27 1634
27 1634
27 1634
27 1634
27 1634
27 1634
27 1634
27 1634
27 1634
27 1634
27 1634
27 1634
27 1634
27 1634
20 1295
20 1295
20 1295
20 1295
20 1295
20 1295
20 1295
20 1295
20 1295
20 1295
20 1295
20 1295
20 1295
20 1295
20 1295
22 1318
22 1318
22 1318
26 1335
26 1335
26 1335
26 1335
26 1335
26 1335
26 1335
26 1335
26 1335
26 1335
26 1335
26 1335
26 1335
26 1335
26 1335
26 1335
26 1335
26 1335
26 1335
26 1335
26 1335
26 1335
26 1335
26 1335
26 1335
26 1335
26 1335
26 1335
26 1335
25 1929
25 1929
25 1929
25 1929
25 1929
25 1929
25 1929
25 1929
25 1929
25 1929
25 1929
25 1929
25 1929
25 1929
25 1929
25 1929
25 1929
77 1921
77 1921
77 1921
77 1921
77 1921
77 1921
77 1921
77 1921
77 1921
77 1921
77 1921
77 1921
77 1921
77 1921
77 1921
77 1921
77 1921
77 1921
77 1921
42 1295
42 1295
42 1295
42 1295
42 1295
42 1295
42 1295
42 1295
42 1295
42 1295
42 1295
42 1295
42 1295
42 1295
42 1295
42 1295
42 1295
42 1295
42 1295
42 1295
42 1295
42 1295
42 1295
76 1456
76 1456
76 1456
76 1456
76 1456
76 1456
76 1456
76 1456
76 1456
76 1456
76 1456
76 1456
76 1456
76 1456
76 1456
76 1456
76 1456
76 1456
76 1456
76 1456
76 1456
76 1456
76 1456
76 1456
32 1426
32 1426
32 1426
32 1426
32 1426
32 1426
32 1426
32 1426
32 1426
32 1426
32 1426
32 1426
32 1426
32 1426
32 1426
32 1426
32 1426
32 1426
32 1426
32 1426
32 1426
30 1950
30 1950
30 1950
30 1950
30 1950
30 1950
30 1950
30 1950
30 1950
30 1950
30 1950
30 1950
30 1950
30 1950
30 1950
30 1950
30 1950
30 1950
30 1950
30 1950
30 1950
30 1950
30 1950
30 1950
30 1950
30 1950
95 1308
95 1308
95 1308
95 1308
94 1331
94 1331
94 1331
94 1331
94 1331
94 1331
94 1331
94 1331
94 1331
94 1331
94 1331
94 1331
94 1331
94 1331
33 1463
33 1463
33 1463
33 1463
33 1463
33 1463
33 1463
33 1463
83 1466
83 1466
41 1957
41 1957
41 1957
41 1957
41 1957
41 1957
41 1957
41 1957
41 1957
58 1345
58 1345
58 1345
58 1345
58 1345
58 1345
58 1345
58 1345
58 1345
58 1345
64 1870
64 1870
64 1870
64 1870
64 1870
64 1870
64 1870
64 1870
64 1870
64 1870
64 1870
64 1870
64 1870
64 1870
64 1870
64 1870
64 1870
64 1870
64 1870
64 1870
64 1870
64 1870
64 1870
64 1870
64 1870
64 1870
64 1870
64 1870
97 1545
97 1545
97 1545
97 1545
97 1545
97 1545
97 1545
97 1545
97 1545
97 1545
97 1545
97 1545
97 1545
97 1545
97 1545
97 1545
97 1545
97 1545
97 1545
97 1545
97 1545
97 1545
97 1545
97 1545
97 1545
97 1545
97 1545
15 1393
15 1393
15 1393
15 1393
15 1393
15 1393
15 1393
15 1393
15 1393
15 1393
15 1393
15 1393
15 1393
67 1428
67 1428
67 1428
67 1428
67 1428
67 1428
67 1428
67 1428
67 1428
67 1428
67 1428
67 1428
67 1428
67 1428
67 1428
67 1428
67 1428
67 1428
67 1428
67 1428
67 1428
67 1428
65 1451
65 1451
65 1451
65 1451
65 1451
19 1437
21 1457
21 1457
21 1457
21 1457
21 1457
21 1457
21 1457
21 1457
21 1457
21 1457
21 1457
21 1457
25 1942
25 1942
25 1942
25 1942
25 1942
25 1942
25 1942
25 1942
25 1942
25 1942
25 1942
25 1942
25 1942
25 1942
25 1942
25 1942
25 1942
76 1706
76 1706
76 1706
76 1706
76 1706
76 1706
76 1706
76 1706
76 1706
76 1706
76 1706
76 1706
76 1706
76 1706
76 1706
76 1706
76 1706
76 1706
76 1706
76 1706
76 1706
76 1706
76 1706
76 1706
95 1548
95 1548
95 1548
95 1548
94 1576
94 1576
94 1576
94 1576
94 1576
94 1576
94 1576
94 1576
94 1576
94 1576
94 1576
94 1576
94 1576
94 1576
83 1757
83 1757
97 1823
97 1823
97 1823
97 1823
97 1823
97 1823
97 1823
97 1823
97 1823
97 1823
97 1823
97 1823
97 1823
97 1823
97 1823
97 1823
97 1823
97 1823
97 1823
97 1823
97 1823
97 1823
97 1823
97 1823
97 1823
97 1823
97 1823
