4 159
4 159
4 159
4 159
4 159
4 159
4 159
4 159
4 159
4 159
4 159
4 159
4 159
4 159
4 159
4 159
4 159
4 159
4 159
4 159
4 159
4 159
8 120
8 120
8 120
8 120
8 120
8 120
8 120
8 120
8 120
8 120
8 120
8 120
8 120
8 120
8 120
8 120
8 120
8 120
8 120
8 120
8 120
8 120
8 120
8 120
8 120
6 150
6 150
6 150
6 150
6 150
6 150
6 150
6 150
6 150
6 150
6 150
6 150
6 150
6 150
6 150
6 150
6 150
4 21
4 21
4 21
4 21
4 21
4 21
4 21
4 21
4 21
4 21
4 21
4 21
4 21
4 21
4 21
4 21
4 21
4 21
4 21
4 21
4 21
4 21
8 25
8 25
8 25
8 25
8 25
8 25
8 25
8 25
8 25
8 25
8 25
8 25
8 25
8 25
8 25
8 25
8 25
8 25
8 25
8 25
8 25
8 25
8 25
8 25
8 25
6 63
6 63
6 63
6 63
6 63
6 63
6 63
6 63
6 63
6 63
6 63
6 63
6 63
6 63
6 63
6 63
6 63
64 140
64 140
64 140
64 140
64 140
64 140
64 140
64 140
64 140
64 140
64 140
64 140
64 140
64 140
64 140
64 140
64 140
64 140
64 140
64 140
64 140
64 140
64 140
64 140
64 140
64 140
78 184
78 184
78 184
78 184
78 184
78 184
78 184
78 184
78 184
78 184
78 184
78 184
78 184
78 184
78 184
78 184
78 184
78 184
78 184
97 5
97 5
97 5
97 5
96 19
98 14
98 14
98 14
99 31
99 31
99 31
99 31
99 31
99 31
100 21
100 21
100 21
100 21
100 21
101 13
101 13
85 174
85 174
85 174
85 174
85 174
85 174
85 174
85 174
85 174
85 174
85 174
85 174
85 174
4 199
4 199
4 199
4 199
4 199
4 199
4 199
4 199
4 199
4 199
4 199
4 199
4 199
4 199
4 199
4 199
4 199
4 199
4 199
4 199
4 199
4 199
8 169
8 169
8 169
8 169
8 169
8 169
8 169
8 169
8 169
8 169
8 169
8 169
8 169
8 169
8 169
8 169
8 169
8 169
8 169
8 169
8 169
8 169
8 169
8 169
8 169
19 1073
19 1073
19 1073
19 1073
19 1073
19 1073
19 1073
19 1073
19 1073
19 1073
19 1073
19 1073
6 236
6 236
6 236
6 236
6 236
6 236
6 236
6 236
6 236
6 236
6 236
6 236
6 236
6 236
6 236
6 236
6 236
96 1
97 6
97 6
97 6
97 6
98 10
98 10
98 10
99 5
99 5
99 5
99 5
99 5
99 5
100 3
100 3
100 3
100 3
100 3
101 8
101 8
78 240
78 240
78 240
78 240
78 240
78 240
78 240
78 240
78 240
78 240
78 240
78 240
78 240
78 240
78 240
78 240
78 240
78 240
78 240
85 249
85 249
85 249
85 249
85 249
85 249
85 249
85 249
85 249
85 249
85 249
85 249
85 249
19 1072
19 1072
19 1072
19 1072
19 1072
19 1072
19 1072
19 1072
19 1072
19 1072
19 1072
19 1072
4 265
4 265
4 265
4 265
4 265
4 265
4 265
4 265
4 265
4 265
4 265
4 265
4 265
4 265
4 265
4 265
4 265
4 265
4 265
4 265
4 265
4 265
8 320
8 320
8 320
8 320
8 320
8 320
8 320
8 320
8 320
8 320
8 320
8 320
8 320
8 320
8 320
8 320
8 320
8 320
8 320
8 320
8 320
8 320
8 320
8 320
8 320
96 2
64 332
64 332
64 332
64 332
64 332
64 332
64 332
64 332
64 332
64 332
64 332
64 332
64 332
64 332
64 332
64 332
64 332
64 332
64 332
64 332
64 332
64 332
64 332
64 332
64 332
64 332
97 6
97 6
97 6
97 6
98 5
98 5
98 5
99 3
99 3
99 3
99 3
99 3
99 3
100 2
100 2
100 2
100 2
100 2
101 3
101 3
85 309
85 309
85 309
85 309
85 309
85 309
85 309
85 309
85 309
85 309
85 309
85 309
85 309
63 1696
63 1696
63 1696
63 1696
63 1696
63 1696
63 1696
63 1696
63 1696
63 1696
63 1696
63 1696
63 1696
63 1696
63 1696
63 1696
63 1696
63 1696
63 1696
63 1696
63 1696
63 1205
63 1205
63 1205
63 1205
63 1205
63 1205
63 1205
63 1205
63 1205
63 1205
63 1205
63 1205
63 1205
63 1205
63 1205
63 1205
63 1205
63 1205
63 1205
63 1205
63 1205
63 712
63 712
63 712
63 712
63 712
63 712
63 712
63 712
63 712
63 712
63 712
63 712
63 712
63 712
63 712
63 712
63 712
63 712
63 712
63 712
63 712
4 313
4 313
4 313
4 313
4 313
4 313
4 313
4 313
4 313
4 313
4 313
4 313
4 313
4 313
4 313
4 313
4 313
4 313
4 313
4 313
4 313
4 313
6 810
6 810
6 810
6 810
6 810
6 810
6 810
6 810
6 810
6 810
6 810
6 810
6 810
6 810
6 810
6 810
6 810
96 2
97 5
97 5
97 5
97 5
98 2
98 2
98 2
99 3
99 3
99 3
99 3
99 3
99 3
100 2
100 2
100 2
100 2
100 2
101 3
101 3
64 379
64 379
64 379
64 379
64 379
64 379
64 379
64 379
64 379
64 379
64 379
64 379
64 379
64 379
64 379
64 379
64 379
64 379
64 379
64 379
64 379
64 379
64 379
64 379
64 379
64 379
78 818
78 818
78 818
78 818
78 818
78 818
78 818
78 818
78 818
78 818
78 818
78 818
78 818
78 818
78 818
78 818
78 818
78 818
78 818
6 563
6 563
6 563
6 563
6 563
6 563
6 563
6 563
6 563
6 563
6 563
6 563
6 563
6 563
6 563
6 563
6 563
63 584
63 584
63 584
63 584
63 584
63 584
63 584
63 584
63 584
63 584
63 584
63 584
63 584
63 584
63 584
63 584
63 584
63 584
63 584
63 584
63 584
85 377
85 377
85 377
85 377
85 377
85 377
85 377
85 377
85 377
85 377
85 377
85 377
85 377
19 1570
19 1570
19 1570
19 1570
19 1570
19 1570
19 1570
19 1570
19 1570
19 1570
19 1570
19 1570
78 482
78 482
78 482
78 482
78 482
78 482
78 482
78 482
78 482
78 482
78 482
78 482
78 482
78 482
78 482
78 482
78 482
78 482
78 482
53 1734
53 1734
53 1734
53 1734
53 1734
53 1734
53 1734
53 1734
53 1734
53 1734
53 1734
29 1977
29 1977
29 1977
29 1977
29 1977
29 1977
29 1977
29 1977
29 1977
29 1977
29 1977
29 1977
29 1977
29 1977
29 1977
29 1977
29 1977
29 1977
29 1977
29 1977
29 1977
29 1977
29 1977
29 1485
29 1485
29 1485
29 1485
29 1485
29 1485
29 1485
29 1485
29 1485
29 1485
29 1485
29 1485
29 1485
29 1485
29 1485
29 1485
29 1485
29 1485
29 1485
29 1485
29 1485
29 1485
29 1485
49 1411
49 1411
49 1411
49 1411
49 1411
49 1411
49 1411
49 1411
49 1411
49 1411
96 8
97 5
97 5
97 5
97 5
98 4
98 4
98 4
99 4
99 4
99 4
99 4
99 4
99 4
100 2
100 2
100 2
100 2
100 2
101 2
101 2
8 933
8 933
8 933
8 933
8 933
8 933
8 933
8 933
8 933
8 933
8 933
8 933
8 933
8 933
8 933
8 933
8 933
8 933
8 933
8 933
8 933
8 933
8 933
8 933
8 933
4 482
4 482
4 482
4 482
4 482
4 482
4 482
4 482
4 482
4 482
4 482
4 482
4 482
4 482
4 482
4 482
4 482
4 482
4 482
4 482
4 482
4 482
53 1554
53 1554
53 1554
53 1554
53 1554
53 1554
53 1554
53 1554
53 1554
53 1554
53 1554
93 2201
93 2201
93 2201
93 2201
93 2201
93 2201
93 2201
93 2201
93 2201
93 2201
93 2201
93 2201
93 2201
93 2201
93 1702
93 1702
93 1702
93 1702
93 1702
93 1702
93 1702
93 1702
93 1702
93 1702
93 1702
93 1702
93 1702
93 1702
93 1210
93 1210
93 1210
93 1210
93 1210
93 1210
93 1210
93 1210
93 1210
93 1210
93 1210
93 1210
93 1210
93 1210
65 2498
65 2498
65 2498
65 2498
65 2498
65 2498
65 2498
65 2498
65 2498
65 2498
65 2498
65 2498
65 2498
65 2498
65 2498
65 2498
65 2498
65 2498
65 2498
65 2498
65 2498
65 2498
65 2498
65 2498
65 2025
65 2025
65 2025
65 2025
65 2025
65 2025
65 2025
65 2025
65 2025
65 2025
65 2025
65 2025
65 2025
65 2025
65 2025
65 2025
65 2025
65 2025
65 2025
65 2025
65 2025
65 2025
65 2025
65 2025
65 1089
65 1089
65 1089
65 1089
65 1089
65 1089
65 1089
65 1089
65 1089
65 1089
65 1089
65 1089
65 1089
65 1089
65 1089
65 1089
65 1089
65 1089
65 1089
65 1089
65 1089
65 1089
65 1089
65 1089
63 609
63 609
63 609
63 609
63 609
63 609
63 609
63 609
63 609
63 609
63 609
63 609
63 609
63 609
63 609
63 609
63 609
63 609
63 609
63 609
63 609
64 603
64 603
64 603
64 603
64 603
64 603
64 603
64 603
64 603
64 603
64 603
64 603
64 603
64 603
64 603
64 603
64 603
64 603
64 603
64 603
64 603
64 603
64 603
64 603
64 603
64 603
65 714
65 714
65 714
65 714
65 714
65 714
65 714
65 714
65 714
65 714
65 714
65 714
65 714
65 714
65 714
65 714
65 714
65 714
65 714
65 714
65 714
65 714
65 714
65 714
8 792
8 792
8 792
8 792
8 792
8 792
8 792
8 792
8 792
8 792
8 792
8 792
8 792
8 792
8 792
8 792
8 792
8 792
8 792
8 792
8 792
8 792
8 792
8 792
8 792
78 616
78 616
78 616
78 616
78 616
78 616
78 616
78 616
78 616
78 616
78 616
78 616
78 616
78 616
78 616
78 616
78 616
78 616
78 616
85 548
85 548
85 548
85 548
85 548
85 548
85 548
85 548
85 548
85 548
85 548
85 548
85 548
93 1005
93 1005
93 1005
93 1005
93 1005
93 1005
93 1005
93 1005
93 1005
93 1005
93 1005
93 1005
93 1005
93 1005
96 1
97 2
97 2
97 2
97 2
98 2
98 2
98 2
99 2
99 2
99 2
99 2
99 2
99 2
100 6
100 6
100 6
100 6
100 6
101 3
101 3
6 985
6 985
6 985
6 985
6 985
6 985
6 985
6 985
6 985
6 985
6 985
6 985
6 985
6 985
6 985
6 985
6 985
19 1857
19 1857
19 1857
19 1857
19 1857
19 1857
19 1857
19 1857
19 1857
19 1857
19 1857
19 1857
74 2830
74 2830
74 2830
74 2830
74 2830
74 2830
74 2830
74 2830
74 2830
74 2830
74 2830
74 2830
74 2830
74 2830
74 2830
74 2830
74 2830
74 2830
74 2830
74 2830
74 2330
74 2330
74 2330
74 2330
74 2330
74 2330
74 2330
74 2330
74 2330
74 2330
74 2330
74 2330
74 2330
74 2330
74 2330
74 2330
74 2330
74 2330
74 2330
74 2330
74 1831
74 1831
74 1831
74 1831
74 1831
74 1831
74 1831
74 1831
74 1831
74 1831
74 1831
74 1831
74 1831
74 1831
74 1831
74 1831
74 1831
74 1831
74 1831
74 1831
49 1598
49 1598
49 1598
49 1598
49 1598
49 1598
49 1598
49 1598
49 1598
49 1598
4 656
4 656
4 656
4 656
4 656
4 656
4 656
4 656
4 656
4 656
4 656
4 656
4 656
4 656
4 656
4 656
4 656
4 656
4 656
4 656
4 656
4 656
8 643
8 643
8 643
8 643
8 643
8 643
8 643
8 643
8 643
8 643
8 643
8 643
8 643
8 643
8 643
8 643
8 643
8 643
8 643
8 643
8 643
8 643
8 643
8 643
8 643
93 806
93 806
93 806
93 806
93 806
93 806
93 806
93 806
93 806
93 806
93 806
93 806
93 806
93 806
65 692
65 692
65 692
65 692
65 692
65 692
65 692
65 692
65 692
65 692
65 692
65 692
65 692
65 692
65 692
65 692
65 692
65 692
65 692
65 692
65 692
65 692
65 692
65 692
29 2068
29 2068
29 2068
29 2068
29 2068
29 2068
29 2068
29 2068
29 2068
29 2068
29 2068
29 2068
29 2068
29 2068
29 2068
29 2068
29 2068
29 2068
29 2068
29 2068
29 2068
29 2068
29 2068
6 832
6 832
6 832
6 832
6 832
6 832
6 832
6 832
6 832
6 832
6 832
6 832
6 832
6 832
6 832
6 832
6 832
63 765
63 765
63 765
63 765
63 765
63 765
63 765
63 765
63 765
63 765
63 765
63 765
63 765
63 765
63 765
63 765
63 765
63 765
63 765
63 765
63 765
19 1754
19 1754
19 1754
19 1754
19 1754
19 1754
19 1754
19 1754
19 1754
19 1754
19 1754
19 1754
96 1
97 4
97 4
97 4
97 4
98 3
98 3
98 3
99 7
99 7
99 7
99 7
99 7
99 7
100 12
100 12
100 12
100 12
100 12
101 5
101 5
64 981
64 981
64 981
64 981
64 981
64 981
64 981
64 981
64 981
64 981
64 981
64 981
64 981
64 981
64 981
64 981
64 981
64 981
64 981
64 981
64 981
64 981
64 981
64 981
64 981
64 981
85 772
85 772
85 772
85 772
85 772
85 772
85 772
85 772
85 772
85 772
85 772
85 772
85 772
93 716
93 716
93 716
93 716
93 716
93 716
93 716
93 716
93 716
93 716
93 716
93 716
93 716
93 716
53 2158
53 2158
53 2158
53 2158
53 2158
53 2158
53 2158
53 2158
53 2158
53 2158
53 2158
74 1084
74 1084
74 1084
74 1084
74 1084
74 1084
74 1084
74 1084
74 1084
74 1084
74 1084
74 1084
74 1084
74 1084
74 1084
74 1084
74 1084
74 1084
74 1084
74 1084
49 1933
49 1933
49 1933
49 1933
49 1933
49 1933
49 1933
49 1933
49 1933
49 1933
96 2
97 4
97 4
97 4
97 4
98 5
98 5
98 5
99 4
99 4
99 4
99 4
99 4
99 4
100 1
100 1
100 1
100 1
100 1
101 4
101 4
64 883
64 883
64 883
64 883
64 883
64 883
64 883
64 883
64 883
64 883
64 883
64 883
64 883
64 883
64 883
64 883
64 883
64 883
64 883
64 883
64 883
64 883
64 883
64 883
64 883
64 883
74 868
74 868
74 868
74 868
74 868
74 868
74 868
74 868
74 868
74 868
74 868
74 868
74 868
74 868
74 868
74 868
74 868
74 868
74 868
74 868
65 977
65 977
65 977
65 977
65 977
65 977
65 977
65 977
65 977
65 977
65 977
65 977
65 977
65 977
65 977
65 977
65 977
65 977
65 977
65 977
65 977
65 977
65 977
65 977
85 791
85 791
85 791
85 791
85 791
85 791
85 791
85 791
85 791
85 791
85 791
85 791
85 791
93 760
93 760
93 760
93 760
93 760
93 760
93 760
93 760
93 760
93 760
93 760
93 760
93 760
93 760
72 2995
72 2995
72 2995
72 2995
72 2995
72 2995
72 2995
72 2995
72 2995
72 2995
72 2995
72 2995
72 2995
72 2995
72 2995
72 2995
72 2995
72 2995
72 2496
72 2496
72 2496
72 2496
72 2496
72 2496
72 2496
72 2496
72 2496
72 2496
72 2496
72 2496
72 2496
72 2496
72 2496
72 2496
72 2496
72 2496
