10 492
10 492
10 492
10 492
10 492
10 492
10 492
10 492
28 347
28 347
28 347
28 347
28 347
28 347
28 347
12 264
12 264
10 295
10 295
10 295
10 295
10 295
10 295
10 295
10 295
84 108
84 108
84 108
84 108
84 108
84 108
84 108
84 108
84 108
84 108
84 108
84 108
84 108
84 108
84 108
84 108
84 108
84 108
84 108
84 108
84 108
84 108
84 108
84 108
84 108
84 108
84 108
84 108
84 108
84 108
83 119
83 119
83 119
83 119
83 119
83 119
83 119
83 119
83 119
83 119
83 119
83 119
83 119
83 119
83 119
83 119
83 119
83 119
83 119
83 119
83 119
83 119
83 119
83 119
83 119
83 119
85 104
85 104
85 104
85 104
85 104
85 104
85 104
85 104
85 104
85 104
85 104
85 104
85 104
85 104
94 24
94 24
94 24
94 24
94 24
94 24
94 24
94 24
94 24
94 24
94 24
94 24
94 24
94 24
94 24
94 24
94 24
94 24
94 24
94 24
94 24
94 24
95 28
95 28
95 28
95 28
95 28
95 28
95 28
95 28
95 28
95 28
95 28
95 28
95 28
95 28
95 28
95 28
95 28
95 28
95 28
95 28
95 28
95 28
95 28
96 19
96 19
96 19
96 19
96 19
96 19
96 19
96 19
96 19
96 19
96 19
96 19
96 19
96 19
96 19
96 19
96 19
96 19
96 19
96 19
96 19
96 19
96 19
96 19
96 19
96 19
96 19
96 19
96 19
28 440
28 440
28 440
28 440
28 440
28 440
28 440
83 19
83 19
83 19
83 19
83 19
83 19
83 19
83 19
83 19
83 19
83 19
83 19
83 19
83 19
83 19
83 19
83 19
83 19
83 19
83 19
83 19
83 19
83 19
83 19
83 19
83 19
84 24
84 24
84 24
84 24
84 24
84 24
84 24
84 24
84 24
84 24
84 24
84 24
84 24
84 24
84 24
84 24
84 24
84 24
84 24
84 24
84 24
84 24
84 24
84 24
84 24
84 24
84 24
84 24
84 24
84 24
85 41
85 41
85 41
85 41
85 41
85 41
85 41
85 41
85 41
85 41
85 41
85 41
85 41
85 41
90 19
90 19
90 19
90 19
92 16
92 16
92 16
92 16
92 16
92 16
92 16
92 16
92 16
92 16
92 16
92 16
92 16
92 16
92 16
92 16
92 16
92 16
92 16
92 16
92 16
94 11
94 11
94 11
94 11
94 11
94 11
94 11
94 11
94 11
94 11
94 11
94 11
94 11
94 11
94 11
94 11
94 11
94 11
94 11
94 11
94 11
94 11
4 1415
4 1415
4 1415
4 1415
4 1415
4 1415
4 1415
4 1415
4 1415
95 6
95 6
95 6
95 6
95 6
95 6
95 6
95 6
95 6
95 6
95 6
95 6
95 6
95 6
95 6
95 6
95 6
95 6
95 6
95 6
95 6
95 6
95 6
96 1
96 1
96 1
96 1
96 1
96 1
96 1
96 1
96 1
96 1
96 1
96 1
96 1
96 1
96 1
96 1
96 1
96 1
96 1
96 1
96 1
96 1
96 1
96 1
96 1
96 1
96 1
96 1
96 1
8 1242
8 1242
8 1242
8 1242
8 1242
8 1242
8 1242
8 1242
8 1242
8 1242
8 1242
8 1242
8 1242
8 1242
8 1242
8 1242
8 1242
8 1242
8 1242
8 1242
31 1515
31 1515
31 1515
47 1359
47 1359
47 1359
47 1359
47 1359
47 1359
47 1359
47 1359
47 1359
47 1359
47 1359
47 1359
47 1359
47 1359
47 1359
47 1359
47 1359
47 1359
47 1359
47 1359
47 1359
47 1359
47 1359
47 1359
47 1359
47 1359
47 1359
47 867
47 867
47 867
47 867
47 867
47 867
47 867
47 867
47 867
47 867
47 867
47 867
47 867
47 867
47 867
47 867
47 867
47 867
47 867
47 867
47 867
47 867
47 867
47 867
47 867
47 867
47 867
4 816
4 816
4 816
4 816
4 816
4 816
4 816
4 816
4 816
83 28
83 28
83 28
83 28
83 28
83 28
83 28
83 28
83 28
83 28
83 28
83 28
83 28
83 28
83 28
83 28
83 28
83 28
83 28
83 28
83 28
83 28
83 28
83 28
83 28
83 28
85 17
85 17
85 17
85 17
85 17
85 17
85 17
85 17
85 17
85 17
85 17
85 17
85 17
85 17
8 788
8 788
8 788
8 788
8 788
8 788
8 788
8 788
8 788
8 788
8 788
8 788
8 788
8 788
8 788
8 788
8 788
8 788
8 788
8 788
15 1223
15 1223
15 1223
15 1223
15 1223
15 1223
15 1223
15 1223
15 1223
15 1223
84 39
84 39
84 39
84 39
84 39
84 39
84 39
84 39
84 39
84 39
84 39
84 39
84 39
84 39
84 39
84 39
84 39
84 39
84 39
84 39
84 39
84 39
84 39
84 39
84 39
84 39
84 39
84 39
84 39
84 39
91 530
91 530
91 530
91 530
91 530
97 971
97 971
97 971
97 971
97 971
97 971
97 971
97 971
97 971
97 971
97 971
97 971
97 971
97 971
97 971
97 471
97 471
97 471
97 471
97 471
97 471
97 471
97 471
97 471
97 471
97 471
97 471
97 471
97 471
97 471
10 846
10 846
10 846
10 846
10 846
10 846
10 846
10 846
12 827
12 827
90 67
90 67
90 67
90 67
91 73
91 73
91 73
91 73
91 73
92 65
92 65
92 65
92 65
92 65
92 65
92 65
92 65
92 65
92 65
92 65
92 65
92 65
92 65
92 65
92 65
92 65
92 65
92 65
92 65
92 65
94 58
94 58
94 58
94 58
94 58
94 58
94 58
94 58
94 58
94 58
94 58
94 58
94 58
94 58
94 58
94 58
94 58
94 58
94 58
94 58
94 58
94 58
95 52
95 52
95 52
95 52
95 52
95 52
95 52
95 52
95 52
95 52
95 52
95 52
95 52
95 52
95 52
95 52
95 52
95 52
95 52
95 52
95 52
95 52
95 52
96 49
96 49
96 49
96 49
96 49
96 49
96 49
96 49
96 49
96 49
96 49
96 49
96 49
96 49
96 49
96 49
96 49
96 49
96 49
96 49
96 49
96 49
96 49
96 49
96 49
96 49
96 49
96 49
96 49
97 49
97 49
97 49
97 49
97 49
97 49
97 49
97 49
97 49
97 49
97 49
97 49
97 49
97 49
97 49
28 840
28 840
28 840
28 840
28 840
28 840
28 840
31 1015
31 1015
31 1015
83 5
83 5
83 5
83 5
83 5
83 5
83 5
83 5
83 5
83 5
83 5
83 5
83 5
83 5
83 5
83 5
83 5
83 5
83 5
83 5
83 5
83 5
83 5
83 5
83 5
83 5
84 16
84 16
84 16
84 16
84 16
84 16
84 16
84 16
84 16
84 16
84 16
84 16
84 16
84 16
84 16
84 16
84 16
84 16
84 16
84 16
84 16
84 16
84 16
84 16
84 16
84 16
84 16
84 16
84 16
84 16
85 12
85 12
85 12
85 12
85 12
85 12
85 12
85 12
85 12
85 12
85 12
85 12
85 12
85 12
27 2134
27 2134
27 2134
27 2134
27 2134
27 2134
27 2134
27 2134
27 2134
27 2134
27 2134
27 2134
27 2134
27 2134
27 2134
27 2134
27 1635
27 1635
27 1635
27 1635
27 1635
27 1635
27 1635
27 1635
27 1635
27 1635
27 1635
27 1635
27 1635
27 1635
27 1635
27 1635
27 1135
27 1135
27 1135
27 1135
27 1135
27 1135
27 1135
27 1135
27 1135
27 1135
27 1135
27 1135
27 1135
27 1135
27 1135
27 1135
90 10
90 10
90 10
90 10
91 4
91 4
91 4
91 4
91 4
92 2
92 2
92 2
92 2
92 2
92 2
92 2
92 2
92 2
92 2
92 2
92 2
92 2
92 2
92 2
92 2
92 2
92 2
92 2
92 2
92 2
47 972
47 972
47 972
47 972
47 972
47 972
47 972
47 972
47 972
47 972
47 972
47 972
47 972
47 972
47 972
47 972
47 972
47 972
47 972
47 972
47 972
47 972
47 972
47 972
47 972
47 972
47 972
94 37
94 37
94 37
94 37
94 37
94 37
94 37
94 37
94 37
94 37
94 37
94 37
94 37
94 37
94 37
94 37
94 37
94 37
94 37
94 37
94 37
94 37
95 33
95 33
95 33
95 33
95 33
95 33
95 33
95 33
95 33
95 33
95 33
95 33
95 33
95 33
95 33
95 33
95 33
95 33
95 33
95 33
95 33
95 33
95 33
4 950
4 950
4 950
4 950
4 950
4 950
4 950
4 950
4 950
96 47
96 47
96 47
96 47
96 47
96 47
96 47
96 47
96 47
96 47
96 47
96 47
96 47
96 47
96 47
96 47
96 47
96 47
96 47
96 47
96 47
96 47
96 47
96 47
96 47
96 47
96 47
96 47
96 47
97 39
97 39
97 39
97 39
97 39
97 39
97 39
97 39
97 39
97 39
97 39
97 39
97 39
97 39
97 39
12 1013
12 1013
15 1163
15 1163
15 1163
15 1163
15 1163
15 1163
15 1163
15 1163
15 1163
15 1163
27 1113
27 1113
27 1113
27 1113
27 1113
27 1113
27 1113
27 1113
27 1113
27 1113
27 1113
27 1113
27 1113
27 1113
27 1113
27 1113
83 67
83 67
83 67
83 67
83 67
83 67
83 67
83 67
83 67
83 67
83 67
83 67
83 67
83 67
83 67
83 67
83 67
83 67
83 67
83 67
83 67
83 67
83 67
83 67
83 67
83 67
84 82
84 82
84 82
84 82
84 82
84 82
84 82
84 82
84 82
84 82
84 82
84 82
84 82
84 82
84 82
84 82
84 82
84 82
84 82
84 82
84 82
84 82
84 82
84 82
84 82
84 82
84 82
84 82
84 82
84 82
85 137
85 137
85 137
85 137
85 137
85 137
85 137
85 137
85 137
85 137
85 137
85 137
85 137
85 137
90 87
90 87
90 87
90 87
91 78
91 78
91 78
91 78
91 78
94 57
94 57
94 57
94 57
94 57
94 57
94 57
94 57
94 57
94 57
94 57
94 57
94 57
94 57
94 57
94 57
94 57
94 57
94 57
94 57
94 57
94 57
31 1210
31 1210
31 1210
95 70
95 70
95 70
95 70
95 70
95 70
95 70
95 70
95 70
95 70
95 70
95 70
95 70
95 70
95 70
95 70
95 70
95 70
95 70
95 70
95 70
95 70
95 70
96 86
96 86
96 86
96 86
96 86
96 86
96 86
96 86
96 86
96 86
96 86
96 86
96 86
96 86
96 86
96 86
96 86
96 86
96 86
96 86
96 86
96 86
96 86
96 86
96 86
96 86
96 86
96 86
96 86
97 82
97 82
97 82
97 82
97 82
97 82
97 82
97 82
97 82
97 82
97 82
97 82
97 82
97 82
97 82
92 156
92 156
92 156
92 156
92 156
92 156
92 156
92 156
92 156
92 156
92 156
92 156
92 156
92 156
92 156
92 156
92 156
92 156
92 156
92 156
92 156
8 1502
8 1502
8 1502
8 1502
8 1502
8 1502
8 1502
8 1502
8 1502
8 1502
8 1502
8 1502
8 1502
8 1502
8 1502
8 1502
8 1502
8 1502
8 1502
8 1502
28 1449
28 1449
28 1449
28 1449
28 1449
28 1449
28 1449
4 1235
4 1235
4 1235
4 1235
4 1235
4 1235
4 1235
4 1235
4 1235
83 38
83 38
83 38
83 38
83 38
83 38
83 38
83 38
83 38
83 38
83 38
83 38
83 38
83 38
83 38
83 38
83 38
83 38
83 38
83 38
83 38
83 38
83 38
83 38
83 38
83 38
8 1297
8 1297
8 1297
8 1297
8 1297
8 1297
8 1297
8 1297
8 1297
8 1297
8 1297
8 1297
8 1297
8 1297
8 1297
8 1297
8 1297
8 1297
8 1297
8 1297
84 73
84 73
84 73
84 73
84 73
84 73
84 73
84 73
84 73
84 73
84 73
84 73
84 73
84 73
84 73
84 73
84 73
84 73
84 73
84 73
84 73
84 73
84 73
84 73
84 73
84 73
84 73
84 73
84 73
84 73
12 1319
12 1319
85 96
85 96
85 96
85 96
85 96
85 96
85 96
85 96
85 96
85 96
85 96
85 96
85 96
85 96
15 1317
15 1317
15 1317
15 1317
15 1317
15 1317
15 1317
15 1317
15 1317
15 1317
90 78
90 78
90 78
90 78
91 75
91 75
91 75
91 75
91 75
92 66
92 66
92 66
92 66
92 66
92 66
92 66
92 66
92 66
92 66
92 66
92 66
92 66
92 66
92 66
92 66
92 66
92 66
92 66
92 66
92 66
94 68
94 68
94 68
94 68
94 68
94 68
94 68
94 68
94 68
94 68
94 68
94 68
94 68
94 68
94 68
94 68
94 68
94 68
94 68
94 68
94 68
94 68
95 76
95 76
95 76
95 76
95 76
95 76
95 76
95 76
95 76
95 76
95 76
95 76
95 76
95 76
95 76
95 76
95 76
95 76
95 76
95 76
95 76
95 76
95 76
96 73
96 73
96 73
96 73
96 73
96 73
96 73
96 73
96 73
96 73
96 73
96 73
96 73
96 73
96 73
96 73
96 73
96 73
96 73
96 73
96 73
96 73
96 73
96 73
96 73
96 73
96 73
96 73
96 73
97 72
97 72
97 72
97 72
97 72
97 72
97 72
97 72
97 72
97 72
97 72
97 72
97 72
97 72
97 72
14 3472
14 2981
14 2483
14 1536
27 1440
27 1440
27 1440
27 1440
27 1440
27 1440
27 1440
27 1440
27 1440
27 1440
27 1440
27 1440
27 1440
27 1440
27 1440
27 1440
31 1494
31 1494
31 1494
83 6
83 6
83 6
83 6
83 6
83 6
83 6
83 6
83 6
83 6
83 6
83 6
83 6
83 6
83 6
83 6
83 6
83 6
83 6
83 6
83 6
83 6
83 6
83 6
83 6
83 6
84 16
84 16
84 16
84 16
84 16
84 16
84 16
84 16
84 16
84 16
84 16
84 16
84 16
84 16
84 16
84 16
84 16
84 16
84 16
84 16
84 16
84 16
84 16
84 16
84 16
84 16
84 16
84 16
84 16
84 16
85 14
85 14
85 14
85 14
85 14
85 14
85 14
85 14
85 14
85 14
85 14
85 14
85 14
85 14
90 16
90 16
90 16
90 16
91 19
91 19
91 19
91 19
91 19
92 22
92 22
92 22
92 22
92 22
92 22
92 22
92 22
92 22
92 22
92 22
92 22
92 22
92 22
92 22
92 22
92 22
92 22
92 22
92 22
92 22
94 27
94 27
94 27
94 27
94 27
94 27
94 27
94 27
94 27
94 27
94 27
94 27
94 27
94 27
94 27
94 27
94 27
94 27
94 27
94 27
94 27
94 27
95 23
95 23
95 23
95 23
95 23
95 23
95 23
95 23
95 23
95 23
95 23
95 23
95 23
95 23
95 23
95 23
95 23
95 23
95 23
95 23
95 23
95 23
95 23
96 16
96 16
96 16
96 16
96 16
96 16
96 16
96 16
96 16
96 16
96 16
96 16
96 16
96 16
96 16
96 16
96 16
96 16
96 16
96 16
96 16
96 16
96 16
96 16
96 16
96 16
96 16
96 16
96 16
97 8
97 8
97 8
97 8
97 8
97 8
97 8
97 8
97 8
97 8
97 8
97 8
97 8
97 8
97 8
10 1885
10 1885
10 1885
10 1885
10 1885
10 1885
10 1885
10 1885
83 18
83 18
83 18
83 18
83 18
83 18
83 18
83 18
83 18
83 18
83 18
83 18
83 18
83 18
83 18
83 18
83 18
83 18
83 18
83 18
83 18
83 18
83 18
83 18
83 18
83 18
84 21
84 21
84 21
84 21
84 21
84 21
84 21
84 21
84 21
84 21
84 21
84 21
84 21
84 21
84 21
84 21
84 21
84 21
84 21
84 21
84 21
84 21
84 21
84 21
84 21
84 21
84 21
84 21
84 21
84 21
85 23
85 23
85 23
85 23
85 23
85 23
85 23
85 23
85 23
85 23
85 23
85 23
85 23
85 23
91 33
91 33
91 33
91 33
91 33
47 1989
47 1989
47 1989
47 1989
47 1989
47 1989
47 1989
47 1989
47 1989
47 1989
47 1989
47 1989
47 1989
47 1989
47 1989
47 1989
47 1989
47 1989
47 1989
47 1989
47 1989
47 1989
47 1989
47 1989
47 1989
47 1989
47 1989
90 70
90 70
90 70
90 70
92 59
92 59
92 59
92 59
92 59
92 59
92 59
92 59
92 59
92 59
92 59
92 59
92 59
92 59
92 59
92 59
92 59
92 59
92 59
92 59
92 59
94 58
94 58
94 58
94 58
94 58
94 58
94 58
94 58
94 58
94 58
94 58
94 58
94 58
94 58
94 58
94 58
94 58
94 58
94 58
94 58
94 58
94 58
95 54
95 54
95 54
95 54
95 54
95 54
95 54
95 54
95 54
95 54
95 54
95 54
95 54
95 54
95 54
95 54
95 54
95 54
95 54
95 54
95 54
95 54
95 54
96 48
96 48
96 48
96 48
96 48
96 48
96 48
96 48
96 48
96 48
96 48
96 48
96 48
96 48
96 48
96 48
96 48
96 48
96 48
96 48
96 48
96 48
96 48
96 48
96 48
96 48
96 48
96 48
96 48
97 43
97 43
97 43
97 43
97 43
97 43
97 43
97 43
97 43
97 43
97 43
97 43
97 43
97 43
97 43
