1 3 3
2 3 3
3 2 2
4 1 3
5 4 1
6 1 3
7 3 3
8 1 3
9 1 3
10 2 2
11 2 2
12 4 1
13 1 3
14 4 1
15 2 2
16 3 3
17 3 3
18 1 1
19 4 1
20 1 2
21 2 2
22 3 3
23 1 2
24 1 2
25 4 1
26 2 2
27 4 1
28 1 2
29 1 2
30 1 2
31 4 1
32 3 3
33 1 2
34 4 1
35 2 2
36 1 2
37 4 1
38 3 3
39 3 3
40 2 2
41 3 3
42 2 2
43 2 2
44 2 2
45 1 3
46 1 2
47 3 3
48 4 1
49 4 1
50 4 1
51 2 2
52 3 3
53 4 1
54 4 1
55 4 1
56 3 3
57 3 3
58 4 1
59 1 2
60 4 1
61 1 2
62 4 1
63 3 3
64 3 3
65 1 3
66 1 3
67 1 3
68 2 2
69 2 2
70 1 3
71 2 2
72 1 3
73 3 3
74 2 2
75 4 1
76 2 2
77 3 3
78 2 2
79 3 3
80 3 1
81 1 1
82 3 1
83 1 1
84 4 1
85 1 1
86 3 1
87 3 1
88 4 1
89 1 1
90 2 2
91 4 1
92 1 1
93 4 1
94 1 1
95 4 1
96 3 1
97 4 1
98 4 1
99 3 1
100 4 1
