1 3 3 -82.4178 78.7867
2 3 3 -90.4816 -23.4823
3 2 2 54.6323 19.5484
4 1 2 80.973 6.59508
5 4 2 -78.0086 -37.5784
6 1 3 41.0394 23.8151
7 3 1 -27.943 -92.5212
8 1 2 -47.0283 87.6877
9 1 2 -24.3603 -4.26449
10 2 3 3.59569 -19.5724
11 2 3 96.4481 18.2631
12 4 2 92.6193 86.3095
13 1 3 -43.0866 -38.9175
14 4 1 84.4999 16.8073
15 2 3 -89.9168 24.8665
16 3 1 -80.8281 86.3268
17 3 3 43.6628 -70.1708
18 1 1 56.968 24.8977
19 4 2 42.079 -99.3344
20 1 1 89.2448 37.1855
21 2 3 14.1393 78.1693
22 3 2 5.58524 47.8471
23 1 1 -18.3223 -93.6795
24 1 3 -81.4079 36.5087
25 4 2 82.5051 -49.0255
26 2 1 -23.3007 37.4864
27 4 2 4.81863 57.326
28 1 1 74.4305 77.8928
29 1 1 -19.3072 13.3924
30 1 2 -17.2776 -29.1007
31 4 1 -94.8862 -61.3446
32 3 3 -51.4487 24.2169
33 1 3 46.568 -58.6495
34 4 2 -76.6116 -65.829
35 2 1 56.0573 -12.0735
36 1 1 30.231 91.0799
37 4 2 88.7763 36.9157
38 3 3 -54.9706 -37.5342
39 3 2 -70.8942 -96.2127
40 2 3 -20.3586 -17.2056
41 3 3 -32.6049 25.719
42 2 3 45.4614 41.9109
43 2 2 -0.771033 -41.376
44 2 1 4.97056 34.5763
45 1 2 -33.2156 10.2869
46 1 3 96.9259 20.2192
47 3 2 -86.8694 38.5618
48 4 2 50.1935 -91.3763
49 4 2 74.8794 33.4068
50 4 2 44.3594 78.3351
51 2 3 -99.1898 44.7952
52 3 2 -99.6551 -77.3934
53 4 2 5.88683 46.5451
54 4 3 73.0896 -99.47
55 4 1 -91.3584 69.1633
56 3 2 -43.9966 53.7953
57 3 1 -54.9808 -11.802
58 4 1 -29.727 -19.2089
59 1 3 -92.9876 -97.0655
60 4 3 -62.2869 66.6985
61 1 1 39.736 31.5548
62 4 3 51.6616 -53.3486
63 3 3 -44.8802 -95.7837
64 3 3 -18.7526 27.9205
65 1 2 89.2261 -46.7023
66 1 3 60.7803 -81.7196
67 1 3 -80.0277 23.4748
68 2 1 80.9841 -26.7348
69 2 3 -84.1043 -90.9349
70 1 1 -3.88223 -99.8312
71 2 2 -61.8114 23.5791
72 1 3 4.73763 -36.8528
73 3 2 16.5383 -72.5464
74 2 3 38.468 20.3473
75 4 2 92.4653 24.7659
76 2 2 -18.8551 -21.5363
77 3 1 5.12825 -52.4207
78 2 3 2.28374 -58.9102
79 3 1 18.6425 51.5838
80 3 2 41.8381 -88.7151
81 1 1 38.1113 -11.5112
82 3 2 35.7642 -15.2261
83 1 1 44.1112 -5.65679
84 4 1 -43.5536 64.9411
85 1 1 -19.2 21.7811
86 3 1 87.7677 98.4732
87 3 1 25.136 -57.1273
88 4 1 -81.021 -15.5269
89 1 1 -80.8196 -12.8716
90 2 1 -1.31626 -78.6855
91 4 1 41.1549 -68.0962
92 1 1 74.2097 37.6085
93 4 1 -9.02154 -19.8673
94 1 1 -36.6311 -66.9141
95 4 1 84.8011 -23.3941
96 3 1 69.6776 -93.9307
97 4 1 59.3145 89.2396
98 4 1 90.6095 -35.8008
99 3 1 31.5087 -67.3084
100 4 1 16.8934 -64.2655
