11 316
11 316
11 316
11 316
11 316
11 316
11 316
11 316
9 342
9 342
9 342
9 342
9 342
9 342
9 342
9 342
9 342
9 342
9 342
9 342
9 342
9 342
9 342
9 342
9 342
9 342
9 342
9 342
9 342
9 342
9 342
9 342
9 342
9 342
10 471
10 471
42 419
42 419
42 419
42 419
42 419
42 419
42 419
42 419
42 419
42 419
42 419
42 419
42 419
42 419
42 419
42 419
9 555
9 555
9 555
9 555
9 555
9 555
9 555
9 555
9 555
9 555
9 555
9 555
9 555
9 555
9 555
9 555
9 555
9 555
9 555
9 555
9 555
9 555
9 555
9 555
9 555
9 555
11 587
11 587
11 587
11 587
11 587
11 587
11 587
11 587
10 620
10 620
67 609
67 609
67 609
67 609
67 609
67 609
67 609
65 648
65 648
65 648
65 648
65 648
65 648
65 648
65 648
65 648
20 647
46 964
46 964
46 964
46 964
46 964
46 964
46 964
46 964
46 964
46 964
46 964
46 964
46 964
46 964
46 964
46 964
46 964
46 964
46 964
22 704
22 704
22 704
22 704
22 704
22 704
22 704
22 704
22 704
22 704
22 704
22 704
22 704
22 704
22 704
24 1185
24 1185
24 1185
24 1185
24 1185
24 1185
24 1185
24 1185
24 1185
24 1185
24 1185
24 1185
24 1185
24 1185
24 1185
24 1185
24 1185
24 1185
24 1185
24 1185
24 685
24 685
24 685
24 685
24 685
24 685
24 685
24 685
24 685
24 685
24 685
24 685
24 685
24 685
24 685
24 685
24 685
24 685
24 685
24 685
41 1042
41 1042
41 1042
41 1042
41 1042
41 1042
41 1042
41 1042
41 1042
41 1042
41 1042
41 1042
41 1042
41 1042
41 1042
41 1042
41 1042
41 1042
58 1014
58 1014
58 1014
37 1235
37 1235
37 1235
37 1235
37 1235
37 1235
37 1235
37 1235
37 1235
37 1235
37 1235
37 1235
37 1235
37 1235
37 1235
37 1235
37 1235
37 1235
37 1235
37 1235
37 1235
37 1235
37 736
37 736
37 736
37 736
37 736
37 736
37 736
37 736
37 736
37 736
37 736
37 736
37 736
37 736
37 736
37 736
37 736
37 736
37 736
37 736
37 736
37 736
89 787
89 787
89 787
89 787
89 787
89 787
42 781
42 781
42 781
42 781
42 781
42 781
42 781
42 781
42 781
42 781
42 781
42 781
42 781
42 781
42 781
42 781
46 809
46 809
46 809
46 809
46 809
46 809
46 809
46 809
46 809
46 809
46 809
46 809
46 809
46 809
46 809
46 809
46 809
46 809
46 809
94 830
94 830
94 830
94 830
94 830
94 830
94 830
94 830
94 830
94 830
94 830
94 830
94 830
94 830
94 830
94 830
94 830
94 830
94 830
94 830
94 830
90 894
90 894
90 894
90 894
90 894
90 894
90 894
90 894
90 894
90 894
90 894
95 854
95 854
95 854
95 854
95 854
95 854
95 854
95 854
95 854
95 854
95 854
95 854
95 854
41 984
41 984
41 984
41 984
41 984
41 984
41 984
41 984
41 984
41 984
41 984
41 984
41 984
41 984
41 984
41 984
41 984
41 984
48 1066
48 1066
48 1066
48 1066
48 1066
48 1066
48 1066
48 1066
48 1066
48 1066
48 1066
48 1066
48 1066
48 1066
48 1066
48 1066
48 1066
48 1066
48 1066
48 1066
48 1066
48 1066
48 1066
48 1066
48 1066
48 1066
48 1066
48 1066
48 1066
104 1006
104 1006
104 1006
104 1006
104 1006
104 1006
104 1006
104 1006
104 1006
104 1006
104 1006
104 1006
104 1006
104 1006
104 1006
104 1006
104 1006
104 1006
104 1006
104 1006
104 1006
104 1006
104 1006
104 1006
104 1006
104 1006
104 1006
58 974
58 974
58 974
106 1006
106 1006
106 1006
106 1006
106 1006
106 1006
106 1006
106 1006
106 1006
106 1006
106 1006
106 1006
106 1006
106 1006
106 1006
106 1006
106 1006
10 1013
10 1013
9 1026
9 1026
9 1026
9 1026
9 1026
9 1026
9 1026
9 1026
9 1026
9 1026
9 1026
9 1026
9 1026
9 1026
9 1026
9 1026
9 1026
9 1026
9 1026
9 1026
9 1026
9 1026
9 1026
9 1026
9 1026
9 1026
11 1017
11 1017
11 1017
11 1017
11 1017
11 1017
11 1017
11 1017
20 1077
67 1132
67 1132
67 1132
67 1132
67 1132
67 1132
67 1132
22 1108
22 1108
22 1108
22 1108
22 1108
22 1108
22 1108
22 1108
22 1108
22 1108
22 1108
22 1108
22 1108
22 1108
22 1108
65 1224
65 1224
65 1224
65 1224
65 1224
65 1224
65 1224
65 1224
65 1224
99 1435
99 1435
99 1435
99 1435
99 1435
99 1435
99 1435
99 1435
99 1435
99 1435
99 1435
99 1435
99 1435
99 1435
99 1435
99 1435
99 1435
99 1435
99 1435
99 1435
99 1435
99 1435
99 1435
99 1435
99 1435
99 1435
99 1435
99 1435
98 1445
98 1445
98 1445
98 1445
98 1445
17 2255
17 2255
17 2255
17 2255
17 2255
17 2255
17 2255
17 2255
17 2255
17 2255
17 2255
17 2255
17 2255
17 2255
17 1756
17 1756
17 1756
17 1756
17 1756
17 1756
17 1756
17 1756
17 1756
17 1756
17 1756
17 1756
17 1756
17 1756
17 1256
17 1256
17 1256
17 1256
17 1256
17 1256
17 1256
17 1256
17 1256
17 1256
17 1256
17 1256
17 1256
17 1256
53 1439
53 1439
53 1439
53 1439
53 1439
53 1439
53 1439
53 1439
53 1439
53 1439
53 1439
53 1439
53 1439
53 1439
53 1439
53 1439
53 1439
53 1439
53 1439
53 1439
53 1439
53 1439
53 1439
53 1439
53 1439
24 1230
24 1230
24 1230
24 1230
24 1230
24 1230
24 1230
24 1230
24 1230
24 1230
24 1230
24 1230
24 1230
24 1230
24 1230
24 1230
24 1230
24 1230
24 1230
24 1230
37 1305
37 1305
37 1305
37 1305
37 1305
37 1305
37 1305
37 1305
37 1305
37 1305
37 1305
37 1305
37 1305
37 1305
37 1305
37 1305
37 1305
37 1305
37 1305
37 1305
37 1305
37 1305
42 1355
42 1355
42 1355
42 1355
42 1355
42 1355
42 1355
42 1355
42 1355
42 1355
42 1355
42 1355
42 1355
42 1355
42 1355
42 1355
94 1379
94 1379
94 1379
94 1379
94 1379
94 1379
94 1379
94 1379
94 1379
94 1379
94 1379
94 1379
94 1379
94 1379
94 1379
94 1379
94 1379
94 1379
94 1379
94 1379
94 1379
95 1399
95 1399
95 1399
95 1399
95 1399
95 1399
95 1399
95 1399
95 1399
95 1399
95 1399
95 1399
95 1399
41 1451
41 1451
41 1451
41 1451
41 1451
41 1451
41 1451
41 1451
41 1451
41 1451
41 1451
41 1451
41 1451
41 1451
41 1451
41 1451
41 1451
41 1451
89 1480
89 1480
89 1480
89 1480
89 1480
89 1480
46 1439
46 1439
46 1439
46 1439
46 1439
46 1439
46 1439
46 1439
46 1439
46 1439
46 1439
46 1439
46 1439
46 1439
46 1439
46 1439
46 1439
46 1439
46 1439
90 1502
90 1502
90 1502
90 1502
90 1502
90 1502
90 1502
90 1502
90 1502
90 1502
90 1502
99 1457
99 1457
99 1457
99 1457
99 1457
99 1457
99 1457
99 1457
99 1457
99 1457
99 1457
99 1457
99 1457
99 1457
99 1457
99 1457
99 1457
99 1457
99 1457
99 1457
99 1457
99 1457
99 1457
99 1457
99 1457
99 1457
99 1457
99 1457
58 1438
58 1438
58 1438
98 1553
98 1553
98 1553
98 1553
98 1553
106 1497
106 1497
106 1497
106 1497
106 1497
106 1497
106 1497
106 1497
106 1497
106 1497
106 1497
106 1497
106 1497
106 1497
106 1497
106 1497
106 1497
104 1568
104 1568
104 1568
104 1568
104 1568
104 1568
104 1568
104 1568
104 1568
104 1568
104 1568
104 1568
104 1568
104 1568
104 1568
104 1568
104 1568
104 1568
104 1568
104 1568
104 1568
104 1568
104 1568
104 1568
104 1568
104 1568
104 1568
9 1565
9 1565
9 1565
9 1565
9 1565
9 1565
9 1565
9 1565
9 1565
9 1565
9 1565
9 1565
9 1565
9 1565
9 1565
9 1565
9 1565
9 1565
9 1565
9 1565
9 1565
9 1565
9 1565
9 1565
9 1565
9 1565
11 1579
11 1579
11 1579
11 1579
11 1579
11 1579
11 1579
11 1579
10 1669
10 1669
67 1616
67 1616
67 1616
67 1616
67 1616
67 1616
67 1616
48 1809
48 1809
48 1809
48 1809
48 1809
48 1809
48 1809
48 1809
48 1809
48 1809
48 1809
48 1809
48 1809
48 1809
48 1809
48 1809
48 1809
48 1809
48 1809
48 1809
48 1809
48 1809
48 1809
48 1809
48 1809
48 1809
48 1809
48 1809
48 1809
17 1670
17 1670
17 1670
17 1670
17 1670
17 1670
17 1670
17 1670
17 1670
17 1670
17 1670
17 1670
17 1670
17 1670
20 1682
65 1738
65 1738
65 1738
65 1738
65 1738
65 1738
65 1738
65 1738
65 1738
22 1680
22 1680
22 1680
22 1680
22 1680
22 1680
22 1680
22 1680
22 1680
22 1680
22 1680
22 1680
22 1680
22 1680
22 1680
24 1785
24 1785
24 1785
24 1785
24 1785
24 1785
24 1785
24 1785
24 1785
24 1785
24 1785
24 1785
24 1785
24 1785
24 1785
24 1785
24 1785
24 1785
24 1785
24 1785
46 1573
46 1573
46 1573
46 1573
46 1573
46 1573
46 1573
46 1573
46 1573
46 1573
46 1573
46 1573
46 1573
46 1573
46 1573
46 1573
46 1573
46 1573
46 1573
89 1653
89 1653
89 1653
89 1653
89 1653
89 1653
53 2020
53 2020
53 2020
53 2020
53 2020
53 2020
53 2020
53 2020
53 2020
53 2020
53 2020
53 2020
53 2020
53 2020
53 2020
53 2020
53 2020
53 2020
53 2020
53 2020
53 2020
53 2020
53 2020
53 2020
53 2020
116 2406
116 2406
116 2406
116 2406
116 2406
116 2406
116 2406
116 2406
116 2406
116 2406
116 2406
116 2406
116 2406
116 2406
116 2406
116 2406
116 2406
116 2406
116 2406
116 2406
116 2406
116 2406
116 2406
116 2406
116 1907
116 1907
116 1907
116 1907
116 1907
116 1907
116 1907
116 1907
116 1907
116 1907
116 1907
116 1907
116 1907
116 1907
116 1907
116 1907
116 1907
116 1907
116 1907
116 1907
116 1907
116 1907
116 1907
116 1907
109 2477
109 2477
109 2477
109 2477
109 1978
109 1978
109 1978
109 1978
41 1683
41 1683
41 1683
41 1683
41 1683
41 1683
41 1683
41 1683
41 1683
41 1683
41 1683
41 1683
41 1683
41 1683
41 1683
41 1683
41 1683
41 1683
90 1723
90 1723
90 1723
90 1723
90 1723
90 1723
90 1723
90 1723
90 1723
90 1723
90 1723
48 1730
48 1730
48 1730
48 1730
48 1730
48 1730
48 1730
48 1730
48 1730
48 1730
48 1730
48 1730
48 1730
48 1730
48 1730
48 1730
48 1730
48 1730
48 1730
48 1730
48 1730
48 1730
48 1730
48 1730
48 1730
48 1730
48 1730
48 1730
48 1730
95 1836
95 1836
95 1836
95 1836
95 1836
95 1836
95 1836
95 1836
95 1836
95 1836
95 1836
95 1836
95 1836
42 1976
42 1976
42 1976
42 1976
42 1976
42 1976
42 1976
42 1976
42 1976
42 1976
42 1976
42 1976
42 1976
42 1976
42 1976
42 1976
98 1942
98 1942
98 1942
98 1942
98 1942
94 1983
94 1983
94 1983
94 1983
94 1983
94 1983
94 1983
94 1983
94 1983
94 1983
94 1983
94 1983
94 1983
94 1983
94 1983
94 1983
94 1983
94 1983
94 1983
94 1983
94 1983
99 1968
99 1968
99 1968
99 1968
99 1968
99 1968
99 1968
99 1968
99 1968
99 1968
99 1968
99 1968
99 1968
99 1968
99 1968
99 1968
99 1968
99 1968
99 1968
99 1968
99 1968
99 1968
99 1968
99 1968
99 1968
99 1968
99 1968
99 1968
104 1980
104 1980
104 1980
104 1980
104 1980
104 1980
104 1980
104 1980
104 1980
104 1980
104 1980
104 1980
104 1980
104 1980
104 1980
104 1980
104 1980
104 1980
104 1980
104 1980
104 1980
104 1980
104 1980
104 1980
104 1980
104 1980
104 1980
37 2173
37 2173
37 2173
37 2173
37 2173
37 2173
37 2173
37 2173
37 2173
37 2173
37 2173
37 2173
37 2173
37 2173
37 2173
37 2173
37 2173
37 2173
37 2173
37 2173
37 2173
37 2173
106 1986
106 1986
106 1986
106 1986
106 1986
106 1986
106 1986
106 1986
106 1986
106 1986
106 1986
106 1986
106 1986
106 1986
106 1986
106 1986
106 1986
53 2078
53 2078
53 2078
53 2078
53 2078
53 2078
53 2078
53 2078
53 2078
53 2078
53 2078
53 2078
53 2078
53 2078
53 2078
53 2078
53 2078
53 2078
53 2078
53 2078
53 2078
53 2078
53 2078
53 2078
53 2078
58 2059
58 2059
58 2059
109 2118
109 2118
109 2118
109 2118
65 2148
65 2148
65 2148
65 2148
65 2148
65 2148
65 2148
65 2148
65 2148
116 2140
116 2140
116 2140
116 2140
116 2140
116 2140
116 2140
116 2140
116 2140
116 2140
116 2140
116 2140
116 2140
116 2140
116 2140
116 2140
116 2140
116 2140
116 2140
116 2140
116 2140
116 2140
116 2140
116 2140
67 2146
67 2146
67 2146
67 2146
67 2146
67 2146
67 2146
108 3342
108 3342
108 3342
108 3342
108 3342
108 3342
108 3342
108 3342
108 3342
108 3342
108 3342
108 3342
108 3342
108 3342
108 3342
108 3342
108 3342
108 3342
108 3342
108 3342
108 3342
108 3342
108 3342
108 2852
108 2852
108 2852
108 2852
108 2852
108 2852
108 2852
108 2852
108 2852
108 2852
108 2852
108 2852
108 2852
108 2852
108 2852
108 2852
108 2852
108 2852
108 2852
108 2852
108 2852
108 2852
108 2852
108 2381
108 2381
108 2381
108 2381
108 2381
108 2381
108 2381
108 2381
108 2381
108 2381
108 2381
108 2381
108 2381
108 2381
108 2381
108 2381
108 2381
108 2381
108 2381
108 2381
108 2381
108 2381
108 2381
99 2208
99 2208
99 2208
99 2208
99 2208
99 2208
99 2208
99 2208
99 2208
99 2208
99 2208
99 2208
99 2208
99 2208
99 2208
99 2208
99 2208
99 2208
99 2208
99 2208
99 2208
99 2208
99 2208
99 2208
99 2208
99 2208
99 2208
99 2208
95 2255
95 2255
95 2255
95 2255
95 2255
95 2255
95 2255
95 2255
95 2255
95 2255
95 2255
95 2255
95 2255
106 2200
106 2200
106 2200
106 2200
106 2200
106 2200
106 2200
106 2200
106 2200
106 2200
106 2200
106 2200
106 2200
106 2200
106 2200
106 2200
106 2200
116 2257
116 2257
116 2257
116 2257
116 2257
116 2257
116 2257
116 2257
116 2257
116 2257
116 2257
116 2257
116 2257
116 2257
116 2257
116 2257
116 2257
116 2257
116 2257
116 2257
116 2257
116 2257
116 2257
116 2257
109 2408
109 2408
109 2408
109 2408
