14 182
14 182
14 182
14 182
14 182
14 182
14 182
14 182
14 182
14 182
14 182
14 182
14 182
14 182
14 182
14 182
14 182
14 182
14 182
14 182
14 182
8 307
8 307
8 307
7 411
7 411
7 411
7 411
7 411
7 411
7 411
7 411
7 411
7 411
7 411
7 411
7 411
7 411
7 411
7 411
7 411
7 411
7 411
7 411
7 411
7 411
7 411
7 411
7 411
7 411
7 411
25 791
25 791
19 862
19 862
19 862
19 862
19 862
19 862
19 862
19 862
19 862
19 862
19 862
19 862
7 482
7 482
7 482
7 482
7 482
7 482
7 482
7 482
7 482
7 482
7 482
7 482
7 482
7 482
7 482
7 482
7 482
7 482
7 482
7 482
7 482
7 482
7 482
7 482
7 482
7 482
7 482
14 431
14 431
14 431
14 431
14 431
14 431
14 431
14 431
14 431
14 431
14 431
14 431
14 431
14 431
14 431
14 431
14 431
14 431
14 431
14 431
14 431
19 898
19 898
19 898
19 898
19 898
19 898
19 898
19 898
19 898
19 898
19 898
19 898
25 839
25 839
36 1245
36 1245
36 1245
36 1245
36 1245
36 1245
36 1245
11 1503
11 1503
11 1503
11 1503
11 1503
11 1503
11 1503
11 1503
11 1503
11 1503
11 1503
11 1503
11 1503
11 1503
11 1503
11 1503
11 1503
11 1503
11 1503
11 1503
11 1503
11 1503
11 1503
11 1008
11 1008
11 1008
11 1008
11 1008
11 1008
11 1008
11 1008
11 1008
11 1008
11 1008
11 1008
11 1008
11 1008
11 1008
11 1008
11 1008
11 1008
11 1008
11 1008
11 1008
11 1008
11 1008
9 1532
9 1532
9 1532
9 1532
9 1532
9 1532
9 1532
9 1532
9 1532
9 1532
9 1532
9 1532
9 1532
9 1532
9 1532
9 1532
9 1532
9 1532
9 1048
9 1048
9 1048
9 1048
9 1048
9 1048
9 1048
9 1048
9 1048
9 1048
9 1048
9 1048
9 1048
9 1048
9 1048
9 1048
9 1048
9 1048
8 1080
8 1080
8 1080
7 639
7 639
7 639
7 639
7 639
7 639
7 639
7 639
7 639
7 639
7 639
7 639
7 639
7 639
7 639
7 639
7 639
7 639
7 639
7 639
7 639
7 639
7 639
7 639
7 639
7 639
7 639
9 634
9 634
9 634
9 634
9 634
9 634
9 634
9 634
9 634
9 634
9 634
9 634
9 634
9 634
9 634
9 634
9 634
9 634
11 679
11 679
11 679
11 679
11 679
11 679
11 679
11 679
11 679
11 679
11 679
11 679
11 679
11 679
11 679
11 679
11 679
11 679
11 679
11 679
11 679
11 679
11 679
8 783
8 783
8 783
25 743
25 743
19 838
19 838
19 838
19 838
19 838
19 838
19 838
19 838
19 838
19 838
19 838
19 838
36 1445
36 1445
36 1445
36 1445
36 1445
36 1445
36 1445
8 1002
8 1002
8 1002
9 1005
9 1005
9 1005
9 1005
9 1005
9 1005
9 1005
9 1005
9 1005
9 1005
9 1005
9 1005
9 1005
9 1005
9 1005
9 1005
9 1005
9 1005
14 1471
14 1471
14 1471
14 1471
14 1471
14 1471
14 1471
14 1471
14 1471
14 1471
14 1471
14 1471
14 1471
14 1471
14 1471
14 1471
14 1471
14 1471
14 1471
14 1471
14 1471
11 1015
11 1015
11 1015
11 1015
11 1015
11 1015
11 1015
11 1015
11 1015
11 1015
11 1015
11 1015
11 1015
11 1015
11 1015
11 1015
11 1015
11 1015
11 1015
11 1015
11 1015
11 1015
11 1015
7 1104
7 1104
7 1104
7 1104
7 1104
7 1104
7 1104
7 1104
7 1104
7 1104
7 1104
7 1104
7 1104
7 1104
7 1104
7 1104
7 1104
7 1104
7 1104
7 1104
7 1104
7 1104
7 1104
7 1104
7 1104
7 1104
7 1104
19 1074
19 1074
19 1074
19 1074
19 1074
19 1074
19 1074
19 1074
19 1074
19 1074
19 1074
19 1074
25 1123
25 1123
44 2749
44 2749
44 2749
44 2749
44 2749
44 2749
44 2749
44 2749
42 2799
42 2799
42 2799
42 2799
42 2799
36 1895
36 1895
36 1895
36 1895
36 1895
36 1895
36 1895
14 1669
14 1669
14 1669
14 1669
14 1669
14 1669
14 1669
14 1669
14 1669
14 1669
14 1669
14 1669
14 1669
14 1669
14 1669
14 1669
14 1669
14 1669
14 1669
14 1669
14 1669
7 1362
7 1362
7 1362
7 1362
7 1362
7 1362
7 1362
7 1362
7 1362
7 1362
7 1362
7 1362
7 1362
7 1362
7 1362
7 1362
7 1362
7 1362
7 1362
7 1362
7 1362
7 1362
7 1362
7 1362
7 1362
7 1362
7 1362
8 1355
8 1355
8 1355
11 1330
11 1330
11 1330
11 1330
11 1330
11 1330
11 1330
11 1330
11 1330
11 1330
11 1330
11 1330
11 1330
11 1330
11 1330
11 1330
11 1330
11 1330
11 1330
11 1330
11 1330
11 1330
11 1330
42 2048
42 2048
42 2048
42 2048
42 2048
36 1632
36 1632
36 1632
36 1632
36 1632
36 1632
36 1632
44 2097
44 2097
44 2097
44 2097
44 2097
44 2097
44 2097
44 2097
19 1416
19 1416
19 1416
19 1416
19 1416
19 1416
19 1416
19 1416
19 1416
19 1416
19 1416
19 1416
14 1470
14 1470
14 1470
14 1470
14 1470
14 1470
14 1470
14 1470
14 1470
14 1470
14 1470
14 1470
14 1470
14 1470
14 1470
14 1470
14 1470
14 1470
14 1470
14 1470
14 1470
31 3316
31 3316
31 3316
31 3316
31 3316
31 3316
31 3316
31 3316
31 3316
31 3316
31 3316
31 3316
31 3316
31 3316
31 3316
31 3316
31 3316
31 3316
31 3316
31 3316
31 3316
31 3316
31 3316
31 3316
31 3316
31 3316
31 3316
31 3316
31 3316
31 3316
31 2818
31 2818
31 2818
31 2818
31 2818
31 2818
31 2818
31 2818
31 2818
31 2818
31 2818
31 2818
31 2818
31 2818
31 2818
31 2818
31 2818
31 2818
31 2818
31 2818
31 2818
31 2818
31 2818
31 2818
31 2818
31 2818
31 2818
31 2818
31 2818
31 2818
31 2318
31 2318
31 2318
31 2318
31 2318
31 2318
31 2318
31 2318
31 2318
31 2318
31 2318
31 2318
31 2318
31 2318
31 2318
31 2318
31 2318
31 2318
31 2318
31 2318
31 2318
31 2318
31 2318
31 2318
31 2318
31 2318
31 2318
31 2318
31 2318
31 2318
25 1385
25 1385
55 2246
55 2246
55 2246
55 2246
55 2246
55 2246
55 2246
55 2246
55 2246
55 2246
55 2246
55 2246
55 2246
55 2246
55 2246
55 2246
55 2246
55 2246
55 2246
55 2246
55 2246
55 2246
9 1761
9 1761
9 1761
9 1761
9 1761
9 1761
9 1761
9 1761
9 1761
9 1761
9 1761
9 1761
9 1761
9 1761
9 1761
9 1761
9 1761
9 1761
71 2240
71 2240
71 2240
71 2240
74 2221
74 2221
74 2221
74 2221
74 2221
74 2221
74 2221
74 2221
74 2221
42 2182
42 2182
42 2182
42 2182
42 2182
44 2222
44 2222
44 2222
44 2222
44 2222
44 2222
44 2222
44 2222
57 2616
57 2616
57 2616
57 2616
57 2616
57 2616
57 2616
57 2616
57 2616
57 2616
57 2616
57 2616
57 2616
57 2616
57 2616
57 2616
57 2616
57 2616
57 2616
57 2616
81 2878
81 2878
81 2878
81 2878
81 2878
81 2878
81 2878
81 2878
81 2878
81 2878
81 2878
81 2878
81 2878
81 2878
55 2138
55 2138
55 2138
55 2138
55 2138
55 2138
55 2138
55 2138
55 2138
55 2138
55 2138
55 2138
55 2138
55 2138
55 2138
55 2138
55 2138
55 2138
55 2138
55 2138
55 2138
55 2138
52 3668
52 3668
52 3668
52 3668
52 3668
52 3668
52 3668
52 3668
52 3668
52 3668
52 3668
52 3668
52 3668
52 3668
52 3668
52 3668
52 3668
52 3668
52 3668
52 3668
52 3668
52 3668
52 3668
52 3668
52 2669
52 2669
52 2669
52 2669
52 2669
52 2669
52 2669
52 2669
52 2669
52 2669
52 2669
52 2669
52 2669
52 2669
52 2669
52 2669
52 2669
52 2669
52 2669
52 2669
52 2669
52 2669
52 2669
52 2669
57 2137
57 2137
57 2137
57 2137
57 2137
57 2137
57 2137
57 2137
57 2137
57 2137
57 2137
57 2137
57 2137
57 2137
57 2137
57 2137
57 2137
57 2137
57 2137
57 2137
