7 81
7 81
7 81
7 81
7 81
7 81
7 81
7 81
7 81
7 81
7 81
7 81
7 81
7 81
7 81
7 81
7 81
7 81
7 81
9 85
9 85
9 85
9 85
9 85
9 85
9 85
9 85
9 85
9 85
9 85
9 85
9 85
9 85
9 85
9 85
9 85
9 85
9 85
9 85
9 85
9 85
9 85
9 85
9 85
12 61
12 61
12 61
12 61
12 61
12 61
33 119
33 119
33 119
33 119
33 119
33 119
33 119
33 119
33 119
33 119
33 119
33 119
33 119
33 119
33 119
33 119
33 119
18 320
18 320
18 320
18 320
18 320
18 320
18 320
18 320
18 320
18 320
18 320
21 346
21 346
21 346
21 346
21 346
21 346
21 346
21 346
21 346
21 346
21 346
21 346
21 346
21 346
21 346
21 346
21 346
21 346
21 346
21 346
38 189
38 189
38 189
38 189
38 189
38 189
38 189
38 189
38 189
38 189
38 189
38 189
38 189
38 189
38 189
38 189
38 189
38 189
38 189
38 189
38 189
38 189
38 189
38 189
38 189
38 189
38 189
38 189
38 189
38 189
9 238
9 238
9 238
9 238
9 238
9 238
9 238
9 238
9 238
9 238
9 238
9 238
9 238
9 238
9 238
9 238
9 238
9 238
9 238
9 238
9 238
9 238
9 238
9 238
9 238
7 267
7 267
7 267
7 267
7 267
7 267
7 267
7 267
7 267
7 267
7 267
7 267
7 267
7 267
7 267
7 267
7 267
7 267
7 267
12 254
12 254
12 254
12 254
12 254
12 254
59 309
59 309
59 309
59 309
59 309
59 309
59 309
59 309
59 309
59 309
59 309
59 309
59 309
59 309
59 309
59 309
59 309
59 309
59 309
59 309
59 309
59 309
59 309
59 309
59 309
59 309
18 270
18 270
18 270
18 270
18 270
18 270
18 270
18 270
18 270
18 270
18 270
21 336
21 336
21 336
21 336
21 336
21 336
21 336
21 336
21 336
21 336
21 336
21 336
21 336
21 336
21 336
21 336
21 336
21 336
21 336
21 336
26 346
26 346
26 346
26 346
26 346
26 346
26 346
26 346
26 346
26 346
26 346
26 346
26 346
26 346
26 346
26 346
64 510
64 510
64 510
64 510
64 510
64 510
64 510
64 510
64 510
64 510
64 510
64 510
64 510
64 510
64 510
64 510
64 510
64 510
33 390
33 390
33 390
33 390
33 390
33 390
33 390
33 390
33 390
33 390
33 390
33 390
33 390
33 390
33 390
33 390
33 390
38 347
38 347
38 347
38 347
38 347
38 347
38 347
38 347
38 347
38 347
38 347
38 347
38 347
38 347
38 347
38 347
38 347
38 347
38 347
38 347
38 347
38 347
38 347
38 347
38 347
38 347
38 347
38 347
38 347
38 347
76 525
76 525
76 525
76 525
76 525
76 525
76 525
76 525
76 525
76 525
76 525
76 525
76 525
76 525
76 525
76 525
76 525
76 525
76 525
76 525
76 525
76 525
76 525
76 525
76 525
76 525
76 525
99 458
99 458
99 458
99 458
99 458
99 458
99 458
99 458
99 458
99 458
99 458
99 458
99 458
99 458
99 458
7 457
7 457
7 457
7 457
7 457
7 457
7 457
7 457
7 457
7 457
7 457
7 457
7 457
7 457
7 457
7 457
7 457
7 457
7 457
59 482
59 482
59 482
59 482
59 482
59 482
59 482
59 482
59 482
59 482
59 482
59 482
59 482
59 482
59 482
59 482
59 482
59 482
59 482
59 482
59 482
59 482
59 482
59 482
59 482
59 482
9 495
9 495
9 495
9 495
9 495
9 495
9 495
9 495
9 495
9 495
9 495
9 495
9 495
9 495
9 495
9 495
9 495
9 495
9 495
9 495
9 495
9 495
9 495
9 495
9 495
30 787
30 787
30 787
30 787
30 787
30 787
30 787
30 787
30 787
30 787
18 443
18 443
18 443
18 443
18 443
18 443
18 443
18 443
18 443
18 443
18 443
12 516
12 516
12 516
12 516
12 516
12 516
64 514
64 514
64 514
64 514
64 514
64 514
64 514
64 514
64 514
64 514
64 514
64 514
64 514
64 514
64 514
64 514
64 514
64 514
26 454
26 454
26 454
26 454
26 454
26 454
26 454
26 454
26 454
26 454
26 454
26 454
26 454
26 454
26 454
26 454
76 501
76 501
76 501
76 501
76 501
76 501
76 501
76 501
76 501
76 501
76 501
76 501
76 501
76 501
76 501
76 501
76 501
76 501
76 501
76 501
76 501
76 501
76 501
76 501
76 501
76 501
76 501
30 468
30 468
30 468
30 468
30 468
30 468
30 468
30 468
30 468
30 468
21 669
21 669
21 669
21 669
21 669
21 669
21 669
21 669
21 669
21 669
21 669
21 669
21 669
21 669
21 669
21 669
21 669
21 669
21 669
21 669
33 640
33 640
33 640
33 640
33 640
33 640
33 640
33 640
33 640
33 640
33 640
33 640
33 640
33 640
33 640
33 640
33 640
38 667
38 667
38 667
38 667
38 667
38 667
38 667
38 667
38 667
38 667
38 667
38 667
38 667
38 667
38 667
38 667
38 667
38 667
38 667
38 667
38 667
38 667
38 667
38 667
38 667
38 667
38 667
38 667
38 667
38 667
49 1652
49 1652
49 1652
49 1652
49 1652
49 1652
49 1652
49 1652
49 1652
49 1652
49 1652
49 1652
49 1652
49 1652
49 1652
49 1652
49 1652
49 1652
49 1652
49 1652
49 1652
49 1652
49 1652
49 1155
49 1155
49 1155
49 1155
49 1155
49 1155
49 1155
49 1155
49 1155
49 1155
49 1155
49 1155
49 1155
49 1155
49 1155
49 1155
49 1155
49 1155
49 1155
49 1155
49 1155
49 1155
49 1155
56 1586
56 1586
56 1586
56 1586
56 1586
56 1586
56 1586
56 1586
56 1586
56 1586
56 1586
56 1586
56 1586
56 1586
56 1586
56 1586
56 1586
56 1586
56 1586
56 1586
56 1586
56 1586
56 1586
56 1586
56 1586
56 1586
56 1586
56 1586
56 1586
56 1093
56 1093
56 1093
56 1093
56 1093
56 1093
56 1093
56 1093
56 1093
56 1093
56 1093
56 1093
56 1093
56 1093
56 1093
56 1093
56 1093
56 1093
56 1093
56 1093
56 1093
56 1093
56 1093
56 1093
56 1093
56 1093
56 1093
56 1093
56 1093
41 1743
41 1743
41 1743
41 1743
41 1743
41 1743
41 1743
41 1743
41 1743
41 1743
41 1743
41 1743
41 1743
41 1743
41 1743
41 1743
41 1743
41 1743
41 1743
41 1743
41 1743
41 1743
41 1743
41 1743
41 1245
41 1245
41 1245
41 1245
41 1245
41 1245
41 1245
41 1245
41 1245
41 1245
41 1245
41 1245
41 1245
41 1245
41 1245
41 1245
41 1245
41 1245
41 1245
41 1245
41 1245
41 1245
41 1245
41 1245
41 746
41 746
41 746
41 746
41 746
41 746
41 746
41 746
41 746
41 746
41 746
41 746
41 746
41 746
41 746
41 746
41 746
41 746
41 746
41 746
41 746
41 746
41 746
41 746
49 688
49 688
49 688
49 688
49 688
49 688
49 688
49 688
49 688
49 688
49 688
49 688
49 688
49 688
49 688
49 688
49 688
49 688
49 688
49 688
49 688
49 688
49 688
99 731
99 731
99 731
99 731
99 731
99 731
99 731
99 731
99 731
99 731
99 731
99 731
99 731
99 731
99 731
7 724
7 724
7 724
7 724
7 724
7 724
7 724
7 724
7 724
7 724
7 724
7 724
7 724
7 724
7 724
7 724
7 724
7 724
7 724
9 710
9 710
9 710
9 710
9 710
9 710
9 710
9 710
9 710
9 710
9 710
9 710
9 710
9 710
9 710
9 710
9 710
9 710
9 710
9 710
9 710
9 710
9 710
9 710
9 710
56 760
56 760
56 760
56 760
56 760
56 760
56 760
56 760
56 760
56 760
56 760
56 760
56 760
56 760
56 760
56 760
56 760
56 760
56 760
56 760
56 760
56 760
56 760
56 760
56 760
56 760
56 760
56 760
56 760
59 756
59 756
59 756
59 756
59 756
59 756
59 756
59 756
59 756
59 756
59 756
59 756
59 756
59 756
59 756
59 756
59 756
59 756
59 756
59 756
59 756
59 756
59 756
59 756
59 756
59 756
18 671
18 671
18 671
18 671
18 671
18 671
18 671
18 671
18 671
18 671
18 671
12 732
12 732
12 732
12 732
12 732
12 732
21 688
21 688
21 688
21 688
21 688
21 688
21 688
21 688
21 688
21 688
21 688
21 688
21 688
21 688
21 688
21 688
21 688
21 688
21 688
21 688
64 808
64 808
64 808
64 808
64 808
64 808
64 808
64 808
64 808
64 808
64 808
64 808
64 808
64 808
64 808
64 808
64 808
64 808
26 732
26 732
26 732
26 732
26 732
26 732
26 732
26 732
26 732
26 732
26 732
26 732
26 732
26 732
26 732
26 732
27 1739
27 1739
27 1739
27 1739
27 1739
27 1739
27 1739
27 1739
27 1739
27 1739
27 1739
27 1739
27 1739
27 1739
27 1739
27 1739
27 1739
27 1739
27 1739
27 1739
27 1739
27 1739
27 1241
27 1241
27 1241
27 1241
27 1241
27 1241
27 1241
27 1241
27 1241
27 1241
27 1241
27 1241
27 1241
27 1241
27 1241
27 1241
27 1241
27 1241
27 1241
27 1241
27 1241
27 1241
27 746
27 746
27 746
27 746
27 746
27 746
27 746
27 746
27 746
27 746
27 746
27 746
27 746
27 746
27 746
27 746
27 746
27 746
27 746
27 746
27 746
27 746
20 2316
20 2316
20 2316
20 2316
20 2316
20 2316
20 2316
20 2316
20 2316
20 2316
20 2316
20 2316
20 1816
20 1816
20 1816
20 1816
20 1816
20 1816
20 1816
20 1816
20 1816
20 1816
20 1816
20 1816
20 1319
20 1319
20 1319
20 1319
20 1319
20 1319
20 1319
20 1319
20 1319
20 1319
20 1319
20 1319
76 777
76 777
76 777
76 777
76 777
76 777
76 777
76 777
76 777
76 777
76 777
76 777
76 777
76 777
76 777
76 777
76 777
76 777
76 777
76 777
76 777
76 777
76 777
76 777
76 777
76 777
76 777
30 744
30 744
30 744
30 744
30 744
30 744
30 744
30 744
30 744
30 744
99 770
99 770
99 770
99 770
99 770
99 770
99 770
99 770
99 770
99 770
99 770
99 770
99 770
99 770
99 770
38 881
38 881
38 881
38 881
38 881
38 881
38 881
38 881
38 881
38 881
38 881
38 881
38 881
38 881
38 881
38 881
38 881
38 881
38 881
38 881
38 881
38 881
38 881
38 881
38 881
38 881
38 881
38 881
38 881
38 881
33 977
33 977
33 977
33 977
33 977
33 977
33 977
33 977
33 977
33 977
33 977
33 977
33 977
33 977
33 977
33 977
33 977
49 944
49 944
49 944
49 944
49 944
49 944
49 944
49 944
49 944
49 944
49 944
49 944
49 944
49 944
49 944
49 944
49 944
49 944
49 944
49 944
49 944
49 944
49 944
41 1133
41 1133
41 1133
41 1133
41 1133
41 1133
41 1133
41 1133
41 1133
41 1133
41 1133
41 1133
41 1133
41 1133
41 1133
41 1133
41 1133
41 1133
41 1133
41 1133
41 1133
41 1133
41 1133
41 1133
56 996
56 996
56 996
56 996
56 996
56 996
56 996
56 996
56 996
56 996
56 996
56 996
56 996
56 996
56 996
56 996
56 996
56 996
56 996
56 996
56 996
56 996
56 996
56 996
56 996
56 996
56 996
56 996
56 996
18 891
18 891
18 891
18 891
18 891
18 891
18 891
18 891
18 891
18 891
18 891
20 883
20 883
20 883
20 883
20 883
20 883
20 883
20 883
20 883
20 883
20 883
20 883
7 1042
7 1042
7 1042
7 1042
7 1042
7 1042
7 1042
7 1042
7 1042
7 1042
7 1042
7 1042
7 1042
7 1042
7 1042
7 1042
7 1042
7 1042
7 1042
9 1035
9 1035
9 1035
9 1035
9 1035
9 1035
9 1035
9 1035
9 1035
9 1035
9 1035
9 1035
9 1035
9 1035
9 1035
9 1035
9 1035
9 1035
9 1035
9 1035
9 1035
9 1035
9 1035
9 1035
9 1035
12 1028
12 1028
12 1028
12 1028
12 1028
12 1028
26 897
26 897
26 897
26 897
26 897
26 897
26 897
26 897
26 897
26 897
26 897
26 897
26 897
26 897
26 897
26 897
64 1075
64 1075
64 1075
64 1075
64 1075
64 1075
64 1075
64 1075
64 1075
64 1075
64 1075
64 1075
64 1075
64 1075
64 1075
64 1075
64 1075
64 1075
59 1133
59 1133
59 1133
59 1133
59 1133
59 1133
59 1133
59 1133
59 1133
59 1133
59 1133
59 1133
59 1133
59 1133
59 1133
59 1133
59 1133
59 1133
59 1133
59 1133
59 1133
59 1133
59 1133
59 1133
59 1133
59 1133
27 966
27 966
27 966
27 966
27 966
27 966
27 966
27 966
27 966
27 966
27 966
27 966
27 966
27 966
27 966
27 966
27 966
27 966
27 966
27 966
27 966
27 966
21 1029
21 1029
21 1029
21 1029
21 1029
21 1029
21 1029
21 1029
21 1029
21 1029
21 1029
21 1029
21 1029
21 1029
21 1029
21 1029
21 1029
21 1029
21 1029
21 1029
76 1097
76 1097
76 1097
76 1097
76 1097
76 1097
76 1097
76 1097
76 1097
76 1097
76 1097
76 1097
76 1097
76 1097
76 1097
76 1097
76 1097
76 1097
76 1097
76 1097
76 1097
76 1097
76 1097
76 1097
76 1097
76 1097
76 1097
30 1103
30 1103
30 1103
30 1103
30 1103
30 1103
30 1103
30 1103
30 1103
30 1103
86 2619
86 2619
86 2619
86 2619
86 2619
86 2619
86 2619
86 2619
86 2619
86 2619
86 2619
86 2619
86 2619
86 2619
86 2619
86 2619
86 2619
86 2619
86 2619
86 2619
86 2619
86 2619
86 2619
86 2619
86 2619
86 2619
86 2619
86 2619
86 2130
86 2130
86 2130
86 2130
86 2130
86 2130
86 2130
86 2130
86 2130
86 2130
86 2130
86 2130
86 2130
86 2130
86 2130
86 2130
86 2130
86 2130
86 2130
86 2130
86 2130
86 2130
86 2130
86 2130
86 2130
86 2130
86 2130
86 2130
86 1633
86 1633
86 1633
86 1633
86 1633
86 1633
86 1633
86 1633
86 1633
86 1633
86 1633
86 1633
86 1633
86 1633
86 1633
86 1633
86 1633
86 1633
86 1633
86 1633
86 1633
86 1633
86 1633
86 1633
86 1633
86 1633
86 1633
86 1633
79 2704
79 2704
79 2704
79 2704
79 2704
79 2704
79 2704
79 2704
79 2205
79 2205
79 2205
79 2205
79 2205
79 2205
79 2205
79 2205
79 1708
79 1708
79 1708
79 1708
79 1708
79 1708
79 1708
79 1708
99 1008
99 1008
99 1008
99 1008
99 1008
99 1008
99 1008
99 1008
99 1008
99 1008
99 1008
99 1008
99 1008
99 1008
99 1008
33 1171
33 1171
33 1171
33 1171
33 1171
33 1171
33 1171
33 1171
33 1171
33 1171
33 1171
33 1171
33 1171
33 1171
33 1171
33 1171
33 1171
38 1179
38 1179
38 1179
38 1179
38 1179
38 1179
38 1179
38 1179
38 1179
38 1179
38 1179
38 1179
38 1179
38 1179
38 1179
38 1179
38 1179
38 1179
38 1179
38 1179
38 1179
38 1179
38 1179
38 1179
38 1179
38 1179
38 1179
38 1179
38 1179
38 1179
41 1198
41 1198
41 1198
41 1198
41 1198
41 1198
41 1198
41 1198
41 1198
41 1198
41 1198
41 1198
41 1198
41 1198
41 1198
41 1198
41 1198
41 1198
41 1198
41 1198
41 1198
41 1198
41 1198
41 1198
49 1221
49 1221
49 1221
49 1221
49 1221
49 1221
49 1221
49 1221
49 1221
49 1221
49 1221
49 1221
49 1221
49 1221
49 1221
49 1221
49 1221
49 1221
49 1221
49 1221
49 1221
49 1221
49 1221
18 1083
18 1083
18 1083
18 1083
18 1083
18 1083
18 1083
18 1083
18 1083
18 1083
18 1083
7 1197
7 1197
7 1197
7 1197
7 1197
7 1197
7 1197
7 1197
7 1197
7 1197
7 1197
7 1197
7 1197
7 1197
7 1197
7 1197
7 1197
7 1197
7 1197
9 1205
9 1205
9 1205
9 1205
9 1205
9 1205
9 1205
9 1205
9 1205
9 1205
9 1205
9 1205
9 1205
9 1205
9 1205
9 1205
9 1205
9 1205
9 1205
9 1205
9 1205
9 1205
9 1205
9 1205
9 1205
20 1096
20 1096
20 1096
20 1096
20 1096
20 1096
20 1096
20 1096
20 1096
20 1096
20 1096
20 1096
12 1205
12 1205
12 1205
12 1205
12 1205
12 1205
21 1130
21 1130
21 1130
21 1130
21 1130
21 1130
21 1130
21 1130
21 1130
21 1130
21 1130
21 1130
21 1130
21 1130
21 1130
21 1130
21 1130
21 1130
21 1130
21 1130
26 1168
26 1168
26 1168
26 1168
26 1168
26 1168
26 1168
26 1168
26 1168
26 1168
26 1168
26 1168
26 1168
26 1168
26 1168
26 1168
27 1175
27 1175
27 1175
27 1175
27 1175
27 1175
27 1175
27 1175
27 1175
27 1175
27 1175
27 1175
27 1175
27 1175
27 1175
27 1175
27 1175
27 1175
27 1175
27 1175
27 1175
27 1175
59 1378
59 1378
59 1378
59 1378
59 1378
59 1378
59 1378
59 1378
59 1378
59 1378
59 1378
59 1378
59 1378
59 1378
59 1378
59 1378
59 1378
59 1378
59 1378
59 1378
59 1378
59 1378
59 1378
59 1378
59 1378
59 1378
76 1243
76 1243
76 1243
76 1243
76 1243
76 1243
76 1243
76 1243
76 1243
76 1243
76 1243
76 1243
76 1243
76 1243
76 1243
76 1243
76 1243
76 1243
76 1243
76 1243
76 1243
76 1243
76 1243
76 1243
76 1243
76 1243
76 1243
64 1382
64 1382
64 1382
64 1382
64 1382
64 1382
64 1382
64 1382
64 1382
64 1382
64 1382
64 1382
64 1382
64 1382
64 1382
64 1382
64 1382
64 1382
56 1514
56 1514
56 1514
56 1514
56 1514
56 1514
56 1514
56 1514
56 1514
56 1514
56 1514
56 1514
56 1514
56 1514
56 1514
56 1514
56 1514
56 1514
56 1514
56 1514
56 1514
56 1514
56 1514
56 1514
56 1514
56 1514
56 1514
56 1514
56 1514
79 1292
79 1292
79 1292
79 1292
79 1292
79 1292
79 1292
79 1292
86 1272
86 1272
86 1272
86 1272
86 1272
86 1272
86 1272
86 1272
86 1272
86 1272
86 1272
86 1272
86 1272
86 1272
86 1272
86 1272
86 1272
86 1272
86 1272
86 1272
86 1272
86 1272
86 1272
86 1272
86 1272
86 1272
86 1272
86 1272
33 1336
33 1336
33 1336
33 1336
33 1336
33 1336
33 1336
33 1336
33 1336
33 1336
33 1336
33 1336
33 1336
33 1336
33 1336
33 1336
33 1336
30 1372
30 1372
30 1372
30 1372
30 1372
30 1372
30 1372
30 1372
30 1372
30 1372
38 1338
38 1338
38 1338
38 1338
38 1338
38 1338
38 1338
38 1338
38 1338
38 1338
38 1338
38 1338
38 1338
38 1338
38 1338
38 1338
38 1338
38 1338
38 1338
38 1338
38 1338
38 1338
38 1338
38 1338
38 1338
38 1338
38 1338
38 1338
38 1338
38 1338
41 1390
41 1390
41 1390
41 1390
41 1390
41 1390
41 1390
41 1390
41 1390
41 1390
41 1390
41 1390
41 1390
41 1390
41 1390
41 1390
41 1390
41 1390
41 1390
41 1390
41 1390
41 1390
41 1390
41 1390
99 1320
99 1320
99 1320
99 1320
99 1320
99 1320
99 1320
99 1320
99 1320
99 1320
99 1320
99 1320
99 1320
99 1320
99 1320
49 1350
49 1350
49 1350
49 1350
49 1350
49 1350
49 1350
49 1350
49 1350
49 1350
49 1350
49 1350
49 1350
49 1350
49 1350
49 1350
49 1350
49 1350
49 1350
49 1350
49 1350
49 1350
49 1350
59 1427
59 1427
59 1427
59 1427
59 1427
59 1427
59 1427
59 1427
59 1427
59 1427
59 1427
59 1427
59 1427
59 1427
59 1427
59 1427
59 1427
59 1427
59 1427
59 1427
59 1427
59 1427
59 1427
59 1427
59 1427
59 1427
56 1477
56 1477
56 1477
56 1477
56 1477
56 1477
56 1477
56 1477
56 1477
56 1477
56 1477
56 1477
56 1477
56 1477
56 1477
56 1477
56 1477
56 1477
56 1477
56 1477
56 1477
56 1477
56 1477
56 1477
56 1477
56 1477
56 1477
56 1477
56 1477
64 1490
64 1490
64 1490
64 1490
64 1490
64 1490
64 1490
64 1490
64 1490
64 1490
64 1490
64 1490
64 1490
64 1490
64 1490
64 1490
64 1490
64 1490
76 1476
76 1476
76 1476
76 1476
76 1476
76 1476
76 1476
76 1476
76 1476
76 1476
76 1476
76 1476
76 1476
76 1476
76 1476
76 1476
76 1476
76 1476
76 1476
76 1476
76 1476
76 1476
76 1476
76 1476
76 1476
76 1476
76 1476
