5 478
5 478
5 478
5 478
5 478
5 478
5 478
5 478
5 478
5 478
5 478
5 478
5 478
5 478
5 478
5 478
5 478
5 478
5 478
5 478
5 478
5 478
5 478
5 478
5 478
39 542
39 542
39 542
39 542
39 542
39 542
39 542
39 542
39 542
39 542
39 542
39 542
39 542
39 542
39 542
39 542
39 542
39 542
39 542
39 542
39 542
39 542
39 542
39 542
39 542
39 542
39 542
39 542
39 542
46 488
46 488
5 424
5 424
5 424
5 424
5 424
5 424
5 424
5 424
5 424
5 424
5 424
5 424
5 424
5 424
5 424
5 424
5 424
5 424
5 424
5 424
5 424
5 424
5 424
5 424
5 424
55 550
55 550
55 550
55 550
55 550
55 550
55 550
55 550
55 550
55 550
55 550
55 550
55 550
55 550
55 550
55 550
55 550
55 550
55 550
55 550
55 550
55 550
55 550
55 550
55 550
55 550
55 550
55 550
64 540
64 540
64 540
64 540
64 540
64 540
64 540
64 540
64 540
64 540
64 540
64 540
64 540
64 540
64 540
64 540
64 540
64 540
64 540
64 540
64 540
64 540
64 540
64 540
53 723
53 723
53 723
53 723
53 723
60 712
60 712
60 712
60 712
60 712
60 712
60 712
60 712
60 712
60 712
60 712
15 1288
15 1288
15 1288
15 1288
15 795
15 795
15 795
15 795
8 1369
8 1369
8 1369
8 1369
8 1369
8 1369
8 1369
8 1369
8 1369
8 870
8 870
8 870
8 870
8 870
8 870
8 870
8 870
8 870
39 811
39 811
39 811
39 811
39 811
39 811
39 811
39 811
39 811
39 811
39 811
39 811
39 811
39 811
39 811
39 811
39 811
39 811
39 811
39 811
39 811
39 811
39 811
39 811
39 811
39 811
39 811
39 811
39 811
78 1046
78 1046
78 1046
78 1046
78 1046
78 1046
78 1046
78 1046
78 1046
78 1046
78 1046
78 1046
78 1046
78 1046
78 1046
78 1046
78 1046
78 1046
88 1129
88 1129
88 1129
88 1129
88 1129
88 1129
88 1129
88 1129
88 1129
88 1129
5 1036
5 1036
5 1036
5 1036
5 1036
5 1036
5 1036
5 1036
5 1036
5 1036
5 1036
5 1036
5 1036
5 1036
5 1036
5 1036
5 1036
5 1036
5 1036
5 1036
5 1036
5 1036
5 1036
5 1036
5 1036
46 1157
46 1157
53 1110
53 1110
53 1110
53 1110
53 1110
64 1000
64 1000
64 1000
64 1000
64 1000
64 1000
64 1000
64 1000
64 1000
64 1000
64 1000
64 1000
64 1000
64 1000
64 1000
64 1000
64 1000
64 1000
64 1000
64 1000
64 1000
64 1000
64 1000
64 1000
87 1300
87 1300
87 1300
87 1300
87 1300
87 1300
87 1300
87 1300
87 1300
87 1300
87 1300
87 1300
87 1300
87 1300
87 1300
87 1300
87 1300
87 1300
87 1300
8 1225
8 1225
8 1225
8 1225
8 1225
8 1225
8 1225
8 1225
8 1225
112 1220
112 1220
112 1220
112 1220
112 1220
112 1220
112 1220
112 1220
112 1220
112 1220
112 1220
112 1220
112 1220
112 1220
60 1272
60 1272
60 1272
60 1272
60 1272
60 1272
60 1272
60 1272
60 1272
60 1272
60 1272
55 1329
55 1329
55 1329
55 1329
55 1329
55 1329
55 1329
55 1329
55 1329
55 1329
55 1329
55 1329
55 1329
55 1329
55 1329
55 1329
55 1329
55 1329
55 1329
55 1329
55 1329
55 1329
55 1329
55 1329
55 1329
55 1329
55 1329
55 1329
18 2264
18 2264
18 2264
18 2264
18 2264
18 2264
18 2264
18 2264
18 2264
18 2264
18 2264
18 2264
18 2264
18 2264
18 2264
18 2264
18 2264
18 2264
18 2264
18 2264
15 1375
15 1375
15 1375
15 1375
116 1389
116 1389
116 1389
116 1389
116 1389
116 1389
116 1389
116 1389
116 1389
116 1389
116 1389
116 1389
116 1389
116 1389
116 1389
116 1389
116 1389
116 1389
116 1389
116 1389
116 1389
116 1389
18 1943
18 1943
18 1943
18 1943
18 1943
18 1943
18 1943
18 1943
18 1943
18 1943
18 1943
18 1943
18 1943
18 1943
18 1943
18 1943
18 1943
18 1943
18 1943
18 1943
18 1487
18 1487
18 1487
18 1487
18 1487
18 1487
18 1487
18 1487
18 1487
18 1487
18 1487
18 1487
18 1487
18 1487
18 1487
18 1487
18 1487
18 1487
18 1487
18 1487
46 1246
46 1246
87 1576
87 1576
87 1576
87 1576
87 1576
87 1576
87 1576
87 1576
87 1576
87 1576
87 1576
87 1576
87 1576
87 1576
87 1576
87 1576
87 1576
87 1576
87 1576
113 1822
113 1822
113 1822
113 1822
113 1822
113 1822
74 1765
74 1765
74 1765
74 1765
74 1765
74 1765
74 1765
74 1765
74 1765
74 1765
74 1765
74 1765
74 1765
74 1765
74 1765
74 1765
74 1765
74 1765
74 1765
74 1765
74 1765
74 1765
74 1765
74 1765
74 1765
74 1765
74 1765
5 1476
5 1476
5 1476
5 1476
5 1476
5 1476
5 1476
5 1476
5 1476
5 1476
5 1476
5 1476
5 1476
5 1476
5 1476
5 1476
5 1476
5 1476
5 1476
5 1476
5 1476
5 1476
5 1476
5 1476
5 1476
78 1776
78 1776
78 1776
78 1776
78 1776
78 1776
78 1776
78 1776
78 1776
78 1776
78 1776
78 1776
78 1776
78 1776
78 1776
78 1776
78 1776
78 1776
64 1462
64 1462
64 1462
64 1462
64 1462
64 1462
64 1462
64 1462
64 1462
64 1462
64 1462
64 1462
64 1462
64 1462
64 1462
64 1462
64 1462
64 1462
64 1462
64 1462
64 1462
64 1462
64 1462
64 1462
88 1740
88 1740
88 1740
88 1740
88 1740
88 1740
88 1740
88 1740
88 1740
88 1740
18 1506
18 1506
18 1506
18 1506
18 1506
18 1506
18 1506
18 1506
18 1506
18 1506
18 1506
18 1506
18 1506
18 1506
18 1506
18 1506
18 1506
18 1506
18 1506
18 1506
39 1834
39 1834
39 1834
39 1834
39 1834
39 1834
39 1834
39 1834
39 1834
39 1834
39 1834
39 1834
39 1834
39 1834
39 1834
39 1834
39 1834
39 1834
39 1834
39 1834
39 1834
39 1834
39 1834
39 1834
39 1834
39 1834
39 1834
39 1834
39 1834
8 1814
8 1814
8 1814
8 1814
8 1814
8 1814
8 1814
8 1814
8 1814
60 1803
60 1803
60 1803
60 1803
60 1803
60 1803
60 1803
60 1803
60 1803
60 1803
60 1803
10 3307
10 3307
10 3307
10 3307
10 3307
10 3307
10 3307
10 3307
10 3307
10 3307
10 3307
10 3307
10 3307
10 2819
10 2819
10 2819
10 2819
10 2819
10 2819
10 2819
10 2819
10 2819
10 2819
10 2819
10 2819
10 2819
10 2322
10 2322
10 2322
10 2322
10 2322
10 2322
10 2322
10 2322
10 2322
10 2322
10 2322
10 2322
10 2322
15 1825
15 1825
15 1825
15 1825
59 1901
59 1901
59 1901
59 1901
59 1901
59 1901
59 1901
59 1901
59 1901
59 1901
59 1901
59 1901
59 1901
59 1901
59 1901
59 1901
59 1901
59 1901
59 1901
59 1901
59 1901
59 1901
59 1901
59 1901
59 1901
59 1901
113 1863
113 1863
113 1863
113 1863
113 1863
113 1863
55 1958
55 1958
55 1958
55 1958
55 1958
55 1958
55 1958
55 1958
55 1958
55 1958
55 1958
55 1958
55 1958
55 1958
55 1958
55 1958
55 1958
55 1958
55 1958
55 1958
55 1958
55 1958
55 1958
55 1958
55 1958
55 1958
55 1958
55 1958
116 1886
116 1886
116 1886
116 1886
116 1886
116 1886
116 1886
116 1886
116 1886
116 1886
116 1886
116 1886
116 1886
116 1886
116 1886
116 1886
116 1886
116 1886
116 1886
116 1886
116 1886
116 1886
46 1768
46 1768
78 2079
78 2079
78 2079
78 2079
78 2079
78 2079
78 2079
78 2079
78 2079
78 2079
78 2079
78 2079
78 2079
78 2079
78 2079
78 2079
78 2079
78 2079
5 1863
5 1863
5 1863
5 1863
5 1863
5 1863
5 1863
5 1863
5 1863
5 1863
5 1863
5 1863
5 1863
5 1863
5 1863
5 1863
5 1863
5 1863
5 1863
5 1863
5 1863
5 1863
5 1863
5 1863
5 1863
53 2403
53 2403
53 2403
53 2403
53 2403
87 2067
87 2067
87 2067
87 2067
87 2067
87 2067
87 2067
87 2067
87 2067
87 2067
87 2067
87 2067
87 2067
87 2067
87 2067
87 2067
87 2067
87 2067
87 2067
88 2127
88 2127
88 2127
88 2127
88 2127
88 2127
88 2127
88 2127
88 2127
88 2127
59 1992
59 1992
59 1992
59 1992
59 1992
59 1992
59 1992
59 1992
59 1992
59 1992
59 1992
59 1992
59 1992
59 1992
59 1992
59 1992
59 1992
59 1992
59 1992
59 1992
59 1992
59 1992
59 1992
59 1992
59 1992
59 1992
64 1961
64 1961
64 1961
64 1961
64 1961
64 1961
64 1961
64 1961
64 1961
64 1961
64 1961
64 1961
64 1961
64 1961
64 1961
64 1961
64 1961
64 1961
64 1961
64 1961
64 1961
64 1961
64 1961
64 1961
74 2418
74 2418
74 2418
74 2418
74 2418
74 2418
74 2418
74 2418
74 2418
74 2418
74 2418
74 2418
74 2418
74 2418
74 2418
74 2418
74 2418
74 2418
74 2418
74 2418
74 2418
74 2418
74 2418
74 2418
74 2418
74 2418
74 2418
53 2160
53 2160
53 2160
53 2160
53 2160
55 2213
55 2213
55 2213
55 2213
55 2213
55 2213
55 2213
55 2213
55 2213
55 2213
55 2213
55 2213
55 2213
55 2213
55 2213
55 2213
55 2213
55 2213
55 2213
55 2213
55 2213
55 2213
55 2213
55 2213
55 2213
55 2213
55 2213
55 2213
112 2272
112 2272
112 2272
112 2272
112 2272
112 2272
112 2272
112 2272
112 2272
112 2272
112 2272
112 2272
112 2272
112 2272
113 2292
113 2292
113 2292
113 2292
113 2292
113 2292
82 3884
82 3389
113 2155
113 2155
113 2155
113 2155
113 2155
113 2155
115 2302
115 2302
115 2302
115 2302
115 2302
115 2302
115 2302
115 2302
115 2302
115 2302
115 2302
115 2302
115 2302
115 2302
115 2302
115 2302
115 2302
123 2251
123 2251
123 2251
123 2251
123 2251
123 2251
123 2251
123 2251
123 2251
123 2251
123 2251
123 2251
123 2251
123 2251
123 2251
123 2251
123 2251
123 2251
123 2251
123 2251
123 2251
123 2251
123 2251
123 2251
123 2251
123 2251
123 2251
123 2251
123 2251
123 2251
