3 52
3 52
3 52
3 52
3 52
3 52
14 12
14 12
14 12
14 12
14 12
17 11
17 11
17 11
17 11
17 11
17 11
17 11
10 153
10 153
10 153
10 153
10 153
10 153
10 153
10 153
10 153
10 153
10 153
10 153
10 153
10 153
10 153
10 153
10 153
10 153
3 10
3 10
3 10
3 10
3 10
3 10
14 9
14 9
14 9
14 9
14 9
17 15
17 15
17 15
17 15
17 15
17 15
17 15
10 186
10 186
10 186
10 186
10 186
10 186
10 186
10 186
10 186
10 186
10 186
10 186
10 186
10 186
10 186
10 186
10 186
10 186
3 15
3 15
3 15
3 15
3 15
3 15
14 3
14 3
14 3
14 3
14 3
17 7
17 7
17 7
17 7
17 7
17 7
17 7
21 513
21 513
21 513
21 513
21 513
21 513
21 513
21 513
21 513
21 513
21 513
21 513
21 513
126 4
126 4
126 4
127 11
127 11
127 11
127 11
128 17
128 17
128 17
128 17
128 17
128 17
128 17
128 17
128 17
128 17
128 17
129 15
129 15
130 11
130 11
130 11
130 11
130 11
130 11
130 11
130 11
130 11
130 11
131 19
10 391
10 391
10 391
10 391
10 391
10 391
10 391
10 391
10 391
10 391
10 391
10 391
10 391
10 391
10 391
10 391
10 391
10 391
3 16
3 16
3 16
3 16
3 16
3 16
80 774
80 774
80 774
80 774
80 774
80 774
80 774
80 774
80 774
14 12
14 12
14 12
14 12
14 12
21 463
21 463
21 463
21 463
21 463
21 463
21 463
21 463
21 463
21 463
21 463
21 463
21 463
17 8
17 8
17 8
17 8
17 8
17 8
17 8
80 426
80 426
80 426
80 426
80 426
80 426
80 426
80 426
80 426
126 2
126 2
126 2
127 12
127 12
127 12
127 12
128 3
128 3
128 3
128 3
128 3
128 3
128 3
128 3
128 3
128 3
128 3
118 604
118 604
118 604
118 604
118 604
118 604
118 604
118 604
118 604
118 604
118 604
118 604
118 604
118 604
118 604
129 2
129 2
43 1366
43 1366
43 1366
43 1366
43 1366
43 1366
43 1366
43 1366
43 1366
43 1366
43 1366
43 1366
43 1366
43 1366
43 1366
43 1366
43 1366
43 1366
43 1366
43 1366
43 1366
43 1366
43 1366
130 5
130 5
130 5
130 5
130 5
130 5
130 5
130 5
130 5
130 5
131 7
121 716
121 716
121 716
121 716
121 716
121 716
121 716
121 716
125 697
125 697
125 697
125 697
125 697
125 697
125 697
125 697
125 697
125 697
125 697
125 697
125 697
125 697
3 9
3 9
3 9
3 9
3 9
3 9
14 4
14 4
14 4
14 4
14 4
17 3
17 3
17 3
17 3
17 3
17 3
17 3
126 8
126 8
126 8
127 5
127 5
127 5
127 5
128 3
128 3
128 3
128 3
128 3
128 3
128 3
128 3
128 3
128 3
128 3
129 9
129 9
130 1
130 1
130 1
130 1
130 1
130 1
130 1
130 1
130 1
130 1
131 2
118 665
118 665
118 665
118 665
118 665
118 665
118 665
118 665
118 665
118 665
118 665
118 665
118 665
118 665
118 665
121 704
121 704
121 704
121 704
121 704
121 704
121 704
121 704
21 710
21 710
21 710
21 710
21 710
21 710
21 710
21 710
21 710
21 710
21 710
21 710
21 710
80 685
80 685
80 685
80 685
80 685
80 685
80 685
80 685
80 685
3 9
3 9
3 9
3 9
3 9
3 9
14 4
14 4
14 4
14 4
14 4
17 2
17 2
17 2
17 2
17 2
17 2
17 2
125 931
125 931
125 931
125 931
125 931
125 931
125 931
125 931
125 931
125 931
125 931
125 931
125 931
125 931
126 1
126 1
126 1
127 2
127 2
127 2
127 2
128 4
128 4
128 4
128 4
128 4
128 4
128 4
128 4
128 4
128 4
128 4
129 19
129 19
130 23
130 23
130 23
130 23
130 23
130 23
130 23
130 23
130 23
130 23
131 17
10 1263
10 1263
10 1263
10 1263
10 1263
10 1263
10 1263
10 1263
10 1263
10 1263
10 1263
10 1263
10 1263
10 1263
10 1263
10 1263
10 1263
10 1263
118 794
118 794
118 794
118 794
118 794
118 794
118 794
118 794
118 794
118 794
118 794
118 794
118 794
118 794
118 794
104 1988
104 1988
104 1988
104 1988
104 1988
104 1988
104 1988
104 1988
104 1988
104 1988
104 1988
104 1988
104 1988
104 1988
104 1988
104 1988
104 1988
104 1988
104 1988
104 1988
104 1988
104 1988
104 1988
104 1988
104 1988
104 1988
104 1988
104 1988
3 4
3 4
3 4
3 4
3 4
3 4
104 1498
104 1498
104 1498
104 1498
104 1498
104 1498
104 1498
104 1498
104 1498
104 1498
104 1498
104 1498
104 1498
104 1498
104 1498
104 1498
104 1498
104 1498
104 1498
104 1498
104 1498
104 1498
104 1498
104 1498
104 1498
104 1498
104 1498
104 1498
14 5
14 5
14 5
14 5
14 5
17 9
17 9
17 9
17 9
17 9
17 9
17 9
80 918
80 918
80 918
80 918
80 918
80 918
80 918
80 918
80 918
121 1029
121 1029
121 1029
121 1029
121 1029
121 1029
121 1029
121 1029
126 8
126 8
126 8
127 8
127 8
127 8
127 8
128 17
128 17
128 17
128 17
128 17
128 17
128 17
128 17
128 17
128 17
128 17
129 15
129 15
130 7
130 7
130 7
130 7
130 7
130 7
130 7
130 7
130 7
130 7
131 13
43 1936
43 1936
43 1936
43 1936
43 1936
43 1936
43 1936
43 1936
43 1936
43 1936
43 1936
43 1936
43 1936
43 1936
43 1936
43 1936
43 1936
43 1936
43 1936
43 1936
43 1936
43 1936
43 1936
21 1192
21 1192
21 1192
21 1192
21 1192
21 1192
21 1192
21 1192
21 1192
21 1192
21 1192
21 1192
21 1192
54 2888
54 2888
54 2888
54 2888
54 2888
54 2888
54 2888
54 2888
54 2888
54 2888
54 2888
54 2888
54 2888
54 2888
54 2888
54 2888
54 2888
54 2888
54 2888
54 2888
106 2396
106 2396
106 2396
106 2396
106 2396
106 2396
106 2396
106 2396
106 2396
106 2396
106 2396
106 2396
106 1902
106 1902
106 1902
106 1902
106 1902
106 1902
106 1902
106 1902
106 1902
106 1902
106 1902
106 1902
100 2474
100 2474
100 2474
100 2474
100 2474
100 2474
100 2474
100 2474
100 2474
100 2474
100 2474
100 2474
100 2474
100 2474
100 2474
100 2474
100 2474
100 2474
100 2474
100 2474
100 2474
100 2474
100 2474
100 2474
100 1998
100 1998
100 1998
100 1998
100 1998
100 1998
100 1998
100 1998
100 1998
100 1998
100 1998
100 1998
100 1998
100 1998
100 1998
100 1998
100 1998
100 1998
100 1998
100 1998
100 1998
100 1998
100 1998
100 1998
8 3423
8 3423
8 3423
8 3423
8 3423
8 3423
8 3423
8 3423
8 3423
8 3423
8 3423
8 3423
8 3423
8 3423
8 3423
8 3423
8 3423
8 3423
8 3423
8 3423
8 3423
8 3423
8 2926
8 2926
8 2926
8 2926
8 2926
8 2926
8 2926
8 2926
8 2926
8 2926
8 2926
8 2926
8 2926
8 2926
8 2926
8 2926
8 2926
8 2926
8 2926
8 2926
8 2926
8 2926
8 2429
8 2429
8 2429
8 2429
8 2429
8 2429
8 2429
8 2429
8 2429
8 2429
8 2429
8 2429
8 2429
8 2429
8 2429
8 2429
8 2429
8 2429
8 2429
8 2429
8 2429
8 2429
35 3176
35 3176
35 3176
35 3176
35 3176
35 3176
35 3176
35 3176
35 3176
35 3176
35 3176
35 3176
35 3176
35 3176
35 3176
35 3176
35 3176
35 3176
35 3176
35 3176
35 3176
35 3176
35 3176
35 3176
35 3176
3 11
3 11
3 11
3 11
3 11
3 11
35 2225
35 2225
35 2225
35 2225
35 2225
35 2225
35 2225
35 2225
35 2225
35 2225
35 2225
35 2225
35 2225
35 2225
35 2225
35 2225
35 2225
35 2225
35 2225
35 2225
35 2225
35 2225
35 2225
35 2225
35 2225
54 2541
54 2541
54 2541
54 2541
54 2541
54 2541
54 2541
54 2541
54 2541
54 2541
54 2541
54 2541
54 2541
54 2541
54 2541
54 2541
54 2541
54 2541
54 2541
54 2541
54 2091
54 2091
54 2091
54 2091
54 2091
54 2091
54 2091
54 2091
54 2091
54 2091
54 2091
54 2091
54 2091
54 2091
54 2091
54 2091
54 2091
54 2091
54 2091
54 2091
14 16
14 16
14 16
14 16
14 16
98 2676
98 2676
98 2676
98 2676
98 2676
98 2676
98 2676
98 2676
98 2676
98 2676
98 2676
98 2676
98 2676
98 2676
98 2676
98 2676
98 2676
98 2676
98 2676
98 2676
98 2676
17 36
17 36
17 36
17 36
17 36
17 36
17 36
126 1
126 1
126 1
118 1087
118 1087
118 1087
118 1087
118 1087
118 1087
118 1087
118 1087
118 1087
118 1087
118 1087
118 1087
118 1087
118 1087
118 1087
127 7
127 7
127 7
127 7
128 4
128 4
128 4
128 4
128 4
128 4
128 4
128 4
128 4
128 4
128 4
125 1549
125 1549
125 1549
125 1549
125 1549
125 1549
125 1549
125 1549
125 1549
125 1549
125 1549
125 1549
125 1549
125 1549
129 12
129 12
130 3
130 3
130 3
130 3
130 3
130 3
130 3
130 3
130 3
130 3
131 12
106 1323
106 1323
106 1323
106 1323
106 1323
106 1323
106 1323
106 1323
106 1323
106 1323
106 1323
106 1323
125 1301
125 1301
125 1301
125 1301
125 1301
125 1301
125 1301
125 1301
125 1301
125 1301
125 1301
125 1301
125 1301
125 1301
126 1
126 1
126 1
127 5
127 5
127 5
127 5
128 2
128 2
128 2
128 2
128 2
128 2
128 2
128 2
128 2
128 2
128 2
129 6
129 6
130 5
130 5
130 5
130 5
130 5
130 5
130 5
130 5
130 5
130 5
106 1249
106 1249
106 1249
106 1249
106 1249
106 1249
106 1249
106 1249
106 1249
106 1249
106 1249
106 1249
100 1310
100 1310
100 1310
100 1310
100 1310
100 1310
100 1310
100 1310
100 1310
100 1310
100 1310
100 1310
100 1310
100 1310
100 1310
100 1310
100 1310
100 1310
100 1310
100 1310
100 1310
100 1310
100 1310
100 1310
131 4
79 3557
79 3557
79 3557
79 3557
79 3557
79 3557
79 3557
79 3557
79 3557
79 3557
79 3557
79 3557
79 3557
79 3557
79 3557
79 3557
79 3557
79 3063
79 3063
79 3063
79 3063
79 3063
79 3063
79 3063
79 3063
79 3063
79 3063
79 3063
79 3063
79 3063
79 3063
79 3063
79 3063
79 3063
98 2378
98 2378
98 2378
98 2378
98 2378
98 2378
98 2378
98 2378
98 2378
98 2378
98 2378
98 2378
98 2378
98 2378
98 2378
98 2378
98 2378
98 2378
98 2378
98 2378
98 2378
43 2433
43 2433
43 2433
43 2433
43 2433
43 2433
43 2433
43 2433
43 2433
43 2433
43 2433
43 2433
43 2433
43 2433
43 2433
43 2433
43 2433
43 2433
43 2433
43 2433
43 2433
43 2433
43 2433
54 1827
54 1827
54 1827
54 1827
54 1827
54 1827
54 1827
54 1827
54 1827
54 1827
54 1827
54 1827
54 1827
54 1827
54 1827
54 1827
54 1827
54 1827
54 1827
54 1827
104 1827
104 1827
104 1827
104 1827
104 1827
104 1827
104 1827
104 1827
104 1827
104 1827
104 1827
104 1827
104 1827
104 1827
104 1827
104 1827
104 1827
104 1827
104 1827
104 1827
104 1827
104 1827
104 1827
104 1827
104 1827
104 1827
104 1827
104 1827
79 2243
79 2243
79 2243
79 2243
79 2243
79 2243
79 2243
79 2243
79 2243
79 2243
79 2243
79 2243
79 2243
79 2243
79 2243
79 2243
79 2243
121 1376
121 1376
121 1376
121 1376
121 1376
121 1376
121 1376
121 1376
76 2396
76 2396
76 2396
76 2396
76 2396
76 2396
76 2396
76 2396
76 2396
76 2396
76 2396
76 2396
76 2396
76 2396
76 2396
76 2396
76 2396
76 2396
76 2396
126 12
126 12
126 12
127 3
127 3
127 3
127 3
128 7
128 7
128 7
128 7
128 7
128 7
128 7
128 7
128 7
128 7
128 7
80 1997
80 1997
80 1997
80 1997
80 1997
80 1997
80 1997
80 1997
80 1997
129 15
129 15
130 7
130 7
130 7
130 7
130 7
130 7
130 7
130 7
130 7
130 7
131 12
104 1823
104 1823
104 1823
104 1823
104 1823
104 1823
104 1823
104 1823
104 1823
104 1823
104 1823
104 1823
104 1823
104 1823
104 1823
104 1823
104 1823
104 1823
104 1823
104 1823
104 1823
104 1823
104 1823
104 1823
104 1823
104 1823
104 1823
104 1823
125 1659
125 1659
125 1659
125 1659
125 1659
125 1659
125 1659
125 1659
125 1659
125 1659
125 1659
125 1659
125 1659
125 1659
121 1418
121 1418
121 1418
121 1418
121 1418
121 1418
121 1418
121 1418
125 1422
125 1422
125 1422
125 1422
125 1422
125 1422
125 1422
125 1422
125 1422
125 1422
125 1422
125 1422
125 1422
125 1422
