20 167
20 167
20 167
20 167
20 167
20 167
20 167
18 193
18 193
18 193
18 193
18 193
18 193
18 193
18 193
18 193
18 193
18 193
18 193
18 193
18 193
18 193
18 193
18 193
18 193
18 193
18 193
18 193
18 193
18 193
18 193
56 458
56 458
56 458
56 458
56 458
56 458
56 458
56 458
56 458
56 458
56 458
56 458
56 458
56 458
56 458
18 464
18 464
18 464
18 464
18 464
18 464
18 464
18 464
18 464
18 464
18 464
18 464
18 464
18 464
18 464
18 464
18 464
18 464
18 464
18 464
18 464
18 464
18 464
18 464
20 464
20 464
20 464
20 464
20 464
20 464
20 464
11 1143
11 1143
11 1143
11 1143
11 1143
11 650
11 650
11 650
11 650
11 650
22 1068
22 1068
22 1068
22 1068
22 1068
22 1068
22 1068
22 1068
22 1068
22 583
22 583
22 583
22 583
22 583
22 583
22 583
22 583
22 583
56 804
56 804
56 804
56 804
56 804
56 804
56 804
56 804
56 804
56 804
56 804
56 804
56 804
56 804
56 804
11 836
11 836
11 836
11 836
11 836
18 817
18 817
18 817
18 817
18 817
18 817
18 817
18 817
18 817
18 817
18 817
18 817
18 817
18 817
18 817
18 817
18 817
18 817
18 817
18 817
18 817
18 817
18 817
18 817
20 798
20 798
20 798
20 798
20 798
20 798
20 798
22 799
22 799
22 799
22 799
22 799
22 799
22 799
22 799
22 799
53 1325
53 1325
53 1325
53 1325
53 1325
53 1325
53 1325
53 1325
53 1325
53 1325
53 1325
53 1325
53 1325
105 1571
105 1571
105 1571
105 1571
105 1571
105 1571
7 2568
7 2568
7 2568
7 2568
7 2093
7 2093
7 2093
7 2093
7 1594
7 1594
7 1594
7 1594
11 1123
11 1123
11 1123
11 1123
11 1123
53 1244
53 1244
53 1244
53 1244
53 1244
53 1244
53 1244
53 1244
53 1244
53 1244
53 1244
53 1244
53 1244
20 1200
20 1200
20 1200
20 1200
20 1200
20 1200
20 1200
22 1187
22 1187
22 1187
22 1187
22 1187
22 1187
22 1187
22 1187
22 1187
7 1337
7 1337
7 1337
7 1337
18 1376
18 1376
18 1376
18 1376
18 1376
18 1376
18 1376
18 1376
18 1376
18 1376
18 1376
18 1376
18 1376
18 1376
18 1376
18 1376
18 1376
18 1376
18 1376
18 1376
18 1376
18 1376
18 1376
18 1376
106 2045
106 2045
106 2045
106 2045
106 2045
106 2045
106 2045
106 2045
106 2045
106 2045
106 2045
106 2045
106 2045
106 2045
106 2045
106 2045
106 2045
106 2045
106 1659
106 1659
106 1659
106 1659
106 1659
106 1659
106 1659
106 1659
106 1659
106 1659
106 1659
106 1659
106 1659
106 1659
106 1659
106 1659
106 1659
106 1659
6 3167
6 3167
6 3167
6 3167
6 3167
6 3167
6 3167
6 3167
6 3167
6 3167
6 3167
6 3167
6 3167
6 3167
6 3167
6 3167
6 3167
6 3167
6 3167
6 2676
6 2676
6 2676
6 2676
6 2676
6 2676
6 2676
6 2676
6 2676
6 2676
6 2676
6 2676
6 2676
6 2676
6 2676
6 2676
6 2676
6 2676
6 2676
120 2066
120 2066
120 2066
120 2066
120 2066
120 2066
120 2066
120 2066
120 2066
120 2066
120 2066
120 2066
120 2066
120 2066
120 2066
120 2066
120 2066
120 2066
120 2066
120 2066
120 2066
120 2066
120 2066
120 2066
120 2066
120 2066
120 2066
120 2066
120 2066
120 2066
105 1742
105 1742
105 1742
105 1742
105 1742
105 1742
6 2318
6 2318
6 2318
6 2318
6 2318
6 2318
6 2318
6 2318
6 2318
6 2318
6 2318
6 2318
6 2318
6 2318
6 2318
6 2318
6 2318
6 2318
6 2318
56 1822
56 1822
56 1822
56 1822
56 1822
56 1822
56 1822
56 1822
56 1822
56 1822
56 1822
56 1822
56 1822
56 1822
56 1822
34 3043
34 3043
34 3043
34 3043
34 3043
34 3043
34 3043
34 3043
34 3043
34 3043
6 1329
6 1329
6 1329
6 1329
6 1329
6 1329
6 1329
6 1329
6 1329
6 1329
6 1329
6 1329
6 1329
6 1329
6 1329
6 1329
6 1329
6 1329
6 1329
11 1326
11 1326
11 1326
11 1326
11 1326
29 3152
29 3152
29 3152
29 3152
29 3152
29 3152
29 3152
29 3152
29 3152
29 3152
29 3152
29 3152
29 3152
29 3152
29 3152
29 3152
29 3152
29 3152
29 3152
29 3152
29 3152
29 3152
100 1947
100 1947
100 1947
100 1947
100 1947
100 1947
100 1947
100 1947
100 1947
100 1947
100 1947
100 1947
100 1947
100 1947
43 3025
43 3025
43 3025
43 3025
43 3025
43 3025
43 3025
43 3025
43 3025
43 3025
43 3025
43 3025
43 3025
43 3025
43 3025
43 3025
43 3025
43 3025
43 3025
43 3025
43 3025
43 3025
43 3025
43 3025
43 3025
43 3025
43 3025
122 1825
122 1825
122 1825
122 1825
122 1825
122 1825
122 1825
122 1825
18 1417
18 1417
18 1417
18 1417
18 1417
18 1417
18 1417
18 1417
18 1417
18 1417
18 1417
18 1417
18 1417
18 1417
18 1417
18 1417
18 1417
18 1417
18 1417
18 1417
18 1417
18 1417
18 1417
18 1417
95 2682
95 2682
95 2682
95 2682
95 2682
95 2682
95 2682
95 2682
95 2682
95 2682
95 2682
95 2682
95 2214
95 2214
95 2214
95 2214
95 2214
95 2214
95 2214
95 2214
95 2214
95 2214
95 2214
95 2214
103 2642
103 2642
103 2642
103 2642
103 2642
103 2642
103 2642
103 2642
103 2642
103 2642
103 2642
103 2642
103 2642
103 2642
103 2642
103 2642
103 2642
103 2642
103 2642
103 2642
103 2642
103 2642
103 2642
103 2642
103 2642
103 2642
22 1478
22 1478
22 1478
22 1478
22 1478
22 1478
22 1478
22 1478
22 1478
58 2120
58 2120
58 2120
58 2120
58 2120
58 2120
58 2120
58 2120
58 2120
58 2120
58 2120
58 2120
58 2120
58 2120
58 2120
58 2120
58 2120
58 2120
58 2120
58 2120
58 2120
56 1682
56 1682
56 1682
56 1682
56 1682
56 1682
56 1682
56 1682
56 1682
56 1682
56 1682
56 1682
56 1682
56 1682
56 1682
103 2228
103 2228
103 2228
103 2228
103 2228
103 2228
103 2228
103 2228
103 2228
103 2228
103 2228
103 2228
103 2228
103 2228
103 2228
103 2228
103 2228
103 2228
103 2228
103 2228
103 2228
103 2228
103 2228
103 2228
103 2228
103 2228
69 2216
69 2216
69 2216
69 2216
69 2216
69 2216
69 2216
69 2216
69 2216
69 2216
69 2216
69 2216
69 2216
69 2216
69 2216
69 2216
69 2216
69 2216
69 2216
69 2216
69 2216
69 2216
69 2216
69 2216
69 2216
72 2208
95 1984
95 1984
95 1984
95 1984
95 1984
95 1984
95 1984
95 1984
95 1984
95 1984
95 1984
95 1984
53 1925
53 1925
53 1925
53 1925
53 1925
53 1925
53 1925
53 1925
53 1925
53 1925
53 1925
53 1925
53 1925
20 1763
20 1763
20 1763
20 1763
20 1763
20 1763
20 1763
34 2199
34 2199
34 2199
34 2199
34 2199
34 2199
34 2199
34 2199
34 2199
34 2199
103 2078
103 2078
103 2078
103 2078
103 2078
103 2078
103 2078
103 2078
103 2078
103 2078
103 2078
103 2078
103 2078
103 2078
103 2078
103 2078
103 2078
103 2078
103 2078
103 2078
103 2078
103 2078
103 2078
103 2078
103 2078
103 2078
105 2094
105 2094
105 2094
105 2094
105 2094
105 2094
62 2749
62 2749
62 2749
62 2749
62 2749
62 2749
62 2749
62 2749
62 2749
62 2749
62 2749
62 2749
62 2749
62 2749
62 2749
62 2749
62 2749
69 2218
69 2218
69 2218
69 2218
69 2218
69 2218
69 2218
69 2218
69 2218
69 2218
69 2218
69 2218
69 2218
69 2218
69 2218
69 2218
69 2218
69 2218
69 2218
69 2218
69 2218
69 2218
69 2218
69 2218
69 2218
100 2453
100 2453
100 2453
100 2453
100 2453
100 2453
100 2453
100 2453
100 2453
100 2453
100 2453
100 2453
100 2453
100 2453
82 2214
82 2214
82 2214
82 2214
82 2214
82 2214
82 2214
82 2214
82 2214
82 2214
82 2214
82 2214
82 2214
82 2214
82 2214
82 2214
82 2214
82 2214
82 2214
82 2214
82 2214
82 2214
82 2214
82 2214
82 2214
82 2214
82 2214
82 2214
82 2214
110 3522
110 3522
110 3522
110 3522
110 3522
110 3522
110 3522
110 3522
110 3522
110 3522
110 3522
110 3522
110 3522
110 3522
110 3522
110 3522
110 3522
110 3522
110 3522
110 3522
110 2559
110 2559
110 2559
110 2559
110 2559
110 2559
110 2559
110 2559
110 2559
110 2559
110 2559
110 2559
110 2559
110 2559
110 2559
110 2559
110 2559
110 2559
110 2559
110 2559
118 3480
118 3480
118 3480
118 2985
118 2985
118 2985
121 3517
121 3517
121 3044
121 3044
120 2576
120 2576
120 2576
120 2576
120 2576
120 2576
120 2576
120 2576
120 2576
120 2576
120 2576
120 2576
120 2576
120 2576
120 2576
120 2576
120 2576
120 2576
120 2576
120 2576
120 2576
120 2576
120 2576
120 2576
120 2576
120 2576
120 2576
120 2576
120 2576
120 2576
103 2253
103 2253
103 2253
103 2253
103 2253
103 2253
103 2253
103 2253
103 2253
103 2253
103 2253
103 2253
103 2253
103 2253
103 2253
103 2253
103 2253
103 2253
103 2253
103 2253
103 2253
103 2253
103 2253
103 2253
103 2253
103 2253
105 2240
105 2240
105 2240
105 2240
105 2240
105 2240
110 2233
110 2233
110 2233
110 2233
110 2233
110 2233
110 2233
110 2233
110 2233
110 2233
110 2233
110 2233
110 2233
110 2233
110 2233
110 2233
110 2233
110 2233
110 2233
110 2233
118 2220
118 2220
118 2220
95 2466
95 2466
95 2466
95 2466
95 2466
95 2466
95 2466
95 2466
95 2466
95 2466
95 2466
95 2466
122 2208
122 2208
122 2208
122 2208
122 2208
122 2208
122 2208
122 2208
