3 192
3 192
3 192
3 192
3 192
3 192
3 192
3 192
17 85
17 85
17 85
17 85
17 85
17 85
17 85
17 85
17 85
17 85
17 85
17 85
17 85
9 255
9 255
9 255
9 255
9 255
9 255
9 255
9 255
9 255
9 255
9 255
9 255
9 255
9 255
9 255
9 255
9 255
9 255
9 255
9 255
9 255
9 255
9 255
13 334
13 334
13 334
13 334
13 334
13 334
13 334
13 334
13 334
13 334
13 334
16 305
16 305
16 305
16 305
16 305
16 305
16 305
21 262
21 262
21 262
21 262
21 262
21 262
21 262
21 262
21 262
21 262
21 262
21 262
21 262
21 262
21 262
21 262
21 262
21 262
21 262
21 262
21 262
21 262
21 262
21 262
21 262
21 262
21 262
21 262
21 262
21 262
38 187
38 187
38 187
38 187
38 187
38 187
38 187
38 187
38 187
38 187
38 187
38 187
38 187
38 187
38 187
38 187
38 187
38 187
38 187
38 187
38 187
45 240
45 240
45 240
45 240
45 240
45 240
45 240
45 240
45 240
45 240
45 240
45 240
46 246
46 246
46 246
9 126
9 126
9 126
9 126
9 126
9 126
9 126
9 126
9 126
9 126
9 126
9 126
9 126
9 126
9 126
9 126
9 126
9 126
9 126
9 126
9 126
9 126
9 126
49 279
49 279
49 279
49 279
3 407
3 407
3 407
3 407
3 407
3 407
3 407
3 407
13 342
13 342
13 342
13 342
13 342
13 342
13 342
13 342
13 342
13 342
13 342
16 342
16 342
16 342
16 342
16 342
16 342
16 342
17 407
17 407
17 407
17 407
17 407
17 407
17 407
17 407
17 407
17 407
17 407
17 407
17 407
21 396
21 396
21 396
21 396
21 396
21 396
21 396
21 396
21 396
21 396
21 396
21 396
21 396
21 396
21 396
21 396
21 396
21 396
21 396
21 396
21 396
21 396
21 396
21 396
21 396
21 396
21 396
21 396
21 396
21 396
24 420
24 420
24 420
24 420
24 420
6 1116
6 1116
6 1116
6 1116
6 1116
6 1116
6 1116
6 1116
6 1116
6 1116
6 1116
6 1116
6 1116
6 1116
6 1116
6 1116
6 1116
6 1116
6 1116
6 1116
6 1116
6 1116
6 1116
6 1116
6 1116
6 616
6 616
6 616
6 616
6 616
6 616
6 616
6 616
6 616
6 616
6 616
6 616
6 616
6 616
6 616
6 616
6 616
6 616
6 616
6 616
6 616
6 616
6 616
6 616
6 616
3 203
3 203
3 203
3 203
3 203
3 203
3 203
3 203
67 570
67 570
67 570
67 570
67 570
67 570
67 570
67 570
67 570
67 570
67 570
67 570
67 570
67 570
67 570
67 570
67 570
6 207
6 207
6 207
6 207
6 207
6 207
6 207
6 207
6 207
6 207
6 207
6 207
6 207
6 207
6 207
6 207
6 207
6 207
6 207
6 207
6 207
6 207
6 207
6 207
6 207
9 203
9 203
9 203
9 203
9 203
9 203
9 203
9 203
9 203
9 203
9 203
9 203
9 203
9 203
9 203
9 203
9 203
9 203
9 203
9 203
9 203
9 203
9 203
38 525
38 525
38 525
38 525
38 525
38 525
38 525
38 525
38 525
38 525
38 525
38 525
38 525
38 525
38 525
38 525
38 525
38 525
38 525
38 525
38 525
60 834
60 834
60 834
60 834
60 834
60 834
60 834
60 834
60 834
60 834
60 834
60 834
60 834
60 834
60 834
60 834
60 834
60 834
60 834
60 834
60 834
60 834
60 834
60 834
60 834
60 834
60 834
60 834
60 834
26 699
26 699
26 699
26 699
26 699
26 699
26 699
26 699
26 699
32 1140
32 1140
32 1140
32 1140
32 1140
32 1140
32 1140
32 1140
32 1140
32 1140
32 1140
32 1140
32 1140
32 1140
32 1140
32 641
32 641
32 641
32 641
32 641
32 641
32 641
32 641
32 641
32 641
32 641
32 641
32 641
32 641
32 641
17 296
17 296
17 296
17 296
17 296
17 296
17 296
17 296
17 296
17 296
17 296
17 296
17 296
58 943
58 943
58 943
58 943
58 943
58 943
58 943
58 943
58 943
58 943
58 943
58 943
58 943
58 943
58 943
58 943
58 943
58 943
58 943
58 943
56 967
56 967
56 967
56 967
56 967
56 967
56 967
56 967
56 967
56 967
56 967
56 967
56 967
56 967
56 967
56 967
56 967
56 967
56 967
56 967
56 967
56 967
56 967
56 967
45 585
45 585
45 585
45 585
45 585
45 585
45 585
45 585
45 585
45 585
45 585
45 585
46 587
46 587
46 587
83 731
83 731
83 731
83 731
83 731
83 731
49 636
49 636
49 636
49 636
94 814
94 814
94 814
94 814
94 814
94 814
94 814
94 814
94 814
94 814
94 814
94 814
94 814
94 814
94 814
94 814
94 814
94 814
94 814
94 814
94 814
94 814
60 711
60 711
60 711
60 711
60 711
60 711
60 711
60 711
60 711
60 711
60 711
60 711
60 711
60 711
60 711
60 711
60 711
60 711
60 711
60 711
60 711
60 711
60 711
60 711
60 711
60 711
60 711
60 711
60 711
13 715
13 715
13 715
13 715
13 715
13 715
13 715
13 715
13 715
13 715
13 715
102 851
102 851
16 730
16 730
16 730
16 730
16 730
16 730
16 730
3 409
3 409
3 409
3 409
3 409
3 409
3 409
3 409
67 769
67 769
67 769
67 769
67 769
67 769
67 769
67 769
67 769
67 769
67 769
67 769
67 769
67 769
67 769
67 769
67 769
6 388
6 388
6 388
6 388
6 388
6 388
6 388
6 388
6 388
6 388
6 388
6 388
6 388
6 388
6 388
6 388
6 388
6 388
6 388
6 388
6 388
6 388
6 388
6 388
6 388
21 742
21 742
21 742
21 742
21 742
21 742
21 742
21 742
21 742
21 742
21 742
21 742
21 742
21 742
21 742
21 742
21 742
21 742
21 742
21 742
21 742
21 742
21 742
21 742
21 742
21 742
21 742
21 742
21 742
21 742
56 913
56 913
56 913
56 913
56 913
56 913
56 913
56 913
56 913
56 913
56 913
56 913
56 913
56 913
56 913
56 913
56 913
56 913
56 913
56 913
56 913
56 913
56 913
56 913
24 738
24 738
24 738
24 738
24 738
26 759
26 759
26 759
26 759
26 759
26 759
26 759
26 759
26 759
58 960
58 960
58 960
58 960
58 960
58 960
58 960
58 960
58 960
58 960
58 960
58 960
58 960
58 960
58 960
58 960
58 960
58 960
58 960
58 960
62 943
32 784
32 784
32 784
32 784
32 784
32 784
32 784
32 784
32 784
32 784
32 784
32 784
32 784
32 784
32 784
38 798
38 798
38 798
38 798
38 798
38 798
38 798
38 798
38 798
38 798
38 798
38 798
38 798
38 798
38 798
38 798
38 798
38 798
38 798
38 798
38 798
57 1709
57 1709
57 1709
57 1709
57 1709
57 1709
57 1709
57 1709
57 1709
57 1709
57 1709
57 1709
57 1709
57 1709
57 1709
57 1709
57 1709
57 1709
57 1709
57 1709
57 1709
57 1709
57 1709
57 1709
57 1709
57 1709
57 1709
57 1210
57 1210
57 1210
57 1210
57 1210
57 1210
57 1210
57 1210
57 1210
57 1210
57 1210
57 1210
57 1210
57 1210
57 1210
57 1210
57 1210
57 1210
57 1210
57 1210
57 1210
57 1210
57 1210
57 1210
57 1210
57 1210
57 1210
45 859
45 859
45 859
45 859
45 859
45 859
45 859
45 859
45 859
45 859
45 859
45 859
46 858
46 858
46 858
49 865
49 865
49 865
49 865
75 1118
75 1118
75 1118
75 1118
75 1118
75 1118
75 1118
75 1118
75 1118
75 1118
75 1118
75 1118
75 1118
75 1118
75 1118
75 1118
78 1135
78 1135
78 1135
78 1135
78 1135
78 1135
78 1135
78 1135
78 1135
78 1135
78 1135
78 1135
78 1135
78 1135
78 1135
78 1135
78 1135
78 1135
78 1135
78 1135
78 1135
78 1135
78 1135
78 1135
78 1135
78 1135
80 1165
80 1165
80 1165
80 1165
80 1165
80 1165
80 1165
80 1165
80 1165
80 1165
83 1165
83 1165
83 1165
83 1165
83 1165
83 1165
17 893
17 893
17 893
17 893
17 893
17 893
17 893
17 893
17 893
17 893
17 893
17 893
17 893
13 974
13 974
13 974
13 974
13 974
13 974
13 974
13 974
13 974
13 974
13 974
16 977
16 977
16 977
16 977
16 977
16 977
16 977
21 999
21 999
21 999
21 999
21 999
21 999
21 999
21 999
21 999
21 999
21 999
21 999
21 999
21 999
21 999
21 999
21 999
21 999
21 999
21 999
21 999
21 999
21 999
21 999
21 999
21 999
21 999
21 999
21 999
21 999
94 1286
94 1286
94 1286
94 1286
94 1286
94 1286
94 1286
94 1286
94 1286
94 1286
94 1286
94 1286
94 1286
94 1286
94 1286
94 1286
94 1286
94 1286
94 1286
94 1286
94 1286
94 1286
24 1025
24 1025
24 1025
24 1025
24 1025
26 1034
26 1034
26 1034
26 1034
26 1034
26 1034
26 1034
26 1034
26 1034
32 1045
32 1045
32 1045
32 1045
32 1045
32 1045
32 1045
32 1045
32 1045
32 1045
32 1045
32 1045
32 1045
32 1045
32 1045
102 1352
102 1352
56 1390
56 1390
56 1390
56 1390
56 1390
56 1390
56 1390
56 1390
56 1390
56 1390
56 1390
56 1390
56 1390
56 1390
56 1390
56 1390
56 1390
56 1390
56 1390
56 1390
56 1390
56 1390
56 1390
56 1390
57 1396
57 1396
57 1396
57 1396
57 1396
57 1396
57 1396
57 1396
57 1396
57 1396
57 1396
57 1396
57 1396
57 1396
57 1396
57 1396
57 1396
57 1396
57 1396
57 1396
57 1396
57 1396
57 1396
57 1396
57 1396
57 1396
57 1396
58 1396
58 1396
58 1396
58 1396
58 1396
58 1396
58 1396
58 1396
58 1396
58 1396
58 1396
58 1396
58 1396
58 1396
58 1396
58 1396
58 1396
58 1396
58 1396
58 1396
38 1100
38 1100
38 1100
38 1100
38 1100
38 1100
38 1100
38 1100
38 1100
38 1100
38 1100
38 1100
38 1100
38 1100
38 1100
38 1100
38 1100
38 1100
38 1100
38 1100
38 1100
67 1378
67 1378
67 1378
67 1378
67 1378
67 1378
67 1378
67 1378
67 1378
67 1378
67 1378
67 1378
67 1378
67 1378
67 1378
67 1378
67 1378
3 1023
3 1023
3 1023
3 1023
3 1023
3 1023
3 1023
3 1023
62 1437
6 1009
6 1009
6 1009
6 1009
6 1009
6 1009
6 1009
6 1009
6 1009
6 1009
6 1009
6 1009
6 1009
6 1009
6 1009
6 1009
6 1009
6 1009
6 1009
6 1009
6 1009
6 1009
6 1009
6 1009
6 1009
45 1120
45 1120
45 1120
45 1120
45 1120
45 1120
45 1120
45 1120
45 1120
45 1120
45 1120
45 1120
17 905
17 905
17 905
17 905
17 905
17 905
17 905
17 905
17 905
17 905
17 905
17 905
17 905
9 986
9 986
9 986
9 986
9 986
9 986
9 986
9 986
9 986
9 986
9 986
9 986
9 986
9 986
9 986
9 986
9 986
9 986
9 986
9 986
9 986
9 986
9 986
46 1132
46 1132
46 1132
60 1014
60 1014
60 1014
60 1014
60 1014
60 1014
60 1014
60 1014
60 1014
60 1014
60 1014
60 1014
60 1014
60 1014
60 1014
60 1014
60 1014
60 1014
60 1014
60 1014
60 1014
60 1014
60 1014
60 1014
60 1014
60 1014
60 1014
60 1014
60 1014
49 1158
49 1158
49 1158
49 1158
3 672
3 672
3 672
3 672
3 672
3 672
3 672
3 672
6 668
6 668
6 668
6 668
6 668
6 668
6 668
6 668
6 668
6 668
6 668
6 668
6 668
6 668
6 668
6 668
6 668
6 668
6 668
6 668
6 668
6 668
6 668
6 668
6 668
67 1120
67 1120
67 1120
67 1120
67 1120
67 1120
67 1120
67 1120
67 1120
67 1120
67 1120
67 1120
67 1120
67 1120
67 1120
67 1120
67 1120
75 1550
75 1550
75 1550
75 1550
75 1550
75 1550
75 1550
75 1550
75 1550
75 1550
75 1550
75 1550
75 1550
75 1550
75 1550
75 1550
13 1209
13 1209
13 1209
13 1209
13 1209
13 1209
13 1209
13 1209
13 1209
13 1209
13 1209
16 1200
16 1200
16 1200
16 1200
16 1200
16 1200
16 1200
71 2653
71 2653
71 2653
71 2653
71 2653
71 2653
71 2653
71 2653
71 2653
71 2653
71 2653
71 2653
71 2653
71 2653
71 2156
71 2156
71 2156
71 2156
71 2156
71 2156
71 2156
71 2156
71 2156
71 2156
71 2156
71 2156
71 2156
71 2156
71 1664
71 1664
71 1664
71 1664
71 1664
71 1664
71 1664
71 1664
71 1664
71 1664
71 1664
71 1664
71 1664
71 1664
78 1596
78 1596
78 1596
78 1596
78 1596
78 1596
78 1596
78 1596
78 1596
78 1596
78 1596
78 1596
78 1596
78 1596
78 1596
78 1596
78 1596
78 1596
78 1596
78 1596
78 1596
78 1596
78 1596
78 1596
78 1596
78 1596
80 1609
80 1609
80 1609
80 1609
80 1609
80 1609
80 1609
80 1609
80 1609
80 1609
83 1607
83 1607
83 1607
83 1607
83 1607
83 1607
21 1237
21 1237
21 1237
21 1237
21 1237
21 1237
21 1237
21 1237
21 1237
21 1237
21 1237
21 1237
21 1237
21 1237
21 1237
21 1237
21 1237
21 1237
21 1237
21 1237
21 1237
21 1237
21 1237
21 1237
21 1237
21 1237
21 1237
21 1237
21 1237
21 1237
40 3078
40 3078
40 3078
40 3078
40 3078
40 3078
40 3078
40 3078
40 3078
40 3078
40 3078
40 3078
40 3078
40 3078
40 3078
40 3078
40 3078
40 3078
40 3078
40 3078
40 3078
40 3078
40 3078
40 3078
40 3078
40 3078
40 3078
40 3078
40 2583
40 2583
40 2583
40 2583
40 2583
40 2583
40 2583
40 2583
40 2583
40 2583
40 2583
40 2583
40 2583
40 2583
40 2583
40 2583
40 2583
40 2583
40 2583
40 2583
40 2583
40 2583
40 2583
40 2583
40 2583
40 2583
40 2583
40 2583
24 1255
24 1255
24 1255
24 1255
24 1255
26 1257
26 1257
26 1257
26 1257
26 1257
26 1257
26 1257
26 1257
26 1257
40 2131
40 2131
40 2131
40 2131
40 2131
40 2131
40 2131
40 2131
40 2131
40 2131
40 2131
40 2131
40 2131
40 2131
40 2131
40 2131
40 2131
40 2131
40 2131
40 2131
40 2131
40 2131
40 2131
40 2131
40 2131
40 2131
40 2131
40 2131
32 1258
32 1258
32 1258
32 1258
32 1258
32 1258
32 1258
32 1258
32 1258
32 1258
32 1258
32 1258
32 1258
32 1258
32 1258
9 1016
9 1016
9 1016
9 1016
9 1016
9 1016
9 1016
9 1016
9 1016
9 1016
9 1016
9 1016
9 1016
9 1016
9 1016
9 1016
9 1016
9 1016
9 1016
9 1016
9 1016
9 1016
9 1016
36 3267
36 3267
36 3267
36 3267
36 3267
36 3267
36 3267
36 3267
36 3267
36 3267
36 3267
36 3267
36 3267
36 3267
36 3267
36 3267
36 3267
36 3267
36 2786
36 2786
36 2786
36 2786
36 2786
36 2786
36 2786
36 2786
36 2786
36 2786
36 2786
36 2786
36 2786
36 2786
36 2786
36 2786
36 2786
36 2786
36 2287
36 2287
36 2287
36 2287
36 2287
36 2287
36 2287
36 2287
36 2287
36 2287
36 2287
36 2287
36 2287
36 2287
36 2287
36 2287
36 2287
36 2287
38 1298
38 1298
38 1298
38 1298
38 1298
38 1298
38 1298
38 1298
38 1298
38 1298
38 1298
38 1298
38 1298
38 1298
38 1298
38 1298
38 1298
38 1298
38 1298
38 1298
38 1298
60 1082
60 1082
60 1082
60 1082
60 1082
60 1082
60 1082
60 1082
60 1082
60 1082
60 1082
60 1082
60 1082
60 1082
60 1082
60 1082
60 1082
60 1082
60 1082
60 1082
60 1082
60 1082
60 1082
60 1082
60 1082
60 1082
60 1082
60 1082
60 1082
94 1760
94 1760
94 1760
94 1760
94 1760
94 1760
94 1760
94 1760
94 1760
94 1760
94 1760
94 1760
94 1760
94 1760
94 1760
94 1760
94 1760
94 1760
94 1760
94 1760
94 1760
94 1760
45 1334
45 1334
45 1334
45 1334
45 1334
45 1334
45 1334
45 1334
45 1334
45 1334
45 1334
45 1334
46 1333
46 1333
46 1333
102 1800
102 1800
49 1382
49 1382
49 1382
49 1382
56 1839
56 1839
56 1839
56 1839
56 1839
56 1839
56 1839
56 1839
56 1839
56 1839
56 1839
56 1839
56 1839
56 1839
56 1839
56 1839
56 1839
56 1839
56 1839
56 1839
56 1839
56 1839
56 1839
56 1839
57 1843
57 1843
57 1843
57 1843
57 1843
57 1843
57 1843
57 1843
57 1843
57 1843
57 1843
57 1843
57 1843
57 1843
57 1843
57 1843
57 1843
57 1843
57 1843
57 1843
57 1843
57 1843
57 1843
57 1843
57 1843
57 1843
57 1843
58 1841
58 1841
58 1841
58 1841
58 1841
58 1841
58 1841
58 1841
58 1841
58 1841
58 1841
58 1841
58 1841
58 1841
58 1841
58 1841
58 1841
58 1841
58 1841
58 1841
3 919
3 919
3 919
3 919
3 919
3 919
3 919
3 919
6 896
6 896
6 896
6 896
6 896
6 896
6 896
6 896
6 896
6 896
6 896
6 896
6 896
6 896
6 896
6 896
6 896
6 896
6 896
6 896
6 896
6 896
6 896
6 896
6 896
62 1865
13 1425
13 1425
13 1425
13 1425
13 1425
13 1425
13 1425
13 1425
13 1425
13 1425
13 1425
9 991
9 991
9 991
9 991
9 991
9 991
9 991
9 991
9 991
9 991
9 991
9 991
9 991
9 991
9 991
9 991
9 991
9 991
9 991
9 991
9 991
9 991
9 991
16 1439
16 1439
16 1439
16 1439
16 1439
16 1439
16 1439
21 1480
21 1480
21 1480
21 1480
21 1480
21 1480
21 1480
21 1480
21 1480
21 1480
21 1480
21 1480
21 1480
21 1480
21 1480
21 1480
21 1480
21 1480
21 1480
21 1480
21 1480
21 1480
21 1480
21 1480
21 1480
21 1480
21 1480
21 1480
21 1480
21 1480
24 1475
24 1475
24 1475
24 1475
24 1475
75 1967
75 1967
75 1967
75 1967
75 1967
75 1967
75 1967
75 1967
75 1967
75 1967
75 1967
75 1967
75 1967
75 1967
75 1967
75 1967
78 2038
78 2038
78 2038
78 2038
78 2038
78 2038
78 2038
78 2038
78 2038
78 2038
78 2038
78 2038
78 2038
78 2038
78 2038
78 2038
78 2038
78 2038
78 2038
78 2038
78 2038
78 2038
78 2038
78 2038
78 2038
78 2038
80 2019
80 2019
80 2019
80 2019
80 2019
80 2019
80 2019
80 2019
80 2019
80 2019
83 2032
83 2032
83 2032
83 2032
83 2032
83 2032
94 2155
94 2155
94 2155
94 2155
94 2155
94 2155
94 2155
94 2155
94 2155
94 2155
94 2155
94 2155
94 2155
94 2155
94 2155
94 2155
94 2155
94 2155
94 2155
94 2155
94 2155
94 2155
71 1470
71 1470
71 1470
71 1470
71 1470
71 1470
71 1470
71 1470
71 1470
71 1470
71 1470
71 1470
71 1470
71 1470
102 2201
102 2201
