11 115
11 115
11 115
11 115
11 115
11 115
11 115
11 115
8 147
8 147
8 147
8 147
8 147
8 147
8 147
8 147
8 147
8 147
8 147
8 147
8 147
8 147
8 147
8 147
8 147
8 147
8 147
8 147
8 147
5 191
5 191
5 191
5 191
5 191
5 191
5 191
5 191
5 191
5 191
5 191
5 191
5 191
5 191
5 191
5 191
5 191
5 191
5 191
5 191
5 191
5 191
5 191
5 191
5 191
38 137
38 137
38 137
38 137
38 137
38 137
38 137
38 137
38 137
38 137
38 137
38 137
38 137
38 137
38 137
38 137
38 137
38 137
38 137
38 137
38 137
38 137
38 137
33 290
33 290
33 290
33 290
33 290
33 290
33 290
33 290
33 290
33 290
33 290
33 290
51 208
51 208
51 208
51 208
51 208
52 204
52 204
52 204
52 204
52 204
52 204
52 204
5 211
5 211
5 211
5 211
5 211
5 211
5 211
5 211
5 211
5 211
5 211
5 211
5 211
5 211
5 211
5 211
5 211
5 211
5 211
5 211
5 211
5 211
5 211
5 211
5 211
8 225
8 225
8 225
8 225
8 225
8 225
8 225
8 225
8 225
8 225
8 225
8 225
8 225
8 225
8 225
8 225
8 225
8 225
8 225
8 225
8 225
11 209
11 209
11 209
11 209
11 209
11 209
11 209
11 209
64 232
64 232
64 232
64 232
64 232
64 232
64 232
64 232
64 232
64 232
64 232
64 232
64 232
64 232
64 232
64 232
70 256
70 256
70 256
70 256
70 256
70 256
70 256
70 256
70 256
70 256
70 256
70 256
70 256
70 256
70 256
70 256
70 256
70 256
70 256
70 256
70 256
70 256
70 256
70 256
73 493
73 493
73 493
73 493
73 493
73 493
73 493
73 493
73 493
73 493
73 493
73 493
73 493
73 493
73 493
73 493
73 493
23 994
23 994
23 994
23 994
23 994
23 994
23 994
23 994
23 994
23 994
23 994
23 494
23 494
23 494
23 494
23 494
23 494
23 494
23 494
23 494
23 494
23 494
4 1304
4 1304
4 1304
4 1304
4 1304
4 1304
4 1304
4 1304
4 1304
4 1304
4 1304
4 1304
4 1304
4 1304
4 1304
4 1304
4 1304
4 1304
4 1304
4 1304
4 804
4 804
4 804
4 804
4 804
4 804
4 804
4 804
4 804
4 804
4 804
4 804
4 804
4 804
4 804
4 804
4 804
4 804
4 804
4 804
38 696
38 696
38 696
38 696
38 696
38 696
38 696
38 696
38 696
38 696
38 696
38 696
38 696
38 696
38 696
38 696
38 696
38 696
38 696
38 696
38 696
38 696
38 696
51 566
51 566
51 566
51 566
51 566
52 557
52 557
52 557
52 557
52 557
52 557
52 557
5 527
5 527
5 527
5 527
5 527
5 527
5 527
5 527
5 527
5 527
5 527
5 527
5 527
5 527
5 527
5 527
5 527
5 527
5 527
5 527
5 527
5 527
5 527
5 527
5 527
8 502
8 502
8 502
8 502
8 502
8 502
8 502
8 502
8 502
8 502
8 502
8 502
8 502
8 502
8 502
8 502
8 502
8 502
8 502
8 502
8 502
11 500
11 500
11 500
11 500
11 500
11 500
11 500
11 500
64 543
64 543
64 543
64 543
64 543
64 543
64 543
64 543
64 543
64 543
64 543
64 543
64 543
64 543
64 543
64 543
70 567
70 567
70 567
70 567
70 567
70 567
70 567
70 567
70 567
70 567
70 567
70 567
70 567
70 567
70 567
70 567
70 567
70 567
70 567
70 567
70 567
70 567
70 567
70 567
73 568
73 568
73 568
73 568
73 568
73 568
73 568
73 568
73 568
73 568
73 568
73 568
73 568
73 568
73 568
73 568
73 568
23 592
23 592
23 592
23 592
23 592
23 592
23 592
23 592
23 592
23 592
23 592
38 571
38 571
38 571
38 571
38 571
38 571
38 571
38 571
38 571
38 571
38 571
38 571
38 571
38 571
38 571
38 571
38 571
38 571
38 571
38 571
38 571
38 571
38 571
33 1268
33 1268
33 1268
33 1268
33 1268
33 1268
33 1268
33 1268
33 1268
33 1268
33 1268
33 1268
51 606
51 606
51 606
51 606
51 606
52 620
52 620
52 620
52 620
52 620
52 620
52 620
76 1406
76 1406
76 1406
76 1406
76 1406
76 1406
76 1406
76 1406
76 1406
76 1406
76 1406
76 1406
76 1406
76 1406
76 1406
76 1406
76 1406
76 1406
76 1406
76 1406
76 1406
76 1406
76 1406
76 1406
76 1406
76 1406
76 1406
76 1406
76 1406
76 1406
88 1288
88 1288
88 1288
88 1288
88 1288
88 1288
80 1380
80 1380
80 1380
80 1380
80 1380
80 1380
80 1380
80 1380
80 1380
80 1380
80 1380
80 1380
80 1380
80 1380
80 1380
5 656
5 656
5 656
5 656
5 656
5 656
5 656
5 656
5 656
5 656
5 656
5 656
5 656
5 656
5 656
5 656
5 656
5 656
5 656
5 656
5 656
5 656
5 656
5 656
5 656
71 1513
71 1513
71 1513
8 692
8 692
8 692
8 692
8 692
8 692
8 692
8 692
8 692
8 692
8 692
8 692
8 692
8 692
8 692
8 692
8 692
8 692
8 692
8 692
8 692
4 1249
4 1249
4 1249
4 1249
4 1249
4 1249
4 1249
4 1249
4 1249
4 1249
4 1249
4 1249
4 1249
4 1249
4 1249
4 1249
4 1249
4 1249
4 1249
4 1249
11 684
11 684
11 684
11 684
11 684
11 684
11 684
11 684
64 687
64 687
64 687
64 687
64 687
64 687
64 687
64 687
64 687
64 687
64 687
64 687
64 687
64 687
64 687
64 687
95 1379
95 1379
95 1379
95 1379
95 1379
95 1379
95 1379
95 1379
95 1379
95 1379
95 1379
95 1379
95 1379
95 1379
95 1379
95 1379
95 1379
95 1379
95 1379
70 686
70 686
70 686
70 686
70 686
70 686
70 686
70 686
70 686
70 686
70 686
70 686
70 686
70 686
70 686
70 686
70 686
70 686
70 686
70 686
70 686
70 686
70 686
70 686
73 696
73 696
73 696
73 696
73 696
73 696
73 696
73 696
73 696
73 696
73 696
73 696
73 696
73 696
73 696
73 696
73 696
23 710
23 710
23 710
23 710
23 710
23 710
23 710
23 710
23 710
23 710
23 710
76 1432
76 1432
76 1432
76 1432
76 1432
76 1432
76 1432
76 1432
76 1432
76 1432
76 1432
76 1432
76 1432
76 1432
76 1432
76 1432
76 1432
76 1432
76 1432
76 1432
76 1432
76 1432
76 1432
76 1432
76 1432
76 1432
76 1432
76 1432
76 1432
76 1432
38 836
38 836
38 836
38 836
38 836
38 836
38 836
38 836
38 836
38 836
38 836
38 836
38 836
38 836
38 836
38 836
38 836
38 836
38 836
38 836
38 836
38 836
38 836
71 1508
71 1508
71 1508
80 1477
80 1477
80 1477
80 1477
80 1477
80 1477
80 1477
80 1477
80 1477
80 1477
80 1477
80 1477
80 1477
80 1477
80 1477
51 803
51 803
51 803
51 803
51 803
52 795
52 795
52 795
52 795
52 795
52 795
52 795
5 791
5 791
5 791
5 791
5 791
5 791
5 791
5 791
5 791
5 791
5 791
5 791
5 791
5 791
5 791
5 791
5 791
5 791
5 791
5 791
5 791
5 791
5 791
5 791
5 791
33 1512
33 1512
33 1512
33 1512
33 1512
33 1512
33 1512
33 1512
33 1512
33 1512
33 1512
33 1512
88 1519
88 1519
88 1519
88 1519
88 1519
88 1519
8 830
8 830
8 830
8 830
8 830
8 830
8 830
8 830
8 830
8 830
8 830
8 830
8 830
8 830
8 830
8 830
8 830
8 830
8 830
8 830
8 830
11 848
11 848
11 848
11 848
11 848
11 848
11 848
11 848
64 842
64 842
64 842
64 842
64 842
64 842
64 842
64 842
64 842
64 842
64 842
64 842
64 842
64 842
64 842
64 842
95 1614
95 1614
95 1614
95 1614
95 1614
95 1614
95 1614
95 1614
95 1614
95 1614
95 1614
95 1614
95 1614
95 1614
95 1614
95 1614
95 1614
95 1614
95 1614
70 878
70 878
70 878
70 878
70 878
70 878
70 878
70 878
70 878
70 878
70 878
70 878
70 878
70 878
70 878
70 878
70 878
70 878
70 878
70 878
70 878
70 878
70 878
70 878
23 881
23 881
23 881
23 881
23 881
23 881
23 881
23 881
23 881
23 881
23 881
73 890
73 890
73 890
73 890
73 890
73 890
73 890
73 890
73 890
73 890
73 890
73 890
73 890
73 890
73 890
73 890
73 890
38 910
38 910
38 910
38 910
38 910
38 910
38 910
38 910
38 910
38 910
38 910
38 910
38 910
38 910
38 910
38 910
38 910
38 910
38 910
38 910
38 910
38 910
38 910
32 3055
32 3055
32 3055
32 3055
32 3055
32 3055
32 3055
32 3055
32 3055
32 3055
32 3055
32 3055
32 3055
32 3055
32 3055
32 3055
32 3055
32 3055
32 3055
32 3055
32 3055
32 3055
32 3055
32 3055
32 3055
32 3055
32 3055
4 1842
4 1842
4 1842
4 1842
4 1842
4 1842
4 1842
4 1842
4 1842
4 1842
4 1842
4 1842
4 1842
4 1842
4 1842
4 1842
4 1842
4 1842
4 1842
4 1842
37 1537
37 1537
37 1537
37 1537
37 1537
37 1537
37 1537
37 1537
37 1537
37 1537
37 1537
37 1537
37 1537
37 1537
37 1537
37 1537
37 1537
37 1537
37 1537
37 1537
37 1537
37 1537
37 1537
37 1537
37 1537
37 1537
37 1537
37 1537
51 932
51 932
51 932
51 932
51 932
52 928
52 928
52 928
52 928
52 928
52 928
52 928
44 1539
5 959
5 959
5 959
5 959
5 959
5 959
5 959
5 959
5 959
5 959
5 959
5 959
5 959
5 959
5 959
5 959
5 959
5 959
5 959
5 959
5 959
5 959
5 959
5 959
5 959
8 977
8 977
8 977
8 977
8 977
8 977
8 977
8 977
8 977
8 977
8 977
8 977
8 977
8 977
8 977
8 977
8 977
8 977
8 977
8 977
8 977
87 1696
87 1696
87 1696
87 1696
87 1696
87 1696
87 1696
87 1696
87 1696
71 1895
71 1895
71 1895
11 1003
11 1003
11 1003
11 1003
11 1003
11 1003
11 1003
11 1003
64 1022
64 1022
64 1022
64 1022
64 1022
64 1022
64 1022
64 1022
64 1022
64 1022
64 1022
64 1022
64 1022
64 1022
64 1022
64 1022
60 1620
60 1620
70 1041
70 1041
70 1041
70 1041
70 1041
70 1041
70 1041
70 1041
70 1041
70 1041
70 1041
70 1041
70 1041
70 1041
70 1041
70 1041
70 1041
70 1041
70 1041
70 1041
70 1041
70 1041
70 1041
70 1041
23 1019
23 1019
23 1019
23 1019
23 1019
23 1019
23 1019
23 1019
23 1019
23 1019
23 1019
73 1033
73 1033
73 1033
73 1033
73 1033
73 1033
73 1033
73 1033
73 1033
73 1033
73 1033
73 1033
73 1033
73 1033
73 1033
73 1033
73 1033
33 1980
33 1980
33 1980
33 1980
33 1980
33 1980
33 1980
33 1980
33 1980
33 1980
33 1980
33 1980
76 2064
76 2064
76 2064
76 2064
76 2064
76 2064
76 2064
76 2064
76 2064
76 2064
76 2064
76 2064
76 2064
76 2064
76 2064
76 2064
76 2064
76 2064
76 2064
76 2064
76 2064
76 2064
76 2064
76 2064
76 2064
76 2064
76 2064
76 2064
76 2064
76 2064
88 1977
88 1977
88 1977
88 1977
88 1977
88 1977
38 1051
38 1051
38 1051
38 1051
38 1051
38 1051
38 1051
38 1051
38 1051
38 1051
38 1051
38 1051
38 1051
38 1051
38 1051
38 1051
38 1051
38 1051
38 1051
38 1051
38 1051
38 1051
38 1051
95 2057
95 2057
95 2057
95 2057
95 2057
95 2057
95 2057
95 2057
95 2057
95 2057
95 2057
95 2057
95 2057
95 2057
95 2057
95 2057
95 2057
95 2057
95 2057
32 1699
32 1699
32 1699
32 1699
32 1699
32 1699
32 1699
32 1699
32 1699
32 1699
32 1699
32 1699
32 1699
32 1699
32 1699
32 1699
32 1699
32 1699
32 1699
32 1699
32 1699
32 1699
32 1699
32 1699
32 1699
32 1699
32 1699
83 1725
83 1725
83 1725
83 1725
83 1725
83 1725
83 1725
83 1725
83 1725
83 1725
83 1725
83 1725
83 1725
83 1725
83 1725
83 1725
83 1725
83 1725
83 1725
83 1725
83 1725
83 1725
83 1725
83 1725
83 1725
83 1725
83 1725
83 1725
83 1725
87 1782
87 1782
87 1782
87 1782
87 1782
87 1782
87 1782
87 1782
87 1782
37 1783
37 1783
37 1783
37 1783
37 1783
37 1783
37 1783
37 1783
37 1783
37 1783
37 1783
37 1783
37 1783
37 1783
37 1783
37 1783
37 1783
37 1783
37 1783
37 1783
37 1783
37 1783
37 1783
37 1783
37 1783
37 1783
37 1783
37 1783
51 1145
51 1145
51 1145
51 1145
51 1145
52 1140
52 1140
52 1140
52 1140
52 1140
52 1140
52 1140
41 1799
41 1799
41 1799
41 1799
41 1799
41 1799
41 1799
41 1799
41 1799
41 1799
41 1799
41 1799
41 1799
64 1124
64 1124
64 1124
64 1124
64 1124
64 1124
64 1124
64 1124
64 1124
64 1124
64 1124
64 1124
64 1124
64 1124
64 1124
64 1124
44 1826
93 3377
93 3377
93 3377
93 3377
93 3377
93 3377
93 3377
93 3377
93 3377
93 3377
93 3377
93 3377
93 3377
93 3377
93 3377
93 3377
93 3377
93 3377
93 3377
93 3377
93 3377
93 3377
93 2878
93 2878
93 2878
93 2878
93 2878
93 2878
93 2878
93 2878
93 2878
93 2878
93 2878
93 2878
93 2878
93 2878
93 2878
93 2878
93 2878
93 2878
93 2878
93 2878
93 2878
93 2878
85 3459
85 3459
85 3459
85 3459
85 2960
85 2960
85 2960
85 2960
99 3326
99 3326
99 3326
99 3326
99 3326
99 3326
99 3326
99 3326
99 3326
99 3326
99 3326
99 3326
99 3326
99 3326
99 3326
99 3326
99 3326
99 3326
99 3326
99 3326
99 3326
99 3326
99 3326
99 3326
99 3326
99 3326
99 2826
99 2826
99 2826
99 2826
99 2826
99 2826
99 2826
99 2826
99 2826
99 2826
99 2826
99 2826
99 2826
99 2826
99 2826
99 2826
99 2826
99 2826
99 2826
99 2826
99 2826
99 2826
99 2826
99 2826
99 2826
99 2826
99 2326
99 2326
99 2326
99 2326
99 2326
99 2326
99 2326
99 2326
99 2326
99 2326
99 2326
99 2326
99 2326
99 2326
99 2326
99 2326
99 2326
99 2326
99 2326
99 2326
99 2326
99 2326
99 2326
99 2326
99 2326
99 2326
80 2560
80 2560
80 2560
80 2560
80 2560
80 2560
80 2560
80 2560
80 2560
80 2560
80 2560
80 2560
80 2560
80 2560
80 2560
70 1171
70 1171
70 1171
70 1171
70 1171
70 1171
70 1171
70 1171
70 1171
70 1171
70 1171
70 1171
70 1171
70 1171
70 1171
70 1171
70 1171
70 1171
70 1171
70 1171
70 1171
70 1171
70 1171
70 1171
93 2449
93 2449
93 2449
93 2449
93 2449
93 2449
93 2449
93 2449
93 2449
93 2449
93 2449
93 2449
93 2449
93 2449
93 2449
93 2449
93 2449
93 2449
93 2449
93 2449
93 2449
93 2449
85 2536
85 2536
85 2536
85 2536
73 1174
73 1174
73 1174
73 1174
73 1174
73 1174
73 1174
73 1174
73 1174
73 1174
73 1174
73 1174
73 1174
73 1174
73 1174
73 1174
73 1174
76 2244
76 2244
76 2244
76 2244
76 2244
76 2244
76 2244
76 2244
76 2244
76 2244
76 2244
76 2244
76 2244
76 2244
76 2244
76 2244
76 2244
76 2244
76 2244
76 2244
76 2244
76 2244
76 2244
76 2244
76 2244
76 2244
76 2244
76 2244
76 2244
76 2244
85 2260
85 2260
85 2260
85 2260
93 2239
93 2239
93 2239
93 2239
93 2239
93 2239
93 2239
93 2239
93 2239
93 2239
93 2239
93 2239
93 2239
93 2239
93 2239
93 2239
93 2239
93 2239
93 2239
93 2239
93 2239
93 2239
95 2224
95 2224
95 2224
95 2224
95 2224
95 2224
95 2224
95 2224
95 2224
95 2224
95 2224
95 2224
95 2224
95 2224
95 2224
95 2224
95 2224
95 2224
95 2224
99 2211
99 2211
99 2211
99 2211
99 2211
99 2211
99 2211
99 2211
99 2211
99 2211
99 2211
99 2211
99 2211
99 2211
99 2211
99 2211
99 2211
99 2211
99 2211
99 2211
99 2211
99 2211
99 2211
99 2211
99 2211
99 2211
