16 96
21 47
21 47
21 47
21 47
21 47
21 47
21 47
21 47
21 47
21 47
21 47
21 47
21 47
21 47
21 47
21 47
21 47
21 47
21 47
21 47
21 47
21 47
21 47
21 47
21 47
21 47
21 47
21 47
21 47
13 130
13 130
13 130
13 130
13 130
13 130
13 130
13 130
13 130
13 130
13 130
13 130
13 130
25 32
25 32
25 32
25 32
33 55
33 55
37 49
37 49
37 49
38 67
38 67
38 67
38 67
38 67
38 67
44 68
44 68
44 68
44 68
44 68
49 63
49 63
49 63
49 63
49 63
49 63
49 63
49 63
49 63
49 63
49 63
49 63
49 63
49 63
49 63
49 63
49 63
49 63
49 63
50 74
50 74
50 74
50 74
50 74
50 74
50 74
13 33
13 33
13 33
13 33
13 33
13 33
13 33
13 33
13 33
13 33
13 33
13 33
13 33
8 609
8 609
8 609
8 609
8 609
8 609
8 609
8 609
8 609
8 609
8 609
8 609
8 609
8 609
8 609
8 609
8 609
8 609
8 609
8 609
8 609
8 609
16 46
21 43
21 43
21 43
21 43
21 43
21 43
21 43
21 43
21 43
21 43
21 43
21 43
21 43
21 43
21 43
21 43
21 43
21 43
21 43
21 43
21 43
21 43
21 43
21 43
21 43
21 43
21 43
21 43
21 43
25 43
25 43
25 43
25 43
33 55
33 55
37 66
37 66
37 66
38 60
38 60
38 60
38 60
38 60
38 60
8 379
8 379
8 379
8 379
8 379
8 379
8 379
8 379
8 379
8 379
8 379
8 379
8 379
8 379
8 379
8 379
8 379
8 379
8 379
8 379
8 379
8 379
44 61
44 61
44 61
44 61
44 61
49 96
49 96
49 96
49 96
49 96
49 96
49 96
49 96
49 96
49 96
49 96
49 96
49 96
49 96
49 96
49 96
49 96
49 96
49 96
50 104
50 104
50 104
50 104
50 104
50 104
50 104
13 386
13 386
13 386
13 386
13 386
13 386
13 386
13 386
13 386
13 386
13 386
13 386
13 386
16 363
21 316
21 316
21 316
21 316
21 316
21 316
21 316
21 316
21 316
21 316
21 316
21 316
21 316
21 316
21 316
21 316
21 316
21 316
21 316
21 316
21 316
21 316
21 316
21 316
21 316
21 316
21 316
21 316
21 316
25 283
25 283
25 283
25 283
33 210
33 210
37 182
37 182
37 182
38 189
38 189
38 189
38 189
38 189
38 189
44 179
44 179
44 179
44 179
44 179
49 192
49 192
49 192
49 192
49 192
49 192
49 192
49 192
49 192
49 192
49 192
49 192
49 192
49 192
49 192
49 192
49 192
49 192
49 192
50 185
50 185
50 185
50 185
50 185
50 185
50 185
28 1534
28 1534
28 1534
28 1534
28 1534
28 1534
28 1534
28 1534
28 1534
28 1534
28 1534
28 1534
28 1534
28 1534
28 1534
28 1534
28 1534
28 1534
28 1534
28 1534
28 1534
28 1534
28 1534
28 1534
13 185
13 185
13 185
13 185
13 185
13 185
13 185
13 185
13 185
13 185
13 185
13 185
13 185
28 1037
28 1037
28 1037
28 1037
28 1037
28 1037
28 1037
28 1037
28 1037
28 1037
28 1037
28 1037
28 1037
28 1037
28 1037
28 1037
28 1037
28 1037
28 1037
28 1037
28 1037
28 1037
28 1037
28 1037
22 1106
22 1106
22 1106
22 1106
22 1106
22 1106
22 1106
22 1106
22 1106
22 1106
22 1106
22 1106
22 1106
22 1106
22 1106
22 1106
22 1106
22 1106
22 1106
22 1106
22 1106
22 1106
22 1106
22 1106
22 1106
22 1106
22 1106
22 1106
22 1106
22 1106
16 187
21 175
21 175
21 175
21 175
21 175
21 175
21 175
21 175
21 175
21 175
21 175
21 175
21 175
21 175
21 175
21 175
21 175
21 175
21 175
21 175
21 175
21 175
21 175
21 175
21 175
21 175
21 175
21 175
21 175
8 810
8 810
8 810
8 810
8 810
8 810
8 810
8 810
8 810
8 810
8 810
8 810
8 810
8 810
8 810
8 810
8 810
8 810
8 810
8 810
8 810
8 810
25 191
25 191
25 191
25 191
33 164
33 164
37 156
37 156
37 156
38 153
38 153
38 153
38 153
38 153
38 153
44 144
44 144
44 144
44 144
44 144
49 125
49 125
49 125
49 125
49 125
49 125
49 125
49 125
49 125
49 125
49 125
49 125
49 125
49 125
49 125
49 125
49 125
49 125
49 125
50 135
50 135
50 135
50 135
50 135
50 135
50 135
13 135
13 135
13 135
13 135
13 135
13 135
13 135
13 135
13 135
13 135
13 135
13 135
13 135
16 121
21 120
21 120
21 120
21 120
21 120
21 120
21 120
21 120
21 120
21 120
21 120
21 120
21 120
21 120
21 120
21 120
21 120
21 120
21 120
21 120
21 120
21 120
21 120
21 120
21 120
21 120
21 120
21 120
21 120
25 109
25 109
25 109
25 109
33 119
33 119
37 130
37 130
37 130
38 134
38 134
38 134
38 134
38 134
38 134
44 124
44 124
44 124
44 124
44 124
49 113
49 113
49 113
49 113
49 113
49 113
49 113
49 113
49 113
49 113
49 113
49 113
49 113
49 113
49 113
49 113
49 113
49 113
49 113
50 134
50 134
50 134
50 134
50 134
50 134
50 134
13 124
13 124
13 124
13 124
13 124
13 124
13 124
13 124
13 124
13 124
13 124
13 124
13 124
16 124
21 121
21 121
21 121
21 121
21 121
21 121
21 121
21 121
21 121
21 121
21 121
21 121
21 121
21 121
21 121
21 121
21 121
21 121
21 121
21 121
21 121
21 121
21 121
21 121
21 121
21 121
21 121
21 121
21 121
25 109
25 109
25 109
25 109
76 2117
76 2117
76 2117
76 2117
76 2117
76 2117
76 2117
76 2117
76 2117
76 2117
76 2117
76 2117
76 2117
76 2117
76 2117
76 2117
76 2117
76 2117
76 2117
76 2117
76 2117
76 2117
76 2117
76 2117
76 2117
23 1153
23 1153
23 1153
23 1153
23 1153
23 1153
23 1153
23 1153
23 1153
23 1153
23 1153
23 1153
23 1153
23 1153
23 1153
23 1153
23 1153
23 1153
23 1153
23 1153
23 1153
23 1153
23 1153
23 1153
23 1153
23 1153
23 1153
76 1128
76 1128
76 1128
76 1128
76 1128
76 1128
76 1128
76 1128
76 1128
76 1128
76 1128
76 1128
76 1128
76 1128
76 1128
76 1128
76 1128
76 1128
76 1128
76 1128
76 1128
76 1128
76 1128
76 1128
76 1128
64 2256
64 2256
64 2256
64 2256
64 2256
64 2256
64 2256
64 2256
64 2256
64 2256
64 2256
64 2256
64 2256
64 2256
64 2256
64 2256
64 2256
64 2256
64 1757
64 1757
64 1757
64 1757
64 1757
64 1757
64 1757
64 1757
64 1757
64 1757
64 1757
64 1757
64 1757
64 1757
64 1757
64 1757
64 1757
64 1757
64 1257
64 1257
64 1257
64 1257
64 1257
64 1257
64 1257
64 1257
64 1257
64 1257
64 1257
64 1257
64 1257
64 1257
64 1257
64 1257
64 1257
64 1257
22 1182
22 1182
22 1182
22 1182
22 1182
22 1182
22 1182
22 1182
22 1182
22 1182
22 1182
22 1182
22 1182
22 1182
22 1182
22 1182
22 1182
22 1182
22 1182
22 1182
22 1182
22 1182
22 1182
22 1182
22 1182
22 1182
22 1182
22 1182
22 1182
22 1182
28 1158
28 1158
28 1158
28 1158
28 1158
28 1158
28 1158
28 1158
28 1158
28 1158
28 1158
28 1158
28 1158
28 1158
28 1158
28 1158
28 1158
28 1158
28 1158
28 1158
28 1158
28 1158
28 1158
28 1158
33 113
33 113
37 105
37 105
37 105
38 106
38 106
38 106
38 106
38 106
38 106
44 109
44 109
44 109
44 109
44 109
49 126
49 126
49 126
49 126
49 126
49 126
49 126
49 126
49 126
49 126
49 126
49 126
49 126
49 126
49 126
49 126
49 126
49 126
49 126
50 124
50 124
50 124
50 124
50 124
50 124
50 124
7 3104
7 3104
7 3104
7 3104
7 3104
7 3104
7 3104
7 3104
7 3104
7 3104
7 3104
7 3104
7 3104
7 3104
7 3104
7 3104
7 3104
7 3104
7 3104
7 3104
7 3104
7 3104
7 3104
7 2617
7 2617
7 2617
7 2617
7 2617
7 2617
7 2617
7 2617
7 2617
7 2617
7 2617
7 2617
7 2617
7 2617
7 2617
7 2617
7 2617
7 2617
7 2617
7 2617
7 2617
7 2617
7 2617
7 1623
7 1623
7 1623
7 1623
7 1623
7 1623
7 1623
7 1623
7 1623
7 1623
7 1623
7 1623
7 1623
7 1623
7 1623
7 1623
7 1623
7 1623
7 1623
7 1623
7 1623
7 1623
7 1623
73 1474
73 1474
73 1474
73 1474
73 1474
73 1474
73 1474
73 1474
73 1474
73 1474
73 1474
73 1474
73 1474
73 1474
73 1474
73 1474
73 1474
13 130
13 130
13 130
13 130
13 130
13 130
13 130
13 130
13 130
13 130
13 130
13 130
13 130
16 137
21 133
21 133
21 133
21 133
21 133
21 133
21 133
21 133
21 133
21 133
21 133
21 133
21 133
21 133
21 133
21 133
21 133
21 133
21 133
21 133
21 133
21 133
21 133
21 133
21 133
21 133
21 133
21 133
21 133
23 1136
23 1136
23 1136
23 1136
23 1136
23 1136
23 1136
23 1136
23 1136
23 1136
23 1136
23 1136
23 1136
23 1136
23 1136
23 1136
23 1136
23 1136
23 1136
23 1136
23 1136
23 1136
23 1136
23 1136
23 1136
23 1136
23 1136
25 140
25 140
25 140
25 140
33 151
33 151
37 147
37 147
37 147
38 169
38 169
38 169
38 169
38 169
38 169
44 180
44 180
44 180
44 180
44 180
49 183
49 183
49 183
49 183
49 183
49 183
49 183
49 183
49 183
49 183
49 183
49 183
49 183
49 183
49 183
49 183
49 183
49 183
49 183
50 183
50 183
50 183
50 183
50 183
50 183
50 183
22 1470
22 1470
22 1470
22 1470
22 1470
22 1470
22 1470
22 1470
22 1470
22 1470
22 1470
22 1470
22 1470
22 1470
22 1470
22 1470
22 1470
22 1470
22 1470
22 1470
22 1470
22 1470
22 1470
22 1470
22 1470
22 1470
22 1470
22 1470
22 1470
22 1470
76 1447
76 1447
76 1447
76 1447
76 1447
76 1447
76 1447
76 1447
76 1447
76 1447
76 1447
76 1447
76 1447
76 1447
76 1447
76 1447
76 1447
76 1447
76 1447
76 1447
76 1447
76 1447
76 1447
76 1447
76 1447
73 1477
73 1477
73 1477
73 1477
73 1477
73 1477
73 1477
73 1477
73 1477
73 1477
73 1477
73 1477
73 1477
73 1477
73 1477
73 1477
73 1477
7 1656
7 1656
7 1656
7 1656
7 1656
7 1656
7 1656
7 1656
7 1656
7 1656
7 1656
7 1656
7 1656
7 1656
7 1656
7 1656
7 1656
7 1656
7 1656
7 1656
7 1656
7 1656
7 1656
8 1711
8 1711
8 1711
8 1711
8 1711
8 1711
8 1711
8 1711
8 1711
8 1711
8 1711
8 1711
8 1711
8 1711
8 1711
8 1711
8 1711
8 1711
8 1711
8 1711
8 1711
8 1711
13 176
13 176
13 176
13 176
13 176
13 176
13 176
13 176
13 176
13 176
13 176
13 176
13 176
16 174
21 183
21 183
21 183
21 183
21 183
21 183
21 183
21 183
21 183
21 183
21 183
21 183
21 183
21 183
21 183
21 183
21 183
21 183
21 183
21 183
21 183
21 183
21 183
21 183
21 183
21 183
21 183
21 183
21 183
7 1356
7 1356
7 1356
7 1356
7 1356
7 1356
7 1356
7 1356
7 1356
7 1356
7 1356
7 1356
7 1356
7 1356
7 1356
7 1356
7 1356
7 1356
7 1356
7 1356
7 1356
7 1356
7 1356
25 182
25 182
25 182
25 182
33 158
33 158
37 159
37 159
37 159
38 158
38 158
38 158
38 158
38 158
38 158
44 161
44 161
44 161
44 161
44 161
73 1373
73 1373
73 1373
73 1373
73 1373
73 1373
73 1373
73 1373
73 1373
73 1373
73 1373
73 1373
73 1373
73 1373
73 1373
73 1373
73 1373
23 1385
23 1385
23 1385
23 1385
23 1385
23 1385
23 1385
23 1385
23 1385
23 1385
23 1385
23 1385
23 1385
23 1385
23 1385
23 1385
23 1385
23 1385
23 1385
23 1385
23 1385
23 1385
23 1385
23 1385
23 1385
23 1385
23 1385
76 1386
76 1386
76 1386
76 1386
76 1386
76 1386
76 1386
76 1386
76 1386
76 1386
76 1386
76 1386
76 1386
76 1386
76 1386
76 1386
76 1386
76 1386
76 1386
76 1386
76 1386
76 1386
76 1386
76 1386
76 1386
49 163
49 163
49 163
49 163
49 163
49 163
49 163
49 163
49 163
49 163
49 163
49 163
49 163
49 163
49 163
49 163
49 163
49 163
49 163
50 169
50 169
50 169
50 169
50 169
50 169
50 169
67 3388
67 3388
67 3388
67 3388
67 3388
67 3388
67 3388
67 3388
67 3388
67 3388
67 3388
67 3388
67 3388
67 3388
67 3388
67 3388
67 3388
67 3388
67 3388
67 3388
67 3388
67 3388
67 3388
67 3388
67 3388
67 3388
67 3388
67 3388
67 2893
67 2893
67 2893
67 2893
67 2893
67 2893
67 2893
67 2893
67 2893
67 2893
67 2893
67 2893
67 2893
67 2893
67 2893
67 2893
67 2893
67 2893
67 2893
67 2893
67 2893
67 2893
67 2893
67 2893
67 2893
67 2893
67 2893
67 2893
