1 4 1
2 3 1
3 3 1
4 4 1
5 2 1
6 2 1
7 3 1
8 3 1
9 2 1
10 3 1
11 1 3
12 2 1
13 2 1
14 1 3
15 3 1
16 4 1
17 3 1
18 2 1
19 1 3
20 2 1
21 4 1
22 4 1
23 1 3
24 4 1
25 4 1
26 3 1
27 3 1
28 4 1
29 3 1
30 2 1
31 1 3
32 2 1
33 3 1
34 3 1
35 1 3
36 1 3
37 4 1
38 3 1
39 4 1
40 2 1
41 3 1
42 1 3
43 2 1
44 2 1
45 2 1
46 2 1
47 1 3
48 1 3
49 4 1
50 2 1
51 3 1
52 2 1
53 1 2
54 1 2
55 1 2
56 2 1
57 4 1
58 3 1
59 1 2
60 2 1
61 3 1
62 2 1
63 3 1
64 4 1
65 3 1
66 1 2
67 2 1
68 2 1
69 3 1
70 3 1
71 2 1
72 1 2
73 4 1
74 4 1
75 4 1
76 4 1
77 1 2
78 1 2
79 3 2
80 2 2
81 4 2
82 4 2
83 3 2
84 4 2
85 3 2
86 2 2
87 3 2
88 4 2
89 2 2
90 2 2
91 3 2
92 1 2
93 1 2
94 3 2
95 2 2
96 3 2
97 1 2
98 1 2
99 4 2
100 2 2
