1 4 1 -26.797 19.0965
2 3 1 -32.3529 -11.5472
3 3 3 -80.4783 -51.5295
4 4 1 92.8337 32.5436
5 2 3 87.0595 55.8804
6 2 3 -84.4876 10.338
7 3 3 98.7372 -71.6112
8 3 2 -22.0749 -25.4138
9 2 3 -8.74149 80.7879
10 3 2 -69.3754 18.9876
11 1 2 -52.6071 -58.2142
12 2 2 89.5794 11.3945
13 2 3 34.8585 40.399
14 1 2 -91.2575 44.7242
15 3 2 -10.0349 17.4185
16 4 1 -33.2693 9.69195
17 3 2 60.0401 -38.7753
18 2 3 -34.7355 35.1142
19 1 2 17.6952 -61.5161
20 2 1 65.397 80.4692
21 4 3 -82.5028 53.0257
22 4 3 -91.9476 81.0961
23 1 3 4.95555 98.9516
24 4 1 -44.7579 97.4707
25 4 1 10.7461 73.6298
26 3 2 55.4632 -11.7224
27 3 2 4.65788 -72.0376
28 4 3 -28.3914 99.4479
29 3 3 50.876 -63.9902
30 2 2 69.5562 32.7964
31 1 1 75.2182 -65.3286
32 2 3 -69.565 -90.7184
33 3 3 88.5389 -74.6665
34 3 2 -70.5676 16.0649
35 1 2 79.9484 99.2754
36 1 3 96.8498 96.9337
37 4 3 82.8349 -79.5449
38 3 2 84.8735 5.87037
39 4 2 74.6438 -14.6582
40 2 1 -87.5385 39.6764
41 3 1 89.9038 93.3601
42 1 2 85.4201 83.8636
43 2 2 28.3559 18.3429
44 2 1 54.8079 67.2487
45 2 2 -23.9035 11.1532
46 2 2 -78.4537 -39.7521
47 1 2 -21.5661 65.8557
48 1 2 -81.089 -57.411
49 4 3 -23.2683 96.5368
50 2 3 50.6589 -19.3145
51 3 1 -64.7575 -28.1354
52 2 2 80.4838 9.71569
53 1 1 17.6664 49.6846
54 1 1 -15.4814 -5.68689
55 1 1 63.5968 -4.77283
56 2 1 87.4681 -66.1775
57 4 1 -6.11111 -75.7218
58 3 2 -46.0069 -71.7651
59 1 3 62.2509 47.4862
60 2 2 42.2665 28.7537
61 3 3 -93.5097 24.9333
62 2 3 -27.7589 -58.4623
63 3 1 47.1062 32.4656
64 4 1 64.0367 15.7364
65 3 3 -39.9627 25.131
66 1 1 -47.9402 -81.7141
67 2 1 76.1478 -52.6849
68 2 3 12.1569 66.6777
69 3 1 69.1876 -52.0633
70 3 1 13.3445 20.8602
71 2 3 15.1469 5.55477
72 1 1 96.9439 -0.460825
73 4 3 31.5971 17.3817
74 4 1 -33.193 37.4024
75 4 2 -72.6575 48.9718
76 4 1 -15.4301 -51.2836
77 1 3 84.3346 78.5257
78 1 1 -27.8502 53.8003
79 3 2 -11.5475 6.97479
80 2 3 -28.4535 -9.83842
81 4 2 -13.001 22.3793
82 4 1 -33.4319 25.3177
83 3 1 93.9647 13.533
84 4 2 -84.2933 -20.7803
85 3 2 -30.9369 -48.5881
86 2 1 86.8191 -51.5771
87 3 2 3.97917 22.22
88 4 1 88.4602 -47.5849
89 2 3 53.4213 80.7247
90 2 3 22.6779 -28.5635
91 3 1 -11.0039 89.7477
92 1 1 -25.6413 92.546
93 1 1 -57.8282 -30.0594
94 3 1 98.6592 75.7881
95 2 1 -27.7702 -42.4715
96 3 1 -68.1593 -87.2652
97 1 1 0.75493 67.877
98 1 1 31.89 27.7412
99 4 1 -37.4114 -18.9617
100 2 1 86.0715 18.6157
