4 60
4 60
4 60
4 60
4 60
4 60
4 60
4 60
4 60
4 60
4 60
6 41
5 55
5 55
5 55
5 55
5 55
5 55
5 55
5 55
5 55
5 55
5 55
5 55
5 55
13 37
13 37
13 37
13 37
15 25
15 25
17 8
17 8
17 8
18 14
18 14
18 14
18 14
18 14
18 14
18 14
18 14
18 14
18 14
18 14
18 14
18 14
18 14
18 14
18 14
20 6
20 6
20 6
20 6
20 6
24 14
24 14
24 14
24 14
24 14
24 14
24 14
24 14
24 14
24 14
24 14
24 14
24 14
24 14
28 248
28 248
28 248
28 248
28 248
28 248
28 248
28 248
28 248
28 248
28 248
28 248
28 248
28 248
28 248
28 248
28 248
28 248
28 248
28 248
4 10
4 10
4 10
4 10
4 10
4 10
4 10
4 10
4 10
4 10
4 10
5 2
5 2
5 2
5 2
5 2
5 2
5 2
5 2
5 2
5 2
5 2
5 2
5 2
6 1
27 293
27 293
27 293
27 293
27 293
27 293
27 293
27 293
27 293
27 293
27 293
27 293
13 15
13 15
13 15
13 15
15 24
15 24
17 23
17 23
17 23
18 29
18 29
18 29
18 29
18 29
18 29
18 29
18 29
18 29
18 29
18 29
18 29
18 29
18 29
18 29
18 29
68 38
68 38
68 38
68 38
68 38
68 38
68 38
68 38
68 38
68 38
68 38
68 38
68 38
68 38
68 38
20 29
20 29
20 29
20 29
20 29
24 5
24 5
24 5
24 5
24 5
24 5
24 5
24 5
24 5
24 5
24 5
24 5
24 5
24 5
58 167
58 167
58 167
58 167
58 167
58 167
58 167
27 272
27 272
27 272
27 272
27 272
27 272
27 272
27 272
27 272
27 272
27 272
27 272
4 5
4 5
4 5
4 5
4 5
4 5
4 5
4 5
4 5
4 5
4 5
5 6
5 6
5 6
5 6
5 6
5 6
5 6
5 6
5 6
5 6
5 6
5 6
5 6
6 2
28 307
28 307
28 307
28 307
28 307
28 307
28 307
28 307
28 307
28 307
28 307
28 307
28 307
28 307
28 307
28 307
28 307
28 307
28 307
28 307
13 18
13 18
13 18
13 18
17 19
17 19
17 19
68 25
68 25
68 25
68 25
68 25
68 25
68 25
68 25
68 25
68 25
68 25
68 25
68 25
68 25
68 25
18 39
18 39
18 39
18 39
18 39
18 39
18 39
18 39
18 39
18 39
18 39
18 39
18 39
18 39
18 39
18 39
15 82
15 82
20 37
20 37
20 37
20 37
20 37
24 20
24 20
24 20
24 20
24 20
24 20
24 20
24 20
24 20
24 20
24 20
24 20
24 20
24 20
58 353
58 353
58 353
58 353
58 353
58 353
58 353
4 17
4 17
4 17
4 17
4 17
4 17
4 17
4 17
4 17
4 17
4 17
60 968
60 968
60 968
60 968
60 968
60 968
60 968
60 968
60 968
60 968
5 19
5 19
5 19
5 19
5 19
5 19
5 19
5 19
5 19
5 19
5 19
5 19
5 19
60 472
60 472
60 472
60 472
60 472
60 472
60 472
60 472
60 472
60 472
6 19
37 732
37 732
37 732
37 732
37 732
37 732
37 732
37 732
37 732
13 9
13 9
13 9
13 9
36 1286
36 1286
36 1286
36 1286
36 1286
36 1286
36 1286
36 1286
36 1286
36 1286
36 1286
36 1286
36 1286
36 1286
36 1286
36 1286
36 1286
36 1286
36 1286
36 789
36 789
36 789
36 789
36 789
36 789
36 789
36 789
36 789
36 789
36 789
36 789
36 789
36 789
36 789
36 789
36 789
36 789
36 789
15 7
15 7
17 3
17 3
17 3
27 411
27 411
27 411
27 411
27 411
27 411
27 411
27 411
27 411
27 411
27 411
27 411
18 4
18 4
18 4
18 4
18 4
18 4
18 4
18 4
18 4
18 4
18 4
18 4
18 4
18 4
18 4
18 4
68 6
68 6
68 6
68 6
68 6
68 6
68 6
68 6
68 6
68 6
68 6
68 6
68 6
68 6
68 6
20 3
20 3
20 3
20 3
20 3
28 469
28 469
28 469
28 469
28 469
28 469
28 469
28 469
28 469
28 469
28 469
28 469
28 469
28 469
28 469
28 469
28 469
28 469
28 469
28 469
24 18
24 18
24 18
24 18
24 18
24 18
24 18
24 18
24 18
24 18
24 18
24 18
24 18
24 18
36 547
36 547
36 547
36 547
36 547
36 547
36 547
36 547
36 547
36 547
36 547
36 547
36 547
36 547
36 547
36 547
36 547
36 547
36 547
37 557
37 557
37 557
37 557
37 557
37 557
37 557
37 557
37 557
4 13
4 13
4 13
4 13
4 13
4 13
4 13
4 13
4 13
4 13
4 13
5 6
5 6
5 6
5 6
5 6
5 6
5 6
5 6
5 6
5 6
5 6
5 6
5 6
6 2
60 529
60 529
60 529
60 529
60 529
60 529
60 529
60 529
60 529
60 529
13 8
13 8
13 8
13 8
15 3
15 3
17 7
17 7
17 7
58 598
58 598
58 598
58 598
58 598
58 598
58 598
68 8
68 8
68 8
68 8
68 8
68 8
68 8
68 8
68 8
68 8
68 8
68 8
68 8
68 8
68 8
18 9
18 9
18 9
18 9
18 9
18 9
18 9
18 9
18 9
18 9
18 9
18 9
18 9
18 9
18 9
18 9
20 2
20 2
20 2
20 2
20 2
24 16
24 16
24 16
24 16
24 16
24 16
24 16
24 16
24 16
24 16
24 16
24 16
24 16
24 16
27 594
27 594
27 594
27 594
27 594
27 594
27 594
27 594
27 594
27 594
27 594
27 594
28 593
28 593
28 593
28 593
28 593
28 593
28 593
28 593
28 593
28 593
28 593
28 593
28 593
28 593
28 593
28 593
28 593
28 593
28 593
28 593
36 660
36 660
36 660
36 660
36 660
36 660
36 660
36 660
36 660
36 660
36 660
36 660
36 660
36 660
36 660
36 660
36 660
36 660
36 660
4 5
4 5
4 5
4 5
4 5
4 5
4 5
4 5
4 5
4 5
4 5
5 5
5 5
5 5
5 5
5 5
5 5
5 5
5 5
5 5
5 5
5 5
5 5
5 5
6 36
37 776
37 776
37 776
37 776
37 776
37 776
37 776
37 776
37 776
40 2252
40 2252
40 2252
40 2252
40 2252
40 2252
40 2252
40 2252
40 1753
40 1753
40 1753
40 1753
40 1753
40 1753
40 1753
40 1753
13 30
13 30
13 30
13 30
15 36
15 36
17 21
17 21
17 21
18 24
18 24
18 24
18 24
18 24
18 24
18 24
18 24
18 24
18 24
18 24
18 24
18 24
18 24
18 24
18 24
68 26
68 26
68 26
68 26
68 26
68 26
68 26
68 26
68 26
68 26
68 26
68 26
68 26
68 26
68 26
20 16
20 16
20 16
20 16
20 16
40 1338
40 1338
40 1338
40 1338
40 1338
40 1338
40 1338
40 1338
24 5
24 5
24 5
24 5
24 5
24 5
24 5
24 5
24 5
24 5
24 5
24 5
24 5
24 5
40 846
40 846
40 846
40 846
40 846
40 846
40 846
40 846
58 693
58 693
58 693
58 693
58 693
58 693
58 693
60 690
60 690
60 690
60 690
60 690
60 690
60 690
60 690
60 690
60 690
27 749
27 749
27 749
27 749
27 749
27 749
27 749
27 749
27 749
27 749
27 749
27 749
4 22
4 22
4 22
4 22
4 22
4 22
4 22
4 22
4 22
4 22
4 22
5 19
5 19
5 19
5 19
5 19
5 19
5 19
5 19
5 19
5 19
5 19
5 19
5 19
28 791
28 791
28 791
28 791
28 791
28 791
28 791
28 791
28 791
28 791
28 791
28 791
28 791
28 791
28 791
28 791
28 791
28 791
28 791
28 791
6 15
13 6
13 6
13 6
13 6
15 23
15 23
17 16
17 16
17 16
68 7
68 7
68 7
68 7
68 7
68 7
68 7
68 7
68 7
68 7
68 7
68 7
68 7
68 7
68 7
18 12
18 12
18 12
18 12
18 12
18 12
18 12
18 12
18 12
18 12
18 12
18 12
18 12
18 12
18 12
18 12
20 3
20 3
20 3
20 3
20 3
36 862
36 862
36 862
36 862
36 862
36 862
36 862
36 862
36 862
36 862
36 862
36 862
36 862
36 862
36 862
36 862
36 862
36 862
36 862
40 826
40 826
40 826
40 826
40 826
40 826
40 826
40 826
37 873
37 873
37 873
37 873
37 873
37 873
37 873
37 873
37 873
24 10
24 10
24 10
24 10
24 10
24 10
24 10
24 10
24 10
24 10
24 10
24 10
24 10
24 10
58 848
58 848
58 848
58 848
58 848
58 848
58 848
4 13
4 13
4 13
4 13
4 13
4 13
4 13
4 13
4 13
4 13
4 13
5 12
5 12
5 12
5 12
5 12
5 12
5 12
5 12
5 12
5 12
5 12
5 12
5 12
6 3
60 1019
60 1019
60 1019
60 1019
60 1019
60 1019
60 1019
60 1019
60 1019
60 1019
13 28
13 28
13 28
13 28
15 33
15 33
27 926
27 926
27 926
27 926
27 926
27 926
27 926
27 926
27 926
27 926
27 926
27 926
18 33
18 33
18 33
18 33
18 33
18 33
18 33
18 33
18 33
18 33
18 33
18 33
18 33
18 33
18 33
18 33
68 41
68 41
68 41
68 41
68 41
68 41
68 41
68 41
68 41
68 41
68 41
68 41
68 41
68 41
68 41
20 33
20 33
20 33
20 33
20 33
17 80
17 80
17 80
24 32
24 32
24 32
24 32
24 32
24 32
24 32
24 32
24 32
24 32
24 32
24 32
24 32
24 32
36 925
36 925
36 925
36 925
36 925
36 925
36 925
36 925
36 925
36 925
36 925
36 925
36 925
36 925
36 925
36 925
36 925
36 925
36 925
55 3272
55 3272
55 3272
55 3272
55 3272
55 3272
55 2773
55 2773
55 2773
55 2773
55 2773
55 2773
55 2273
55 2273
55 2273
55 2273
55 2273
55 2273
40 1054
40 1054
40 1054
40 1054
40 1054
40 1054
40 1054
40 1054
58 1022
58 1022
58 1022
58 1022
58 1022
58 1022
58 1022
37 1299
37 1299
37 1299
37 1299
37 1299
37 1299
37 1299
37 1299
37 1299
68 14
68 14
68 14
68 14
68 14
68 14
68 14
68 14
68 14
68 14
68 14
68 14
68 14
68 14
68 14
55 1173
55 1173
55 1173
55 1173
55 1173
55 1173
28 1446
28 1446
28 1446
28 1446
28 1446
28 1446
28 1446
28 1446
28 1446
28 1446
28 1446
28 1446
28 1446
28 1446
28 1446
28 1446
28 1446
28 1446
28 1446
28 1446
