5 46
5 46
5 46
5 46
5 46
5 46
5 46
5 46
5 46
5 46
5 46
5 46
5 46
5 46
5 46
5 46
5 46
5 46
5 46
5 46
5 46
5 46
5 46
5 46
4 62
4 62
4 62
4 62
14 54
14 54
14 54
14 54
14 54
14 54
14 54
14 54
14 54
14 54
14 54
18 28
18 28
18 28
18 28
18 28
18 28
18 28
18 28
18 28
18 28
18 28
18 28
18 28
18 28
18 28
18 28
18 28
18 28
18 28
18 28
18 28
18 28
18 28
18 28
18 28
18 28
18 28
18 28
9 176
9 176
9 176
9 176
9 176
9 176
9 176
9 176
9 176
9 176
9 176
9 176
9 176
9 176
9 176
9 176
9 176
9 176
9 176
9 176
9 176
9 176
9 176
9 176
9 176
9 176
9 176
9 176
9 176
11 157
11 157
11 157
11 157
11 157
12 152
12 152
12 152
12 152
12 152
12 152
12 152
12 152
12 152
12 152
12 152
12 152
12 152
12 152
12 152
12 152
12 152
12 152
28 22
28 22
28 22
28 22
28 22
28 22
28 22
28 22
28 22
28 22
28 22
28 22
28 22
28 22
28 22
28 22
28 22
28 22
28 22
28 22
28 22
19 138
19 138
19 138
19 138
19 138
19 138
19 138
19 138
19 138
19 138
19 138
19 138
19 138
19 138
19 138
19 138
23 99
23 99
23 99
23 99
23 99
23 99
23 99
23 99
23 99
16 176
16 176
16 176
16 176
16 176
16 176
16 176
16 176
16 176
16 176
16 176
16 176
16 176
16 176
16 176
16 176
16 176
16 176
16 176
30 40
30 40
30 40
30 40
30 40
30 40
30 40
30 40
30 40
30 40
32 29
32 29
32 29
32 29
32 29
32 29
32 29
32 29
32 29
32 29
32 29
32 29
32 29
32 29
32 29
32 29
32 29
32 29
32 29
32 29
32 29
32 29
32 29
32 29
32 29
32 29
32 29
33 29
33 29
33 29
43 47
43 47
43 47
43 47
43 47
43 47
43 47
45 43
44 76
44 76
39 194
39 194
39 194
39 194
39 194
39 194
39 194
39 194
39 194
39 194
39 194
39 194
9 18
9 18
9 18
9 18
9 18
9 18
9 18
9 18
9 18
9 18
9 18
9 18
9 18
9 18
9 18
9 18
9 18
9 18
9 18
9 18
9 18
9 18
9 18
9 18
9 18
9 18
9 18
9 18
9 18
11 5
11 5
11 5
11 5
11 5
12 22
12 22
12 22
12 22
12 22
12 22
12 22
12 22
12 22
12 22
12 22
12 22
12 22
12 22
12 22
12 22
12 22
12 22
4 109
4 109
4 109
4 109
5 107
5 107
5 107
5 107
5 107
5 107
5 107
5 107
5 107
5 107
5 107
5 107
5 107
5 107
5 107
5 107
5 107
5 107
5 107
5 107
5 107
5 107
5 107
5 107
54 122
54 122
54 122
54 122
54 122
54 122
54 122
54 122
54 122
54 122
54 122
54 122
54 122
54 122
53 137
53 137
53 137
53 137
53 137
53 137
53 137
53 137
53 137
53 137
53 137
53 137
53 137
53 137
53 137
53 137
53 137
53 137
53 137
53 137
53 137
53 137
53 137
53 137
53 137
53 137
50 177
50 177
50 177
50 177
50 177
50 177
50 177
50 177
50 177
50 177
50 177
50 177
50 177
50 177
50 177
50 177
50 177
50 177
50 177
50 177
50 177
50 177
59 95
59 95
59 95
59 95
59 95
59 95
59 95
59 95
59 95
59 95
59 95
59 95
59 95
59 95
59 95
59 95
59 95
59 95
59 95
59 95
59 95
59 95
59 95
14 62
14 62
14 62
14 62
14 62
14 62
14 62
14 62
14 62
14 62
14 62
17 47
17 47
17 47
17 47
17 47
17 47
17 47
17 47
17 47
17 47
17 47
17 47
17 47
17 47
17 47
17 47
17 47
17 47
17 47
17 47
17 47
17 47
17 47
17 47
17 47
17 47
17 47
17 47
17 47
17 47
55 187
55 187
55 187
55 187
55 187
55 187
58 167
58 167
58 167
58 167
58 167
58 167
58 167
58 167
58 167
58 167
58 167
58 167
58 167
58 167
58 167
58 167
58 167
58 167
58 167
58 167
18 105
18 105
18 105
18 105
18 105
18 105
18 105
18 105
18 105
18 105
18 105
18 105
18 105
18 105
18 105
18 105
18 105
18 105
18 105
18 105
18 105
18 105
18 105
18 105
18 105
18 105
18 105
18 105
16 166
16 166
16 166
16 166
16 166
16 166
16 166
16 166
16 166
16 166
16 166
16 166
16 166
16 166
16 166
16 166
16 166
16 166
16 166
28 50
28 50
28 50
28 50
28 50
28 50
28 50
28 50
28 50
28 50
28 50
28 50
28 50
28 50
28 50
28 50
28 50
28 50
28 50
28 50
28 50
66 177
66 177
66 177
66 177
66 177
66 177
66 177
66 177
66 177
66 177
66 177
66 177
66 177
66 177
66 177
66 177
66 177
65 209
65 209
65 209
65 209
65 209
65 209
65 209
65 209
65 209
65 209
65 209
65 209
65 209
68 198
68 198
68 198
68 198
68 198
68 198
68 198
68 198
68 198
68 198
68 198
68 198
68 198
68 198
68 198
19 195
19 195
19 195
19 195
19 195
19 195
19 195
19 195
19 195
19 195
19 195
19 195
19 195
19 195
19 195
19 195
23 170
23 170
23 170
23 170
23 170
23 170
23 170
23 170
23 170
32 89
32 89
32 89
32 89
32 89
32 89
32 89
32 89
32 89
32 89
32 89
32 89
32 89
32 89
32 89
32 89
32 89
32 89
32 89
32 89
32 89
32 89
32 89
32 89
32 89
32 89
32 89
33 98
33 98
33 98
30 133
30 133
30 133
30 133
30 133
30 133
30 133
30 133
30 133
30 133
43 82
43 82
43 82
43 82
43 82
43 82
43 82
44 80
44 80
45 85
39 151
39 151
39 151
39 151
39 151
39 151
39 151
39 151
39 151
39 151
39 151
39 151
52 563
52 563
52 563
52 563
52 563
52 563
52 563
52 563
52 563
52 563
52 563
52 563
52 563
52 563
52 563
52 563
52 563
52 563
52 563
52 563
52 563
52 563
52 563
52 563
52 563
9 75
9 75
9 75
9 75
9 75
9 75
9 75
9 75
9 75
9 75
9 75
9 75
9 75
9 75
9 75
9 75
9 75
9 75
9 75
9 75
9 75
9 75
9 75
9 75
9 75
9 75
9 75
9 75
9 75
11 100
11 100
11 100
11 100
11 100
12 95
12 95
12 95
12 95
12 95
12 95
12 95
12 95
12 95
12 95
12 95
12 95
12 95
12 95
12 95
12 95
12 95
12 95
52 201
52 201
52 201
52 201
52 201
52 201
52 201
52 201
52 201
52 201
52 201
52 201
52 201
52 201
52 201
52 201
52 201
52 201
52 201
52 201
52 201
52 201
52 201
52 201
52 201
53 192
53 192
53 192
53 192
53 192
53 192
53 192
53 192
53 192
53 192
53 192
53 192
53 192
53 192
53 192
53 192
53 192
53 192
53 192
53 192
53 192
53 192
53 192
53 192
53 192
53 192
4 182
4 182
4 182
4 182
54 182
54 182
54 182
54 182
54 182
54 182
54 182
54 182
54 182
54 182
54 182
54 182
54 182
54 182
5 173
5 173
5 173
5 173
5 173
5 173
5 173
5 173
5 173
5 173
5 173
5 173
5 173
5 173
5 173
5 173
5 173
5 173
5 173
5 173
5 173
5 173
5 173
5 173
59 133
59 133
59 133
59 133
59 133
59 133
59 133
59 133
59 133
59 133
59 133
59 133
59 133
59 133
59 133
59 133
59 133
59 133
59 133
59 133
59 133
59 133
59 133
50 248
50 248
50 248
50 248
50 248
50 248
50 248
50 248
50 248
50 248
50 248
50 248
50 248
50 248
50 248
50 248
50 248
50 248
50 248
50 248
50 248
50 248
14 125
14 125
14 125
14 125
14 125
14 125
14 125
14 125
14 125
14 125
14 125
17 104
17 104
17 104
17 104
17 104
17 104
17 104
17 104
17 104
17 104
17 104
17 104
17 104
17 104
17 104
17 104
17 104
17 104
17 104
17 104
17 104
17 104
17 104
17 104
17 104
17 104
17 104
17 104
17 104
17 104
55 271
55 271
55 271
55 271
55 271
55 271
62 705
62 705
62 705
62 705
62 705
62 705
62 705
62 705
18 161
18 161
18 161
18 161
18 161
18 161
18 161
18 161
18 161
18 161
18 161
18 161
18 161
18 161
18 161
18 161
18 161
18 161
18 161
18 161
18 161
18 161
18 161
18 161
18 161
18 161
18 161
18 161
58 264
58 264
58 264
58 264
58 264
58 264
58 264
58 264
58 264
58 264
58 264
58 264
58 264
58 264
58 264
58 264
58 264
58 264
58 264
58 264
28 84
28 84
28 84
28 84
28 84
28 84
28 84
28 84
28 84
28 84
28 84
28 84
28 84
28 84
28 84
28 84
28 84
28 84
28 84
28 84
28 84
62 264
62 264
62 264
62 264
62 264
62 264
62 264
62 264
32 95
32 95
32 95
32 95
32 95
32 95
32 95
32 95
32 95
32 95
32 95
32 95
32 95
32 95
32 95
32 95
32 95
32 95
32 95
32 95
32 95
32 95
32 95
32 95
32 95
32 95
32 95
33 106
33 106
33 106
65 296
65 296
65 296
65 296
65 296
65 296
65 296
65 296
65 296
65 296
65 296
65 296
65 296
30 159
30 159
30 159
30 159
30 159
30 159
30 159
30 159
30 159
30 159
68 319
68 319
68 319
68 319
68 319
68 319
68 319
68 319
68 319
68 319
68 319
68 319
68 319
68 319
68 319
16 387
16 387
16 387
16 387
16 387
16 387
16 387
16 387
16 387
16 387
16 387
16 387
16 387
16 387
16 387
16 387
16 387
16 387
16 387
19 357
19 357
19 357
19 357
19 357
19 357
19 357
19 357
19 357
19 357
19 357
19 357
19 357
19 357
19 357
19 357
43 124
43 124
43 124
43 124
43 124
43 124
43 124
44 121
44 121
39 178
39 178
39 178
39 178
39 178
39 178
39 178
39 178
39 178
39 178
39 178
39 178
66 410
66 410
66 410
66 410
66 410
66 410
66 410
66 410
66 410
66 410
66 410
66 410
66 410
66 410
66 410
66 410
66 410
45 124
23 363
23 363
23 363
23 363
23 363
23 363
23 363
23 363
23 363
54 144
54 144
54 144
54 144
54 144
54 144
54 144
54 144
54 144
54 144
54 144
54 144
54 144
54 144
4 162
4 162
4 162
4 162
5 168
5 168
5 168
5 168
5 168
5 168
5 168
5 168
5 168
5 168
5 168
5 168
5 168
5 168
5 168
5 168
5 168
5 168
5 168
5 168
5 168
5 168
5 168
5 168
53 217
53 217
53 217
53 217
53 217
53 217
53 217
53 217
53 217
53 217
53 217
53 217
53 217
53 217
53 217
53 217
53 217
53 217
53 217
53 217
53 217
53 217
53 217
53 217
53 217
53 217
9 176
9 176
9 176
9 176
9 176
9 176
9 176
9 176
9 176
9 176
9 176
9 176
9 176
9 176
9 176
9 176
9 176
9 176
9 176
9 176
9 176
9 176
9 176
9 176
9 176
9 176
9 176
9 176
9 176
52 247
52 247
52 247
52 247
52 247
52 247
52 247
52 247
52 247
52 247
52 247
52 247
52 247
52 247
52 247
52 247
52 247
52 247
52 247
52 247
52 247
52 247
52 247
52 247
52 247
11 168
11 168
11 168
11 168
11 168
12 165
12 165
12 165
12 165
12 165
12 165
12 165
12 165
12 165
12 165
12 165
12 165
12 165
12 165
12 165
12 165
12 165
12 165
59 200
59 200
59 200
59 200
59 200
59 200
59 200
59 200
59 200
59 200
59 200
59 200
59 200
59 200
59 200
59 200
59 200
59 200
59 200
59 200
59 200
59 200
59 200
14 169
14 169
14 169
14 169
14 169
14 169
14 169
14 169
14 169
14 169
14 169
18 146
18 146
18 146
18 146
18 146
18 146
18 146
18 146
18 146
18 146
18 146
18 146
18 146
18 146
18 146
18 146
18 146
18 146
18 146
18 146
18 146
18 146
18 146
18 146
18 146
18 146
18 146
18 146
17 186
17 186
17 186
17 186
17 186
17 186
17 186
17 186
17 186
17 186
17 186
17 186
17 186
17 186
17 186
17 186
17 186
17 186
17 186
17 186
17 186
17 186
17 186
17 186
17 186
17 186
17 186
17 186
17 186
17 186
28 144
28 144
28 144
28 144
28 144
28 144
28 144
28 144
28 144
28 144
28 144
28 144
28 144
28 144
28 144
28 144
28 144
28 144
28 144
28 144
28 144
30 152
30 152
30 152
30 152
30 152
30 152
30 152
30 152
30 152
30 152
32 135
32 135
32 135
32 135
32 135
32 135
32 135
32 135
32 135
32 135
32 135
32 135
32 135
32 135
32 135
32 135
32 135
32 135
32 135
32 135
32 135
32 135
32 135
32 135
32 135
32 135
32 135
33 146
33 146
33 146
55 435
55 435
55 435
55 435
55 435
55 435
50 492
50 492
50 492
50 492
50 492
50 492
50 492
50 492
50 492
50 492
50 492
50 492
50 492
50 492
50 492
50 492
50 492
50 492
50 492
50 492
50 492
50 492
58 463
58 463
58 463
58 463
58 463
58 463
58 463
58 463
58 463
58 463
58 463
58 463
58 463
58 463
58 463
58 463
58 463
58 463
58 463
58 463
62 464
62 464
62 464
62 464
62 464
62 464
62 464
62 464
65 455
65 455
65 455
65 455
65 455
65 455
65 455
65 455
65 455
65 455
65 455
65 455
65 455
43 179
43 179
43 179
43 179
43 179
43 179
43 179
66 454
66 454
66 454
66 454
66 454
66 454
66 454
66 454
66 454
66 454
66 454
66 454
66 454
66 454
66 454
66 454
66 454
16 456
16 456
16 456
16 456
16 456
16 456
16 456
16 456
16 456
16 456
16 456
16 456
16 456
16 456
16 456
16 456
16 456
16 456
16 456
44 182
44 182
45 180
39 249
39 249
39 249
39 249
39 249
39 249
39 249
39 249
39 249
39 249
39 249
39 249
68 461
68 461
68 461
68 461
68 461
68 461
68 461
68 461
68 461
68 461
68 461
68 461
68 461
68 461
68 461
19 456
19 456
19 456
19 456
19 456
19 456
19 456
19 456
19 456
19 456
19 456
19 456
19 456
19 456
19 456
19 456
23 496
23 496
23 496
23 496
23 496
23 496
23 496
23 496
23 496
52 210
52 210
52 210
52 210
52 210
52 210
52 210
52 210
52 210
52 210
52 210
52 210
52 210
52 210
52 210
52 210
52 210
52 210
52 210
52 210
52 210
52 210
52 210
52 210
52 210
53 213
53 213
53 213
53 213
53 213
53 213
53 213
53 213
53 213
53 213
53 213
53 213
53 213
53 213
53 213
53 213
53 213
53 213
53 213
53 213
53 213
53 213
53 213
53 213
53 213
53 213
54 211
54 211
54 211
54 211
54 211
54 211
54 211
54 211
54 211
54 211
54 211
54 211
54 211
54 211
9 164
9 164
9 164
9 164
9 164
9 164
9 164
9 164
9 164
9 164
9 164
9 164
9 164
9 164
9 164
9 164
9 164
9 164
9 164
9 164
9 164
9 164
9 164
9 164
9 164
9 164
9 164
9 164
9 164
4 220
4 220
4 220
4 220
11 156
11 156
11 156
11 156
11 156
5 224
5 224
5 224
5 224
5 224
5 224
5 224
5 224
5 224
5 224
5 224
5 224
5 224
5 224
5 224
5 224
5 224
5 224
5 224
5 224
5 224
5 224
5 224
5 224
12 158
12 158
12 158
12 158
12 158
12 158
12 158
12 158
12 158
12 158
12 158
12 158
12 158
12 158
12 158
12 158
12 158
12 158
17 143
17 143
17 143
17 143
17 143
17 143
17 143
17 143
17 143
17 143
17 143
17 143
17 143
17 143
17 143
17 143
17 143
17 143
17 143
17 143
17 143
17 143
17 143
17 143
17 143
17 143
17 143
17 143
17 143
17 143
59 254
59 254
59 254
59 254
59 254
59 254
59 254
59 254
59 254
59 254
59 254
59 254
59 254
59 254
59 254
59 254
59 254
59 254
59 254
59 254
59 254
59 254
59 254
14 222
14 222
14 222
14 222
14 222
14 222
14 222
14 222
14 222
14 222
14 222
18 193
18 193
18 193
18 193
18 193
18 193
18 193
18 193
18 193
18 193
18 193
18 193
18 193
18 193
18 193
18 193
18 193
18 193
18 193
18 193
18 193
18 193
18 193
18 193
18 193
18 193
18 193
18 193
28 189
28 189
28 189
28 189
28 189
28 189
28 189
28 189
28 189
28 189
28 189
28 189
28 189
28 189
28 189
28 189
28 189
28 189
28 189
28 189
28 189
32 179
32 179
32 179
32 179
32 179
32 179
32 179
32 179
32 179
32 179
32 179
32 179
32 179
32 179
32 179
32 179
32 179
32 179
32 179
32 179
32 179
32 179
32 179
32 179
32 179
32 179
32 179
33 172
33 172
33 172
50 560
50 560
50 560
50 560
50 560
50 560
50 560
50 560
50 560
50 560
50 560
50 560
50 560
50 560
50 560
50 560
50 560
50 560
50 560
50 560
50 560
50 560
30 281
30 281
30 281
30 281
30 281
30 281
30 281
30 281
30 281
30 281
44 164
44 164
43 185
43 185
43 185
43 185
43 185
43 185
43 185
55 566
55 566
55 566
55 566
55 566
55 566
45 166
58 553
58 553
58 553
58 553
58 553
58 553
58 553
58 553
58 553
58 553
58 553
58 553
58 553
58 553
58 553
58 553
58 553
58 553
58 553
58 553
39 289
39 289
39 289
39 289
39 289
39 289
39 289
39 289
39 289
39 289
39 289
39 289
62 568
62 568
62 568
62 568
62 568
62 568
62 568
62 568
65 576
65 576
65 576
65 576
65 576
65 576
65 576
65 576
65 576
65 576
65 576
65 576
65 576
66 568
66 568
66 568
66 568
66 568
66 568
66 568
66 568
66 568
66 568
66 568
66 568
66 568
66 568
66 568
66 568
66 568
16 571
16 571
16 571
16 571
16 571
16 571
16 571
16 571
16 571
16 571
16 571
16 571
16 571
16 571
16 571
16 571
16 571
16 571
16 571
9 149
9 149
9 149
9 149
9 149
9 149
9 149
9 149
9 149
9 149
9 149
9 149
9 149
9 149
9 149
9 149
9 149
9 149
9 149
9 149
9 149
9 149
9 149
9 149
9 149
9 149
9 149
9 149
9 149
68 566
68 566
68 566
68 566
68 566
68 566
68 566
68 566
68 566
68 566
68 566
68 566
68 566
68 566
68 566
11 157
11 157
11 157
11 157
11 157
19 586
19 586
19 586
19 586
19 586
19 586
19 586
19 586
19 586
19 586
19 586
19 586
19 586
19 586
19 586
19 586
52 267
52 267
52 267
52 267
52 267
52 267
52 267
52 267
52 267
52 267
52 267
52 267
52 267
52 267
52 267
52 267
52 267
52 267
52 267
52 267
52 267
52 267
52 267
52 267
52 267
53 264
53 264
53 264
53 264
53 264
53 264
53 264
53 264
53 264
53 264
53 264
53 264
53 264
53 264
53 264
53 264
53 264
53 264
53 264
53 264
53 264
53 264
53 264
53 264
53 264
53 264
12 186
12 186
12 186
12 186
12 186
12 186
12 186
12 186
12 186
12 186
12 186
12 186
12 186
12 186
12 186
12 186
12 186
12 186
54 272
54 272
54 272
54 272
54 272
54 272
54 272
54 272
54 272
54 272
54 272
54 272
54 272
54 272
4 273
4 273
4 273
4 273
5 275
5 275
5 275
5 275
5 275
5 275
5 275
5 275
5 275
5 275
5 275
5 275
5 275
5 275
5 275
5 275
5 275
5 275
5 275
5 275
5 275
5 275
5 275
5 275
17 186
17 186
17 186
17 186
17 186
17 186
17 186
17 186
17 186
17 186
17 186
17 186
17 186
17 186
17 186
17 186
17 186
17 186
17 186
17 186
17 186
17 186
17 186
17 186
17 186
17 186
17 186
17 186
17 186
17 186
59 284
59 284
59 284
59 284
59 284
59 284
59 284
59 284
59 284
59 284
59 284
59 284
59 284
59 284
59 284
59 284
59 284
59 284
59 284
59 284
59 284
59 284
59 284
28 152
28 152
28 152
28 152
28 152
28 152
28 152
28 152
28 152
28 152
28 152
28 152
28 152
28 152
28 152
28 152
28 152
28 152
28 152
28 152
28 152
23 742
23 742
23 742
23 742
23 742
23 742
23 742
23 742
23 742
32 166
32 166
32 166
32 166
32 166
32 166
32 166
32 166
32 166
32 166
32 166
32 166
32 166
32 166
32 166
32 166
32 166
32 166
32 166
32 166
32 166
32 166
32 166
32 166
32 166
32 166
32 166
33 163
33 163
33 163
14 378
14 378
14 378
14 378
14 378
14 378
14 378
14 378
14 378
14 378
14 378
18 339
18 339
18 339
18 339
18 339
18 339
18 339
18 339
18 339
18 339
18 339
18 339
18 339
18 339
18 339
18 339
18 339
18 339
18 339
18 339
18 339
18 339
18 339
18 339
18 339
18 339
18 339
18 339
30 297
30 297
30 297
30 297
30 297
30 297
30 297
30 297
30 297
30 297
43 189
43 189
43 189
43 189
43 189
43 189
43 189
44 191
44 191
45 190
39 277
39 277
39 277
39 277
39 277
39 277
39 277
39 277
39 277
39 277
39 277
39 277
50 714
50 714
50 714
50 714
50 714
50 714
50 714
50 714
50 714
50 714
50 714
50 714
50 714
50 714
50 714
50 714
50 714
50 714
50 714
50 714
50 714
50 714
9 165
9 165
9 165
9 165
9 165
9 165
9 165
9 165
9 165
9 165
9 165
9 165
9 165
9 165
9 165
9 165
9 165
9 165
9 165
9 165
9 165
9 165
9 165
9 165
9 165
9 165
9 165
9 165
9 165
55 708
55 708
55 708
55 708
55 708
55 708
11 172
11 172
11 172
11 172
11 172
12 175
12 175
12 175
12 175
12 175
12 175
12 175
12 175
12 175
12 175
12 175
12 175
12 175
12 175
12 175
12 175
12 175
12 175
58 727
58 727
58 727
58 727
58 727
58 727
58 727
58 727
58 727
58 727
58 727
58 727
58 727
58 727
58 727
58 727
58 727
58 727
58 727
58 727
17 186
17 186
17 186
17 186
17 186
17 186
17 186
17 186
17 186
17 186
17 186
17 186
17 186
17 186
17 186
17 186
17 186
17 186
17 186
17 186
17 186
17 186
17 186
17 186
17 186
17 186
17 186
17 186
17 186
17 186
52 344
52 344
52 344
52 344
52 344
52 344
52 344
52 344
52 344
52 344
52 344
52 344
52 344
52 344
52 344
52 344
52 344
52 344
52 344
52 344
52 344
52 344
52 344
52 344
52 344
62 765
62 765
62 765
62 765
62 765
62 765
62 765
62 765
53 366
53 366
53 366
53 366
53 366
53 366
53 366
53 366
53 366
53 366
53 366
53 366
53 366
53 366
53 366
53 366
53 366
53 366
53 366
53 366
53 366
53 366
53 366
53 366
53 366
53 366
4 365
4 365
4 365
4 365
54 367
54 367
54 367
54 367
54 367
54 367
54 367
54 367
54 367
54 367
54 367
54 367
54 367
54 367
5 362
5 362
5 362
5 362
5 362
5 362
5 362
5 362
5 362
5 362
5 362
5 362
5 362
5 362
5 362
5 362
5 362
5 362
5 362
5 362
5 362
5 362
5 362
5 362
28 161
28 161
28 161
28 161
28 161
28 161
28 161
28 161
28 161
28 161
28 161
28 161
28 161
28 161
28 161
28 161
28 161
28 161
28 161
28 161
28 161
65 798
65 798
65 798
65 798
65 798
65 798
65 798
65 798
65 798
65 798
65 798
65 798
65 798
59 361
59 361
59 361
59 361
59 361
59 361
59 361
59 361
59 361
59 361
59 361
59 361
59 361
59 361
59 361
59 361
59 361
59 361
59 361
59 361
59 361
59 361
59 361
16 794
16 794
16 794
16 794
16 794
16 794
16 794
16 794
16 794
16 794
16 794
16 794
16 794
16 794
16 794
16 794
16 794
16 794
16 794
66 795
66 795
66 795
66 795
66 795
66 795
66 795
66 795
66 795
66 795
66 795
66 795
66 795
66 795
66 795
66 795
66 795
68 786
68 786
68 786
68 786
68 786
68 786
68 786
68 786
68 786
68 786
68 786
68 786
68 786
68 786
68 786
14 336
14 336
14 336
14 336
14 336
14 336
14 336
14 336
14 336
14 336
14 336
19 799
19 799
19 799
19 799
19 799
19 799
19 799
19 799
19 799
19 799
19 799
19 799
19 799
19 799
19 799
19 799
18 347
18 347
18 347
18 347
18 347
18 347
18 347
18 347
18 347
18 347
18 347
18 347
18 347
18 347
18 347
18 347
18 347
18 347
18 347
18 347
18 347
18 347
18 347
18 347
18 347
18 347
18 347
18 347
32 216
32 216
32 216
32 216
32 216
32 216
32 216
32 216
32 216
32 216
32 216
32 216
32 216
32 216
32 216
32 216
32 216
32 216
32 216
32 216
32 216
32 216
32 216
32 216
32 216
32 216
32 216
23 812
23 812
23 812
23 812
23 812
23 812
23 812
23 812
23 812
33 223
33 223
33 223
43 189
43 189
43 189
43 189
43 189
43 189
43 189
44 190
44 190
45 193
30 435
30 435
30 435
30 435
30 435
30 435
30 435
30 435
30 435
30 435
39 372
39 372
39 372
39 372
39 372
39 372
39 372
39 372
39 372
39 372
39 372
39 372
9 175
9 175
9 175
9 175
9 175
9 175
9 175
9 175
9 175
9 175
9 175
9 175
9 175
9 175
9 175
9 175
9 175
9 175
9 175
9 175
9 175
9 175
9 175
9 175
9 175
9 175
9 175
9 175
9 175
11 165
11 165
11 165
11 165
11 165
12 165
12 165
12 165
12 165
12 165
12 165
12 165
12 165
12 165
12 165
12 165
12 165
12 165
12 165
12 165
12 165
12 165
12 165
17 183
17 183
17 183
17 183
17 183
17 183
17 183
17 183
17 183
17 183
17 183
17 183
17 183
17 183
17 183
17 183
17 183
17 183
17 183
17 183
17 183
17 183
17 183
17 183
17 183
17 183
17 183
17 183
17 183
17 183
52 345
52 345
52 345
52 345
52 345
52 345
52 345
52 345
52 345
52 345
52 345
52 345
52 345
52 345
52 345
52 345
52 345
52 345
52 345
52 345
52 345
52 345
52 345
52 345
52 345
53 347
53 347
53 347
53 347
53 347
53 347
53 347
53 347
53 347
53 347
53 347
53 347
53 347
53 347
53 347
53 347
53 347
53 347
53 347
53 347
53 347
53 347
53 347
53 347
53 347
53 347
54 362
54 362
54 362
54 362
54 362
54 362
54 362
54 362
54 362
54 362
54 362
54 362
54 362
54 362
4 364
4 364
4 364
4 364
5 356
5 356
5 356
5 356
5 356
5 356
5 356
5 356
5 356
5 356
5 356
5 356
5 356
5 356
5 356
5 356
5 356
5 356
5 356
5 356
5 356
5 356
5 356
5 356
50 945
50 945
50 945
50 945
50 945
50 945
50 945
50 945
50 945
50 945
50 945
50 945
50 945
50 945
50 945
50 945
50 945
50 945
50 945
50 945
50 945
50 945
59 362
59 362
59 362
59 362
59 362
59 362
59 362
59 362
59 362
59 362
59 362
59 362
59 362
59 362
59 362
59 362
59 362
59 362
59 362
59 362
59 362
59 362
59 362
28 178
28 178
28 178
28 178
28 178
28 178
28 178
28 178
28 178
28 178
28 178
28 178
28 178
28 178
28 178
28 178
28 178
28 178
28 178
28 178
28 178
32 168
32 168
32 168
32 168
32 168
32 168
32 168
32 168
32 168
32 168
32 168
32 168
32 168
32 168
32 168
32 168
32 168
32 168
32 168
32 168
32 168
32 168
32 168
32 168
32 168
32 168
32 168
33 173
33 173
33 173
55 956
55 956
55 956
55 956
55 956
55 956
58 936
58 936
58 936
58 936
58 936
58 936
58 936
58 936
58 936
58 936
58 936
58 936
58 936
58 936
58 936
58 936
58 936
58 936
58 936
58 936
62 930
62 930
62 930
62 930
62 930
62 930
62 930
62 930
18 401
18 401
18 401
18 401
18 401
18 401
18 401
18 401
18 401
18 401
18 401
18 401
18 401
18 401
18 401
18 401
18 401
18 401
18 401
18 401
18 401
18 401
18 401
18 401
18 401
18 401
18 401
18 401
16 929
16 929
16 929
16 929
16 929
16 929
16 929
16 929
16 929
16 929
16 929
16 929
16 929
16 929
16 929
16 929
16 929
16 929
16 929
66 933
66 933
66 933
66 933
66 933
66 933
66 933
66 933
66 933
66 933
66 933
66 933
66 933
66 933
66 933
66 933
66 933
43 175
43 175
43 175
43 175
43 175
43 175
43 175
65 960
65 960
65 960
65 960
65 960
65 960
65 960
65 960
65 960
65 960
65 960
65 960
65 960
44 178
44 178
14 491
14 491
14 491
14 491
14 491
14 491
14 491
14 491
14 491
14 491
14 491
45 184
68 960
68 960
68 960
68 960
68 960
68 960
68 960
68 960
68 960
68 960
68 960
68 960
68 960
68 960
68 960
19 969
19 969
19 969
19 969
19 969
19 969
19 969
19 969
19 969
19 969
19 969
19 969
19 969
19 969
19 969
19 969
23 960
23 960
23 960
23 960
23 960
23 960
23 960
23 960
23 960
30 434
30 434
30 434
30 434
30 434
30 434
30 434
30 434
30 434
30 434
39 403
39 403
39 403
39 403
39 403
39 403
39 403
39 403
39 403
39 403
39 403
39 403
53 457
53 457
53 457
53 457
53 457
53 457
53 457
53 457
53 457
53 457
53 457
53 457
53 457
53 457
53 457
53 457
53 457
53 457
53 457
53 457
53 457
53 457
53 457
53 457
53 457
53 457
52 480
52 480
52 480
52 480
52 480
52 480
52 480
52 480
52 480
52 480
52 480
52 480
52 480
52 480
52 480
52 480
52 480
52 480
52 480
52 480
52 480
52 480
52 480
52 480
52 480
