4 155
4 155
4 155
4 155
4 155
4 155
4 155
4 155
4 155
16 44
16 44
16 44
16 44
16 44
16 44
16 44
16 44
7 168
7 168
7 168
7 168
7 168
7 168
7 168
7 168
7 168
7 168
7 168
7 168
7 168
22 47
22 47
22 47
22 47
22 47
22 47
22 47
22 47
22 47
22 47
22 47
24 65
24 65
24 65
24 65
24 65
24 65
24 65
24 65
24 65
24 65
24 65
24 65
37 108
43 56
43 56
43 56
43 56
49 56
49 56
50 54
50 54
50 54
50 54
50 54
50 54
52 38
52 38
52 38
52 38
52 38
52 38
52 38
52 38
52 38
52 38
52 38
52 38
52 38
52 38
52 38
52 38
52 38
4 35
4 35
4 35
4 35
4 35
4 35
4 35
4 35
4 35
54 47
54 47
54 47
54 47
54 47
7 43
7 43
7 43
7 43
7 43
7 43
7 43
7 43
7 43
7 43
7 43
7 43
7 43
62 32
62 32
62 32
64 43
64 43
64 43
64 43
64 43
64 43
64 43
64 43
64 43
64 43
64 43
64 43
64 43
64 43
68 55
68 55
68 55
68 55
68 55
68 55
68 55
68 55
68 55
68 55
37 16
22 199
22 199
22 199
22 199
22 199
22 199
22 199
22 199
22 199
22 199
22 199
16 273
16 273
16 273
16 273
16 273
16 273
16 273
16 273
43 10
43 10
43 10
43 10
49 20
49 20
50 28
50 28
50 28
50 28
50 28
50 28
24 299
24 299
24 299
24 299
24 299
24 299
24 299
24 299
24 299
24 299
24 299
24 299
52 23
52 23
52 23
52 23
52 23
52 23
52 23
52 23
52 23
52 23
52 23
52 23
52 23
52 23
52 23
52 23
52 23
54 20
54 20
54 20
54 20
54 20
25 825
25 825
25 825
25 825
25 825
25 825
25 825
25 825
25 825
25 825
25 825
25 825
25 825
25 825
25 825
25 337
25 337
25 337
25 337
25 337
25 337
25 337
25 337
25 337
25 337
25 337
25 337
25 337
25 337
25 337
5 1043
5 1043
5 1043
5 1043
5 1043
5 1043
5 1043
5 1043
5 1043
5 1043
5 1043
5 1043
5 1043
5 1043
5 1043
5 1043
5 1043
5 1043
5 1043
5 1043
62 19
62 19
62 19
64 23
64 23
64 23
64 23
64 23
64 23
64 23
64 23
64 23
64 23
64 23
64 23
64 23
64 23
68 24
68 24
68 24
68 24
68 24
68 24
68 24
68 24
68 24
68 24
5 674
5 674
5 674
5 674
5 674
5 674
5 674
5 674
5 674
5 674
5 674
5 674
5 674
5 674
5 674
5 674
5 674
5 674
5 674
5 674
5 199
5 199
5 199
5 199
5 199
5 199
5 199
5 199
5 199
5 199
5 199
5 199
5 199
5 199
5 199
5 199
5 199
5 199
5 199
5 199
4 239
4 239
4 239
4 239
4 239
4 239
4 239
4 239
4 239
22 139
22 139
22 139
22 139
22 139
22 139
22 139
22 139
22 139
22 139
22 139
37 24
25 176
25 176
25 176
25 176
25 176
25 176
25 176
25 176
25 176
25 176
25 176
25 176
25 176
25 176
25 176
28 1170
28 1170
28 1170
28 1170
28 1170
28 1170
28 1170
28 670
28 670
28 670
28 670
28 670
28 670
28 670
43 23
43 23
43 23
43 23
56 907
56 907
56 907
56 907
56 907
56 907
56 907
56 907
56 907
56 907
56 907
56 907
56 907
56 907
56 907
56 907
49 30
49 30
16 369
16 369
16 369
16 369
16 369
16 369
16 369
16 369
50 34
50 34
50 34
50 34
50 34
50 34
52 41
52 41
52 41
52 41
52 41
52 41
52 41
52 41
52 41
52 41
52 41
52 41
52 41
52 41
52 41
52 41
52 41
54 38
54 38
54 38
54 38
54 38
62 32
62 32
62 32
56 602
56 602
56 602
56 602
56 602
56 602
56 602
56 602
56 602
56 602
56 602
56 602
56 602
56 602
56 602
56 602
64 36
64 36
64 36
64 36
64 36
64 36
64 36
64 36
64 36
64 36
64 36
64 36
64 36
64 36
68 36
68 36
68 36
68 36
68 36
68 36
68 36
68 36
68 36
68 36
4 214
4 214
4 214
4 214
4 214
4 214
4 214
4 214
4 214
37 37
43 32
43 32
43 32
43 32
5 441
5 441
5 441
5 441
5 441
5 441
5 441
5 441
5 441
5 441
5 441
5 441
5 441
5 441
5 441
5 441
5 441
5 441
5 441
5 441
24 756
24 756
24 756
24 756
24 756
24 756
24 756
24 756
24 756
24 756
24 756
24 756
16 340
16 340
16 340
16 340
16 340
16 340
16 340
16 340
28 741
28 741
28 741
28 741
28 741
28 741
28 741
56 465
56 465
56 465
56 465
56 465
56 465
56 465
56 465
56 465
56 465
56 465
56 465
56 465
56 465
56 465
56 465
7 957
7 957
7 957
7 957
7 957
7 957
7 957
7 957
7 957
7 957
7 957
7 957
7 957
49 37
49 37
7 459
7 459
7 459
7 459
7 459
7 459
7 459
7 459
7 459
7 459
7 459
7 459
7 459
50 41
50 41
50 41
50 41
50 41
50 41
52 35
52 35
52 35
52 35
52 35
52 35
52 35
52 35
52 35
52 35
52 35
52 35
52 35
52 35
52 35
52 35
52 35
54 38
54 38
54 38
54 38
54 38
22 391
22 391
22 391
22 391
22 391
22 391
22 391
22 391
22 391
22 391
22 391
25 365
25 365
25 365
25 365
25 365
25 365
25 365
25 365
25 365
25 365
25 365
25 365
25 365
25 365
25 365
62 32
62 32
62 32
64 36
64 36
64 36
64 36
64 36
64 36
64 36
64 36
64 36
64 36
64 36
64 36
64 36
64 36
68 31
68 31
68 31
68 31
68 31
68 31
68 31
68 31
68 31
68 31
5 294
5 294
5 294
5 294
5 294
5 294
5 294
5 294
5 294
5 294
5 294
5 294
5 294
5 294
5 294
5 294
5 294
5 294
5 294
5 294
7 300
7 300
7 300
7 300
7 300
7 300
7 300
7 300
7 300
7 300
7 300
7 300
7 300
37 44
16 296
16 296
16 296
16 296
16 296
16 296
16 296
16 296
43 29
43 29
43 29
43 29
44 2032
44 2032
44 2032
44 2032
44 2032
44 2032
44 2032
44 2032
44 2032
44 2032
44 2032
44 2032
44 2032
44 2032
44 2032
44 2032
44 2032
44 2032
44 1532
44 1532
44 1532
44 1532
44 1532
44 1532
44 1532
44 1532
44 1532
44 1532
44 1532
44 1532
44 1532
44 1532
44 1532
44 1532
44 1532
44 1532
44 1035
44 1035
44 1035
44 1035
44 1035
44 1035
44 1035
44 1035
44 1035
44 1035
44 1035
44 1035
44 1035
44 1035
44 1035
44 1035
44 1035
44 1035
24 743
24 743
24 743
24 743
24 743
24 743
24 743
24 743
24 743
24 743
24 743
24 743
49 30
49 30
50 22
50 22
50 22
50 22
50 22
50 22
52 23
52 23
52 23
52 23
52 23
52 23
52 23
52 23
52 23
52 23
52 23
52 23
52 23
52 23
52 23
52 23
52 23
54 18
54 18
54 18
54 18
54 18
28 785
28 785
28 785
28 785
28 785
28 785
28 785
25 344
25 344
25 344
25 344
25 344
25 344
25 344
25 344
25 344
25 344
25 344
25 344
25 344
25 344
25 344
62 14
62 14
62 14
22 425
22 425
22 425
22 425
22 425
22 425
22 425
22 425
22 425
22 425
22 425
64 15
64 15
64 15
64 15
64 15
64 15
64 15
64 15
64 15
64 15
64 15
64 15
64 15
64 15
68 3
68 3
68 3
68 3
68 3
68 3
68 3
68 3
68 3
68 3
37 6
43 18
43 18
43 18
43 18
44 30
44 30
44 30
44 30
44 30
44 30
44 30
44 30
44 30
44 30
44 30
44 30
44 30
44 30
44 30
44 30
44 30
44 30
49 39
49 39
50 51
50 51
50 51
50 51
50 51
50 51
52 41
52 41
52 41
52 41
52 41
52 41
52 41
52 41
52 41
52 41
52 41
52 41
52 41
52 41
52 41
52 41
52 41
54 48
54 48
54 48
54 48
54 48
4 1094
4 1094
4 1094
4 1094
4 1094
4 1094
4 1094
4 1094
4 1094
28 856
28 856
28 856
28 856
28 856
28 856
28 856
56 1084
56 1084
56 1084
56 1084
56 1084
56 1084
56 1084
56 1084
56 1084
56 1084
56 1084
56 1084
56 1084
56 1084
56 1084
56 1084
24 909
24 909
24 909
24 909
24 909
24 909
24 909
24 909
24 909
24 909
24 909
24 909
4 625
4 625
4 625
4 625
4 625
4 625
4 625
4 625
4 625
62 46
62 46
62 46
5 619
5 619
5 619
5 619
5 619
5 619
5 619
5 619
5 619
5 619
5 619
5 619
5 619
5 619
5 619
5 619
5 619
5 619
5 619
5 619
64 57
64 57
64 57
64 57
64 57
64 57
64 57
64 57
64 57
64 57
64 57
64 57
64 57
64 57
68 57
68 57
68 57
68 57
68 57
68 57
68 57
68 57
68 57
68 57
7 687
7 687
7 687
7 687
7 687
7 687
7 687
7 687
7 687
7 687
7 687
7 687
7 687
22 541
22 541
22 541
22 541
22 541
22 541
22 541
22 541
22 541
22 541
22 541
25 514
25 514
25 514
25 514
25 514
25 514
25 514
25 514
25 514
25 514
25 514
25 514
25 514
25 514
25 514
24 576
24 576
24 576
24 576
24 576
24 576
24 576
24 576
24 576
24 576
24 576
24 576
16 661
16 661
16 661
16 661
16 661
16 661
16 661
16 661
37 45
43 47
43 47
43 47
43 47
44 46
44 46
44 46
44 46
44 46
44 46
44 46
44 46
44 46
44 46
44 46
44 46
44 46
44 46
44 46
44 46
44 46
44 46
5 486
5 486
5 486
5 486
5 486
5 486
5 486
5 486
5 486
5 486
5 486
5 486
5 486
5 486
5 486
5 486
5 486
5 486
5 486
5 486
49 50
49 50
50 47
50 47
50 47
50 47
50 47
50 47
56 993
56 993
56 993
56 993
56 993
56 993
56 993
56 993
56 993
56 993
56 993
56 993
56 993
56 993
56 993
56 993
52 54
52 54
52 54
52 54
52 54
52 54
52 54
52 54
52 54
52 54
52 54
52 54
52 54
52 54
52 54
52 54
52 54
4 534
4 534
4 534
4 534
4 534
4 534
4 534
4 534
4 534
7 519
7 519
7 519
7 519
7 519
7 519
7 519
7 519
7 519
7 519
7 519
7 519
7 519
54 60
54 60
54 60
54 60
54 60
62 65
62 65
62 65
64 74
64 74
64 74
64 74
64 74
64 74
64 74
64 74
64 74
64 74
64 74
64 74
64 74
64 74
68 74
68 74
68 74
68 74
68 74
68 74
68 74
68 74
68 74
68 74
37 52
43 56
43 56
43 56
43 56
44 63
44 63
44 63
44 63
44 63
44 63
44 63
44 63
44 63
44 63
44 63
44 63
44 63
44 63
44 63
44 63
44 63
44 63
49 61
49 61
50 68
50 68
50 68
50 68
50 68
50 68
52 76
52 76
52 76
52 76
52 76
52 76
52 76
52 76
52 76
52 76
52 76
52 76
52 76
52 76
52 76
52 76
52 76
28 1328
28 1328
28 1328
28 1328
28 1328
28 1328
28 1328
56 1051
56 1051
56 1051
56 1051
56 1051
56 1051
56 1051
56 1051
56 1051
56 1051
56 1051
56 1051
56 1051
56 1051
56 1051
56 1051
22 891
22 891
22 891
22 891
22 891
22 891
22 891
22 891
22 891
22 891
22 891
25 861
25 861
25 861
25 861
25 861
25 861
25 861
25 861
25 861
25 861
25 861
25 861
25 861
25 861
25 861
54 75
54 75
54 75
54 75
54 75
24 878
24 878
24 878
24 878
24 878
24 878
24 878
24 878
24 878
24 878
24 878
24 878
16 959
16 959
16 959
16 959
16 959
16 959
16 959
16 959
56 597
56 597
56 597
56 597
56 597
56 597
56 597
56 597
56 597
56 597
56 597
56 597
56 597
56 597
56 597
56 597
62 75
62 75
62 75
64 73
64 73
64 73
64 73
64 73
64 73
64 73
64 73
64 73
64 73
64 73
64 73
64 73
64 73
68 74
68 74
68 74
68 74
68 74
68 74
68 74
68 74
68 74
68 74
