1 3 3 -39.9073 -79.8179
2 4 3 -70.1109 -56.4869
3 3 3 -54.4007 84.9533
4 4 3 -12.4473 42.9098
5 4 3 99.4915 -98.4602
6 2 3 -12.3433 18.1291
7 3 3 -1.60835 6.59377
8 2 3 -11.7115 -95.398
9 1 3 -34.8715 71.5696
10 1 3 -50.0261 -79.8443
11 1 3 20.9528 84.9631
12 2 3 4.41402 -54.1347
13 2 3 37.5751 75.4062
14 3 3 -89.801 -9.81819
15 1 3 54.2474 -49.7218
16 4 3 95.387 -24.4043
17 1 3 6.38222 -78.0546
18 2 2 62.5249 -18.5586
19 2 2 -10.9928 46.6765
20 1 2 -45.4154 48.525
21 2 2 20.6321 96.7972
22 1 2 -2.32922 17.1277
23 1 2 98.9265 23.288
24 2 2 87.2581 18.2784
25 1 2 36.6003 -93.8448
26 3 3 -40.3279 -70.671
27 2 2 -60.4129 22.196
28 2 2 30.0144 -12.2538
29 1 2 53.9386 -12.685
30 2 2 -12.7113 89.8327
31 2 2 -92.9253 -75.3087
32 1 2 14.8327 3.21926
33 4 2 99.6496 -46.4663
34 2 2 65.2434 -29.0731
35 2 2 -86.5191 -17.248
36 4 2 -66.3124 -90.0901
37 2 2 -6.87654 -21.183
38 1 2 -12.2533 96.653
39 4 2 -32.136 -77.3698
40 4 1 -93.7231 62.1222
41 1 1 -50.1183 -7.8851
42 1 1 -96.3415 60.6936
43 4 1 72.366 -99.1074
44 1 1 -81.2484 -4.62825
45 3 3 46.4423 29.9082
46 4 1 -70.5341 24.0753
47 4 1 56.0301 -72.828
48 4 1 33.1185 -11.6515
49 1 1 -28.4931 71.0849
50 2 1 11.6353 -97.2589
51 4 1 -14.6669 39.4932
52 1 1 -82.7807 -35.515
53 4 1 4.2944 68.689
54 2 1 29.206 -59.0301
55 2 1 -18.107 -48.5968
56 1 1 76.206 -27.0986
57 4 1 51.7402 6.09711
58 3 3 -44.2118 75.1818
59 4 1 -49.4993 81.556
60 1 1 -28.7062 11.958
61 1 1 -34.5362 -16.5835
62 1 1 -14.44 -23.3382
63 3 3 24.3016 -34.7591
64 1 1 9.28833 15.0885
