1 4 3 -4.63928 11.8198
2 2 1 18.3032 80.6119
3 3 3 -64.9705 13.5671
4 2 1 -67.5124 84.6675
5 1 3 -74.0673 44.9797
6 3 1 -4.73883 -54.0223
7 4 2 57.7195 58.4981
8 3 3 79.3618 -3.11724
9 3 3 -93.6774 -22.3011
10 4 2 -44.6089 -26.1893
11 1 3 -15.4677 84.1841
12 1 1 65.0557 -55.0104
13 4 2 -59.3044 -83.0499
14 2 2 91.9131 58.2064
15 1 3 25.8695 98.335
16 2 2 -2.48157 33.4943
17 2 2 -86.3684 36.4551
18 4 3 4.88991 -24.2058
19 2 3 -84.2091 -4.8019
20 1 2 14.6861 69.607
21 3 1 49.4449 -15.7676
22 2 1 16.2568 52.9255
23 2 3 -1.6653 -47.6065
24 2 3 -46.2385 -99.5288
25 4 3 -62.6515 30.4354
26 3 3 -65.4317 -44.7529
27 3 1 -26.2124 -78.0831
28 4 2 -84.8246 8.87514
29 1 3 92.4622 77.3278
30 2 1 -94.2552 59.5847
31 1 2 -30.0838 -0.85939
32 4 3 -79.6077 -10.658
33 4 3 -72.4726 -79.6852
34 1 2 24.2853 -85.6252
35 4 3 58.1353 21.7786
36 4 2 35.5281 -47.3087
37 2 2 25.9094 -17.997
38 2 1 49.394 67.5176
39 4 1 -10.4411 -80.7994
40 1 1 -51.9648 15.2445
41 2 1 73.2762 74.3422
42 4 1 93.4685 6.24662
43 3 1 -63.6291 -36.5095
44 1 3 -76.2222 -84.8439
45 1 1 8.81401 -8.51077
46 4 1 90.5307 -78.5033
47 3 3 -37.5158 8.88401
48 3 2 87.451 -44.2565
49 1 2 62.8323 47.6167
50 3 1 48.222 76.0578
51 2 1 -4.63356 -93.1742
52 1 3 85.1217 76.3365
53 4 1 -2.1105 37.9638
54 1 1 -75.6634 -90.8204
55 3 2 -8.2852 18.3316
56 2 1 56.135 6.50964
57 4 1 -65.4701 -69.6136
58 2 2 -12.1663 22.082
59 3 1 80.2416 45.5764
60 3 1 67.9769 85.9264
61 4 1 20.2187 -85.5533
62 3 1 -13.7672 85.2188
63 2 2 -52.6096 -5.48779
64 4 1 0.0714577 -76.7392
65 2 1 91.7388 61.5314
