11 1490
11 1490
11 1490
11 1490
11 1490
11 1490
11 1490
11 1490
22 1382
22 1382
22 1382
22 1382
22 1382
22 1382
22 1382
22 1382
22 1382
22 1382
22 1382
22 1382
22 1382
22 1382
22 1382
22 1382
22 1382
22 1382
22 1382
22 1382
22 1382
22 1382
22 1382
32 1289
32 1289
32 1289
32 1289
32 1289
32 1289
32 1289
32 1289
32 1289
32 1289
32 1289
32 1289
32 1289
32 1289
32 1289
32 1289
32 1289
32 1289
32 1289
32 1289
32 1289
32 1289
32 1289
32 1289
32 1289
32 1289
32 1289
32 1289
32 1289
38 817
38 817
38 817
38 817
38 817
38 817
38 817
38 817
38 817
38 817
38 817
38 817
38 817
38 817
38 817
38 817
38 817
38 817
38 817
38 817
80 1016
80 1016
80 1016
80 1016
80 1016
80 1016
80 1016
80 1016
80 1016
80 1016
80 1016
80 1016
80 1016
80 1016
80 1016
80 1016
80 1016
80 1016
80 1016
80 1016
80 1016
80 1016
44 968
44 968
44 968
44 968
44 968
44 968
44 968
44 968
44 968
44 968
44 968
44 968
44 968
44 968
44 968
110 1075
110 1075
110 1075
110 1075
110 1075
110 1075
110 1075
110 1075
110 1075
11 1100
11 1100
11 1100
11 1100
11 1100
11 1100
11 1100
11 1100
70 1157
70 1157
70 1157
70 1157
70 1157
70 1157
70 1157
70 1157
70 1157
70 1157
70 1157
70 1157
70 1157
70 1157
70 1157
70 1157
70 1157
70 1157
70 1157
70 1157
70 1157
114 1245
114 1245
114 1245
114 1245
114 1245
114 1245
114 1245
114 1245
114 1245
114 1245
114 1245
114 1245
114 1245
114 1245
114 1245
114 1245
114 1245
114 1245
114 1245
114 1245
114 1245
114 1245
114 1245
114 1245
114 1245
114 1245
114 1245
22 1208
22 1208
22 1208
22 1208
22 1208
22 1208
22 1208
22 1208
22 1208
22 1208
22 1208
22 1208
22 1208
22 1208
22 1208
22 1208
22 1208
22 1208
22 1208
22 1208
22 1208
22 1208
22 1208
36 1728
36 1728
36 1728
36 1728
36 1728
36 1728
36 1728
36 1728
36 1728
36 1728
36 1728
36 1728
36 1728
36 1728
13 2489
13 2489
13 2489
13 2489
80 1344
80 1344
80 1344
80 1344
80 1344
80 1344
80 1344
80 1344
80 1344
80 1344
80 1344
80 1344
80 1344
80 1344
80 1344
80 1344
80 1344
80 1344
80 1344
80 1344
80 1344
80 1344
32 1345
32 1345
32 1345
32 1345
32 1345
32 1345
32 1345
32 1345
32 1345
32 1345
32 1345
32 1345
32 1345
32 1345
32 1345
32 1345
32 1345
32 1345
32 1345
32 1345
32 1345
32 1345
32 1345
32 1345
32 1345
32 1345
32 1345
32 1345
32 1345
10 2609
10 2609
10 2609
10 2609
10 2609
10 2609
10 2609
10 2609
10 2609
10 2609
10 2609
10 2609
10 2609
10 2609
10 2609
10 2609
10 2609
40 1322
40 1322
40 1322
40 1322
40 1322
40 1322
40 1322
40 1322
40 1322
40 1322
40 1322
40 1322
40 1322
40 1322
40 1322
40 1322
40 1322
40 1322
40 1322
36 1395
36 1395
36 1395
36 1395
36 1395
36 1395
36 1395
36 1395
36 1395
36 1395
36 1395
36 1395
36 1395
36 1395
94 1329
94 1329
94 1329
94 1329
94 1329
94 1329
94 1329
94 1329
94 1329
94 1329
94 1329
94 1329
94 1329
94 1329
94 1329
94 1329
94 1329
94 1329
94 1329
94 1329
94 1329
94 1329
94 1329
94 1329
94 1329
38 1429
38 1429
38 1429
38 1429
38 1429
38 1429
38 1429
38 1429
38 1429
38 1429
38 1429
38 1429
38 1429
38 1429
38 1429
38 1429
38 1429
38 1429
38 1429
38 1429
44 1446
44 1446
44 1446
44 1446
44 1446
44 1446
44 1446
44 1446
44 1446
44 1446
44 1446
44 1446
44 1446
44 1446
44 1446
105 1359
105 1359
105 1359
10 1377
10 1377
10 1377
10 1377
10 1377
10 1377
10 1377
10 1377
10 1377
10 1377
10 1377
10 1377
10 1377
10 1377
10 1377
10 1377
10 1377
13 1469
13 1469
13 1469
13 1469
60 1515
60 1515
60 1515
60 1515
60 1515
60 1515
60 1515
60 1515
60 1515
60 1515
60 1515
60 1515
60 1515
60 1515
60 1515
60 1515
60 1515
60 1515
116 1459
116 1459
110 1587
110 1587
110 1587
110 1587
110 1587
110 1587
110 1587
110 1587
110 1587
11 1628
11 1628
11 1628
11 1628
11 1628
11 1628
11 1628
11 1628
114 1689
114 1689
114 1689
114 1689
114 1689
114 1689
114 1689
114 1689
114 1689
114 1689
114 1689
114 1689
114 1689
114 1689
114 1689
114 1689
114 1689
114 1689
114 1689
114 1689
114 1689
114 1689
114 1689
114 1689
114 1689
114 1689
114 1689
70 1699
70 1699
70 1699
70 1699
70 1699
70 1699
70 1699
70 1699
70 1699
70 1699
70 1699
70 1699
70 1699
70 1699
70 1699
70 1699
70 1699
70 1699
70 1699
70 1699
70 1699
78 1644
22 1707
22 1707
22 1707
22 1707
22 1707
22 1707
22 1707
22 1707
22 1707
22 1707
22 1707
22 1707
22 1707
22 1707
22 1707
22 1707
22 1707
22 1707
22 1707
22 1707
22 1707
22 1707
22 1707
29 1652
29 1652
29 1652
29 1652
29 1652
29 1652
29 1652
29 1652
29 1652
29 1652
29 1652
80 1789
80 1789
80 1789
80 1789
80 1789
80 1789
80 1789
80 1789
80 1789
80 1789
80 1789
80 1789
80 1789
80 1789
80 1789
80 1789
80 1789
80 1789
80 1789
80 1789
80 1789
80 1789
40 1700
40 1700
40 1700
40 1700
40 1700
40 1700
40 1700
40 1700
40 1700
40 1700
40 1700
40 1700
40 1700
40 1700
40 1700
40 1700
40 1700
40 1700
40 1700
8 3527
8 3527
8 3527
8 3527
8 3527
8 3527
8 3527
8 2027
8 2027
8 2027
8 2027
8 2027
8 2027
8 2027
32 1794
32 1794
32 1794
32 1794
32 1794
32 1794
32 1794
32 1794
32 1794
32 1794
32 1794
32 1794
32 1794
32 1794
32 1794
32 1794
32 1794
32 1794
32 1794
32 1794
32 1794
32 1794
32 1794
32 1794
32 1794
32 1794
32 1794
32 1794
32 1794
94 1778
94 1778
94 1778
94 1778
94 1778
94 1778
94 1778
94 1778
94 1778
94 1778
94 1778
94 1778
94 1778
94 1778
94 1778
94 1778
94 1778
94 1778
94 1778
94 1778
94 1778
94 1778
94 1778
94 1778
94 1778
38 1916
38 1916
38 1916
38 1916
38 1916
38 1916
38 1916
38 1916
38 1916
38 1916
38 1916
38 1916
38 1916
38 1916
38 1916
38 1916
38 1916
38 1916
38 1916
38 1916
36 1936
36 1936
36 1936
36 1936
36 1936
36 1936
36 1936
36 1936
36 1936
36 1936
36 1936
36 1936
36 1936
36 1936
44 1969
44 1969
44 1969
44 1969
44 1969
44 1969
44 1969
44 1969
44 1969
44 1969
44 1969
44 1969
44 1969
44 1969
44 1969
105 1915
105 1915
105 1915
10 1943
10 1943
10 1943
10 1943
10 1943
10 1943
10 1943
10 1943
10 1943
10 1943
10 1943
10 1943
10 1943
10 1943
10 1943
10 1943
10 1943
60 1982
60 1982
60 1982
60 1982
60 1982
60 1982
60 1982
60 1982
60 1982
60 1982
60 1982
60 1982
60 1982
60 1982
60 1982
60 1982
60 1982
60 1982
13 1999
13 1999
13 1999
13 1999
116 2034
116 2034
110 2140
110 2140
110 2140
110 2140
110 2140
110 2140
110 2140
110 2140
110 2140
114 2175
114 2175
114 2175
114 2175
114 2175
114 2175
114 2175
114 2175
114 2175
114 2175
114 2175
114 2175
114 2175
114 2175
114 2175
114 2175
114 2175
114 2175
114 2175
114 2175
114 2175
114 2175
114 2175
114 2175
114 2175
114 2175
114 2175
70 2292
70 2292
70 2292
70 2292
70 2292
70 2292
70 2292
70 2292
70 2292
70 2292
70 2292
70 2292
70 2292
70 2292
70 2292
70 2292
70 2292
70 2292
70 2292
70 2292
70 2292
105 2237
105 2237
105 2237
110 2188
110 2188
110 2188
110 2188
110 2188
110 2188
110 2188
110 2188
110 2188
114 2184
114 2184
114 2184
114 2184
114 2184
114 2184
114 2184
114 2184
114 2184
114 2184
114 2184
114 2184
114 2184
114 2184
114 2184
114 2184
114 2184
114 2184
114 2184
114 2184
114 2184
114 2184
114 2184
114 2184
114 2184
114 2184
114 2184
