15 40
15 40
15 40
15 40
15 40
15 40
15 40
15 40
15 40
15 40
15 40
8 156
8 156
8 156
8 156
8 156
8 156
8 156
27 813
27 813
27 813
27 813
27 813
27 813
27 813
27 813
27 813
27 813
27 813
27 813
27 813
27 813
27 813
27 813
27 813
27 813
27 813
27 813
27 813
27 813
27 813
27 813
27 813
27 813
27 813
27 813
5 1034
5 1034
5 1034
5 1034
5 1034
5 1034
5 1034
5 1034
5 536
5 536
5 536
5 536
5 536
5 536
5 536
5 536
4 1046
4 1046
4 1046
4 1046
4 1046
4 1046
4 1046
4 1046
4 1046
4 1046
4 1046
4 1046
4 1046
4 1046
4 1046
4 547
4 547
4 547
4 547
4 547
4 547
4 547
4 547
4 547
4 547
4 547
4 547
4 547
4 547
4 547
15 479
15 479
15 479
15 479
15 479
15 479
15 479
15 479
15 479
15 479
15 479
41 728
41 728
41 728
41 728
41 728
41 728
41 728
41 728
41 728
41 728
41 728
41 728
41 728
27 474
27 474
27 474
27 474
27 474
27 474
27 474
27 474
27 474
27 474
27 474
27 474
27 474
27 474
27 474
27 474
27 474
27 474
27 474
27 474
27 474
27 474
27 474
27 474
27 474
27 474
27 474
27 474
59 683
59 683
59 683
59 683
59 683
59 683
59 683
59 683
59 683
59 683
59 683
59 683
59 683
59 683
59 683
59 683
59 683
59 683
59 683
59 683
59 683
41 634
41 634
41 634
41 634
41 634
41 634
41 634
41 634
41 634
41 634
41 634
41 634
41 634
5 601
5 601
5 601
5 601
5 601
5 601
5 601
5 601
4 661
4 661
4 661
4 661
4 661
4 661
4 661
4 661
4 661
4 661
4 661
4 661
4 661
4 661
4 661
59 669
59 669
59 669
59 669
59 669
59 669
59 669
59 669
59 669
59 669
59 669
59 669
59 669
59 669
59 669
59 669
59 669
59 669
59 669
59 669
59 669
15 749
15 749
15 749
15 749
15 749
15 749
15 749
15 749
15 749
15 749
15 749
27 744
27 744
27 744
27 744
27 744
27 744
27 744
27 744
27 744
27 744
27 744
27 744
27 744
27 744
27 744
27 744
27 744
27 744
27 744
27 744
27 744
27 744
27 744
27 744
27 744
27 744
27 744
27 744
8 1024
8 1024
8 1024
8 1024
8 1024
8 1024
8 1024
7 2067
7 2067
7 2067
7 2067
7 2067
7 2067
7 2067
7 2067
7 2067
7 2067
7 2067
7 2067
7 2067
7 2067
7 2067
7 2067
7 2067
7 2067
7 2067
7 2067
7 2067
7 2067
7 2067
7 2067
7 1581
7 1581
7 1581
7 1581
7 1581
7 1581
7 1581
7 1581
7 1581
7 1581
7 1581
7 1581
7 1581
7 1581
7 1581
7 1581
7 1581
7 1581
7 1581
7 1581
7 1581
7 1581
7 1581
7 1581
7 1096
7 1096
7 1096
7 1096
7 1096
7 1096
7 1096
7 1096
7 1096
7 1096
7 1096
7 1096
7 1096
7 1096
7 1096
7 1096
7 1096
7 1096
7 1096
7 1096
7 1096
7 1096
7 1096
7 1096
36 1890
36 1890
36 1890
36 1890
36 1890
36 1890
36 1890
36 1890
36 1890
36 1396
36 1396
36 1396
36 1396
36 1396
36 1396
36 1396
36 1396
36 1396
4 971
4 971
4 971
4 971
4 971
4 971
4 971
4 971
4 971
4 971
4 971
4 971
4 971
4 971
4 971
7 949
7 949
7 949
7 949
7 949
7 949
7 949
7 949
7 949
7 949
7 949
7 949
7 949
7 949
7 949
7 949
7 949
7 949
7 949
7 949
7 949
7 949
7 949
7 949
36 1205
36 1205
36 1205
36 1205
36 1205
36 1205
36 1205
36 1205
36 1205
41 1293
41 1293
41 1293
41 1293
41 1293
41 1293
41 1293
41 1293
41 1293
41 1293
41 1293
41 1293
41 1293
5 1154
5 1154
5 1154
5 1154
5 1154
5 1154
5 1154
5 1154
8 1172
8 1172
8 1172
8 1172
8 1172
8 1172
8 1172
15 1198
15 1198
15 1198
15 1198
15 1198
15 1198
15 1198
15 1198
15 1198
15 1198
15 1198
27 1118
27 1118
27 1118
27 1118
27 1118
27 1118
27 1118
27 1118
27 1118
27 1118
27 1118
27 1118
27 1118
27 1118
27 1118
27 1118
27 1118
27 1118
27 1118
27 1118
27 1118
27 1118
27 1118
27 1118
27 1118
27 1118
27 1118
27 1118
59 1529
59 1529
59 1529
59 1529
59 1529
59 1529
59 1529
59 1529
59 1529
59 1529
59 1529
59 1529
59 1529
59 1529
59 1529
59 1529
59 1529
59 1529
59 1529
59 1529
59 1529
41 1264
41 1264
41 1264
41 1264
41 1264
41 1264
41 1264
41 1264
41 1264
41 1264
41 1264
41 1264
41 1264
36 1367
36 1367
36 1367
36 1367
36 1367
36 1367
36 1367
36 1367
36 1367
61 2624
61 2624
61 2624
61 2624
61 2624
61 2624
61 2624
61 2624
61 2624
61 2624
61 2624
61 2624
61 2624
61 2624
61 2624
61 2624
61 2624
61 2624
61 2624
61 2624
61 2624
61 2624
61 1626
61 1626
61 1626
61 1626
61 1626
61 1626
61 1626
61 1626
61 1626
61 1626
61 1626
61 1626
61 1626
61 1626
61 1626
61 1626
61 1626
61 1626
61 1626
61 1626
61 1626
61 1626
5 1256
5 1256
5 1256
5 1256
5 1256
5 1256
5 1256
5 1256
8 1304
8 1304
8 1304
8 1304
8 1304
8 1304
8 1304
7 1512
7 1512
7 1512
7 1512
7 1512
7 1512
7 1512
7 1512
7 1512
7 1512
7 1512
7 1512
7 1512
7 1512
7 1512
7 1512
7 1512
7 1512
7 1512
7 1512
7 1512
7 1512
7 1512
7 1512
15 1448
15 1448
15 1448
15 1448
15 1448
15 1448
15 1448
15 1448
15 1448
15 1448
15 1448
59 1666
59 1666
59 1666
59 1666
59 1666
59 1666
59 1666
59 1666
59 1666
59 1666
59 1666
59 1666
59 1666
59 1666
59 1666
59 1666
59 1666
59 1666
59 1666
59 1666
59 1666
27 1488
27 1488
27 1488
27 1488
27 1488
27 1488
27 1488
27 1488
27 1488
27 1488
27 1488
27 1488
27 1488
27 1488
27 1488
27 1488
27 1488
27 1488
27 1488
27 1488
27 1488
27 1488
27 1488
27 1488
27 1488
27 1488
27 1488
27 1488
61 1714
61 1714
61 1714
61 1714
61 1714
61 1714
61 1714
61 1714
61 1714
61 1714
61 1714
61 1714
61 1714
61 1714
61 1714
61 1714
61 1714
61 1714
61 1714
61 1714
61 1714
61 1714
36 1468
36 1468
36 1468
36 1468
36 1468
36 1468
36 1468
36 1468
36 1468
41 1514
41 1514
41 1514
41 1514
41 1514
41 1514
41 1514
41 1514
41 1514
41 1514
41 1514
41 1514
41 1514
4 1884
4 1884
4 1884
4 1884
4 1884
4 1884
4 1884
4 1884
4 1884
4 1884
4 1884
4 1884
4 1884
4 1884
4 1884
5 1481
5 1481
5 1481
5 1481
5 1481
5 1481
5 1481
5 1481
7 1490
7 1490
7 1490
7 1490
7 1490
7 1490
7 1490
7 1490
7 1490
7 1490
7 1490
7 1490
7 1490
7 1490
7 1490
7 1490
7 1490
7 1490
7 1490
7 1490
7 1490
7 1490
7 1490
7 1490
61 1823
61 1823
61 1823
61 1823
61 1823
61 1823
61 1823
61 1823
61 1823
61 1823
61 1823
61 1823
61 1823
61 1823
61 1823
61 1823
61 1823
61 1823
61 1823
61 1823
61 1823
61 1823
