11 68
11 68
11 68
11 68
11 68
11 68
11 68
25 207
25 207
25 207
25 207
25 207
25 207
25 207
25 207
25 207
25 207
25 207
25 207
25 207
25 207
25 207
23 239
23 239
23 239
23 239
23 239
23 239
23 239
23 239
23 239
23 239
23 239
23 239
23 239
23 239
21 354
21 354
21 354
21 354
21 354
21 354
21 354
21 354
21 354
21 354
21 354
21 354
21 354
21 354
21 354
21 354
21 354
21 354
21 354
21 354
21 354
21 354
21 354
21 354
21 354
48 234
48 234
48 234
48 234
48 234
48 234
48 234
48 234
48 234
48 234
48 234
48 234
48 234
48 234
48 234
48 234
48 234
48 234
48 234
48 234
48 234
48 234
48 234
48 234
48 234
48 234
48 234
48 234
48 234
11 258
11 258
11 258
11 258
11 258
11 258
11 258
53 372
53 372
53 372
53 372
53 372
53 372
53 372
53 372
53 372
53 372
53 372
67 283
67 283
67 283
67 283
67 283
21 243
21 243
21 243
21 243
21 243
21 243
21 243
21 243
21 243
21 243
21 243
21 243
21 243
21 243
21 243
21 243
21 243
21 243
21 243
21 243
21 243
21 243
21 243
21 243
21 243
63 331
63 331
63 331
63 331
63 331
63 331
63 331
63 331
63 331
63 331
63 331
63 331
63 331
23 250
23 250
23 250
23 250
23 250
23 250
23 250
23 250
23 250
23 250
23 250
23 250
23 250
23 250
25 231
25 231
25 231
25 231
25 231
25 231
25 231
25 231
25 231
25 231
25 231
25 231
25 231
25 231
25 231
65 408
65 408
65 408
65 408
65 408
65 408
65 408
65 408
65 408
65 408
65 408
65 408
65 408
65 408
65 408
65 408
65 408
65 408
40 682
40 682
40 682
40 682
31 773
31 773
31 773
31 773
31 773
31 773
31 773
31 773
31 773
31 773
31 773
31 773
31 773
31 773
31 773
31 773
31 773
31 773
31 773
31 773
31 773
31 773
31 773
31 773
35 736
35 736
35 736
4 1047
4 1047
4 1047
4 1047
4 1047
4 1047
4 1047
4 1047
4 547
4 547
4 547
4 547
4 547
4 547
4 547
4 547
40 350
40 350
40 350
40 350
35 455
35 455
35 455
31 497
31 497
31 497
31 497
31 497
31 497
31 497
31 497
31 497
31 497
31 497
31 497
31 497
31 497
31 497
31 497
31 497
31 497
31 497
31 497
31 497
31 497
31 497
31 497
84 481
84 481
84 481
84 481
84 481
84 481
84 481
84 481
84 481
84 481
84 481
84 481
87 476
87 476
87 476
87 476
87 476
87 476
87 476
87 476
87 476
87 476
87 476
87 476
87 476
87 476
87 476
87 476
87 476
87 476
87 476
87 476
87 476
87 476
87 476
87 476
87 476
87 476
87 476
87 476
97 421
97 421
97 421
97 421
97 421
97 421
97 421
97 421
97 421
97 421
48 419
48 419
48 419
48 419
48 419
48 419
48 419
48 419
48 419
48 419
48 419
48 419
48 419
48 419
48 419
48 419
48 419
48 419
48 419
48 419
48 419
48 419
48 419
48 419
48 419
48 419
48 419
48 419
48 419
100 400
100 400
100 400
100 400
100 400
100 400
100 400
100 400
100 400
100 400
100 400
100 400
100 400
100 400
100 400
100 400
100 400
100 400
100 400
82 621
82 621
82 621
82 621
82 621
82 621
82 621
82 621
82 621
82 621
82 621
82 621
82 621
82 621
82 621
82 621
82 621
82 621
82 621
82 621
82 621
70 744
70 744
70 744
70 744
70 744
70 744
70 744
70 744
70 744
70 744
70 744
70 744
70 744
70 744
70 744
70 744
70 744
53 502
53 502
53 502
53 502
53 502
53 502
53 502
53 502
53 502
53 502
53 502
4 503
4 503
4 503
4 503
4 503
4 503
4 503
4 503
11 439
11 439
11 439
11 439
11 439
11 439
11 439
65 496
65 496
65 496
65 496
65 496
65 496
65 496
65 496
65 496
65 496
65 496
65 496
65 496
65 496
65 496
65 496
65 496
65 496
63 519
63 519
63 519
63 519
63 519
63 519
63 519
63 519
63 519
63 519
63 519
63 519
63 519
23 444
23 444
23 444
23 444
23 444
23 444
23 444
23 444
23 444
23 444
23 444
23 444
23 444
23 444
25 446
25 446
25 446
25 446
25 446
25 446
25 446
25 446
25 446
25 446
25 446
25 446
25 446
25 446
25 446
21 556
21 556
21 556
21 556
21 556
21 556
21 556
21 556
21 556
21 556
21 556
21 556
21 556
21 556
21 556
21 556
21 556
21 556
21 556
21 556
21 556
21 556
21 556
21 556
21 556
31 513
31 513
31 513
31 513
31 513
31 513
31 513
31 513
31 513
31 513
31 513
31 513
31 513
31 513
31 513
31 513
31 513
31 513
31 513
31 513
31 513
31 513
31 513
31 513
84 519
84 519
84 519
84 519
84 519
84 519
84 519
84 519
84 519
84 519
84 519
84 519
82 554
82 554
82 554
82 554
82 554
82 554
82 554
82 554
82 554
82 554
82 554
82 554
82 554
82 554
82 554
82 554
82 554
82 554
82 554
82 554
82 554
70 677
70 677
70 677
70 677
70 677
70 677
70 677
70 677
70 677
70 677
70 677
70 677
70 677
70 677
70 677
70 677
70 677
87 518
87 518
87 518
87 518
87 518
87 518
87 518
87 518
87 518
87 518
87 518
87 518
87 518
87 518
87 518
87 518
87 518
87 518
87 518
87 518
87 518
87 518
87 518
87 518
87 518
87 518
87 518
87 518
67 746
67 746
67 746
67 746
67 746
40 590
40 590
40 590
40 590
35 679
35 679
35 679
100 568
100 568
100 568
100 568
100 568
100 568
100 568
100 568
100 568
100 568
100 568
100 568
100 568
100 568
100 568
100 568
100 568
100 568
100 568
97 637
97 637
97 637
97 637
97 637
97 637
97 637
97 637
97 637
97 637
4 622
4 622
4 622
4 622
4 622
4 622
4 622
4 622
48 787
48 787
48 787
48 787
48 787
48 787
48 787
48 787
48 787
48 787
48 787
48 787
48 787
48 787
48 787
48 787
48 787
48 787
48 787
48 787
48 787
48 787
48 787
48 787
48 787
48 787
48 787
48 787
48 787
11 693
11 693
11 693
11 693
11 693
11 693
11 693
63 682
63 682
63 682
63 682
63 682
63 682
63 682
63 682
63 682
63 682
63 682
63 682
63 682
53 793
53 793
53 793
53 793
53 793
53 793
53 793
53 793
53 793
53 793
53 793
67 711
67 711
67 711
67 711
67 711
65 751
65 751
65 751
65 751
65 751
65 751
65 751
65 751
65 751
65 751
65 751
65 751
65 751
65 751
65 751
65 751
65 751
65 751
70 716
70 716
70 716
70 716
70 716
70 716
70 716
70 716
70 716
70 716
70 716
70 716
70 716
70 716
70 716
70 716
70 716
21 714
21 714
21 714
21 714
21 714
21 714
21 714
21 714
21 714
21 714
21 714
21 714
21 714
21 714
21 714
21 714
21 714
21 714
21 714
21 714
21 714
21 714
21 714
21 714
21 714
23 741
23 741
23 741
23 741
23 741
23 741
23 741
23 741
23 741
23 741
23 741
23 741
23 741
23 741
25 752
25 752
25 752
25 752
25 752
25 752
25 752
25 752
25 752
25 752
25 752
25 752
25 752
25 752
25 752
82 757
82 757
82 757
82 757
82 757
82 757
82 757
82 757
82 757
82 757
82 757
82 757
82 757
82 757
82 757
82 757
82 757
82 757
82 757
82 757
82 757
87 813
87 813
87 813
87 813
87 813
87 813
87 813
87 813
87 813
87 813
87 813
87 813
87 813
87 813
87 813
87 813
87 813
87 813
87 813
87 813
87 813
87 813
87 813
87 813
87 813
87 813
87 813
87 813
31 953
31 953
31 953
31 953
31 953
31 953
31 953
31 953
31 953
31 953
31 953
31 953
31 953
31 953
31 953
31 953
31 953
31 953
31 953
31 953
31 953
31 953
31 953
31 953
48 805
48 805
48 805
48 805
48 805
48 805
48 805
48 805
48 805
48 805
48 805
48 805
48 805
48 805
48 805
48 805
48 805
48 805
48 805
48 805
48 805
48 805
48 805
48 805
48 805
48 805
48 805
48 805
48 805
35 979
35 979
35 979
84 1038
84 1038
84 1038
84 1038
84 1038
84 1038
84 1038
84 1038
84 1038
84 1038
84 1038
84 1038
97 908
97 908
97 908
97 908
97 908
97 908
97 908
97 908
97 908
97 908
100 879
100 879
100 879
100 879
100 879
100 879
100 879
100 879
100 879
100 879
100 879
100 879
100 879
100 879
100 879
100 879
100 879
100 879
100 879
40 985
40 985
40 985
40 985
53 858
53 858
53 858
53 858
53 858
53 858
53 858
53 858
53 858
53 858
53 858
4 860
4 860
4 860
4 860
4 860
4 860
4 860
4 860
11 939
11 939
11 939
11 939
11 939
11 939
11 939
63 927
63 927
63 927
63 927
63 927
63 927
63 927
63 927
63 927
63 927
63 927
63 927
63 927
65 943
65 943
65 943
65 943
65 943
65 943
65 943
65 943
65 943
65 943
65 943
65 943
65 943
65 943
65 943
65 943
65 943
65 943
67 929
67 929
67 929
67 929
67 929
25 979
25 979
25 979
25 979
25 979
25 979
25 979
25 979
25 979
25 979
25 979
25 979
25 979
25 979
25 979
31 944
31 944
31 944
31 944
31 944
31 944
31 944
31 944
31 944
31 944
31 944
31 944
31 944
31 944
31 944
31 944
31 944
31 944
31 944
31 944
31 944
31 944
31 944
31 944
21 1054
21 1054
21 1054
21 1054
21 1054
21 1054
21 1054
21 1054
21 1054
21 1054
21 1054
21 1054
21 1054
21 1054
21 1054
21 1054
21 1054
21 1054
21 1054
21 1054
21 1054
21 1054
21 1054
21 1054
21 1054
82 986
82 986
82 986
82 986
82 986
82 986
82 986
82 986
82 986
82 986
82 986
82 986
82 986
82 986
82 986
82 986
82 986
82 986
82 986
82 986
82 986
70 1184
70 1184
70 1184
70 1184
70 1184
70 1184
70 1184
70 1184
70 1184
70 1184
70 1184
70 1184
70 1184
70 1184
70 1184
70 1184
70 1184
84 1054
84 1054
84 1054
84 1054
84 1054
84 1054
84 1054
84 1054
84 1054
84 1054
84 1054
84 1054
87 1042
87 1042
87 1042
87 1042
87 1042
87 1042
87 1042
87 1042
87 1042
87 1042
87 1042
87 1042
87 1042
87 1042
87 1042
87 1042
87 1042
87 1042
87 1042
87 1042
87 1042
87 1042
87 1042
87 1042
87 1042
87 1042
87 1042
87 1042
23 1196
23 1196
23 1196
23 1196
23 1196
23 1196
23 1196
23 1196
23 1196
23 1196
23 1196
23 1196
23 1196
23 1196
35 1156
35 1156
35 1156
40 1106
40 1106
40 1106
40 1106
48 1055
48 1055
48 1055
48 1055
48 1055
48 1055
48 1055
48 1055
48 1055
48 1055
48 1055
48 1055
48 1055
48 1055
48 1055
48 1055
48 1055
48 1055
48 1055
48 1055
48 1055
48 1055
48 1055
48 1055
48 1055
48 1055
48 1055
48 1055
48 1055
53 1064
53 1064
53 1064
53 1064
53 1064
53 1064
53 1064
53 1064
53 1064
53 1064
53 1064
4 1066
4 1066
4 1066
4 1066
4 1066
4 1066
4 1066
4 1066
97 1145
97 1145
97 1145
97 1145
97 1145
97 1145
97 1145
97 1145
97 1145
97 1145
100 1209
100 1209
100 1209
100 1209
100 1209
100 1209
100 1209
100 1209
100 1209
100 1209
100 1209
100 1209
100 1209
100 1209
100 1209
100 1209
100 1209
100 1209
100 1209
11 1177
11 1177
11 1177
11 1177
11 1177
11 1177
11 1177
67 1133
67 1133
67 1133
67 1133
67 1133
63 1195
63 1195
63 1195
63 1195
63 1195
63 1195
63 1195
63 1195
63 1195
63 1195
63 1195
63 1195
63 1195
21 1212
21 1212
21 1212
21 1212
21 1212
21 1212
21 1212
21 1212
21 1212
21 1212
21 1212
21 1212
21 1212
21 1212
21 1212
21 1212
21 1212
21 1212
21 1212
21 1212
21 1212
21 1212
21 1212
21 1212
21 1212
65 1292
65 1292
65 1292
65 1292
65 1292
65 1292
65 1292
65 1292
65 1292
65 1292
65 1292
65 1292
65 1292
65 1292
65 1292
65 1292
65 1292
65 1292
23 1213
23 1213
23 1213
23 1213
23 1213
23 1213
23 1213
23 1213
23 1213
23 1213
23 1213
23 1213
23 1213
23 1213
70 1259
70 1259
70 1259
70 1259
70 1259
70 1259
70 1259
70 1259
70 1259
70 1259
70 1259
70 1259
70 1259
70 1259
70 1259
70 1259
70 1259
25 1216
25 1216
25 1216
25 1216
25 1216
25 1216
25 1216
25 1216
25 1216
25 1216
25 1216
25 1216
25 1216
25 1216
25 1216
31 1266
31 1266
31 1266
31 1266
31 1266
31 1266
31 1266
31 1266
31 1266
31 1266
31 1266
31 1266
31 1266
31 1266
31 1266
31 1266
31 1266
31 1266
31 1266
31 1266
31 1266
31 1266
31 1266
31 1266
35 1282
35 1282
35 1282
82 1317
82 1317
82 1317
82 1317
82 1317
82 1317
82 1317
82 1317
82 1317
82 1317
82 1317
82 1317
82 1317
82 1317
82 1317
82 1317
82 1317
82 1317
82 1317
82 1317
82 1317
40 1253
40 1253
40 1253
40 1253
84 1327
84 1327
84 1327
84 1327
84 1327
84 1327
84 1327
84 1327
84 1327
84 1327
84 1327
84 1327
87 1322
87 1322
87 1322
87 1322
87 1322
87 1322
87 1322
87 1322
87 1322
87 1322
87 1322
87 1322
87 1322
87 1322
87 1322
87 1322
87 1322
87 1322
87 1322
87 1322
87 1322
87 1322
87 1322
87 1322
87 1322
87 1322
87 1322
87 1322
97 1374
97 1374
97 1374
97 1374
97 1374
97 1374
97 1374
97 1374
97 1374
97 1374
48 1405
48 1405
48 1405
48 1405
48 1405
48 1405
48 1405
48 1405
48 1405
48 1405
48 1405
48 1405
48 1405
48 1405
48 1405
48 1405
48 1405
48 1405
48 1405
48 1405
48 1405
48 1405
48 1405
48 1405
48 1405
48 1405
48 1405
48 1405
48 1405
53 1417
53 1417
53 1417
53 1417
53 1417
53 1417
53 1417
53 1417
53 1417
53 1417
53 1417
63 1346
63 1346
63 1346
63 1346
63 1346
63 1346
63 1346
63 1346
63 1346
63 1346
63 1346
63 1346
63 1346
100 1496
100 1496
100 1496
100 1496
100 1496
100 1496
100 1496
100 1496
100 1496
100 1496
100 1496
100 1496
100 1496
100 1496
100 1496
100 1496
100 1496
100 1496
100 1496
65 1401
65 1401
65 1401
65 1401
65 1401
65 1401
65 1401
65 1401
65 1401
65 1401
65 1401
65 1401
65 1401
65 1401
65 1401
65 1401
65 1401
65 1401
67 1394
67 1394
67 1394
67 1394
67 1394
87 1480
87 1480
87 1480
87 1480
87 1480
87 1480
87 1480
87 1480
87 1480
87 1480
87 1480
87 1480
87 1480
87 1480
87 1480
87 1480
87 1480
87 1480
87 1480
87 1480
87 1480
87 1480
87 1480
87 1480
87 1480
87 1480
87 1480
87 1480
