10 79
10 79
10 79
10 79
10 79
10 79
10 79
10 79
10 79
10 79
10 79
10 79
10 79
10 79
10 79
10 79
10 79
10 79
10 79
4 144
4 144
4 144
4 144
4 144
4 144
4 144
4 144
4 144
4 144
4 144
4 144
4 144
4 144
4 144
4 144
4 144
4 144
4 144
4 144
4 144
4 144
4 144
4 144
4 144
4 144
4 144
8 106
8 106
8 106
8 106
8 106
8 106
8 106
8 106
8 106
8 106
8 106
8 106
8 106
8 106
8 106
8 106
13 168
13 168
13 168
13 168
13 168
13 168
13 168
13 168
13 168
13 168
13 168
13 168
13 168
13 168
13 168
13 168
13 168
13 168
13 168
13 168
13 168
13 168
13 168
13 168
13 168
13 168
13 168
13 168
18 123
18 123
17 139
17 139
17 139
17 139
17 139
17 139
17 139
17 139
17 139
17 139
17 139
17 139
17 139
17 139
17 139
17 139
17 139
17 139
17 139
17 139
17 139
17 139
17 139
17 139
17 139
17 139
17 139
17 139
17 139
17 139
25 111
34 26
34 26
34 26
28 118
28 118
28 118
28 118
28 118
28 118
28 118
28 118
28 118
30 117
30 117
30 117
30 117
30 117
30 117
30 117
30 117
30 117
30 117
30 117
30 117
30 117
30 117
30 117
30 117
30 117
30 117
30 117
30 117
30 117
30 117
30 117
30 117
39 172
39 172
39 172
39 172
39 172
39 172
39 172
39 172
39 172
39 172
39 172
39 172
39 172
39 172
39 172
39 172
39 172
39 172
39 172
39 172
39 172
39 172
39 172
39 172
39 172
39 172
39 172
39 172
39 172
41 174
41 174
41 174
41 174
41 174
41 174
41 174
41 174
41 174
41 174
41 174
41 174
4 73
4 73
4 73
4 73
4 73
4 73
4 73
4 73
4 73
4 73
4 73
4 73
4 73
4 73
4 73
4 73
4 73
4 73
4 73
4 73
4 73
4 73
4 73
4 73
4 73
4 73
4 73
45 177
45 177
45 177
45 177
45 177
45 177
45 177
45 177
45 177
45 177
45 177
45 177
45 177
53 183
53 183
53 183
53 183
53 183
53 183
53 183
53 183
53 183
53 183
53 183
53 183
53 183
53 183
53 183
53 183
53 183
53 183
53 183
53 183
53 183
13 192
13 192
13 192
13 192
13 192
13 192
13 192
13 192
13 192
13 192
13 192
13 192
13 192
13 192
13 192
13 192
13 192
13 192
13 192
13 192
13 192
13 192
13 192
13 192
13 192
13 192
13 192
13 192
10 249
10 249
10 249
10 249
10 249
10 249
10 249
10 249
10 249
10 249
10 249
10 249
10 249
10 249
10 249
10 249
10 249
10 249
10 249
8 276
8 276
8 276
8 276
8 276
8 276
8 276
8 276
8 276
8 276
8 276
8 276
8 276
8 276
8 276
8 276
17 217
17 217
17 217
17 217
17 217
17 217
17 217
17 217
17 217
17 217
17 217
17 217
17 217
17 217
17 217
17 217
17 217
17 217
17 217
17 217
17 217
17 217
17 217
17 217
17 217
17 217
17 217
17 217
17 217
17 217
18 213
18 213
25 242
28 260
28 260
28 260
28 260
28 260
28 260
28 260
28 260
28 260
30 264
30 264
30 264
30 264
30 264
30 264
30 264
30 264
30 264
30 264
30 264
30 264
30 264
30 264
30 264
30 264
30 264
30 264
30 264
30 264
30 264
30 264
30 264
30 264
39 256
39 256
39 256
39 256
39 256
39 256
39 256
39 256
39 256
39 256
39 256
39 256
39 256
39 256
39 256
39 256
39 256
39 256
39 256
39 256
39 256
39 256
39 256
39 256
39 256
39 256
39 256
39 256
39 256
41 267
41 267
41 267
41 267
41 267
41 267
41 267
41 267
41 267
41 267
41 267
41 267
45 275
45 275
45 275
45 275
45 275
45 275
45 275
45 275
45 275
45 275
45 275
45 275
45 275
34 418
34 418
34 418
26 1037
26 1037
26 1037
26 1037
26 1037
26 1037
26 1037
26 1037
26 1037
26 1037
26 1037
26 1037
26 1037
26 1037
26 1037
26 1037
26 1037
26 1037
26 1037
26 1037
26 1037
26 1037
26 1037
26 1037
26 1037
26 1037
26 538
26 538
26 538
26 538
26 538
26 538
26 538
26 538
26 538
26 538
26 538
26 538
26 538
26 538
26 538
26 538
26 538
26 538
26 538
26 538
26 538
26 538
26 538
26 538
26 538
26 538
80 521
80 521
80 521
80 521
80 521
80 521
80 521
80 521
80 521
80 521
4 366
4 366
4 366
4 366
4 366
4 366
4 366
4 366
4 366
4 366
4 366
4 366
4 366
4 366
4 366
4 366
4 366
4 366
4 366
4 366
4 366
4 366
4 366
4 366
4 366
4 366
4 366
53 378
53 378
53 378
53 378
53 378
53 378
53 378
53 378
53 378
53 378
53 378
53 378
53 378
53 378
53 378
53 378
53 378
53 378
53 378
53 378
53 378
8 335
8 335
8 335
8 335
8 335
8 335
8 335
8 335
8 335
8 335
8 335
8 335
8 335
8 335
8 335
8 335
10 325
10 325
10 325
10 325
10 325
10 325
10 325
10 325
10 325
10 325
10 325
10 325
10 325
10 325
10 325
10 325
10 325
10 325
10 325
13 340
13 340
13 340
13 340
13 340
13 340
13 340
13 340
13 340
13 340
13 340
13 340
13 340
13 340
13 340
13 340
13 340
13 340
13 340
13 340
13 340
13 340
13 340
13 340
13 340
13 340
13 340
13 340
17 332
17 332
17 332
17 332
17 332
17 332
17 332
17 332
17 332
17 332
17 332
17 332
17 332
17 332
17 332
17 332
17 332
17 332
17 332
17 332
17 332
17 332
17 332
17 332
17 332
17 332
17 332
17 332
17 332
17 332
18 344
18 344
25 373
26 379
26 379
26 379
26 379
26 379
26 379
26 379
26 379
26 379
26 379
26 379
26 379
26 379
26 379
26 379
26 379
26 379
26 379
26 379
26 379
26 379
26 379
26 379
26 379
26 379
26 379
28 371
28 371
28 371
28 371
28 371
28 371
28 371
28 371
28 371
80 387
80 387
80 387
80 387
80 387
80 387
80 387
80 387
80 387
80 387
52 673
52 673
52 673
52 673
52 673
52 673
52 673
52 673
30 395
30 395
30 395
30 395
30 395
30 395
30 395
30 395
30 395
30 395
30 395
30 395
30 395
30 395
30 395
30 395
30 395
30 395
30 395
30 395
30 395
30 395
30 395
30 395
34 382
34 382
34 382
54 699
54 699
54 699
54 699
54 699
54 699
54 699
54 699
54 699
54 699
54 699
54 699
54 699
54 699
54 699
54 699
54 699
55 715
55 715
55 715
55 715
55 715
55 715
55 715
55 715
55 715
55 715
55 715
55 715
55 715
55 715
55 715
55 715
55 715
55 715
55 715
55 715
55 715
55 715
55 715
55 715
55 715
39 433
39 433
39 433
39 433
39 433
39 433
39 433
39 433
39 433
39 433
39 433
39 433
39 433
39 433
39 433
39 433
39 433
39 433
39 433
39 433
39 433
39 433
39 433
39 433
39 433
39 433
39 433
39 433
39 433
41 436
41 436
41 436
41 436
41 436
41 436
41 436
41 436
41 436
41 436
41 436
41 436
60 754
60 754
60 754
60 754
60 754
60 754
64 756
64 756
64 756
64 756
64 756
64 756
64 756
64 756
64 756
64 756
64 756
45 464
45 464
45 464
45 464
45 464
45 464
45 464
45 464
45 464
45 464
45 464
45 464
45 464
65 771
65 771
65 771
65 771
65 771
65 771
65 771
65 771
65 771
65 771
65 771
65 771
65 771
65 771
65 771
65 771
65 771
65 771
4 440
4 440
4 440
4 440
4 440
4 440
4 440
4 440
4 440
4 440
4 440
4 440
4 440
4 440
4 440
4 440
4 440
4 440
4 440
4 440
4 440
4 440
4 440
4 440
4 440
4 440
4 440
8 439
8 439
8 439
8 439
8 439
8 439
8 439
8 439
8 439
8 439
8 439
8 439
8 439
8 439
8 439
8 439
71 819
71 819
71 819
71 819
71 819
71 819
71 819
71 819
71 819
71 819
71 819
71 819
71 819
71 819
74 814
74 814
74 814
74 814
10 455
10 455
10 455
10 455
10 455
10 455
10 455
10 455
10 455
10 455
10 455
10 455
10 455
10 455
10 455
10 455
10 455
10 455
10 455
75 845
75 845
75 845
75 845
75 845
75 845
75 845
75 845
75 845
75 845
75 845
75 845
75 845
75 845
75 845
77 833
77 833
77 833
77 833
77 833
77 833
77 833
13 533
13 533
13 533
13 533
13 533
13 533
13 533
13 533
13 533
13 533
13 533
13 533
13 533
13 533
13 533
13 533
13 533
13 533
13 533
13 533
13 533
13 533
13 533
13 533
13 533
13 533
13 533
13 533
76 1422
76 1422
76 1422
76 1422
76 1422
76 924
76 924
76 924
76 924
76 924
56 1624
56 1624
56 1624
56 1624
56 1624
56 1624
56 1624
56 1624
56 1624
56 1624
56 1624
56 1624
56 1624
56 1624
56 1624
56 1624
56 1624
56 1624
56 1624
56 1624
56 1124
56 1124
56 1124
56 1124
56 1124
56 1124
56 1124
56 1124
56 1124
56 1124
56 1124
56 1124
56 1124
56 1124
56 1124
56 1124
56 1124
56 1124
56 1124
56 1124
56 625
56 625
56 625
56 625
56 625
56 625
56 625
56 625
56 625
56 625
56 625
56 625
56 625
56 625
56 625
56 625
56 625
56 625
56 625
56 625
36 1825
36 1825
36 1825
36 1825
36 1825
36 1825
36 1825
36 1825
36 1825
36 1825
36 1825
36 1825
36 1825
36 1825
36 1825
36 1825
36 1825
36 1825
36 1825
36 1825
36 1825
36 1825
36 1326
36 1326
36 1326
36 1326
36 1326
36 1326
36 1326
36 1326
36 1326
36 1326
36 1326
36 1326
36 1326
36 1326
36 1326
36 1326
36 1326
36 1326
36 1326
36 1326
36 1326
36 1326
36 826
36 826
36 826
36 826
36 826
36 826
36 826
36 826
36 826
36 826
36 826
36 826
36 826
36 826
36 826
36 826
36 826
36 826
36 826
36 826
36 826
36 826
17 520
17 520
17 520
17 520
17 520
17 520
17 520
17 520
17 520
17 520
17 520
17 520
17 520
17 520
17 520
17 520
17 520
17 520
17 520
17 520
17 520
17 520
17 520
17 520
17 520
17 520
17 520
17 520
17 520
17 520
18 521
18 521
25 549
26 555
26 555
26 555
26 555
26 555
26 555
26 555
26 555
26 555
26 555
26 555
26 555
26 555
26 555
26 555
26 555
26 555
26 555
26 555
26 555
26 555
26 555
26 555
26 555
26 555
26 555
28 564
28 564
28 564
28 564
28 564
28 564
28 564
28 564
28 564
30 561
30 561
30 561
30 561
30 561
30 561
30 561
30 561
30 561
30 561
30 561
30 561
30 561
30 561
30 561
30 561
30 561
30 561
30 561
30 561
30 561
30 561
30 561
30 561
53 890
53 890
53 890
53 890
53 890
53 890
53 890
53 890
53 890
53 890
53 890
53 890
53 890
53 890
53 890
53 890
53 890
53 890
53 890
53 890
53 890
76 660
76 660
76 660
76 660
76 660
80 620
80 620
80 620
80 620
80 620
80 620
80 620
80 620
80 620
80 620
34 581
34 581
34 581
39 609
39 609
39 609
39 609
39 609
39 609
39 609
39 609
39 609
39 609
39 609
39 609
39 609
39 609
39 609
39 609
39 609
39 609
39 609
39 609
39 609
39 609
39 609
39 609
39 609
39 609
39 609
39 609
39 609
36 645
36 645
36 645
36 645
36 645
36 645
36 645
36 645
36 645
36 645
36 645
36 645
36 645
36 645
36 645
36 645
36 645
36 645
36 645
36 645
36 645
36 645
41 613
41 613
41 613
41 613
41 613
41 613
41 613
41 613
41 613
41 613
41 613
41 613
52 1005
52 1005
52 1005
52 1005
52 1005
52 1005
52 1005
52 1005
54 1014
54 1014
54 1014
54 1014
54 1014
54 1014
54 1014
54 1014
54 1014
54 1014
54 1014
54 1014
54 1014
54 1014
54 1014
54 1014
54 1014
45 607
45 607
45 607
45 607
45 607
45 607
45 607
45 607
45 607
45 607
45 607
45 607
45 607
55 1030
55 1030
55 1030
55 1030
55 1030
55 1030
55 1030
55 1030
55 1030
55 1030
55 1030
55 1030
55 1030
55 1030
55 1030
55 1030
55 1030
55 1030
55 1030
55 1030
55 1030
55 1030
55 1030
55 1030
55 1030
53 612
53 612
53 612
53 612
53 612
53 612
53 612
53 612
53 612
53 612
53 612
53 612
53 612
53 612
53 612
53 612
53 612
53 612
53 612
53 612
53 612
4 631
4 631
4 631
4 631
4 631
4 631
4 631
4 631
4 631
4 631
4 631
4 631
4 631
4 631
4 631
4 631
4 631
4 631
4 631
4 631
4 631
4 631
4 631
4 631
4 631
4 631
4 631
60 1073
60 1073
60 1073
60 1073
60 1073
60 1073
56 615
56 615
56 615
56 615
56 615
56 615
56 615
56 615
56 615
56 615
56 615
56 615
56 615
56 615
56 615
56 615
56 615
56 615
56 615
56 615
8 640
8 640
8 640
8 640
8 640
8 640
8 640
8 640
8 640
8 640
8 640
8 640
8 640
8 640
8 640
8 640
10 634
10 634
10 634
10 634
10 634
10 634
10 634
10 634
10 634
10 634
10 634
10 634
10 634
10 634
10 634
10 634
10 634
10 634
10 634
64 1095
64 1095
64 1095
64 1095
64 1095
64 1095
64 1095
64 1095
64 1095
64 1095
64 1095
65 1100
65 1100
65 1100
65 1100
65 1100
65 1100
65 1100
65 1100
65 1100
65 1100
65 1100
65 1100
65 1100
65 1100
65 1100
65 1100
65 1100
65 1100
71 1135
71 1135
71 1135
71 1135
71 1135
71 1135
71 1135
71 1135
71 1135
71 1135
71 1135
71 1135
71 1135
71 1135
13 723
13 723
13 723
13 723
13 723
13 723
13 723
13 723
13 723
13 723
13 723
13 723
13 723
13 723
13 723
13 723
13 723
13 723
13 723
13 723
13 723
13 723
13 723
13 723
13 723
13 723
13 723
13 723
17 715
17 715
17 715
17 715
17 715
17 715
17 715
17 715
17 715
17 715
17 715
17 715
17 715
17 715
17 715
17 715
17 715
17 715
17 715
17 715
17 715
17 715
17 715
17 715
17 715
17 715
17 715
17 715
17 715
17 715
18 725
18 725
74 1168
74 1168
74 1168
74 1168
75 1173
75 1173
75 1173
75 1173
75 1173
75 1173
75 1173
75 1173
75 1173
75 1173
75 1173
75 1173
75 1173
75 1173
75 1173
77 1183
77 1183
77 1183
77 1183
77 1183
77 1183
77 1183
25 763
36 668
36 668
36 668
36 668
36 668
36 668
36 668
36 668
36 668
36 668
36 668
36 668
36 668
36 668
36 668
36 668
36 668
36 668
36 668
36 668
36 668
36 668
26 774
26 774
26 774
26 774
26 774
26 774
26 774
26 774
26 774
26 774
26 774
26 774
26 774
26 774
26 774
26 774
26 774
26 774
26 774
26 774
26 774
26 774
26 774
26 774
26 774
26 774
28 791
28 791
28 791
28 791
28 791
28 791
28 791
28 791
28 791
76 818
76 818
76 818
76 818
76 818
34 754
34 754
34 754
80 795
80 795
80 795
80 795
80 795
80 795
80 795
80 795
80 795
80 795
30 801
30 801
30 801
30 801
30 801
30 801
30 801
30 801
30 801
30 801
30 801
30 801
30 801
30 801
30 801
30 801
30 801
30 801
30 801
30 801
30 801
30 801
30 801
30 801
39 829
39 829
39 829
39 829
39 829
39 829
39 829
39 829
39 829
39 829
39 829
39 829
39 829
39 829
39 829
39 829
39 829
39 829
39 829
39 829
39 829
39 829
39 829
39 829
39 829
39 829
39 829
39 829
39 829
53 709
53 709
53 709
53 709
53 709
53 709
53 709
53 709
53 709
53 709
53 709
53 709
53 709
53 709
53 709
53 709
53 709
53 709
53 709
53 709
53 709
4 708
4 708
4 708
4 708
4 708
4 708
4 708
4 708
4 708
4 708
4 708
4 708
4 708
4 708
4 708
4 708
4 708
4 708
4 708
4 708
4 708
4 708
4 708
4 708
4 708
4 708
4 708
41 841
41 841
41 841
41 841
41 841
41 841
41 841
41 841
41 841
41 841
41 841
41 841
52 1301
52 1301
52 1301
52 1301
52 1301
52 1301
52 1301
52 1301
45 875
45 875
45 875
45 875
45 875
45 875
45 875
45 875
45 875
45 875
45 875
45 875
45 875
54 1317
54 1317
54 1317
54 1317
54 1317
54 1317
54 1317
54 1317
54 1317
54 1317
54 1317
54 1317
54 1317
54 1317
54 1317
54 1317
54 1317
10 760
10 760
10 760
10 760
10 760
10 760
10 760
10 760
10 760
10 760
10 760
10 760
10 760
10 760
10 760
10 760
10 760
10 760
10 760
8 787
8 787
8 787
8 787
8 787
8 787
8 787
8 787
8 787
8 787
8 787
8 787
8 787
8 787
8 787
8 787
55 1342
55 1342
55 1342
55 1342
55 1342
55 1342
55 1342
55 1342
55 1342
55 1342
55 1342
55 1342
55 1342
55 1342
55 1342
55 1342
55 1342
55 1342
55 1342
55 1342
55 1342
55 1342
55 1342
55 1342
55 1342
60 1347
60 1347
60 1347
60 1347
60 1347
60 1347
56 914
56 914
56 914
56 914
56 914
56 914
56 914
56 914
56 914
56 914
56 914
56 914
56 914
56 914
56 914
56 914
56 914
56 914
56 914
56 914
64 1366
64 1366
64 1366
64 1366
64 1366
64 1366
64 1366
64 1366
64 1366
64 1366
64 1366
65 1391
65 1391
65 1391
65 1391
65 1391
65 1391
65 1391
65 1391
65 1391
65 1391
65 1391
65 1391
65 1391
65 1391
65 1391
65 1391
65 1391
65 1391
76 806
76 806
76 806
76 806
76 806
71 1397
71 1397
71 1397
71 1397
71 1397
71 1397
71 1397
71 1397
71 1397
71 1397
71 1397
71 1397
71 1397
71 1397
13 978
13 978
13 978
13 978
13 978
13 978
13 978
13 978
13 978
13 978
13 978
13 978
13 978
13 978
13 978
13 978
13 978
13 978
13 978
13 978
13 978
13 978
13 978
13 978
13 978
13 978
13 978
13 978
17 970
17 970
17 970
17 970
17 970
17 970
17 970
17 970
17 970
17 970
17 970
17 970
17 970
17 970
17 970
17 970
17 970
17 970
17 970
17 970
17 970
17 970
17 970
17 970
17 970
17 970
17 970
17 970
17 970
17 970
18 965
18 965
74 1444
74 1444
74 1444
74 1444
80 895
80 895
80 895
80 895
80 895
80 895
80 895
80 895
80 895
80 895
75 1452
75 1452
75 1452
75 1452
75 1452
75 1452
75 1452
75 1452
75 1452
75 1452
75 1452
75 1452
75 1452
75 1452
75 1452
34 863
34 863
34 863
77 1447
77 1447
77 1447
77 1447
77 1447
77 1447
77 1447
25 986
26 988
26 988
26 988
26 988
26 988
26 988
26 988
26 988
26 988
26 988
26 988
26 988
26 988
26 988
26 988
26 988
26 988
26 988
26 988
26 988
26 988
26 988
26 988
26 988
26 988
26 988
36 898
36 898
36 898
36 898
36 898
36 898
36 898
36 898
36 898
36 898
36 898
36 898
36 898
36 898
36 898
36 898
36 898
36 898
36 898
36 898
36 898
36 898
28 1013
28 1013
28 1013
28 1013
28 1013
28 1013
28 1013
28 1013
28 1013
30 1020
30 1020
30 1020
30 1020
30 1020
30 1020
30 1020
30 1020
30 1020
30 1020
30 1020
30 1020
30 1020
30 1020
30 1020
30 1020
30 1020
30 1020
30 1020
30 1020
30 1020
30 1020
30 1020
30 1020
39 1039
39 1039
39 1039
39 1039
39 1039
39 1039
39 1039
39 1039
39 1039
39 1039
39 1039
39 1039
39 1039
39 1039
39 1039
39 1039
39 1039
39 1039
39 1039
39 1039
39 1039
39 1039
39 1039
39 1039
39 1039
39 1039
39 1039
39 1039
39 1039
4 901
4 901
4 901
4 901
4 901
4 901
4 901
4 901
4 901
4 901
4 901
4 901
4 901
4 901
4 901
4 901
4 901
4 901
4 901
4 901
4 901
4 901
4 901
4 901
4 901
4 901
4 901
8 877
8 877
8 877
8 877
8 877
8 877
8 877
8 877
8 877
8 877
8 877
8 877
8 877
8 877
8 877
8 877
56 902
56 902
56 902
56 902
56 902
56 902
56 902
56 902
56 902
56 902
56 902
56 902
56 902
56 902
56 902
56 902
56 902
56 902
56 902
56 902
41 1059
41 1059
41 1059
41 1059
41 1059
41 1059
41 1059
41 1059
41 1059
41 1059
41 1059
41 1059
53 957
53 957
53 957
53 957
53 957
53 957
53 957
53 957
53 957
53 957
53 957
53 957
53 957
53 957
53 957
53 957
53 957
53 957
53 957
53 957
53 957
10 906
10 906
10 906
10 906
10 906
10 906
10 906
10 906
10 906
10 906
10 906
10 906
10 906
10 906
10 906
10 906
10 906
10 906
10 906
45 1078
45 1078
45 1078
45 1078
45 1078
45 1078
45 1078
45 1078
45 1078
45 1078
45 1078
45 1078
45 1078
52 1585
52 1585
52 1585
52 1585
52 1585
52 1585
52 1585
52 1585
54 1610
54 1610
54 1610
54 1610
54 1610
54 1610
54 1610
54 1610
54 1610
54 1610
54 1610
54 1610
54 1610
54 1610
54 1610
54 1610
54 1610
55 1608
55 1608
55 1608
55 1608
55 1608
55 1608
55 1608
55 1608
55 1608
55 1608
55 1608
55 1608
55 1608
55 1608
55 1608
55 1608
55 1608
55 1608
55 1608
55 1608
55 1608
55 1608
55 1608
55 1608
55 1608
76 937
76 937
76 937
76 937
76 937
60 1625
60 1625
60 1625
60 1625
60 1625
60 1625
64 1639
64 1639
64 1639
64 1639
64 1639
64 1639
64 1639
64 1639
64 1639
64 1639
64 1639
65 1685
65 1685
65 1685
65 1685
65 1685
65 1685
65 1685
65 1685
65 1685
65 1685
65 1685
65 1685
65 1685
65 1685
65 1685
65 1685
65 1685
65 1685
80 1077
80 1077
80 1077
80 1077
80 1077
80 1077
80 1077
80 1077
80 1077
80 1077
71 1718
71 1718
71 1718
71 1718
71 1718
71 1718
71 1718
71 1718
71 1718
71 1718
71 1718
71 1718
71 1718
71 1718
74 1724
74 1724
74 1724
74 1724
75 1735
75 1735
75 1735
75 1735
75 1735
75 1735
75 1735
75 1735
75 1735
75 1735
75 1735
75 1735
75 1735
75 1735
75 1735
77 1748
77 1748
77 1748
77 1748
77 1748
77 1748
77 1748
