6 163
6 163
6 163
6 163
6 163
6 163
6 163
3 198
3 198
3 198
3 198
3 198
3 198
3 198
3 198
3 198
3 198
3 198
3 198
3 198
3 198
3 198
3 198
3 198
3 198
3 198
3 198
3 198
3 198
3 198
3 198
3 198
3 198
11 119
11 119
11 119
11 119
11 119
11 119
11 119
11 119
11 119
11 119
11 119
13 142
13 142
13 142
13 142
24 59
24 59
24 59
24 59
24 59
24 59
24 59
24 59
24 59
24 59
24 59
24 59
24 59
24 59
18 120
18 120
18 120
18 120
18 120
18 120
18 120
18 120
18 120
18 120
18 120
18 120
18 120
18 120
18 120
18 120
18 120
18 120
18 120
18 120
18 120
18 120
18 120
18 120
18 120
18 120
18 120
32 66
32 66
32 66
32 66
32 66
32 66
26 166
26 166
26 166
26 166
26 166
26 166
26 166
26 166
26 166
26 166
26 166
26 166
26 166
26 166
26 166
26 166
26 166
26 166
26 166
26 166
30 210
30 210
30 210
30 210
30 210
30 210
30 210
30 210
30 210
30 210
43 116
43 116
43 116
43 116
43 116
43 116
43 116
43 116
43 116
43 116
43 116
43 116
43 116
43 116
43 116
43 116
43 116
43 116
43 116
43 116
43 116
43 116
43 116
43 116
54 147
54 147
54 147
54 147
54 147
54 147
54 147
54 147
54 147
54 147
54 147
54 147
54 147
54 147
54 147
54 147
54 147
54 147
54 147
54 147
54 147
54 147
54 147
54 147
54 147
57 119
57 119
57 119
57 119
57 119
57 119
57 119
57 119
57 119
57 119
57 119
57 119
57 119
57 119
57 119
57 119
60 116
60 116
60 116
60 116
60 116
60 116
60 116
60 116
60 116
60 116
60 116
60 116
60 116
60 116
60 116
60 116
60 116
60 116
13 119
13 119
13 119
13 119
72 124
72 124
72 124
72 124
72 124
72 124
72 124
72 124
72 124
72 124
72 124
72 124
72 124
72 124
72 124
24 123
24 123
24 123
24 123
24 123
24 123
24 123
24 123
24 123
24 123
24 123
24 123
24 123
24 123
3 360
3 360
3 360
3 360
3 360
3 360
3 360
3 360
3 360
3 360
3 360
3 360
3 360
3 360
3 360
3 360
3 360
3 360
3 360
3 360
3 360
3 360
3 360
3 360
3 360
3 360
6 378
6 378
6 378
6 378
6 378
6 378
6 378
32 183
32 183
32 183
32 183
32 183
32 183
11 401
11 401
11 401
11 401
11 401
11 401
11 401
11 401
11 401
11 401
11 401
43 244
43 244
43 244
43 244
43 244
43 244
43 244
43 244
43 244
43 244
43 244
43 244
43 244
43 244
43 244
43 244
43 244
43 244
43 244
43 244
43 244
43 244
43 244
43 244
65 573
65 573
65 573
65 573
65 573
65 573
65 573
65 573
65 573
65 573
65 573
65 573
65 573
65 573
65 573
65 573
65 573
65 573
65 573
65 573
65 573
65 573
65 573
65 573
65 573
65 573
65 573
65 573
68 587
68 587
68 587
68 587
68 587
68 587
68 587
68 587
68 587
68 587
68 587
68 587
68 587
68 587
68 587
68 587
68 587
68 587
68 587
68 587
68 587
68 587
68 587
23 1037
23 1037
23 1037
23 1037
23 1037
23 1037
23 1037
23 1037
23 1037
23 538
23 538
23 538
23 538
23 538
23 538
23 538
23 538
23 538
67 629
67 629
67 629
67 629
67 629
67 629
67 629
67 629
67 629
67 629
67 629
67 629
67 629
67 629
67 629
67 629
67 629
67 629
67 629
67 629
67 629
18 619
18 619
18 619
18 619
18 619
18 619
18 619
18 619
18 619
18 619
18 619
18 619
18 619
18 619
18 619
18 619
18 619
18 619
18 619
18 619
18 619
18 619
18 619
18 619
18 619
18 619
18 619
54 492
54 492
54 492
54 492
54 492
54 492
54 492
54 492
54 492
54 492
54 492
54 492
54 492
54 492
54 492
54 492
54 492
54 492
54 492
54 492
54 492
54 492
54 492
54 492
54 492
57 465
57 465
57 465
57 465
57 465
57 465
57 465
57 465
57 465
57 465
57 465
57 465
57 465
57 465
57 465
57 465
60 438
60 438
60 438
60 438
60 438
60 438
60 438
60 438
60 438
60 438
60 438
60 438
60 438
60 438
60 438
60 438
60 438
60 438
13 410
13 410
13 410
13 410
68 369
68 369
68 369
68 369
68 369
68 369
68 369
68 369
68 369
68 369
68 369
68 369
68 369
68 369
68 369
68 369
68 369
68 369
68 369
68 369
68 369
68 369
68 369
72 330
72 330
72 330
72 330
72 330
72 330
72 330
72 330
72 330
72 330
72 330
72 330
72 330
72 330
72 330
23 325
23 325
23 325
23 325
23 325
23 325
23 325
23 325
23 325
24 333
24 333
24 333
24 333
24 333
24 333
24 333
24 333
24 333
24 333
24 333
24 333
24 333
24 333
32 311
32 311
32 311
32 311
32 311
32 311
26 951
26 951
26 951
26 951
26 951
26 951
26 951
26 951
26 951
26 951
26 951
26 951
26 951
26 951
26 951
26 951
26 951
26 951
26 951
26 951
30 926
30 926
30 926
30 926
30 926
30 926
30 926
30 926
30 926
30 926
43 314
43 314
43 314
43 314
43 314
43 314
43 314
43 314
43 314
43 314
43 314
43 314
43 314
43 314
43 314
43 314
43 314
43 314
43 314
43 314
43 314
43 314
43 314
43 314
3 716
3 716
3 716
3 716
3 716
3 716
3 716
3 716
3 716
3 716
3 716
3 716
3 716
3 716
3 716
3 716
3 716
3 716
3 716
3 716
3 716
3 716
3 716
3 716
3 716
3 716
81 949
81 949
81 949
81 949
81 949
81 949
81 949
81 949
81 949
81 949
81 949
81 949
81 949
81 949
81 949
81 949
81 949
81 949
81 949
81 949
81 949
81 949
81 949
81 949
81 949
81 949
81 949
81 949
81 949
81 949
6 729
6 729
6 729
6 729
6 729
6 729
6 729
11 743
11 743
11 743
11 743
11 743
11 743
11 743
11 743
11 743
11 743
11 743
54 367
54 367
54 367
54 367
54 367
54 367
54 367
54 367
54 367
54 367
54 367
54 367
54 367
54 367
54 367
54 367
54 367
54 367
54 367
54 367
54 367
54 367
54 367
54 367
54 367
65 790
65 790
65 790
65 790
65 790
65 790
65 790
65 790
65 790
65 790
65 790
65 790
65 790
65 790
65 790
65 790
65 790
65 790
65 790
65 790
65 790
65 790
65 790
65 790
65 790
65 790
65 790
65 790
57 376
57 376
57 376
57 376
57 376
57 376
57 376
57 376
57 376
57 376
57 376
57 376
57 376
57 376
57 376
57 376
67 783
67 783
67 783
67 783
67 783
67 783
67 783
67 783
67 783
67 783
67 783
67 783
67 783
67 783
67 783
67 783
67 783
67 783
67 783
67 783
67 783
18 791
18 791
18 791
18 791
18 791
18 791
18 791
18 791
18 791
18 791
18 791
18 791
18 791
18 791
18 791
18 791
18 791
18 791
18 791
18 791
18 791
18 791
18 791
18 791
18 791
18 791
18 791
60 377
60 377
60 377
60 377
60 377
60 377
60 377
60 377
60 377
60 377
60 377
60 377
60 377
60 377
60 377
60 377
60 377
60 377
13 363
13 363
13 363
13 363
68 371
68 371
68 371
68 371
68 371
68 371
68 371
68 371
68 371
68 371
68 371
68 371
68 371
68 371
68 371
68 371
68 371
68 371
68 371
68 371
68 371
68 371
68 371
26 807
26 807
26 807
26 807
26 807
26 807
26 807
26 807
26 807
26 807
26 807
26 807
26 807
26 807
26 807
26 807
26 807
26 807
26 807
26 807
72 387
72 387
72 387
72 387
72 387
72 387
72 387
72 387
72 387
72 387
72 387
72 387
72 387
72 387
72 387
30 821
30 821
30 821
30 821
30 821
30 821
30 821
30 821
30 821
30 821
81 815
81 815
81 815
81 815
81 815
81 815
81 815
81 815
81 815
81 815
81 815
81 815
81 815
81 815
81 815
81 815
81 815
81 815
81 815
81 815
81 815
81 815
81 815
81 815
81 815
81 815
81 815
81 815
81 815
81 815
23 411
23 411
23 411
23 411
23 411
23 411
23 411
23 411
23 411
24 415
24 415
24 415
24 415
24 415
24 415
24 415
24 415
24 415
24 415
24 415
24 415
24 415
24 415
32 398
32 398
32 398
32 398
32 398
32 398
66 1561
66 1561
66 1561
66 1561
66 1561
66 1561
66 1561
66 1561
66 1061
66 1061
66 1061
66 1061
66 1061
66 1061
66 1061
66 1061
43 425
43 425
43 425
43 425
43 425
43 425
43 425
43 425
43 425
43 425
43 425
43 425
43 425
43 425
43 425
43 425
43 425
43 425
43 425
43 425
43 425
43 425
43 425
43 425
54 403
54 403
54 403
54 403
54 403
54 403
54 403
54 403
54 403
54 403
54 403
54 403
54 403
54 403
54 403
54 403
54 403
54 403
54 403
54 403
54 403
54 403
54 403
54 403
54 403
57 395
57 395
57 395
57 395
57 395
57 395
57 395
57 395
57 395
57 395
57 395
57 395
57 395
57 395
57 395
57 395
3 947
3 947
3 947
3 947
3 947
3 947
3 947
3 947
3 947
3 947
3 947
3 947
3 947
3 947
3 947
3 947
3 947
3 947
3 947
3 947
3 947
3 947
3 947
3 947
3 947
3 947
6 950
6 950
6 950
6 950
6 950
6 950
6 950
60 413
60 413
60 413
60 413
60 413
60 413
60 413
60 413
60 413
60 413
60 413
60 413
60 413
60 413
60 413
60 413
60 413
60 413
13 396
13 396
13 396
13 396
68 399
68 399
68 399
68 399
68 399
68 399
68 399
68 399
68 399
68 399
68 399
68 399
68 399
68 399
68 399
68 399
68 399
68 399
68 399
68 399
68 399
68 399
68 399
11 1007
11 1007
11 1007
11 1007
11 1007
11 1007
11 1007
11 1007
11 1007
11 1007
11 1007
72 418
72 418
72 418
72 418
72 418
72 418
72 418
72 418
72 418
72 418
72 418
72 418
72 418
72 418
72 418
23 415
23 415
23 415
23 415
23 415
23 415
23 415
23 415
23 415
66 1024
66 1024
66 1024
66 1024
66 1024
66 1024
66 1024
66 1024
65 1037
65 1037
65 1037
65 1037
65 1037
65 1037
65 1037
65 1037
65 1037
65 1037
65 1037
65 1037
65 1037
65 1037
65 1037
65 1037
65 1037
65 1037
65 1037
65 1037
65 1037
65 1037
65 1037
65 1037
65 1037
65 1037
65 1037
65 1037
67 1031
67 1031
67 1031
67 1031
67 1031
67 1031
67 1031
67 1031
67 1031
67 1031
67 1031
67 1031
67 1031
67 1031
67 1031
67 1031
67 1031
67 1031
67 1031
67 1031
67 1031
24 473
24 473
24 473
24 473
24 473
24 473
24 473
24 473
24 473
24 473
24 473
24 473
24 473
24 473
18 1065
18 1065
18 1065
18 1065
18 1065
18 1065
18 1065
18 1065
18 1065
18 1065
18 1065
18 1065
18 1065
18 1065
18 1065
18 1065
18 1065
18 1065
18 1065
18 1065
18 1065
18 1065
18 1065
18 1065
18 1065
18 1065
18 1065
32 435
32 435
32 435
32 435
32 435
32 435
43 418
43 418
43 418
43 418
43 418
43 418
43 418
43 418
43 418
43 418
43 418
43 418
43 418
43 418
43 418
43 418
43 418
43 418
43 418
43 418
43 418
43 418
43 418
43 418
26 1103
26 1103
26 1103
26 1103
26 1103
26 1103
26 1103
26 1103
26 1103
26 1103
26 1103
26 1103
26 1103
26 1103
26 1103
26 1103
26 1103
26 1103
26 1103
26 1103
30 1119
30 1119
30 1119
30 1119
30 1119
30 1119
30 1119
30 1119
30 1119
30 1119
81 1119
81 1119
81 1119
81 1119
81 1119
81 1119
81 1119
81 1119
81 1119
81 1119
81 1119
81 1119
81 1119
81 1119
81 1119
81 1119
81 1119
81 1119
81 1119
81 1119
81 1119
81 1119
81 1119
81 1119
81 1119
81 1119
81 1119
81 1119
81 1119
81 1119
54 447
54 447
54 447
54 447
54 447
54 447
54 447
54 447
54 447
54 447
54 447
54 447
54 447
54 447
54 447
54 447
54 447
54 447
54 447
54 447
54 447
54 447
54 447
54 447
54 447
57 441
57 441
57 441
57 441
57 441
57 441
57 441
57 441
57 441
57 441
57 441
57 441
57 441
57 441
57 441
57 441
60 492
60 492
60 492
60 492
60 492
60 492
60 492
60 492
60 492
60 492
60 492
60 492
60 492
60 492
60 492
60 492
60 492
60 492
13 517
13 517
13 517
13 517
68 484
68 484
68 484
68 484
68 484
68 484
68 484
68 484
68 484
68 484
68 484
68 484
68 484
68 484
68 484
68 484
68 484
68 484
68 484
68 484
68 484
68 484
68 484
72 465
72 465
72 465
72 465
72 465
72 465
72 465
72 465
72 465
72 465
72 465
72 465
72 465
72 465
72 465
23 466
23 466
23 466
23 466
23 466
23 466
23 466
23 466
23 466
24 464
24 464
24 464
24 464
24 464
24 464
24 464
24 464
24 464
24 464
24 464
24 464
24 464
24 464
3 1227
3 1227
3 1227
3 1227
3 1227
3 1227
3 1227
3 1227
3 1227
3 1227
3 1227
3 1227
3 1227
3 1227
3 1227
3 1227
3 1227
3 1227
3 1227
3 1227
3 1227
3 1227
3 1227
3 1227
3 1227
3 1227
32 463
32 463
32 463
32 463
32 463
32 463
6 1280
6 1280
6 1280
6 1280
6 1280
6 1280
6 1280
28 3065
28 3065
28 3065
28 3065
28 3065
28 3065
28 3065
28 3065
28 3065
28 3065
28 3065
28 3065
28 3065
28 3065
28 3065
28 3065
28 3065
28 3065
28 3065
28 3065
28 3065
28 3065
28 3065
28 3065
28 3065
28 3065
28 3065
28 3065
28 3065
11 1284
11 1284
11 1284
11 1284
11 1284
11 1284
11 1284
11 1284
11 1284
11 1284
11 1284
38 3022
38 3022
38 3022
43 485
43 485
43 485
43 485
43 485
43 485
43 485
43 485
43 485
43 485
43 485
43 485
43 485
43 485
43 485
43 485
43 485
43 485
43 485
43 485
43 485
43 485
43 485
43 485
61 1328
61 1328
65 1311
65 1311
65 1311
65 1311
65 1311
65 1311
65 1311
65 1311
65 1311
65 1311
65 1311
65 1311
65 1311
65 1311
65 1311
65 1311
65 1311
65 1311
65 1311
65 1311
65 1311
65 1311
65 1311
65 1311
65 1311
65 1311
65 1311
65 1311
66 1313
66 1313
66 1313
66 1313
66 1313
66 1313
66 1313
66 1313
67 1312
67 1312
67 1312
67 1312
67 1312
67 1312
67 1312
67 1312
67 1312
67 1312
67 1312
67 1312
67 1312
67 1312
67 1312
67 1312
67 1312
67 1312
67 1312
67 1312
67 1312
18 1314
18 1314
18 1314
18 1314
18 1314
18 1314
18 1314
18 1314
18 1314
18 1314
18 1314
18 1314
18 1314
18 1314
18 1314
18 1314
18 1314
18 1314
18 1314
18 1314
18 1314
18 1314
18 1314
18 1314
18 1314
18 1314
18 1314
64 1367
64 1367
64 1367
64 1367
64 1367
64 1367
64 1367
64 1367
64 1367
64 1367
64 1367
64 1367
64 1367
64 1367
64 1367
64 1367
64 1367
64 1367
64 1367
64 1367
64 1367
64 1367
54 533
54 533
54 533
54 533
54 533
54 533
54 533
54 533
54 533
54 533
54 533
54 533
54 533
54 533
54 533
54 533
54 533
54 533
54 533
54 533
54 533
54 533
54 533
54 533
54 533
57 517
57 517
57 517
57 517
57 517
57 517
57 517
57 517
57 517
57 517
57 517
57 517
57 517
57 517
57 517
57 517
60 518
60 518
60 518
60 518
60 518
60 518
60 518
60 518
60 518
60 518
60 518
60 518
60 518
60 518
60 518
60 518
60 518
60 518
26 1380
26 1380
26 1380
26 1380
26 1380
26 1380
26 1380
26 1380
26 1380
26 1380
26 1380
26 1380
26 1380
26 1380
26 1380
26 1380
26 1380
26 1380
26 1380
26 1380
13 559
13 559
13 559
13 559
30 1400
30 1400
30 1400
30 1400
30 1400
30 1400
30 1400
30 1400
30 1400
30 1400
81 1404
81 1404
81 1404
81 1404
81 1404
81 1404
81 1404
81 1404
81 1404
81 1404
81 1404
81 1404
81 1404
81 1404
81 1404
81 1404
81 1404
81 1404
81 1404
81 1404
81 1404
81 1404
81 1404
81 1404
81 1404
81 1404
81 1404
81 1404
81 1404
81 1404
68 534
68 534
68 534
68 534
68 534
68 534
68 534
68 534
68 534
68 534
68 534
68 534
68 534
68 534
68 534
68 534
68 534
68 534
68 534
68 534
68 534
68 534
68 534
72 518
72 518
72 518
72 518
72 518
72 518
72 518
72 518
72 518
72 518
72 518
72 518
72 518
72 518
72 518
23 525
23 525
23 525
23 525
23 525
23 525
23 525
23 525
23 525
24 522
24 522
24 522
24 522
24 522
24 522
24 522
24 522
24 522
24 522
24 522
24 522
24 522
24 522
28 1482
28 1482
28 1482
28 1482
28 1482
28 1482
28 1482
28 1482
28 1482
28 1482
28 1482
28 1482
28 1482
28 1482
28 1482
28 1482
28 1482
28 1482
28 1482
28 1482
28 1482
28 1482
28 1482
28 1482
28 1482
28 1482
28 1482
28 1482
28 1482
76 1502
76 1502
76 1502
76 1502
76 1502
76 1502
76 1502
76 1502
76 1502
76 1502
76 1502
76 1502
76 1502
76 1502
76 1502
76 1502
76 1502
76 1502
76 1502
74 1599
74 1599
74 1599
74 1599
74 1599
74 1599
74 1599
74 1599
74 1599
74 1599
74 1599
74 1599
38 1510
38 1510
38 1510
41 1533
41 1533
41 1533
41 1533
41 1533
32 640
32 640
32 640
32 640
32 640
32 640
3 1488
3 1488
3 1488
3 1488
3 1488
3 1488
3 1488
3 1488
3 1488
3 1488
3 1488
3 1488
3 1488
3 1488
3 1488
3 1488
3 1488
3 1488
3 1488
3 1488
3 1488
3 1488
3 1488
3 1488
3 1488
3 1488
43 590
43 590
43 590
43 590
43 590
43 590
43 590
43 590
43 590
43 590
43 590
43 590
43 590
43 590
43 590
43 590
43 590
43 590
43 590
43 590
43 590
43 590
43 590
43 590
49 1602
54 616
54 616
54 616
54 616
54 616
54 616
54 616
54 616
54 616
54 616
54 616
54 616
54 616
54 616
54 616
54 616
54 616
54 616
54 616
54 616
54 616
54 616
54 616
54 616
54 616
57 605
57 605
57 605
57 605
57 605
57 605
57 605
57 605
57 605
57 605
57 605
57 605
57 605
57 605
57 605
57 605
60 599
60 599
60 599
60 599
60 599
60 599
60 599
60 599
60 599
60 599
60 599
60 599
60 599
60 599
60 599
60 599
60 599
60 599
61 1602
61 1602
64 1618
64 1618
64 1618
64 1618
64 1618
64 1618
64 1618
64 1618
64 1618
64 1618
64 1618
64 1618
64 1618
64 1618
64 1618
64 1618
64 1618
64 1618
64 1618
64 1618
64 1618
64 1618
65 1611
65 1611
65 1611
65 1611
65 1611
65 1611
65 1611
65 1611
65 1611
65 1611
65 1611
65 1611
65 1611
65 1611
65 1611
65 1611
65 1611
65 1611
65 1611
65 1611
65 1611
65 1611
65 1611
65 1611
65 1611
65 1611
65 1611
65 1611
66 1601
66 1601
66 1601
66 1601
66 1601
66 1601
66 1601
66 1601
67 1592
67 1592
67 1592
67 1592
67 1592
67 1592
67 1592
67 1592
67 1592
67 1592
67 1592
67 1592
67 1592
67 1592
67 1592
67 1592
67 1592
67 1592
67 1592
67 1592
67 1592
44 1866
44 1866
44 1866
44 1866
44 1866
44 1866
44 1866
44 1866
44 1866
44 1866
44 1866
44 1866
44 1866
36 3947
36 3947
36 3947
36 3947
36 3947
36 3947
36 3947
36 3947
36 3947
36 3947
36 3947
36 3947
36 3947
36 3947
36 3947
36 3947
36 3947
36 1947
36 1947
36 1947
36 1947
36 1947
36 1947
36 1947
36 1947
36 1947
36 1947
36 1947
36 1947
36 1947
36 1947
36 1947
36 1947
36 1947
68 637
68 637
68 637
68 637
68 637
68 637
68 637
68 637
68 637
68 637
68 637
68 637
68 637
68 637
68 637
68 637
68 637
68 637
68 637
68 637
68 637
68 637
68 637
72 668
72 668
72 668
72 668
72 668
72 668
72 668
72 668
72 668
72 668
72 668
72 668
72 668
72 668
72 668
74 1706
74 1706
74 1706
74 1706
74 1706
74 1706
74 1706
74 1706
74 1706
74 1706
74 1706
74 1706
76 1696
76 1696
76 1696
76 1696
76 1696
76 1696
76 1696
76 1696
76 1696
76 1696
76 1696
76 1696
76 1696
76 1696
76 1696
76 1696
76 1696
76 1696
76 1696
81 1668
81 1668
81 1668
81 1668
81 1668
81 1668
81 1668
81 1668
81 1668
81 1668
81 1668
81 1668
81 1668
81 1668
81 1668
81 1668
81 1668
81 1668
81 1668
81 1668
81 1668
81 1668
81 1668
81 1668
81 1668
81 1668
81 1668
81 1668
81 1668
81 1668
