7 70
7 70
7 70
7 70
7 70
7 70
8 84
8 84
8 84
8 84
8 84
8 84
8 84
19 24
19 24
19 24
19 24
19 24
19 24
19 24
19 24
19 24
19 24
19 24
21 26
21 26
21 26
21 26
25 8
26 9
26 9
26 9
26 9
26 9
26 9
26 9
26 9
26 9
35 19
35 19
40 26
40 26
40 26
7 1
7 1
7 1
7 1
7 1
7 1
8 10
8 10
8 10
8 10
8 10
8 10
8 10
17 425
17 425
17 425
17 425
17 425
17 425
17 425
17 425
17 425
17 425
17 425
17 425
17 425
17 425
17 425
17 425
17 425
17 425
17 425
17 425
17 425
17 425
62 2
62 2
62 2
62 2
62 2
62 2
62 2
62 2
62 2
62 2
66 37
66 37
66 37
66 37
66 37
66 37
66 37
66 37
66 37
66 37
66 37
66 37
66 37
66 37
66 37
66 37
19 21
19 21
19 21
19 21
19 21
19 21
19 21
19 21
19 21
19 21
19 21
37 347
37 347
37 347
37 347
37 347
37 347
37 347
37 347
37 347
37 347
37 347
37 347
37 347
37 347
37 347
37 347
37 347
37 347
37 347
37 347
37 347
21 12
21 12
21 12
21 12
72 16
72 16
72 16
72 16
72 16
72 16
72 16
72 16
72 16
72 16
72 16
72 16
72 16
72 16
72 16
72 16
72 16
25 3
26 1
26 1
26 1
26 1
26 1
26 1
26 1
26 1
26 1
76 82
76 82
76 82
76 82
76 82
76 82
76 82
76 82
76 82
76 82
76 82
76 82
79 67
79 67
79 67
79 67
79 67
79 67
79 67
79 67
35 12
35 12
40 4
40 4
40 4
6 1036
6 1036
6 1036
6 1036
6 1036
6 1036
6 1036
6 1036
6 1036
6 1036
6 1036
6 1036
6 1036
6 1036
6 1036
6 1036
6 1036
6 1036
6 1036
6 1036
6 1036
6 1036
6 1036
6 1036
6 536
6 536
6 536
6 536
6 536
6 536
6 536
6 536
6 536
6 536
6 536
6 536
6 536
6 536
6 536
6 536
6 536
6 536
6 536
6 536
6 536
6 536
6 536
6 536
4 1056
4 1056
4 1056
4 1056
4 1056
4 557
4 557
4 557
4 557
4 557
4 57
4 57
4 57
4 57
4 57
3 1067
3 1067
3 1067
3 1067
3 1067
3 1067
3 1067
3 1067
3 1067
3 1067
3 1067
3 1067
3 1067
3 1067
3 1067
3 1067
3 1067
3 1067
3 1067
3 1067
3 568
3 568
3 568
3 568
3 568
3 568
3 568
3 568
3 568
3 568
3 568
3 568
3 568
3 568
3 568
3 568
3 568
3 568
3 568
3 568
3 68
3 68
3 68
3 68
3 68
3 68
3 68
3 68
3 68
3 68
3 68
3 68
3 68
3 68
3 68
3 68
3 68
3 68
3 68
3 68
6 41
6 41
6 41
6 41
6 41
6 41
6 41
6 41
6 41
6 41
6 41
6 41
6 41
6 41
6 41
6 41
6 41
6 41
6 41
6 41
6 41
6 41
6 41
6 41
7 78
7 78
7 78
7 78
7 78
7 78
8 132
8 132
8 132
8 132
8 132
8 132
8 132
62 145
62 145
62 145
62 145
62 145
62 145
62 145
62 145
62 145
62 145
19 228
19 228
19 228
19 228
19 228
19 228
19 228
19 228
19 228
19 228
19 228
21 302
21 302
21 302
21 302
25 262
26 255
26 255
26 255
26 255
26 255
26 255
26 255
26 255
26 255
35 178
35 178
40 133
40 133
40 133
66 385
66 385
66 385
66 385
66 385
66 385
66 385
66 385
66 385
66 385
66 385
66 385
66 385
66 385
66 385
66 385
72 337
72 337
72 337
72 337
72 337
72 337
72 337
72 337
72 337
72 337
72 337
72 337
72 337
72 337
72 337
72 337
72 337
76 299
76 299
76 299
76 299
76 299
76 299
76 299
76 299
76 299
76 299
76 299
76 299
79 275
79 275
79 275
79 275
79 275
79 275
79 275
79 275
4 98
4 98
4 98
4 98
4 98
6 108
6 108
6 108
6 108
6 108
6 108
6 108
6 108
6 108
6 108
6 108
6 108
6 108
6 108
6 108
6 108
6 108
6 108
6 108
6 108
6 108
6 108
6 108
6 108
7 110
7 110
7 110
7 110
7 110
7 110
3 161
3 161
3 161
3 161
3 161
3 161
3 161
3 161
3 161
3 161
3 161
3 161
3 161
3 161
3 161
3 161
3 161
3 161
3 161
3 161
19 3
19 3
19 3
19 3
19 3
19 3
19 3
19 3
19 3
19 3
19 3
8 117
8 117
8 117
8 117
8 117
8 117
8 117
62 101
62 101
62 101
62 101
62 101
62 101
62 101
62 101
62 101
62 101
21 22
21 22
21 22
21 22
25 2
66 94
66 94
66 94
66 94
66 94
66 94
66 94
66 94
66 94
66 94
66 94
66 94
66 94
66 94
66 94
66 94
26 14
26 14
26 14
26 14
26 14
26 14
26 14
26 14
26 14
72 83
72 83
72 83
72 83
72 83
72 83
72 83
72 83
72 83
72 83
72 83
72 83
72 83
72 83
72 83
72 83
72 83
76 97
76 97
76 97
76 97
76 97
76 97
76 97
76 97
76 97
76 97
76 97
76 97
35 16
35 16
79 111
79 111
79 111
79 111
79 111
79 111
79 111
79 111
40 4
40 4
40 4
3 82
3 82
3 82
3 82
3 82
3 82
3 82
3 82
3 82
3 82
3 82
3 82
3 82
3 82
3 82
3 82
3 82
3 82
3 82
3 82
4 86
4 86
4 86
4 86
4 86
6 67
6 67
6 67
6 67
6 67
6 67
6 67
6 67
6 67
6 67
6 67
6 67
6 67
6 67
6 67
6 67
6 67
6 67
6 67
6 67
6 67
6 67
6 67
6 67
7 59
7 59
7 59
7 59
7 59
7 59
8 109
8 109
8 109
8 109
8 109
8 109
8 109
19 5
19 5
19 5
19 5
19 5
19 5
19 5
19 5
19 5
19 5
19 5
62 93
62 93
62 93
62 93
62 93
62 93
62 93
62 93
62 93
62 93
21 5
21 5
21 5
21 5
66 67
66 67
66 67
66 67
66 67
66 67
66 67
66 67
66 67
66 67
66 67
66 67
66 67
66 67
66 67
66 67
25 10
26 2
26 2
26 2
26 2
26 2
26 2
26 2
26 2
26 2
72 74
72 74
72 74
72 74
72 74
72 74
72 74
72 74
72 74
72 74
72 74
72 74
72 74
72 74
72 74
72 74
72 74
35 5
35 5
76 99
76 99
76 99
76 99
76 99
76 99
76 99
76 99
76 99
76 99
76 99
76 99
79 103
79 103
79 103
79 103
79 103
79 103
79 103
79 103
40 6
40 6
40 6
3 9
3 9
3 9
3 9
3 9
3 9
3 9
3 9
3 9
3 9
3 9
3 9
3 9
3 9
3 9
3 9
3 9
3 9
3 9
3 9
4 19
4 19
4 19
4 19
4 19
6 8
6 8
6 8
6 8
6 8
6 8
6 8
6 8
6 8
6 8
6 8
6 8
6 8
6 8
6 8
6 8
6 8
6 8
6 8
6 8
6 8
6 8
6 8
6 8
7 26
7 26
7 26
7 26
7 26
7 26
8 80
8 80
8 80
8 80
8 80
8 80
8 80
19 5
19 5
19 5
19 5
19 5
19 5
19 5
19 5
19 5
19 5
19 5
62 89
62 89
62 89
62 89
62 89
62 89
62 89
62 89
62 89
62 89
21 3
21 3
21 3
21 3
66 54
66 54
66 54
66 54
66 54
66 54
66 54
66 54
66 54
66 54
66 54
66 54
66 54
66 54
66 54
66 54
72 23
72 23
72 23
72 23
72 23
72 23
72 23
72 23
72 23
72 23
72 23
72 23
72 23
72 23
72 23
72 23
72 23
25 3
76 2
76 2
76 2
76 2
76 2
76 2
76 2
76 2
76 2
76 2
76 2
76 2
26 4
26 4
26 4
26 4
26 4
26 4
26 4
26 4
26 4
79 16
79 16
79 16
79 16
79 16
79 16
79 16
79 16
35 7
35 7
40 4
40 4
40 4
3 49
3 49
3 49
3 49
3 49
3 49
3 49
3 49
3 49
3 49
3 49
3 49
3 49
3 49
3 49
3 49
3 49
3 49
3 49
3 49
4 69
4 69
4 69
4 69
4 69
6 50
6 50
6 50
6 50
6 50
6 50
6 50
6 50
6 50
6 50
6 50
6 50
6 50
6 50
6 50
6 50
6 50
6 50
6 50
6 50
6 50
6 50
6 50
6 50
7 43
7 43
7 43
7 43
7 43
7 43
8 49
8 49
8 49
8 49
8 49
8 49
8 49
62 17
62 17
62 17
62 17
62 17
62 17
62 17
62 17
62 17
62 17
17 2004
17 2004
17 2004
17 2004
17 2004
17 2004
17 2004
17 2004
17 2004
17 2004
17 2004
17 2004
17 2004
17 2004
17 2004
17 2004
17 2004
17 2004
17 2004
17 2004
17 2004
17 2004
19 3
19 3
19 3
19 3
19 3
19 3
19 3
19 3
19 3
19 3
19 3
66 41
66 41
66 41
66 41
66 41
66 41
66 41
66 41
66 41
66 41
66 41
66 41
66 41
66 41
66 41
66 41
21 6
21 6
21 6
21 6
72 6
72 6
72 6
72 6
72 6
72 6
72 6
72 6
72 6
72 6
72 6
72 6
72 6
72 6
72 6
72 6
72 6
37 1370
37 1370
37 1370
37 1370
37 1370
37 1370
37 1370
37 1370
37 1370
37 1370
37 1370
37 1370
37 1370
37 1370
37 1370
37 1370
37 1370
37 1370
37 1370
37 1370
37 1370
25 3
76 2
76 2
76 2
76 2
76 2
76 2
76 2
76 2
76 2
76 2
76 2
76 2
26 4
26 4
26 4
26 4
26 4
26 4
26 4
26 4
26 4
17 1628
17 1628
17 1628
17 1628
17 1628
17 1628
17 1628
17 1628
17 1628
17 1628
17 1628
17 1628
17 1628
17 1628
17 1628
17 1628
17 1628
17 1628
17 1628
17 1628
17 1628
17 1628
35 3
35 3
79 99
79 99
79 99
79 99
79 99
79 99
79 99
79 99
40 2
40 2
40 2
3 14
3 14
3 14
3 14
3 14
3 14
3 14
3 14
3 14
3 14
3 14
3 14
3 14
3 14
3 14
3 14
3 14
3 14
3 14
3 14
4 24
4 24
4 24
4 24
4 24
6 19
6 19
6 19
6 19
6 19
6 19
6 19
6 19
6 19
6 19
6 19
6 19
6 19
6 19
6 19
6 19
6 19
6 19
6 19
6 19
6 19
6 19
6 19
6 19
7 16
7 16
7 16
7 16
7 16
7 16
8 8
8 8
8 8
8 8
8 8
8 8
8 8
62 2
62 2
62 2
62 2
62 2
62 2
62 2
62 2
62 2
62 2
19 22
19 22
19 22
19 22
19 22
19 22
19 22
19 22
19 22
19 22
19 22
66 56
66 56
66 56
66 56
66 56
66 56
66 56
66 56
66 56
66 56
66 56
66 56
66 56
66 56
66 56
66 56
21 13
21 13
21 13
21 13
72 31
72 31
72 31
72 31
72 31
72 31
72 31
72 31
72 31
72 31
72 31
72 31
72 31
72 31
72 31
72 31
72 31
25 17
26 16
26 16
26 16
26 16
26 16
26 16
26 16
26 16
26 16
17 1634
17 1634
17 1634
17 1634
17 1634
17 1634
17 1634
17 1634
17 1634
17 1634
17 1634
17 1634
17 1634
17 1634
17 1634
17 1634
17 1634
17 1634
17 1634
17 1634
17 1634
17 1634
76 59
76 59
76 59
76 59
76 59
76 59
76 59
76 59
76 59
76 59
76 59
76 59
79 62
79 62
79 62
79 62
79 62
79 62
79 62
79 62
35 13
35 13
40 12
40 12
40 12
48 3477
48 3477
48 3477
48 3477
48 3477
48 3477
48 3477
48 3477
48 3477
48 3477
48 3477
48 3477
48 3477
48 3477
48 3477
48 3477
48 3477
48 3477
48 3477
48 3477
48 3477
48 3477
48 3477
48 3477
48 3477
48 3477
48 2984
48 2984
48 2984
48 2984
48 2984
48 2984
48 2984
48 2984
48 2984
48 2984
48 2984
48 2984
48 2984
48 2984
48 2984
48 2984
48 2984
48 2984
48 2984
48 2984
48 2984
48 2984
48 2984
48 2984
48 2984
48 2984
48 2494
48 2494
48 2494
48 2494
48 2494
48 2494
48 2494
48 2494
48 2494
48 2494
48 2494
48 2494
48 2494
48 2494
48 2494
48 2494
48 2494
48 2494
48 2494
48 2494
48 2494
48 2494
48 2494
48 2494
48 2494
48 2494
53 3455
53 3455
53 3455
53 3455
53 3455
53 3455
53 3455
53 3455
53 3455
53 3455
53 3455
53 3455
53 3455
53 3455
53 3455
53 3455
53 3455
53 3455
53 2959
53 2959
53 2959
53 2959
53 2959
53 2959
53 2959
53 2959
53 2959
53 2959
53 2959
53 2959
53 2959
53 2959
53 2959
53 2959
53 2959
53 2959
32 3700
32 3700
32 3700
32 3700
32 3700
32 3700
32 3700
32 3700
32 3700
32 3700
32 3700
32 3700
32 3700
32 3700
32 3700
32 3700
32 3700
32 3700
32 3700
32 3208
32 3208
32 3208
32 3208
32 3208
32 3208
32 3208
32 3208
32 3208
32 3208
32 3208
32 3208
32 3208
32 3208
32 3208
32 3208
32 3208
32 3208
32 3208
32 2709
32 2709
32 2709
32 2709
32 2709
32 2709
32 2709
32 2709
32 2709
32 2709
32 2709
32 2709
32 2709
32 2709
32 2709
32 2709
32 2709
32 2709
32 2709
53 2591
53 2591
53 2591
53 2591
53 2591
53 2591
53 2591
53 2591
53 2591
53 2591
53 2591
53 2591
53 2591
53 2591
53 2591
53 2591
53 2591
53 2591
53 2101
53 2101
53 2101
53 2101
53 2101
53 2101
53 2101
53 2101
53 2101
53 2101
53 2101
53 2101
53 2101
53 2101
53 2101
53 2101
53 2101
53 2101
62 47
62 47
62 47
62 47
62 47
62 47
62 47
62 47
62 47
62 47
66 31
66 31
66 31
66 31
66 31
66 31
66 31
66 31
66 31
66 31
66 31
66 31
66 31
66 31
66 31
66 31
72 4
72 4
72 4
72 4
72 4
72 4
72 4
72 4
72 4
72 4
72 4
72 4
72 4
72 4
72 4
72 4
72 4
48 1747
48 1747
48 1747
48 1747
48 1747
48 1747
48 1747
48 1747
48 1747
48 1747
48 1747
48 1747
48 1747
48 1747
48 1747
48 1747
48 1747
48 1747
48 1747
48 1747
48 1747
48 1747
48 1747
48 1747
48 1747
48 1747
76 16
76 16
76 16
76 16
76 16
76 16
76 16
76 16
76 16
76 16
76 16
76 16
79 24
79 24
79 24
79 24
79 24
79 24
79 24
79 24
37 1994
37 1994
37 1994
37 1994
37 1994
37 1994
37 1994
37 1994
37 1994
37 1994
37 1994
37 1994
37 1994
37 1994
37 1994
37 1994
37 1994
37 1994
37 1994
37 1994
37 1994
53 1924
53 1924
53 1924
53 1924
53 1924
53 1924
53 1924
53 1924
53 1924
53 1924
53 1924
53 1924
53 1924
53 1924
53 1924
53 1924
53 1924
53 1924
