1 2 2
2 4 2
3 3 2
4 4 2
5 3 2
6 2 2
7 3 2
8 2 2
9 4 1
10 4 1
11 4 1
12 2 1
13 3 1
14 4 1
15 2 1
16 2 1
17 1 3
18 4 1
19 1 3
20 2 1
21 3 1
22 3 1
23 1 3
24 1 3
25 4 1
26 2 1
27 4 1
28 4 1
29 4 1
30 3 1
31 2 1
32 3 1
33 1 3
34 3 1
35 3 1
36 3 1
37 4 1
38 1 3
39 2 1
40 1 1
41 2 1
42 1 1
43 1 1
44 1 1
45 1 1
46 2 1
47 2 1
48 2 1
49 3 1
50 2 1
51 3 1
52 2 1
53 4 1
54 3 1
55 1 1
56 2 1
57 1 1
58 4 2
59 1 1
60 2 2
61 1 1
62 2 2
63 2 2
64 3 2
65 1 1
66 2 2
67 1 1
68 1 1
69 2 2
70 4 2
71 3 2
72 1 1
73 2 2
74 3 2
75 4 2
76 2 2
77 3 2
78 3 2
79 1 1
80 2 2
81 4 2
