6 25
6 3
61 46
61 46
79 8
79 8
79 8
79 8
79 8
78 29
78 29
78 29
90 18
90 18
90 18
90 18
97 21
97 21
97 21
97 21
97 21
97 21
6 4
61 8
61 8
78 8
78 8
78 8
79 6
79 6
79 6
79 6
79 6
90 17
90 17
90 17
90 17
97 7
97 7
97 7
97 7
97 7
97 7
6 4
61 9
61 9
78 14
78 14
78 14
79 8
79 8
79 8
79 8
79 8
90 13
90 13
90 13
90 13
97 10
97 10
97 10
97 10
97 10
97 10
6 3
61 12
61 12
78 11
78 11
78 11
79 4
79 4
79 4
79 4
79 4
90 13
90 13
90 13
90 13
97 8
97 8
97 8
97 8
97 8
97 8
6 3
61 4
61 4
78 12
78 12
78 12
79 8
79 8
79 8
79 8
79 8
90 6
90 6
90 6
90 6
97 8
97 8
97 8
97 8
97 8
97 8
6 4
61 7
61 7
78 17
78 17
78 17
79 9
79 9
79 9
79 9
79 9
90 15
90 15
90 15
90 15
97 6
97 6
97 6
97 6
97 6
97 6
6 4
61 9
61 9
78 15
78 15
78 15
79 7
79 7
79 7
79 7
79 7
90 16
90 16
90 16
90 16
97 9
97 9
97 9
97 9
97 9
97 9
61 2
61 2
78 11
78 11
78 11
79 8
79 8
79 8
79 8
79 8
90 16
90 16
90 16
90 16
97 5
97 5
97 5
97 5
97 5
97 5
