5 181
5 181
5 181
52 69
5 129
5 129
5 129
45 231
45 231
45 231
45 231
45 231
45 231
97 56
97 56
97 56
97 56
97 56
45 95
45 95
45 95
45 95
45 95
45 95
52 40
5 313
5 313
5 313
97 123
97 123
97 123
97 123
97 123
52 110
4 1938
4 1938
4 1938
4 1938
45 560
45 560
45 560
45 560
45 560
45 560
97 62
97 62
97 62
97 62
97 62
52 48
5 584
5 584
5 584
4 604
4 604
4 604
4 604
97 157
97 157
97 157
97 157
97 157
52 144
45 903
45 903
45 903
45 903
45 903
45 903
97 103
97 103
97 103
97 103
97 103
52 77
45 960
45 960
45 960
45 960
45 960
45 960
47 955
47 955
97 68
97 68
97 68
97 68
97 68
52 77
45 968
45 968
45 968
45 968
45 968
45 968
4 918
4 918
4 918
4 918
97 133
97 133
97 133
97 133
97 133
52 102
97 80
97 80
97 80
97 80
97 80
