12 33
12 33
12 33
53 12
53 12
53 12
53 12
53 12
53 12
12 2
12 2
12 2
58 98
83 18
83 18
83 18
83 18
83 18
53 2
53 2
53 2
53 2
53 2
53 2
12 2
12 2
12 2
58 182
83 2
83 2
83 2
83 2
83 2
53 2
53 2
53 2
53 2
53 2
53 2
12 3
12 3
12 3
58 112
98 219
98 219
98 219
98 219
83 2
83 2
83 2
83 2
83 2
53 2
53 2
53 2
53 2
53 2
53 2
98 116
98 116
98 116
98 116
12 2
12 2
12 2
58 62
83 2
83 2
83 2
83 2
83 2
98 36
98 36
98 36
98 36
53 2
53 2
53 2
53 2
53 2
53 2
12 2
12 2
12 2
58 154
83 2
83 2
83 2
83 2
83 2
53 2
53 2
53 2
53 2
53 2
53 2
12 2
12 2
12 2
98 196
98 196
98 196
98 196
58 148
83 2
83 2
83 2
83 2
83 2
53 2
53 2
53 2
53 2
53 2
53 2
98 78
98 78
98 78
98 78
58 18
12 2
12 2
12 2
83 2
83 2
83 2
83 2
83 2
53 2
53 2
53 2
53 2
53 2
53 2
58 174
98 276
98 276
98 276
98 276
83 2
83 2
83 2
83 2
83 2
98 124
98 124
98 124
98 124
