1 4 2
2 2 1
3 2 1
4 1 3
5 3 3
6 2 1
7 1 3
8 2 1
9 3 3
10 4 2
11 1 3
12 3 3
13 4 2
14 3 3
15 3 3
16 4 2
17 4 2
18 2 1
19 3 1
20 1 1
21 1 1
22 1 1
23 3 1
24 2 1
25 4 2
26 2 1
27 3 1
28 3 1
29 2 1
30 1 1
31 2 1
32 1 1
33 4 2
34 4 2
35 4 2
36 4 2
37 4 2
38 1 1
39 4 2
40 3 1
41 2 1
42 3 1
43 3 3
44 2 1
45 1 3
46 4 2
47 2 1
48 3 3
49 2 1
50 3 3
51 4 2
52 2 1
53 3 3
54 4 2
55 3 3
56 3 3
57 4 2
58 1 3
59 2 1
60 2 1
61 3 3
62 2 1
63 4 2
64 3 3
65 2 1
66 1 3
67 4 2
68 2 1
69 4 2
70 4 2
71 3 3
72 1 3
73 3 3
74 3 3
75 2 1
76 2 1
77 3 3
78 2 1
79 4 2
80 1 3
81 4 2
82 4 2
83 1 3
84 4 2
85 3 3
86 1 3
87 1 3
88 3 3
89 1 1
90 1 1
91 4 2
92 4 2
93 2 1
94 4 2
95 3 1
96 1 1
97 2 1
98 1 1
99 1 1
100 4 2
