1 4 3 24.8957 -74.1661
2 2 3 28.0832 16.383
3 2 3 47.1803 35.6772
4 1 3 70.4446 33.4139
5 3 3 63.1419 96.6076
6 2 3 74.4606 -75.701
7 1 2 -90.5387 -11.5639
8 2 2 -5.16145 46.9247
9 3 3 -28.5063 31.046
10 4 2 -79.8034 73.0093
11 1 2 -74.2539 -32.5896
12 3 3 29.0262 62.7229
13 4 2 3.98273 -50.1935
14 3 3 55.2008 80.3282
15 3 3 -87.276 3.57402
16 4 2 47.9502 74.4403
17 4 2 26.9516 -33.0626
18 2 2 8.28299 -50.061
19 3 3 17.9679 -64.0147
20 1 2 5.88846 -99.0011
21 1 2 -10.0338 -99.2842
22 1 2 37.0255 1.74665
23 3 3 19.2339 26.8238
24 2 2 -5.10386 -88.68
25 4 2 -58.6777 -18.573
26 2 2 -28.8856 -87.4025
27 3 3 -87.3395 83.9499
28 3 3 -9.54655 -47.1055
29 2 2 44.0563 89.9482
30 1 2 38.4028 -6.3303
31 2 2 -8.19479 -22.6085
32 1 2 -7.17827 42.8168
33 4 2 -76.05 -39.888
34 4 2 -71.7414 -60.7673
35 4 2 -62.0207 -50.254
36 4 2 53.7901 66.102
37 4 2 87.4522 -0.988142
38 1 2 -86.0297 46.5006
39 4 2 -72.1796 -48.078
40 3 3 -20.3425 93.6285
41 2 2 47.8283 -92.0297
42 3 3 -17.8516 72.6672
43 3 3 7.89619 67.6906
44 2 2 37.6276 -1.58604
45 1 2 -80.5105 52.6482
46 4 2 -37.2648 10.4637
47 2 2 52.6066 -41.4521
48 3 3 -94.431 3.17829
49 2 2 39.7998 46.9736
50 3 3 32.8605 76.6763
51 4 1 19.3773 78.2358
52 2 1 60.7089 -51.4345
53 3 3 70.2241 -11.5605
54 4 1 -80.6762 65.2538
55 3 3 -64.606 73.3098
56 3 3 -72.0191 28.894
57 4 1 43.9701 43.4796
58 1 1 -42.957 56.2188
59 2 1 -3.53234 -45.8281
60 2 1 -79.6239 95.9476
61 3 3 -74.3075 77.6911
62 2 1 55.8326 -42.3079
63 4 1 98.323 51.1615
64 3 3 -11.0825 -52.7518
65 2 1 -43.116 -69.3138
66 1 1 -60.1743 -15.6362
67 4 1 -63.406 83.3381
68 2 1 -88.5821 79.1413
69 4 1 15.5355 43.9993
70 4 1 -6.54084 -72.3931
71 3 3 26.6027 5.38876
72 1 1 33.387 -67.0126
73 3 3 -29.2873 7.01456
74 3 3 36.7175 -10.718
75 2 1 12.614 -61.6154
76 2 1 -10.527 -56.6681
77 3 3 -21.9334 85.4909
78 2 1 -19.7289 33.4724
79 4 1 20.6985 40.4031
80 1 1 34.4032 -43.4437
81 4 1 -9.71473 88.6224
82 4 1 61.4966 99.2569
83 1 1 -44.9563 -50.1164
84 4 1 -79.4871 80.0184
85 3 3 -52.6964 -82.5688
86 1 1 -25.2152 -81.0437
87 1 1 54.6443 -27.1129
88 3 3 -96.4484 0.822755
89 1 1 22.3566 -34.5182
90 1 1 65.42 96.259
91 4 1 -90.3241 81.4282
92 4 1 28.1599 -74.2258
93 2 1 90.1029 91.6656
94 4 1 -67.4576 -42.7612
95 3 3 72.059 93.2372
96 1 1 36.4352 -78.9064
97 2 1 83.3178 -43.0668
98 1 1 69.5004 63.0578
99 1 1 63.3462 -35.8506
100 4 1 -16.4113 72.769
