3 22
3 22
3 22
6 17
6 17
6 17
6 17
6 17
6 17
6 17
6 17
6 17
6 17
6 17
6 17
6 17
6 17
6 17
6 17
6 17
6 17
6 17
9 9
9 9
10 5
10 5
10 5
10 5
10 5
10 5
10 5
10 5
10 5
10 5
10 5
10 5
10 5
10 5
10 5
10 5
10 5
12 15
12 15
12 15
12 15
12 15
12 15
12 15
12 15
12 15
12 15
12 15
12 15
12 15
12 15
12 15
12 15
12 15
12 15
12 15
12 15
12 15
12 15
12 15
17 4
17 4
17 4
17 4
17 4
17 4
17 4
17 4
17 4
5 167
5 167
5 167
5 167
5 167
5 167
5 167
5 167
5 167
5 167
5 167
5 167
5 167
20 66
20 66
20 66
20 66
20 66
20 66
20 66
20 66
20 66
20 66
20 66
3 7
3 7
3 7
6 14
6 14
6 14
6 14
6 14
6 14
6 14
6 14
6 14
6 14
6 14
6 14
6 14
6 14
6 14
6 14
6 14
6 14
6 14
9 3
9 3
10 5
10 5
10 5
10 5
10 5
10 5
10 5
10 5
10 5
10 5
10 5
10 5
10 5
10 5
10 5
10 5
10 5
12 1
12 1
12 1
12 1
12 1
12 1
12 1
12 1
12 1
12 1
12 1
12 1
12 1
12 1
12 1
12 1
12 1
12 1
12 1
12 1
12 1
12 1
12 1
17 6
17 6
17 6
17 6
17 6
17 6
17 6
17 6
17 6
5 168
5 168
5 168
5 168
5 168
5 168
5 168
5 168
5 168
5 168
5 168
5 168
5 168
62 288
62 288
62 288
62 288
62 288
62 288
62 288
62 288
62 288
62 288
62 288
62 288
62 288
62 288
62 288
64 271
64 271
64 271
64 271
64 271
64 271
64 271
64 271
64 271
64 271
64 271
64 271
64 271
64 271
64 271
64 271
64 271
64 271
64 271
64 271
64 271
64 271
20 224
20 224
20 224
20 224
20 224
20 224
20 224
20 224
20 224
20 224
20 224
68 265
68 265
68 265
68 265
68 265
68 265
68 265
68 265
68 265
68 265
68 265
68 265
68 265
68 265
68 265
68 265
68 265
68 265
68 265
68 265
3 6
3 6
3 6
6 34
6 34
6 34
6 34
6 34
6 34
6 34
6 34
6 34
6 34
6 34
6 34
6 34
6 34
6 34
6 34
6 34
6 34
6 34
9 92
9 92
10 126
10 126
10 126
10 126
10 126
10 126
10 126
10 126
10 126
10 126
10 126
10 126
10 126
10 126
10 126
10 126
10 126
12 147
12 147
12 147
12 147
12 147
12 147
12 147
12 147
12 147
12 147
12 147
12 147
12 147
12 147
12 147
12 147
12 147
12 147
12 147
12 147
12 147
12 147
12 147
70 697
70 697
70 697
70 697
70 697
70 697
70 697
70 697
70 697
70 697
70 697
70 697
70 697
70 697
70 697
70 697
17 243
17 243
17 243
17 243
17 243
17 243
17 243
17 243
17 243
31 1133
31 1133
31 1133
31 1133
31 1133
31 1133
31 1133
31 1133
31 1133
31 1133
31 1133
31 1133
31 640
31 640
31 640
31 640
31 640
31 640
31 640
31 640
31 640
31 640
31 640
31 640
3 17
3 17
3 17
6 1
6 1
6 1
6 1
6 1
6 1
6 1
6 1
6 1
6 1
6 1
6 1
6 1
6 1
6 1
6 1
6 1
6 1
6 1
9 11
9 11
10 6
10 6
10 6
10 6
10 6
10 6
10 6
10 6
10 6
10 6
10 6
10 6
10 6
10 6
10 6
10 6
10 6
12 3
12 3
12 3
12 3
12 3
12 3
12 3
12 3
12 3
12 3
12 3
12 3
12 3
12 3
12 3
12 3
12 3
12 3
12 3
12 3
12 3
12 3
12 3
17 11
17 11
17 11
17 11
17 11
17 11
17 11
17 11
17 11
3 7
3 7
3 7
6 6
6 6
6 6
6 6
6 6
6 6
6 6
6 6
6 6
6 6
6 6
6 6
6 6
6 6
6 6
6 6
6 6
6 6
6 6
9 2
9 2
10 13
10 13
10 13
10 13
10 13
10 13
10 13
10 13
10 13
10 13
10 13
10 13
10 13
10 13
10 13
10 13
10 13
68 948
68 948
68 948
68 948
68 948
68 948
68 948
68 948
68 948
68 948
68 948
68 948
68 948
68 948
68 948
68 948
68 948
68 948
68 948
68 948
70 932
70 932
70 932
70 932
70 932
70 932
70 932
70 932
70 932
70 932
70 932
70 932
70 932
70 932
70 932
70 932
12 18
12 18
12 18
12 18
12 18
12 18
12 18
12 18
12 18
12 18
12 18
12 18
12 18
12 18
12 18
12 18
12 18
12 18
12 18
12 18
12 18
12 18
12 18
37 1797
37 1797
37 1797
37 1797
37 1797
37 1797
37 1797
37 1797
37 1797
37 1797
37 1797
37 1797
37 1797
37 1797
37 1301
37 1301
37 1301
37 1301
37 1301
37 1301
37 1301
37 1301
37 1301
37 1301
37 1301
37 1301
37 1301
37 1301
37 801
37 801
37 801
37 801
37 801
37 801
37 801
37 801
37 801
37 801
37 801
37 801
37 801
37 801
64 1036
64 1036
64 1036
64 1036
64 1036
64 1036
64 1036
64 1036
64 1036
64 1036
64 1036
64 1036
64 1036
64 1036
64 1036
64 1036
64 1036
64 1036
64 1036
64 1036
64 1036
64 1036
17 8
17 8
17 8
17 8
17 8
17 8
17 8
17 8
17 8
62 648
62 648
62 648
62 648
62 648
62 648
62 648
62 648
62 648
62 648
62 648
62 648
62 648
62 648
62 648
5 755
5 755
5 755
5 755
5 755
5 755
5 755
5 755
5 755
5 755
5 755
5 755
5 755
3 6
3 6
3 6
6 13
6 13
6 13
6 13
6 13
6 13
6 13
6 13
6 13
6 13
6 13
6 13
6 13
6 13
6 13
6 13
6 13
6 13
6 13
9 5
9 5
10 9
10 9
10 9
10 9
10 9
10 9
10 9
10 9
10 9
10 9
10 9
10 9
10 9
10 9
10 9
10 9
10 9
12 1
12 1
12 1
12 1
12 1
12 1
12 1
12 1
12 1
12 1
12 1
12 1
12 1
12 1
12 1
12 1
12 1
12 1
12 1
12 1
12 1
12 1
12 1
17 6
17 6
17 6
17 6
17 6
17 6
17 6
17 6
17 6
3 6
3 6
3 6
6 8
6 8
6 8
6 8
6 8
6 8
6 8
6 8
6 8
6 8
6 8
6 8
6 8
6 8
6 8
6 8
6 8
6 8
6 8
9 5
9 5
10 1
10 1
10 1
10 1
10 1
10 1
10 1
10 1
10 1
10 1
10 1
10 1
10 1
10 1
10 1
10 1
10 1
12 6
12 6
12 6
12 6
12 6
12 6
12 6
12 6
12 6
12 6
12 6
12 6
12 6
12 6
12 6
12 6
12 6
12 6
12 6
12 6
12 6
12 6
12 6
17 10
17 10
17 10
17 10
17 10
17 10
17 10
17 10
17 10
20 1530
20 1530
20 1530
20 1530
20 1530
20 1530
20 1530
20 1530
20 1530
20 1530
20 1530
5 1191
5 1191
5 1191
5 1191
5 1191
5 1191
5 1191
5 1191
5 1191
5 1191
5 1191
5 1191
5 1191
64 1110
64 1110
64 1110
64 1110
64 1110
64 1110
64 1110
64 1110
64 1110
64 1110
64 1110
64 1110
64 1110
64 1110
64 1110
64 1110
64 1110
64 1110
64 1110
64 1110
64 1110
64 1110
21 1544
21 1544
21 1544
21 1544
21 1544
21 1544
21 1544
21 1544
21 1544
21 1544
70 1176
70 1176
70 1176
70 1176
70 1176
70 1176
70 1176
70 1176
70 1176
70 1176
70 1176
70 1176
70 1176
70 1176
70 1176
70 1176
62 1263
62 1263
62 1263
62 1263
62 1263
62 1263
62 1263
62 1263
62 1263
62 1263
62 1263
62 1263
62 1263
62 1263
62 1263
20 1193
20 1193
20 1193
20 1193
20 1193
20 1193
20 1193
20 1193
20 1193
20 1193
20 1193
37 1093
37 1093
37 1093
37 1093
37 1093
37 1093
37 1093
37 1093
37 1093
37 1093
37 1093
37 1093
37 1093
37 1093
68 1285
68 1285
68 1285
68 1285
68 1285
68 1285
68 1285
68 1285
68 1285
68 1285
68 1285
68 1285
68 1285
68 1285
68 1285
68 1285
68 1285
68 1285
68 1285
68 1285
31 1157
31 1157
31 1157
31 1157
31 1157
31 1157
31 1157
31 1157
31 1157
31 1157
31 1157
31 1157
21 1257
21 1257
21 1257
21 1257
21 1257
21 1257
21 1257
21 1257
21 1257
21 1257
62 858
62 858
62 858
62 858
62 858
62 858
62 858
62 858
62 858
62 858
62 858
62 858
62 858
62 858
62 858
3 3
3 3
3 3
5 1004
5 1004
5 1004
5 1004
5 1004
5 1004
5 1004
5 1004
5 1004
5 1004
5 1004
5 1004
5 1004
68 882
68 882
68 882
68 882
68 882
68 882
68 882
68 882
68 882
68 882
68 882
68 882
68 882
68 882
68 882
68 882
68 882
68 882
68 882
68 882
6 3
6 3
6 3
6 3
6 3
6 3
6 3
6 3
6 3
6 3
6 3
6 3
6 3
6 3
6 3
6 3
6 3
6 3
6 3
64 945
64 945
64 945
64 945
64 945
64 945
64 945
64 945
64 945
64 945
64 945
64 945
64 945
64 945
64 945
64 945
64 945
64 945
64 945
64 945
64 945
64 945
9 2
9 2
10 3
10 3
10 3
10 3
10 3
10 3
10 3
10 3
10 3
10 3
10 3
10 3
10 3
10 3
10 3
10 3
10 3
70 921
70 921
70 921
70 921
70 921
70 921
70 921
70 921
70 921
70 921
70 921
70 921
70 921
70 921
70 921
70 921
38 3245
38 3245
38 3245
38 3245
38 3245
38 3245
38 3245
38 3245
38 3245
38 3245
38 3245
38 3245
38 3245
38 3245
38 3245
38 3245
38 3245
38 3245
38 3245
38 3245
38 3245
38 3245
38 3245
38 3245
38 3245
38 3245
12 6
12 6
12 6
12 6
12 6
12 6
12 6
12 6
12 6
12 6
12 6
12 6
12 6
12 6
12 6
12 6
12 6
12 6
12 6
12 6
12 6
12 6
12 6
38 2757
38 2757
38 2757
38 2757
38 2757
38 2757
38 2757
38 2757
38 2757
38 2757
38 2757
38 2757
38 2757
38 2757
38 2757
38 2757
38 2757
38 2757
38 2757
38 2757
38 2757
38 2757
38 2757
38 2757
38 2757
38 2757
17 16
17 16
17 16
17 16
17 16
17 16
17 16
17 16
17 16
38 2594
38 2594
38 2594
38 2594
38 2594
38 2594
38 2594
38 2594
38 2594
38 2594
38 2594
38 2594
38 2594
38 2594
38 2594
38 2594
38 2594
38 2594
38 2594
38 2594
38 2594
38 2594
38 2594
38 2594
38 2594
38 2594
21 1265
21 1265
21 1265
21 1265
21 1265
21 1265
21 1265
21 1265
21 1265
21 1265
31 1165
31 1165
31 1165
31 1165
31 1165
31 1165
31 1165
31 1165
31 1165
31 1165
31 1165
31 1165
37 1105
37 1105
37 1105
37 1105
37 1105
37 1105
37 1105
37 1105
37 1105
37 1105
37 1105
37 1105
37 1105
37 1105
20 1277
20 1277
20 1277
20 1277
20 1277
20 1277
20 1277
20 1277
20 1277
20 1277
20 1277
62 1400
62 1400
62 1400
62 1400
62 1400
62 1400
62 1400
62 1400
62 1400
62 1400
62 1400
62 1400
62 1400
62 1400
62 1400
64 1384
64 1384
64 1384
64 1384
64 1384
64 1384
64 1384
64 1384
64 1384
64 1384
64 1384
64 1384
64 1384
64 1384
64 1384
64 1384
64 1384
64 1384
64 1384
64 1384
64 1384
64 1384
68 1344
68 1344
68 1344
68 1344
68 1344
68 1344
68 1344
68 1344
68 1344
68 1344
68 1344
68 1344
68 1344
68 1344
68 1344
68 1344
68 1344
68 1344
68 1344
68 1344
70 1328
70 1328
70 1328
70 1328
70 1328
70 1328
70 1328
70 1328
70 1328
70 1328
70 1328
70 1328
70 1328
70 1328
70 1328
70 1328
