8 142
8 142
8 142
8 142
8 142
8 142
8 142
8 142
8 142
8 142
8 142
8 142
8 142
8 142
8 142
8 142
8 142
8 142
8 142
8 142
8 142
8 142
8 142
8 142
8 142
8 142
8 142
8 142
4 196
4 196
4 196
4 196
4 196
4 196
4 196
4 196
4 196
4 196
4 196
4 196
4 196
4 196
4 196
4 196
4 196
12 117
12 117
20 38
20 38
20 38
20 38
20 38
20 38
20 38
20 38
20 38
20 38
20 38
20 38
20 38
20 38
20 38
20 38
20 38
20 38
20 38
20 38
20 38
20 38
20 38
20 38
20 38
20 38
20 38
20 38
20 38
20 38
6 178
16 81
16 81
16 81
16 81
16 81
16 81
22 28
22 28
22 28
22 28
22 28
22 28
22 28
22 28
22 28
22 28
22 28
22 28
22 28
22 28
22 28
22 28
22 28
22 28
22 28
22 28
22 28
22 28
19 124
19 124
19 124
19 124
19 124
19 124
19 124
19 124
37 99
37 99
37 99
37 99
36 146
36 146
36 146
36 146
36 146
36 146
36 146
36 146
36 146
40 116
40 116
40 116
40 116
40 116
40 116
40 116
44 144
44 144
44 144
44 144
44 144
44 144
44 144
44 144
44 144
44 144
44 144
44 144
44 144
44 144
44 144
44 144
44 144
44 144
44 144
44 144
44 144
44 144
44 144
44 144
44 144
46 144
46 144
46 144
46 144
46 144
48 142
48 142
48 142
42 224
42 224
42 224
42 224
42 224
42 224
42 224
42 224
42 224
42 224
42 224
50 151
50 151
50 151
50 151
50 151
50 151
50 151
50 151
50 151
50 151
8 94
8 94
8 94
8 94
8 94
8 94
8 94
8 94
8 94
8 94
8 94
8 94
8 94
8 94
8 94
8 94
8 94
8 94
8 94
8 94
8 94
8 94
8 94
8 94
8 94
8 94
8 94
8 94
16 115
16 115
16 115
16 115
16 115
16 115
4 245
4 245
4 245
4 245
4 245
4 245
4 245
4 245
4 245
4 245
4 245
4 245
4 245
4 245
4 245
4 245
4 245
6 252
20 120
20 120
20 120
20 120
20 120
20 120
20 120
20 120
20 120
20 120
20 120
20 120
20 120
20 120
20 120
20 120
20 120
20 120
20 120
20 120
20 120
20 120
20 120
20 120
20 120
20 120
20 120
20 120
20 120
20 120
56 263
56 263
56 263
56 263
56 263
56 263
56 263
56 263
56 263
56 263
56 263
56 263
56 263
56 263
56 263
56 263
56 263
56 263
56 263
56 263
56 263
56 263
56 263
56 263
56 263
56 263
22 114
22 114
22 114
22 114
22 114
22 114
22 114
22 114
22 114
22 114
22 114
22 114
22 114
22 114
22 114
22 114
22 114
22 114
22 114
22 114
22 114
22 114
60 263
60 263
60 263
60 263
60 263
60 263
60 263
60 263
60 263
60 263
60 263
60 263
60 263
60 263
60 263
12 260
12 260
35 568
35 568
35 568
35 568
35 568
35 568
35 568
35 568
35 568
35 568
35 568
35 568
35 568
35 568
43 492
43 492
43 492
43 492
43 492
43 492
43 492
43 492
43 492
43 492
43 492
43 492
43 492
43 492
43 492
43 492
43 492
43 492
43 492
43 492
43 492
43 492
43 492
43 492
24 686
24 686
24 686
24 686
24 686
24 686
24 686
24 686
24 686
24 686
24 686
24 686
24 686
24 686
24 686
24 686
24 686
24 686
24 686
67 284
67 284
67 284
67 284
67 284
67 284
67 284
67 284
67 284
67 284
67 284
67 284
67 284
67 284
67 284
67 284
67 284
67 284
67 284
67 284
67 284
19 295
19 295
19 295
19 295
19 295
19 295
19 295
19 295
37 194
37 194
37 194
37 194
54 543
54 543
54 543
54 543
54 543
54 543
54 543
54 543
54 543
54 543
54 543
54 543
54 543
54 543
54 543
54 543
54 543
54 543
40 264
40 264
40 264
40 264
40 264
40 264
40 264
44 289
44 289
44 289
44 289
44 289
44 289
44 289
44 289
44 289
44 289
44 289
44 289
44 289
44 289
44 289
44 289
44 289
44 289
44 289
44 289
44 289
44 289
44 289
44 289
44 289
46 316
46 316
46 316
46 316
46 316
78 521
78 521
78 521
78 521
78 521
78 521
78 521
78 521
78 521
78 521
78 521
78 521
78 521
78 521
78 521
78 521
78 521
78 521
78 521
78 521
78 521
78 521
78 521
48 339
48 339
48 339
59 747
59 747
59 747
59 747
59 747
59 747
59 747
59 747
59 747
59 747
59 747
59 747
59 747
59 747
59 747
59 747
59 747
59 747
59 747
59 747
59 747
59 747
59 747
59 747
59 747
59 747
59 747
59 747
59 747
50 495
50 495
50 495
50 495
50 495
50 495
50 495
50 495
50 495
50 495
36 675
36 675
36 675
36 675
36 675
36 675
36 675
36 675
36 675
8 456
8 456
8 456
8 456
8 456
8 456
8 456
8 456
8 456
8 456
8 456
8 456
8 456
8 456
8 456
8 456
8 456
8 456
8 456
8 456
8 456
8 456
8 456
8 456
8 456
8 456
8 456
8 456
42 618
42 618
42 618
42 618
42 618
42 618
42 618
42 618
42 618
42 618
42 618
16 380
16 380
16 380
16 380
16 380
16 380
20 346
20 346
20 346
20 346
20 346
20 346
20 346
20 346
20 346
20 346
20 346
20 346
20 346
20 346
20 346
20 346
20 346
20 346
20 346
20 346
20 346
20 346
20 346
20 346
20 346
20 346
20 346
20 346
20 346
20 346
22 369
22 369
22 369
22 369
22 369
22 369
22 369
22 369
22 369
22 369
22 369
22 369
22 369
22 369
22 369
22 369
22 369
22 369
22 369
22 369
22 369
22 369
4 576
4 576
4 576
4 576
4 576
4 576
4 576
4 576
4 576
4 576
4 576
4 576
4 576
4 576
4 576
4 576
4 576
6 574
56 576
56 576
56 576
56 576
56 576
56 576
56 576
56 576
56 576
56 576
56 576
56 576
56 576
56 576
56 576
56 576
56 576
56 576
56 576
56 576
56 576
56 576
56 576
56 576
56 576
56 576
60 576
60 576
60 576
60 576
60 576
60 576
60 576
60 576
60 576
60 576
60 576
60 576
60 576
60 576
60 576
62 1059
62 1059
62 1059
62 1059
62 1059
62 1059
62 1059
62 1059
62 1059
62 1059
62 1059
62 1059
12 584
12 584
37 377
37 377
37 377
37 377
40 351
40 351
40 351
40 351
40 351
40 351
40 351
44 347
44 347
44 347
44 347
44 347
44 347
44 347
44 347
44 347
44 347
44 347
44 347
44 347
44 347
44 347
44 347
44 347
44 347
44 347
44 347
44 347
44 347
44 347
44 347
44 347
46 339
46 339
46 339
46 339
46 339
24 1075
24 1075
24 1075
24 1075
24 1075
24 1075
24 1075
24 1075
24 1075
24 1075
24 1075
24 1075
24 1075
24 1075
24 1075
24 1075
24 1075
24 1075
24 1075
35 970
35 970
35 970
35 970
35 970
35 970
35 970
35 970
35 970
35 970
35 970
35 970
35 970
35 970
67 652
67 652
67 652
67 652
67 652
67 652
67 652
67 652
67 652
67 652
67 652
67 652
67 652
67 652
67 652
67 652
67 652
67 652
67 652
67 652
67 652
48 348
48 348
48 348
73 1099
73 1099
73 1099
73 1099
73 1099
73 1099
73 1099
73 1099
73 1099
73 1099
73 1099
73 1099
73 1099
73 1099
73 1099
73 1099
75 1087
75 1087
75 1087
75 1087
75 1087
75 1087
75 1087
75 1087
75 1087
75 1087
75 1087
75 1087
75 1087
75 1087
75 1087
75 1087
75 1087
75 1087
75 1087
75 1087
75 1087
75 1087
75 1087
75 1087
75 1087
75 1087
75 1087
81 1037
81 1037
81 1037
81 1037
81 1037
81 1037
81 1037
81 1037
81 1037
81 1037
81 1037
81 1037
81 1037
81 1037
81 1037
81 1037
81 1037
81 1037
81 1037
81 1037
19 676
19 676
19 676
19 676
19 676
19 676
19 676
19 676
50 367
50 367
50 367
50 367
50 367
50 367
50 367
50 367
50 367
50 367
43 972
43 972
43 972
43 972
43 972
43 972
43 972
43 972
43 972
43 972
43 972
43 972
43 972
43 972
43 972
43 972
43 972
43 972
43 972
43 972
43 972
43 972
43 972
43 972
77 1178
77 1178
77 1178
77 1178
77 1178
77 1178
77 1178
77 1178
77 1178
77 1178
77 1178
77 1178
77 1178
78 679
78 679
78 679
78 679
78 679
78 679
78 679
78 679
78 679
78 679
78 679
78 679
78 679
78 679
78 679
78 679
78 679
78 679
78 679
78 679
78 679
78 679
78 679
8 432
8 432
8 432
8 432
8 432
8 432
8 432
8 432
8 432
8 432
8 432
8 432
8 432
8 432
8 432
8 432
8 432
8 432
8 432
8 432
8 432
8 432
8 432
8 432
8 432
8 432
8 432
8 432
54 1020
54 1020
54 1020
54 1020
54 1020
54 1020
54 1020
54 1020
54 1020
54 1020
54 1020
54 1020
54 1020
54 1020
54 1020
54 1020
54 1020
54 1020
16 417
16 417
16 417
16 417
16 417
16 417
36 727
36 727
36 727
36 727
36 727
36 727
36 727
36 727
36 727
20 408
20 408
20 408
20 408
20 408
20 408
20 408
20 408
20 408
20 408
20 408
20 408
20 408
20 408
20 408
20 408
20 408
20 408
20 408
20 408
20 408
20 408
20 408
20 408
20 408
20 408
20 408
20 408
20 408
20 408
22 418
22 418
22 418
22 418
22 418
22 418
22 418
22 418
22 418
22 418
22 418
22 418
22 418
22 418
22 418
22 418
22 418
22 418
22 418
22 418
22 418
22 418
59 1050
59 1050
59 1050
59 1050
59 1050
59 1050
59 1050
59 1050
59 1050
59 1050
59 1050
59 1050
59 1050
59 1050
59 1050
59 1050
59 1050
59 1050
59 1050
59 1050
59 1050
59 1050
59 1050
59 1050
59 1050
59 1050
59 1050
59 1050
59 1050
42 729
42 729
42 729
42 729
42 729
42 729
42 729
42 729
42 729
42 729
42 729
62 1057
62 1057
62 1057
62 1057
62 1057
62 1057
62 1057
62 1057
62 1057
62 1057
62 1057
62 1057
37 462
37 462
37 462
37 462
4 827
4 827
4 827
4 827
4 827
4 827
4 827
4 827
4 827
4 827
4 827
4 827
4 827
4 827
4 827
4 827
4 827
40 485
40 485
40 485
40 485
40 485
40 485
40 485
6 846
56 851
56 851
56 851
56 851
56 851
56 851
56 851
56 851
56 851
56 851
56 851
56 851
56 851
56 851
56 851
56 851
56 851
56 851
56 851
56 851
56 851
56 851
56 851
56 851
56 851
56 851
44 479
44 479
44 479
44 479
44 479
44 479
44 479
44 479
44 479
44 479
44 479
44 479
44 479
44 479
44 479
44 479
44 479
44 479
44 479
44 479
44 479
44 479
44 479
44 479
44 479
60 844
60 844
60 844
60 844
60 844
60 844
60 844
60 844
60 844
60 844
60 844
60 844
60 844
60 844
60 844
73 1217
73 1217
73 1217
73 1217
73 1217
73 1217
73 1217
73 1217
73 1217
73 1217
73 1217
73 1217
73 1217
73 1217
73 1217
73 1217
46 495
46 495
46 495
46 495
46 495
48 482
48 482
48 482
12 848
12 848
24 1237
24 1237
24 1237
24 1237
24 1237
24 1237
24 1237
24 1237
24 1237
24 1237
24 1237
24 1237
24 1237
24 1237
24 1237
24 1237
24 1237
24 1237
24 1237
75 1228
75 1228
75 1228
75 1228
75 1228
75 1228
75 1228
75 1228
75 1228
75 1228
75 1228
75 1228
75 1228
75 1228
75 1228
75 1228
75 1228
75 1228
75 1228
75 1228
75 1228
75 1228
75 1228
75 1228
75 1228
75 1228
75 1228
50 485
50 485
50 485
50 485
50 485
50 485
50 485
50 485
50 485
50 485
77 1244
77 1244
77 1244
77 1244
77 1244
77 1244
77 1244
77 1244
77 1244
77 1244
77 1244
77 1244
77 1244
67 849
67 849
67 849
67 849
67 849
67 849
67 849
67 849
67 849
67 849
67 849
67 849
67 849
67 849
67 849
67 849
67 849
67 849
67 849
67 849
67 849
8 464
8 464
8 464
8 464
8 464
8 464
8 464
8 464
8 464
8 464
8 464
8 464
8 464
8 464
8 464
8 464
8 464
8 464
8 464
8 464
8 464
8 464
8 464
8 464
8 464
8 464
8 464
8 464
19 870
19 870
19 870
19 870
19 870
19 870
19 870
19 870
81 1262
81 1262
81 1262
81 1262
81 1262
81 1262
81 1262
81 1262
81 1262
81 1262
81 1262
81 1262
81 1262
81 1262
81 1262
81 1262
81 1262
81 1262
81 1262
81 1262
35 1297
35 1297
35 1297
35 1297
35 1297
35 1297
35 1297
35 1297
35 1297
35 1297
35 1297
35 1297
35 1297
35 1297
16 502
16 502
16 502
16 502
16 502
16 502
78 891
78 891
78 891
78 891
78 891
78 891
78 891
78 891
78 891
78 891
78 891
78 891
78 891
78 891
78 891
78 891
78 891
78 891
78 891
78 891
78 891
78 891
78 891
22 533
22 533
22 533
22 533
22 533
22 533
22 533
22 533
22 533
22 533
22 533
22 533
22 533
22 533
22 533
22 533
22 533
22 533
22 533
22 533
22 533
22 533
20 561
20 561
20 561
20 561
20 561
20 561
20 561
20 561
20 561
20 561
20 561
20 561
20 561
20 561
20 561
20 561
20 561
20 561
20 561
20 561
20 561
20 561
20 561
20 561
20 561
20 561
20 561
20 561
20 561
20 561
43 1338
43 1338
43 1338
43 1338
43 1338
43 1338
43 1338
43 1338
43 1338
43 1338
43 1338
43 1338
43 1338
43 1338
43 1338
43 1338
43 1338
43 1338
43 1338
43 1338
43 1338
43 1338
43 1338
43 1338
36 917
36 917
36 917
36 917
36 917
36 917
36 917
36 917
36 917
42 948
42 948
42 948
42 948
42 948
42 948
42 948
42 948
42 948
42 948
42 948
37 599
37 599
37 599
37 599
40 595
40 595
40 595
40 595
40 595
40 595
40 595
4 966
4 966
4 966
4 966
4 966
4 966
4 966
4 966
4 966
4 966
4 966
4 966
4 966
4 966
4 966
4 966
4 966
6 962
56 964
56 964
56 964
56 964
56 964
56 964
56 964
56 964
56 964
56 964
56 964
56 964
56 964
56 964
56 964
56 964
56 964
56 964
56 964
56 964
56 964
56 964
56 964
56 964
56 964
56 964
44 589
44 589
44 589
44 589
44 589
44 589
44 589
44 589
44 589
44 589
44 589
44 589
44 589
44 589
44 589
44 589
44 589
44 589
44 589
44 589
44 589
44 589
44 589
44 589
44 589
62 1424
62 1424
62 1424
62 1424
62 1424
62 1424
62 1424
62 1424
62 1424
62 1424
62 1424
62 1424
46 589
46 589
46 589
46 589
46 589
60 979
60 979
60 979
60 979
60 979
60 979
60 979
60 979
60 979
60 979
60 979
60 979
60 979
60 979
60 979
48 607
48 607
48 607
50 611
50 611
50 611
50 611
50 611
50 611
50 611
50 611
50 611
50 611
59 1528
59 1528
59 1528
59 1528
59 1528
59 1528
59 1528
59 1528
59 1528
59 1528
59 1528
59 1528
59 1528
59 1528
59 1528
59 1528
59 1528
59 1528
59 1528
59 1528
59 1528
59 1528
59 1528
59 1528
59 1528
59 1528
59 1528
59 1528
59 1528
12 1002
12 1002
67 1018
67 1018
67 1018
67 1018
67 1018
67 1018
67 1018
67 1018
67 1018
67 1018
67 1018
67 1018
67 1018
67 1018
67 1018
67 1018
67 1018
67 1018
67 1018
67 1018
67 1018
54 1657
54 1657
54 1657
54 1657
54 1657
54 1657
54 1657
54 1657
54 1657
54 1657
54 1657
54 1657
54 1657
54 1657
54 1657
54 1657
54 1657
54 1657
8 630
8 630
8 630
8 630
8 630
8 630
8 630
8 630
8 630
8 630
8 630
8 630
8 630
8 630
8 630
8 630
8 630
8 630
8 630
8 630
8 630
8 630
8 630
8 630
8 630
8 630
8 630
8 630
19 1032
19 1032
19 1032
19 1032
19 1032
19 1032
19 1032
19 1032
24 1501
24 1501
24 1501
24 1501
24 1501
24 1501
24 1501
24 1501
24 1501
24 1501
24 1501
24 1501
24 1501
24 1501
24 1501
24 1501
24 1501
24 1501
24 1501
16 678
16 678
16 678
16 678
16 678
16 678
75 1590
75 1590
75 1590
75 1590
75 1590
75 1590
75 1590
75 1590
75 1590
75 1590
75 1590
75 1590
75 1590
75 1590
75 1590
75 1590
75 1590
75 1590
75 1590
75 1590
75 1590
75 1590
75 1590
75 1590
75 1590
75 1590
75 1590
20 675
20 675
20 675
20 675
20 675
20 675
20 675
20 675
20 675
20 675
20 675
20 675
20 675
20 675
20 675
20 675
20 675
20 675
20 675
20 675
20 675
20 675
20 675
20 675
20 675
20 675
20 675
20 675
20 675
20 675
22 663
22 663
22 663
22 663
22 663
22 663
22 663
22 663
22 663
22 663
22 663
22 663
22 663
22 663
22 663
22 663
22 663
22 663
22 663
22 663
22 663
22 663
78 1126
78 1126
78 1126
78 1126
78 1126
78 1126
78 1126
78 1126
78 1126
78 1126
78 1126
78 1126
78 1126
78 1126
78 1126
78 1126
78 1126
78 1126
78 1126
78 1126
78 1126
78 1126
78 1126
81 1601
81 1601
81 1601
81 1601
81 1601
81 1601
81 1601
81 1601
81 1601
81 1601
81 1601
81 1601
81 1601
81 1601
81 1601
81 1601
81 1601
81 1601
81 1601
81 1601
73 1686
73 1686
73 1686
73 1686
73 1686
73 1686
73 1686
73 1686
73 1686
73 1686
73 1686
73 1686
73 1686
73 1686
73 1686
73 1686
36 1143
36 1143
36 1143
36 1143
36 1143
36 1143
36 1143
36 1143
36 1143
35 1657
35 1657
35 1657
35 1657
35 1657
35 1657
35 1657
35 1657
35 1657
35 1657
35 1657
35 1657
35 1657
35 1657
42 1147
42 1147
42 1147
42 1147
42 1147
42 1147
42 1147
42 1147
42 1147
42 1147
42 1147
37 699
37 699
37 699
37 699
40 703
40 703
40 703
40 703
40 703
40 703
40 703
44 728
44 728
44 728
44 728
44 728
44 728
44 728
44 728
44 728
44 728
44 728
44 728
44 728
44 728
44 728
44 728
44 728
44 728
44 728
44 728
44 728
44 728
44 728
44 728
44 728
77 1919
77 1919
77 1919
77 1919
77 1919
77 1919
77 1919
77 1919
77 1919
77 1919
77 1919
77 1919
77 1919
46 744
46 744
46 744
46 744
46 744
48 749
48 749
48 749
4 1208
4 1208
4 1208
4 1208
4 1208
4 1208
4 1208
4 1208
4 1208
4 1208
4 1208
4 1208
4 1208
4 1208
4 1208
4 1208
4 1208
50 753
50 753
50 753
50 753
50 753
50 753
50 753
50 753
50 753
50 753
43 1829
43 1829
43 1829
43 1829
43 1829
43 1829
43 1829
43 1829
43 1829
43 1829
43 1829
43 1829
43 1829
43 1829
43 1829
43 1829
43 1829
43 1829
43 1829
43 1829
43 1829
43 1829
43 1829
43 1829
56 1218
56 1218
56 1218
56 1218
56 1218
56 1218
56 1218
56 1218
56 1218
56 1218
56 1218
56 1218
56 1218
56 1218
56 1218
56 1218
56 1218
56 1218
56 1218
56 1218
56 1218
56 1218
56 1218
56 1218
56 1218
56 1218
6 1241
8 753
8 753
8 753
8 753
8 753
8 753
8 753
8 753
8 753
8 753
8 753
8 753
8 753
8 753
8 753
8 753
8 753
8 753
8 753
8 753
8 753
8 753
8 753
8 753
8 753
8 753
8 753
8 753
60 1248
60 1248
60 1248
60 1248
60 1248
60 1248
60 1248
60 1248
60 1248
60 1248
60 1248
60 1248
60 1248
60 1248
60 1248
12 1261
12 1261
16 734
16 734
16 734
16 734
16 734
16 734
54 1882
54 1882
54 1882
54 1882
54 1882
54 1882
54 1882
54 1882
54 1882
54 1882
54 1882
54 1882
54 1882
54 1882
54 1882
54 1882
54 1882
54 1882
67 1294
67 1294
67 1294
67 1294
67 1294
67 1294
67 1294
67 1294
67 1294
67 1294
67 1294
67 1294
67 1294
67 1294
67 1294
67 1294
67 1294
67 1294
67 1294
67 1294
67 1294
20 776
20 776
20 776
20 776
20 776
20 776
20 776
20 776
20 776
20 776
20 776
20 776
20 776
20 776
20 776
20 776
20 776
20 776
20 776
20 776
20 776
20 776
20 776
20 776
20 776
20 776
20 776
20 776
20 776
20 776
19 1293
19 1293
19 1293
19 1293
19 1293
19 1293
19 1293
19 1293
22 768
22 768
22 768
22 768
22 768
22 768
22 768
22 768
22 768
22 768
22 768
22 768
22 768
22 768
22 768
22 768
22 768
22 768
22 768
22 768
22 768
22 768
78 1293
78 1293
78 1293
78 1293
78 1293
78 1293
78 1293
78 1293
78 1293
78 1293
78 1293
78 1293
78 1293
78 1293
78 1293
78 1293
78 1293
78 1293
78 1293
78 1293
78 1293
78 1293
78 1293
59 2005
59 2005
59 2005
59 2005
59 2005
59 2005
59 2005
59 2005
59 2005
59 2005
59 2005
59 2005
59 2005
59 2005
59 2005
59 2005
59 2005
59 2005
59 2005
59 2005
59 2005
59 2005
59 2005
59 2005
59 2005
59 2005
59 2005
59 2005
59 2005
62 1975
62 1975
62 1975
62 1975
62 1975
62 1975
62 1975
62 1975
62 1975
62 1975
62 1975
62 1975
36 1313
36 1313
36 1313
36 1313
36 1313
36 1313
36 1313
36 1313
36 1313
37 849
37 849
37 849
37 849
42 1318
42 1318
42 1318
42 1318
42 1318
42 1318
42 1318
42 1318
42 1318
42 1318
42 1318
40 853
40 853
40 853
40 853
40 853
40 853
40 853
44 838
44 838
44 838
44 838
44 838
44 838
44 838
44 838
44 838
44 838
44 838
44 838
44 838
44 838
44 838
44 838
44 838
44 838
44 838
44 838
44 838
44 838
44 838
44 838
44 838
46 830
46 830
46 830
46 830
46 830
48 816
48 816
48 816
77 2048
77 2048
77 2048
77 2048
77 2048
77 2048
77 2048
77 2048
77 2048
77 2048
77 2048
77 2048
77 2048
50 828
50 828
50 828
50 828
50 828
50 828
50 828
50 828
50 828
50 828
75 2154
75 2154
75 2154
75 2154
75 2154
75 2154
75 2154
75 2154
75 2154
75 2154
75 2154
75 2154
75 2154
75 2154
75 2154
75 2154
75 2154
75 2154
75 2154
75 2154
75 2154
75 2154
75 2154
75 2154
75 2154
75 2154
75 2154
73 2234
73 2234
73 2234
73 2234
73 2234
73 2234
73 2234
73 2234
73 2234
73 2234
73 2234
73 2234
73 2234
73 2234
73 2234
73 2234
81 2154
81 2154
81 2154
81 2154
81 2154
81 2154
81 2154
81 2154
81 2154
81 2154
81 2154
81 2154
81 2154
81 2154
81 2154
81 2154
81 2154
81 2154
81 2154
81 2154
56 1416
56 1416
56 1416
56 1416
56 1416
56 1416
56 1416
56 1416
56 1416
56 1416
56 1416
56 1416
56 1416
56 1416
56 1416
56 1416
56 1416
56 1416
56 1416
56 1416
56 1416
56 1416
56 1416
56 1416
56 1416
56 1416
60 1423
60 1423
60 1423
60 1423
60 1423
60 1423
60 1423
60 1423
60 1423
60 1423
60 1423
60 1423
60 1423
60 1423
60 1423
67 1472
67 1472
67 1472
67 1472
67 1472
67 1472
67 1472
67 1472
67 1472
67 1472
67 1472
67 1472
67 1472
67 1472
67 1472
67 1472
67 1472
67 1472
67 1472
67 1472
67 1472
78 1490
78 1490
78 1490
78 1490
78 1490
78 1490
78 1490
78 1490
78 1490
78 1490
78 1490
78 1490
78 1490
78 1490
78 1490
78 1490
78 1490
78 1490
78 1490
78 1490
78 1490
78 1490
78 1490
