8 108
8 108
8 108
7 120
7 120
7 120
7 120
7 120
7 120
7 120
7 120
7 120
7 120
7 120
7 120
7 120
7 120
7 120
7 120
7 120
7 120
7 120
3 166
3 166
3 166
3 166
4 222
20 126
20 126
20 126
20 126
20 126
20 126
20 126
20 126
20 126
20 126
20 126
20 126
20 126
20 126
20 126
20 126
20 126
20 126
20 126
20 126
20 126
20 126
20 126
20 126
20 126
20 126
20 126
20 126
20 126
20 126
48 224
48 224
48 224
48 224
48 224
48 224
48 224
48 224
48 224
48 224
53 178
53 178
53 178
53 178
53 178
53 178
53 178
53 178
53 178
53 178
53 178
53 178
53 178
53 178
53 178
53 178
53 178
53 178
53 178
53 178
47 239
47 239
47 239
47 239
47 239
47 239
47 239
47 239
47 239
47 239
47 239
47 239
47 239
47 239
47 239
47 239
47 239
47 239
47 239
47 239
47 239
47 239
47 239
47 239
47 239
47 239
47 239
47 239
47 239
3 186
3 186
3 186
3 186
4 185
7 219
7 219
7 219
7 219
7 219
7 219
7 219
7 219
7 219
7 219
7 219
7 219
7 219
7 219
7 219
7 219
7 219
7 219
7 219
71 99
71 99
71 99
71 99
71 99
71 99
71 99
71 99
71 99
71 99
71 99
71 99
71 99
71 99
71 99
71 99
71 99
71 99
71 99
71 99
71 99
71 99
71 99
71 99
79 105
79 105
79 105
79 105
79 105
79 105
79 105
79 105
79 105
79 105
79 105
79 105
79 105
79 105
79 105
79 105
79 105
79 105
79 105
79 105
79 105
79 105
79 105
79 105
79 105
79 105
80 109
80 109
80 109
80 109
80 109
83 107
83 107
83 107
83 107
83 107
83 107
83 107
83 107
83 107
83 107
83 107
83 107
83 107
83 107
83 107
83 107
83 107
83 107
83 107
83 107
83 107
83 107
83 107
83 107
83 107
83 107
83 107
8 529
8 529
8 529
55 559
55 559
47 205
47 205
47 205
47 205
47 205
47 205
47 205
47 205
47 205
47 205
47 205
47 205
47 205
47 205
47 205
47 205
47 205
47 205
47 205
47 205
47 205
47 205
47 205
47 205
47 205
47 205
47 205
47 205
47 205
20 495
20 495
20 495
20 495
20 495
20 495
20 495
20 495
20 495
20 495
20 495
20 495
20 495
20 495
20 495
20 495
20 495
20 495
20 495
20 495
20 495
20 495
20 495
20 495
20 495
20 495
20 495
20 495
20 495
20 495
48 263
48 263
48 263
48 263
48 263
48 263
48 263
48 263
48 263
48 263
75 614
75 614
75 614
75 614
75 614
75 614
75 614
75 614
75 614
75 614
75 614
75 614
75 614
75 614
75 614
75 614
75 614
53 352
53 352
53 352
53 352
53 352
53 352
53 352
53 352
53 352
53 352
53 352
53 352
53 352
53 352
53 352
53 352
53 352
53 352
53 352
53 352
54 386
54 386
54 386
54 386
54 386
54 386
54 386
54 386
54 386
54 386
54 386
54 386
54 386
54 386
54 386
54 386
14 1438
14 1438
14 1438
14 1438
14 1438
14 1438
14 1438
14 1438
14 1438
14 1438
14 1438
14 1438
14 1438
14 1438
24 1348
24 1348
24 1348
24 1348
24 1348
24 1348
24 1348
24 1348
24 1348
24 1348
24 1348
24 1348
24 1348
26 828
26 828
26 828
26 828
26 828
26 828
26 828
26 828
26 828
26 828
26 828
22 1369
22 1369
22 1369
22 1369
22 1369
22 1369
22 1369
22 1369
28 809
28 809
28 809
28 809
28 809
28 809
28 809
28 809
28 809
28 809
28 809
28 809
28 809
28 809
28 809
28 809
28 809
28 809
27 826
27 826
27 826
27 826
27 826
27 826
27 826
27 826
27 826
27 826
27 826
27 826
27 826
27 826
27 826
34 756
34 756
34 756
34 756
34 756
34 756
34 756
34 756
34 756
34 756
34 756
34 756
34 756
34 756
34 756
34 756
34 756
34 756
34 756
34 756
34 756
34 756
34 756
57 542
57 542
57 542
57 542
57 542
57 542
57 542
57 542
57 542
57 542
57 542
57 542
57 542
57 542
57 542
57 542
57 542
57 542
57 542
57 542
57 542
57 542
71 402
71 402
71 402
71 402
71 402
71 402
71 402
71 402
71 402
71 402
71 402
71 402
71 402
71 402
71 402
71 402
71 402
71 402
71 402
71 402
71 402
71 402
71 402
71 402
79 322
79 322
79 322
79 322
79 322
79 322
79 322
79 322
79 322
79 322
79 322
79 322
79 322
79 322
79 322
79 322
79 322
79 322
79 322
79 322
79 322
79 322
79 322
79 322
79 322
79 322
80 314
80 314
80 314
80 314
80 314
83 285
83 285
83 285
83 285
83 285
83 285
83 285
83 285
83 285
83 285
83 285
83 285
83 285
83 285
83 285
83 285
83 285
83 285
83 285
83 285
83 285
83 285
83 285
83 285
83 285
83 285
83 285
61 506
61 506
61 506
61 506
61 506
61 506
61 506
3 607
3 607
3 607
3 607
39 785
39 785
39 785
39 785
39 785
39 785
39 785
39 785
39 785
39 785
39 785
39 785
39 785
39 785
39 785
39 785
39 785
39 785
39 785
39 785
39 785
39 785
39 785
39 785
39 785
7 638
7 638
7 638
7 638
7 638
7 638
7 638
7 638
7 638
7 638
7 638
7 638
7 638
7 638
7 638
7 638
7 638
7 638
7 638
47 267
47 267
47 267
47 267
47 267
47 267
47 267
47 267
47 267
47 267
47 267
47 267
47 267
47 267
47 267
47 267
47 267
47 267
47 267
47 267
47 267
47 267
47 267
47 267
47 267
47 267
47 267
47 267
47 267
48 262
48 262
48 262
48 262
48 262
48 262
48 262
48 262
48 262
48 262
55 694
55 694
4 706
8 692
8 692
8 692
53 271
53 271
53 271
53 271
53 271
53 271
53 271
53 271
53 271
53 271
53 271
53 271
53 271
53 271
53 271
53 271
53 271
53 271
53 271
53 271
45 853
45 853
45 853
45 853
45 853
45 853
45 853
45 853
45 853
45 853
45 853
45 853
45 853
45 853
45 853
45 853
45 853
45 853
45 853
45 853
45 853
46 847
46 847
46 847
46 847
46 847
46 847
46 847
46 847
46 847
46 847
46 847
46 847
46 847
46 847
46 847
46 847
46 847
46 847
46 847
46 847
46 847
46 847
46 847
46 847
46 847
46 847
46 847
46 847
54 269
54 269
54 269
54 269
54 269
54 269
54 269
54 269
54 269
54 269
54 269
54 269
54 269
54 269
54 269
54 269
57 261
57 261
57 261
57 261
57 261
57 261
57 261
57 261
57 261
57 261
57 261
57 261
57 261
57 261
57 261
57 261
57 261
57 261
57 261
57 261
57 261
57 261
61 267
61 267
61 267
61 267
61 267
61 267
61 267
71 270
71 270
71 270
71 270
71 270
71 270
71 270
71 270
71 270
71 270
71 270
71 270
71 270
71 270
71 270
71 270
71 270
71 270
71 270
71 270
71 270
71 270
71 270
71 270
20 844
20 844
20 844
20 844
20 844
20 844
20 844
20 844
20 844
20 844
20 844
20 844
20 844
20 844
20 844
20 844
20 844
20 844
20 844
20 844
20 844
20 844
20 844
20 844
20 844
20 844
20 844
20 844
20 844
20 844
79 279
79 279
79 279
79 279
79 279
79 279
79 279
79 279
79 279
79 279
79 279
79 279
79 279
79 279
79 279
79 279
79 279
79 279
79 279
79 279
79 279
79 279
79 279
79 279
79 279
79 279
80 273
80 273
80 273
80 273
80 273
13 1990
13 1990
13 1990
13 1990
13 1990
13 1990
13 1990
13 1990
13 1990
83 291
83 291
83 291
83 291
83 291
83 291
83 291
83 291
83 291
83 291
83 291
83 291
83 291
83 291
83 291
83 291
83 291
83 291
83 291
83 291
83 291
83 291
83 291
83 291
83 291
83 291
83 291
14 1003
14 1003
14 1003
14 1003
14 1003
14 1003
14 1003
14 1003
14 1003
14 1003
14 1003
14 1003
14 1003
14 1003
13 1537
13 1537
13 1537
13 1537
13 1537
13 1537
13 1537
13 1537
13 1537
13 1042
13 1042
13 1042
13 1042
13 1042
13 1042
13 1042
13 1042
13 1042
64 1535
64 1535
64 1535
64 1535
64 1535
64 1535
64 1535
64 1535
64 1535
64 1535
64 1535
64 1535
64 1035
64 1035
64 1035
64 1035
64 1035
64 1035
64 1035
64 1035
64 1035
64 1035
64 1035
64 1035
75 926
75 926
75 926
75 926
75 926
75 926
75 926
75 926
75 926
75 926
75 926
75 926
75 926
75 926
75 926
75 926
75 926
47 273
47 273
47 273
47 273
47 273
47 273
47 273
47 273
47 273
47 273
47 273
47 273
47 273
47 273
47 273
47 273
47 273
47 273
47 273
47 273
47 273
47 273
47 273
47 273
47 273
47 273
47 273
47 273
47 273
48 285
48 285
48 285
48 285
48 285
48 285
48 285
48 285
48 285
48 285
22 1058
22 1058
22 1058
22 1058
22 1058
22 1058
22 1058
22 1058
24 1057
24 1057
24 1057
24 1057
24 1057
24 1057
24 1057
24 1057
24 1057
24 1057
24 1057
24 1057
24 1057
26 1079
26 1079
26 1079
26 1079
26 1079
26 1079
26 1079
26 1079
26 1079
26 1079
26 1079
27 1075
27 1075
27 1075
27 1075
27 1075
27 1075
27 1075
27 1075
27 1075
27 1075
27 1075
27 1075
27 1075
27 1075
27 1075
53 317
53 317
53 317
53 317
53 317
53 317
53 317
53 317
53 317
53 317
53 317
53 317
53 317
53 317
53 317
53 317
53 317
53 317
53 317
53 317
54 308
54 308
54 308
54 308
54 308
54 308
54 308
54 308
54 308
54 308
54 308
54 308
54 308
54 308
54 308
54 308
28 1086
28 1086
28 1086
28 1086
28 1086
28 1086
28 1086
28 1086
28 1086
28 1086
28 1086
28 1086
28 1086
28 1086
28 1086
28 1086
28 1086
28 1086
57 305
57 305
57 305
57 305
57 305
57 305
57 305
57 305
57 305
57 305
57 305
57 305
57 305
57 305
57 305
57 305
57 305
57 305
57 305
57 305
57 305
57 305
61 312
61 312
61 312
61 312
61 312
61 312
61 312
4 932
71 303
71 303
71 303
71 303
71 303
71 303
71 303
71 303
71 303
71 303
71 303
71 303
71 303
71 303
71 303
71 303
71 303
71 303
71 303
71 303
71 303
71 303
71 303
71 303
8 942
8 942
8 942
3 998
3 998
3 998
3 998
34 1201
34 1201
34 1201
34 1201
34 1201
34 1201
34 1201
34 1201
34 1201
34 1201
34 1201
34 1201
34 1201
34 1201
34 1201
34 1201
34 1201
34 1201
34 1201
34 1201
34 1201
34 1201
34 1201
39 1214
39 1214
39 1214
39 1214
39 1214
39 1214
39 1214
39 1214
39 1214
39 1214
39 1214
39 1214
39 1214
39 1214
39 1214
39 1214
39 1214
39 1214
39 1214
39 1214
39 1214
39 1214
39 1214
39 1214
39 1214
79 324
79 324
79 324
79 324
79 324
79 324
79 324
79 324
79 324
79 324
79 324
79 324
79 324
79 324
79 324
79 324
79 324
79 324
79 324
79 324
79 324
79 324
79 324
79 324
79 324
79 324
80 325
80 325
80 325
80 325
80 325
55 1097
55 1097
83 334
83 334
83 334
83 334
83 334
83 334
83 334
83 334
83 334
83 334
83 334
83 334
83 334
83 334
83 334
83 334
83 334
83 334
83 334
83 334
83 334
83 334
83 334
83 334
83 334
83 334
83 334
13 1045
13 1045
13 1045
13 1045
13 1045
13 1045
13 1045
13 1045
13 1045
64 1043
64 1043
64 1043
64 1043
64 1043
64 1043
64 1043
64 1043
64 1043
64 1043
64 1043
64 1043
45 1266
45 1266
45 1266
45 1266
45 1266
45 1266
45 1266
45 1266
45 1266
45 1266
45 1266
45 1266
45 1266
45 1266
45 1266
45 1266
45 1266
45 1266
45 1266
45 1266
45 1266
46 1268
46 1268
46 1268
46 1268
46 1268
46 1268
46 1268
46 1268
46 1268
46 1268
46 1268
46 1268
46 1268
46 1268
46 1268
46 1268
46 1268
46 1268
46 1268
46 1268
46 1268
46 1268
46 1268
46 1268
46 1268
46 1268
46 1268
46 1268
7 1163
7 1163
7 1163
7 1163
7 1163
7 1163
7 1163
7 1163
7 1163
7 1163
7 1163
7 1163
7 1163
7 1163
7 1163
7 1163
7 1163
7 1163
7 1163
20 1060
20 1060
20 1060
20 1060
20 1060
20 1060
20 1060
20 1060
20 1060
20 1060
20 1060
20 1060
20 1060
20 1060
20 1060
20 1060
20 1060
20 1060
20 1060
20 1060
20 1060
20 1060
20 1060
20 1060
20 1060
20 1060
20 1060
20 1060
20 1060
20 1060
47 336
47 336
47 336
47 336
47 336
47 336
47 336
47 336
47 336
47 336
47 336
47 336
47 336
47 336
47 336
47 336
47 336
47 336
47 336
47 336
47 336
47 336
47 336
47 336
47 336
47 336
47 336
47 336
47 336
48 340
48 340
48 340
48 340
48 340
48 340
48 340
48 340
48 340
48 340
75 1112
75 1112
75 1112
75 1112
75 1112
75 1112
75 1112
75 1112
75 1112
75 1112
75 1112
75 1112
75 1112
75 1112
75 1112
75 1112
75 1112
53 335
53 335
53 335
53 335
53 335
53 335
53 335
53 335
53 335
53 335
53 335
53 335
53 335
53 335
53 335
53 335
53 335
53 335
53 335
53 335
54 343
54 343
54 343
54 343
54 343
54 343
54 343
54 343
54 343
54 343
54 343
54 343
54 343
54 343
54 343
54 343
57 336
57 336
57 336
57 336
57 336
57 336
57 336
57 336
57 336
57 336
57 336
57 336
57 336
57 336
57 336
57 336
57 336
57 336
57 336
57 336
57 336
57 336
61 346
61 346
61 346
61 346
61 346
61 346
61 346
14 1400
14 1400
14 1400
14 1400
14 1400
14 1400
14 1400
14 1400
14 1400
14 1400
14 1400
14 1400
14 1400
14 1400
71 376
71 376
71 376
71 376
71 376
71 376
71 376
71 376
71 376
71 376
71 376
71 376
71 376
71 376
71 376
71 376
71 376
71 376
71 376
71 376
71 376
71 376
71 376
71 376
66 2439
66 2439
66 2439
66 2439
66 2439
66 2439
66 1955
66 1955
66 1955
66 1955
66 1955
66 1955
66 1456
66 1456
66 1456
66 1456
66 1456
66 1456
79 378
79 378
79 378
79 378
79 378
79 378
79 378
79 378
79 378
79 378
79 378
79 378
79 378
79 378
79 378
79 378
79 378
79 378
79 378
79 378
79 378
79 378
79 378
79 378
79 378
79 378
80 375
80 375
80 375
80 375
80 375
22 1486
22 1486
22 1486
22 1486
22 1486
22 1486
22 1486
22 1486
83 392
83 392
83 392
83 392
83 392
83 392
83 392
83 392
83 392
83 392
83 392
83 392
83 392
83 392
83 392
83 392
83 392
83 392
83 392
83 392
83 392
83 392
83 392
83 392
83 392
83 392
83 392
24 1509
24 1509
24 1509
24 1509
24 1509
24 1509
24 1509
24 1509
24 1509
24 1509
24 1509
24 1509
24 1509
3 1226
3 1226
3 1226
3 1226
26 1509
26 1509
26 1509
26 1509
26 1509
26 1509
26 1509
26 1509
26 1509
26 1509
26 1509
27 1510
27 1510
27 1510
27 1510
27 1510
27 1510
27 1510
27 1510
27 1510
27 1510
27 1510
27 1510
27 1510
27 1510
27 1510
28 1522
28 1522
28 1522
28 1522
28 1522
28 1522
28 1522
28 1522
28 1522
28 1522
28 1522
28 1522
28 1522
28 1522
28 1522
28 1522
28 1522
28 1522
4 1279
55 1299
55 1299
47 407
47 407
47 407
47 407
47 407
47 407
47 407
47 407
47 407
47 407
47 407
47 407
47 407
47 407
47 407
47 407
47 407
47 407
47 407
47 407
47 407
47 407
47 407
47 407
47 407
47 407
47 407
47 407
47 407
7 1319
7 1319
7 1319
7 1319
7 1319
7 1319
7 1319
7 1319
7 1319
7 1319
7 1319
7 1319
7 1319
7 1319
7 1319
7 1319
7 1319
7 1319
7 1319
48 415
48 415
48 415
48 415
48 415
48 415
48 415
48 415
48 415
48 415
34 1564
34 1564
34 1564
34 1564
34 1564
34 1564
34 1564
34 1564
34 1564
34 1564
34 1564
34 1564
34 1564
34 1564
34 1564
34 1564
34 1564
34 1564
34 1564
34 1564
34 1564
34 1564
34 1564
53 411
53 411
53 411
53 411
53 411
53 411
53 411
53 411
53 411
53 411
53 411
53 411
53 411
53 411
53 411
53 411
53 411
53 411
53 411
53 411
13 1320
13 1320
13 1320
13 1320
13 1320
13 1320
13 1320
13 1320
13 1320
54 418
54 418
54 418
54 418
54 418
54 418
54 418
54 418
54 418
54 418
54 418
54 418
54 418
54 418
54 418
54 418
64 1352
64 1352
64 1352
64 1352
64 1352
64 1352
64 1352
64 1352
64 1352
64 1352
64 1352
64 1352
39 1605
39 1605
39 1605
39 1605
39 1605
39 1605
39 1605
39 1605
39 1605
39 1605
39 1605
39 1605
39 1605
39 1605
39 1605
39 1605
39 1605
39 1605
39 1605
39 1605
39 1605
39 1605
39 1605
39 1605
39 1605
8 1418
8 1418
8 1418
57 432
57 432
57 432
57 432
57 432
57 432
57 432
57 432
57 432
57 432
57 432
57 432
57 432
57 432
57 432
57 432
57 432
57 432
57 432
57 432
57 432
57 432
61 413
61 413
61 413
61 413
61 413
61 413
61 413
66 1404
66 1404
66 1404
66 1404
66 1404
66 1404
45 1662
45 1662
45 1662
45 1662
45 1662
45 1662
45 1662
45 1662
45 1662
45 1662
45 1662
45 1662
45 1662
45 1662
45 1662
45 1662
45 1662
45 1662
45 1662
45 1662
45 1662
20 1419
20 1419
20 1419
20 1419
20 1419
20 1419
20 1419
20 1419
20 1419
20 1419
20 1419
20 1419
20 1419
20 1419
20 1419
20 1419
20 1419
20 1419
20 1419
20 1419
20 1419
20 1419
20 1419
20 1419
20 1419
20 1419
20 1419
20 1419
20 1419
20 1419
46 1664
46 1664
46 1664
46 1664
46 1664
46 1664
46 1664
46 1664
46 1664
46 1664
46 1664
46 1664
46 1664
46 1664
46 1664
46 1664
46 1664
46 1664
46 1664
46 1664
46 1664
46 1664
46 1664
46 1664
46 1664
46 1664
46 1664
46 1664
71 457
71 457
71 457
71 457
71 457
71 457
71 457
71 457
71 457
71 457
71 457
71 457
71 457
71 457
71 457
71 457
71 457
71 457
71 457
71 457
71 457
71 457
71 457
71 457
79 455
79 455
79 455
79 455
79 455
79 455
79 455
79 455
79 455
79 455
79 455
79 455
79 455
79 455
79 455
79 455
79 455
79 455
79 455
79 455
79 455
79 455
79 455
79 455
79 455
79 455
80 455
80 455
80 455
80 455
80 455
75 1527
75 1527
75 1527
75 1527
75 1527
75 1527
75 1527
75 1527
75 1527
75 1527
75 1527
75 1527
75 1527
75 1527
75 1527
75 1527
75 1527
83 447
83 447
83 447
83 447
83 447
83 447
83 447
83 447
83 447
83 447
83 447
83 447
83 447
83 447
83 447
83 447
83 447
83 447
83 447
83 447
83 447
83 447
83 447
83 447
83 447
83 447
83 447
47 454
47 454
47 454
47 454
47 454
47 454
47 454
47 454
47 454
47 454
47 454
47 454
47 454
47 454
47 454
47 454
47 454
47 454
47 454
47 454
47 454
47 454
47 454
47 454
47 454
47 454
47 454
47 454
47 454
48 456
48 456
48 456
48 456
48 456
48 456
48 456
48 456
48 456
48 456
14 1820
14 1820
14 1820
14 1820
14 1820
14 1820
14 1820
14 1820
14 1820
14 1820
14 1820
14 1820
14 1820
14 1820
53 457
53 457
53 457
53 457
53 457
53 457
53 457
53 457
53 457
53 457
53 457
53 457
53 457
53 457
53 457
53 457
53 457
53 457
53 457
53 457
54 471
54 471
54 471
54 471
54 471
54 471
54 471
54 471
54 471
54 471
54 471
54 471
54 471
54 471
54 471
54 471
57 472
57 472
57 472
57 472
57 472
57 472
57 472
57 472
57 472
57 472
57 472
57 472
57 472
57 472
57 472
57 472
57 472
57 472
57 472
57 472
57 472
57 472
61 472
61 472
61 472
61 472
61 472
61 472
61 472
55 1551
55 1551
22 1925
22 1925
22 1925
22 1925
22 1925
22 1925
22 1925
22 1925
24 1945
24 1945
24 1945
24 1945
24 1945
24 1945
24 1945
24 1945
24 1945
24 1945
24 1945
24 1945
24 1945
71 493
71 493
71 493
71 493
71 493
71 493
71 493
71 493
71 493
71 493
71 493
71 493
71 493
71 493
71 493
71 493
71 493
71 493
71 493
71 493
71 493
71 493
71 493
71 493
26 1951
26 1951
26 1951
26 1951
26 1951
26 1951
26 1951
26 1951
26 1951
26 1951
26 1951
27 1953
27 1953
27 1953
27 1953
27 1953
27 1953
27 1953
27 1953
27 1953
27 1953
27 1953
27 1953
27 1953
27 1953
27 1953
28 1959
28 1959
28 1959
28 1959
28 1959
28 1959
28 1959
28 1959
28 1959
28 1959
28 1959
28 1959
28 1959
28 1959
28 1959
28 1959
28 1959
28 1959
79 513
79 513
79 513
79 513
79 513
79 513
79 513
79 513
79 513
79 513
79 513
79 513
79 513
79 513
79 513
79 513
79 513
79 513
79 513
79 513
79 513
79 513
79 513
79 513
79 513
79 513
80 514
80 514
80 514
80 514
80 514
66 1666
66 1666
66 1666
66 1666
66 1666
66 1666
83 509
83 509
83 509
83 509
83 509
83 509
83 509
83 509
83 509
83 509
83 509
83 509
83 509
83 509
83 509
83 509
83 509
83 509
83 509
83 509
83 509
83 509
83 509
83 509
83 509
83 509
83 509
47 496
47 496
47 496
47 496
47 496
47 496
47 496
47 496
47 496
47 496
47 496
47 496
47 496
47 496
47 496
47 496
47 496
47 496
47 496
47 496
47 496
47 496
47 496
47 496
47 496
47 496
47 496
47 496
47 496
64 1921
64 1921
64 1921
64 1921
64 1921
64 1921
64 1921
64 1921
64 1921
64 1921
64 1921
64 1921
75 1827
75 1827
75 1827
75 1827
75 1827
75 1827
75 1827
75 1827
75 1827
75 1827
75 1827
75 1827
75 1827
75 1827
75 1827
75 1827
75 1827
