1 1 2
2 4 1
3 2 1
4 1 2
5 2 1
6 2 1
7 1 2
8 1 2
9 2 1
10 1 2
11 3 1
12 2 1
13 4 1
14 4 1
15 1 2
16 2 1
17 3 1
18 3 1
19 3 1
20 1 3
21 3 1
22 1 3
23 3 1
24 1 3
25 1 3
26 1 3
27 3 1
28 1 3
29 2 1
30 3 1
31 1 3
32 2 1
33 1 3
34 3 1
35 4 1
36 2 1
37 1 3
38 3 1
39 3 1
40 1 3
41 1 3
42 4 1
43 2 1
44 2 1
45 1 3
46 2 1
47 4 1
48 4 1
49 2 1
50 4 1
51 4 1
52 1 3
53 3 1
54 3 1
55 4 1
56 4 1
57 1 3
58 2 1
59 1 3
60 4 1
61 1 3
62 3 1
63 3 1
64 3 1
65 1 3
66 2 1
67 4 1
68 4 1
69 4 1
70 4 1
71 3 1
72 1 3
73 3 1
74 1 3
75 1 3
76 4 1
77 4 3
78 4 3
79 3 3
80 4 3
81 2 3
