1 1 3 58.7753 -52.3953
2 4 3 88.523 38.6244
3 2 3 18.261 7.30331
4 1 3 45.3443 56.6694
5 2 3 -81.7805 -89.4713
6 2 3 22.6614 -51.6179
7 1 3 29.1719 2.31086
8 1 2 97.6122 -67.0865
9 2 2 -56.4299 44.0678
10 1 2 94.2593 -21.2194
11 3 3 44.7023 49.262
12 2 2 -62.442 -96.8449
13 4 2 -6.01506 36.2995
14 4 2 -13.5732 -8.04729
15 1 2 -81.4833 -39.5725
16 2 2 86.01 -28.5105
17 3 3 -45.1538 23.0979
18 3 3 -39.0032 -94.6799
19 3 3 -48.2508 -74.1189
20 1 2 -73.3402 -8.66525
21 3 3 -59.6421 72.4297
22 1 2 44.2413 -18.7512
23 3 3 41.3982 33.3241
24 1 2 -6.23531 -52.8138
25 1 2 20.7587 93.3777
26 1 2 -72.9679 -93.9951
27 3 3 10.9353 21.3847
28 1 2 73.2735 -53.5456
29 2 2 -77.0029 91.0403
30 3 3 98.9272 -85.5354
31 1 2 -98.726 -44.8135
32 2 2 6.448 37.3077
33 1 2 52.6983 -88.3177
34 3 3 36.1444 -56.5949
35 4 2 -58.9584 91.6655
36 2 2 71.713 11.8404
37 1 2 78.709 83.3362
38 3 3 -23.1277 -33.5689
39 3 3 -22.1821 48.8536
40 1 2 33.2722 -37.6912
41 1 2 29.3814 -29.9247
42 4 2 91.4815 22.277
43 2 2 31.3084 22.0516
44 2 2 70.513 22.8884
45 1 1 55.3828 -23.5524
46 2 1 -63.1012 -12.2056
47 4 1 64.6156 -49.5105
48 4 1 23.8767 86.1003
49 2 1 31.1689 -46.8607
50 4 1 88.2621 65.785
51 4 1 82.8251 97.3017
52 1 1 -78.8693 -64.8915
53 3 3 -13.5132 -55.5253
54 3 3 -71.2246 -74.5417
55 4 1 -92.6922 16.8041
56 4 1 11.854 -26.6228
57 1 1 10.197 31.8967
58 2 1 -56.6708 -37.0475
59 1 1 47.9673 -56.5813
60 4 1 -98.5855 14.2178
61 1 1 -2.68358 -97.5825
62 3 3 31.663 13.5338
63 3 3 -51.6228 82.899
64 3 3 81.1953 -83.8147
65 1 1 48.8773 -36.3432
66 2 1 20.2816 -74.8785
67 4 1 -33.7641 -93.9888
68 4 1 -59.1047 -48.5158
69 4 1 -11.8915 -72.5648
70 4 1 53.5951 8.1932
71 3 3 71.8393 -51.6905
72 1 1 -46.3225 69.3833
73 3 3 -31.7089 41.8423
74 1 1 47.1319 35.8474
75 1 1 -15.8176 64.1785
76 4 1 -32.8672 -37.7976
77 4 1 37.0408 -47.6597
78 4 1 13.9284 -13.5839
79 3 3 -72.733 -70.8095
80 4 1 -78.9809 -78.9302
81 2 1 -45.9791 -83.3494
