6 349
6 349
6 349
6 349
6 349
6 349
6 349
6 349
6 349
6 349
6 349
6 349
6 349
6 349
6 349
6 349
6 349
6 349
6 349
6 349
6 349
6 349
6 349
6 349
51 196
51 196
51 196
51 196
51 196
51 196
51 196
51 196
40 322
40 322
40 322
40 322
40 322
40 322
40 322
40 322
40 322
40 322
40 322
40 322
40 322
40 322
40 322
40 322
40 322
40 322
40 322
40 322
40 322
40 322
40 322
40 322
40 322
40 322
40 322
40 322
40 322
40 322
35 377
35 377
35 377
35 377
35 377
35 377
35 377
35 377
35 377
35 377
35 377
29 439
29 439
29 439
29 439
29 439
29 439
29 439
29 439
29 439
29 439
29 439
29 439
29 439
29 439
29 439
29 439
29 439
29 439
29 439
29 439
29 439
29 439
29 439
29 439
29 439
29 439
29 439
29 439
29 439
54 214
6 258
6 258
6 258
6 258
6 258
6 258
6 258
6 258
6 258
6 258
6 258
6 258
6 258
6 258
6 258
6 258
6 258
6 258
6 258
6 258
6 258
6 258
6 258
6 258
35 266
35 266
35 266
35 266
35 266
35 266
35 266
35 266
35 266
35 266
35 266
29 358
29 358
29 358
29 358
29 358
29 358
29 358
29 358
29 358
29 358
29 358
29 358
29 358
29 358
29 358
29 358
29 358
29 358
29 358
29 358
29 358
29 358
29 358
29 358
29 358
29 358
29 358
29 358
29 358
40 299
40 299
40 299
40 299
40 299
40 299
40 299
40 299
40 299
40 299
40 299
40 299
40 299
40 299
40 299
40 299
40 299
40 299
40 299
40 299
40 299
40 299
40 299
40 299
40 299
40 299
40 299
40 299
40 299
40 299
102 286
102 286
102 286
102 286
102 286
102 286
102 286
102 286
102 286
102 286
102 286
102 286
102 286
102 286
102 286
102 286
102 286
102 286
102 286
102 286
102 286
102 286
102 286
51 353
51 353
51 353
51 353
51 353
51 353
51 353
51 353
54 363
10 1304
10 1304
10 1304
10 1304
10 1304
10 804
10 804
10 804
10 804
10 804
5 1355
5 1355
5 1355
5 1355
5 855
5 855
5 855
5 855
83 576
83 576
83 576
83 576
83 576
83 576
83 576
83 576
83 576
83 576
83 576
83 576
83 576
83 576
83 576
83 576
83 576
83 576
83 576
83 576
83 576
83 576
83 576
83 576
83 576
83 576
83 576
83 576
62 787
62 787
24 667
24 667
24 667
24 667
24 667
24 667
24 667
24 667
24 667
24 667
5 358
5 358
5 358
5 358
6 348
6 348
6 348
6 348
6 348
6 348
6 348
6 348
6 348
6 348
6 348
6 348
6 348
6 348
6 348
6 348
6 348
6 348
6 348
6 348
6 348
6 348
6 348
6 348
72 690
72 690
72 690
10 355
10 355
10 355
10 355
10 355
62 469
62 469
125 393
125 393
125 393
125 393
125 393
125 393
125 393
125 393
125 393
125 393
125 393
125 393
125 393
125 393
125 393
125 393
125 393
125 393
125 393
125 393
125 393
125 393
126 392
126 392
126 392
126 392
126 392
126 392
126 392
126 392
126 392
126 392
126 392
126 392
126 392
126 392
126 392
126 392
126 392
127 382
127 382
127 382
127 382
127 382
127 382
127 382
127 382
127 382
127 382
127 382
127 382
72 436
72 436
72 436
29 388
29 388
29 388
29 388
29 388
29 388
29 388
29 388
29 388
29 388
29 388
29 388
29 388
29 388
29 388
29 388
29 388
29 388
29 388
29 388
29 388
29 388
29 388
29 388
29 388
29 388
29 388
29 388
29 388
131 387
131 387
131 387
131 387
131 387
131 387
24 461
24 461
24 461
24 461
24 461
24 461
24 461
24 461
24 461
24 461
35 407
35 407
35 407
35 407
35 407
35 407
35 407
35 407
35 407
35 407
35 407
83 467
83 467
83 467
83 467
83 467
83 467
83 467
83 467
83 467
83 467
83 467
83 467
83 467
83 467
83 467
83 467
83 467
83 467
83 467
83 467
83 467
83 467
83 467
83 467
83 467
83 467
83 467
83 467
139 430
139 430
139 430
139 430
139 430
139 430
139 430
139 430
139 430
40 436
40 436
40 436
40 436
40 436
40 436
40 436
40 436
40 436
40 436
40 436
40 436
40 436
40 436
40 436
40 436
40 436
40 436
40 436
40 436
40 436
40 436
40 436
40 436
40 436
40 436
40 436
40 436
40 436
40 436
102 441
102 441
102 441
102 441
102 441
102 441
102 441
102 441
102 441
102 441
102 441
102 441
102 441
102 441
102 441
102 441
102 441
102 441
102 441
102 441
102 441
102 441
102 441
51 499
51 499
51 499
51 499
51 499
51 499
51 499
51 499
5 503
5 503
5 503
5 503
54 525
6 545
6 545
6 545
6 545
6 545
6 545
6 545
6 545
6 545
6 545
6 545
6 545
6 545
6 545
6 545
6 545
6 545
6 545
6 545
6 545
6 545
6 545
6 545
6 545
10 548
10 548
10 548
10 548
10 548
62 541
62 541
125 481
125 481
125 481
125 481
125 481
125 481
125 481
125 481
125 481
125 481
125 481
125 481
125 481
125 481
125 481
125 481
125 481
125 481
125 481
125 481
125 481
125 481
126 491
126 491
126 491
126 491
126 491
126 491
126 491
126 491
126 491
126 491
126 491
126 491
126 491
126 491
126 491
126 491
126 491
127 492
127 492
127 492
127 492
127 492
127 492
127 492
127 492
127 492
127 492
127 492
127 492
29 504
29 504
29 504
29 504
29 504
29 504
29 504
29 504
29 504
29 504
29 504
29 504
29 504
29 504
29 504
29 504
29 504
29 504
29 504
29 504
29 504
29 504
29 504
29 504
29 504
29 504
29 504
29 504
29 504
131 511
131 511
131 511
131 511
131 511
131 511
72 604
72 604
72 604
24 608
24 608
24 608
24 608
24 608
24 608
24 608
24 608
24 608
24 608
83 573
83 573
83 573
83 573
83 573
83 573
83 573
83 573
83 573
83 573
83 573
83 573
83 573
83 573
83 573
83 573
83 573
83 573
83 573
83 573
83 573
83 573
83 573
83 573
83 573
83 573
83 573
83 573
40 505
40 505
40 505
40 505
40 505
40 505
40 505
40 505
40 505
40 505
40 505
40 505
40 505
40 505
40 505
40 505
40 505
40 505
40 505
40 505
40 505
40 505
40 505
40 505
40 505
40 505
40 505
40 505
40 505
40 505
139 525
139 525
139 525
139 525
139 525
139 525
139 525
139 525
139 525
35 634
35 634
35 634
35 634
35 634
35 634
35 634
35 634
35 634
35 634
35 634
102 580
102 580
102 580
102 580
102 580
102 580
102 580
102 580
102 580
102 580
102 580
102 580
102 580
102 580
102 580
102 580
102 580
102 580
102 580
102 580
102 580
102 580
102 580
51 694
51 694
51 694
51 694
51 694
51 694
51 694
51 694
54 690
136 1384
136 1384
136 1384
136 1384
136 1384
136 1384
136 1384
136 884
136 884
136 884
136 884
136 884
136 884
136 884
5 696
5 696
5 696
5 696
6 694
6 694
6 694
6 694
6 694
6 694
6 694
6 694
6 694
6 694
6 694
6 694
6 694
6 694
6 694
6 694
6 694
6 694
6 694
6 694
6 694
6 694
6 694
6 694
10 721
10 721
10 721
10 721
10 721
62 727
62 727
125 615
125 615
125 615
125 615
125 615
125 615
125 615
125 615
125 615
125 615
125 615
125 615
125 615
125 615
125 615
125 615
125 615
125 615
125 615
125 615
125 615
125 615
127 634
127 634
127 634
127 634
127 634
127 634
127 634
127 634
127 634
127 634
127 634
127 634
29 651
29 651
29 651
29 651
29 651
29 651
29 651
29 651
29 651
29 651
29 651
29 651
29 651
29 651
29 651
29 651
29 651
29 651
29 651
29 651
29 651
29 651
29 651
29 651
29 651
29 651
29 651
29 651
29 651
72 765
72 765
72 765
126 768
126 768
126 768
126 768
126 768
126 768
126 768
126 768
126 768
126 768
126 768
126 768
126 768
126 768
126 768
126 768
126 768
131 719
131 719
131 719
131 719
131 719
131 719
24 789
24 789
24 789
24 789
24 789
24 789
24 789
24 789
24 789
24 789
35 694
35 694
35 694
35 694
35 694
35 694
35 694
35 694
35 694
35 694
35 694
136 686
136 686
136 686
136 686
136 686
136 686
136 686
139 683
139 683
139 683
139 683
139 683
139 683
139 683
139 683
139 683
40 688
40 688
40 688
40 688
40 688
40 688
40 688
40 688
40 688
40 688
40 688
40 688
40 688
40 688
40 688
40 688
40 688
40 688
40 688
40 688
40 688
40 688
40 688
40 688
40 688
40 688
40 688
40 688
40 688
40 688
102 673
102 673
102 673
102 673
102 673
102 673
102 673
102 673
102 673
102 673
102 673
102 673
102 673
102 673
102 673
102 673
102 673
102 673
102 673
102 673
102 673
102 673
102 673
83 872
83 872
83 872
83 872
83 872
83 872
83 872
83 872
83 872
83 872
83 872
83 872
83 872
83 872
83 872
83 872
83 872
83 872
83 872
83 872
83 872
83 872
83 872
83 872
83 872
83 872
83 872
83 872
51 882
51 882
51 882
51 882
51 882
51 882
51 882
51 882
92 2484
92 2484
92 2484
92 2484
92 2484
92 2484
92 2484
92 2484
92 2484
92 2484
92 2484
92 2484
92 2484
92 2484
92 2484
92 1984
92 1984
92 1984
92 1984
92 1984
92 1984
92 1984
92 1984
92 1984
92 1984
92 1984
92 1984
92 1984
92 1984
92 1984
92 1484
92 1484
92 1484
92 1484
92 1484
92 1484
92 1484
92 1484
92 1484
92 1484
92 1484
92 1484
92 1484
92 1484
92 1484
54 897
5 919
5 919
5 919
5 919
6 919
6 919
6 919
6 919
6 919
6 919
6 919
6 919
6 919
6 919
6 919
6 919
6 919
6 919
6 919
6 919
6 919
6 919
6 919
6 919
6 919
6 919
6 919
6 919
125 744
125 744
125 744
125 744
125 744
125 744
125 744
125 744
125 744
125 744
125 744
125 744
125 744
125 744
125 744
125 744
125 744
125 744
125 744
125 744
125 744
125 744
126 735
126 735
126 735
126 735
126 735
126 735
126 735
126 735
126 735
126 735
126 735
126 735
126 735
126 735
126 735
126 735
126 735
127 727
127 727
127 727
127 727
127 727
127 727
127 727
127 727
127 727
127 727
127 727
127 727
10 950
10 950
10 950
10 950
10 950
29 764
29 764
29 764
29 764
29 764
29 764
29 764
29 764
29 764
29 764
29 764
29 764
29 764
29 764
29 764
29 764
29 764
29 764
29 764
29 764
29 764
29 764
29 764
29 764
29 764
29 764
29 764
29 764
29 764
131 745
131 745
131 745
131 745
131 745
131 745
62 952
62 952
35 756
35 756
35 756
35 756
35 756
35 756
35 756
35 756
35 756
35 756
35 756
136 749
136 749
136 749
136 749
136 749
136 749
136 749
139 788
139 788
139 788
139 788
139 788
139 788
139 788
139 788
139 788
40 778
40 778
40 778
40 778
40 778
40 778
40 778
40 778
40 778
40 778
40 778
40 778
40 778
40 778
40 778
40 778
40 778
40 778
40 778
40 778
40 778
40 778
40 778
40 778
40 778
40 778
40 778
40 778
40 778
40 778
72 959
72 959
72 959
24 1008
24 1008
24 1008
24 1008
24 1008
24 1008
24 1008
24 1008
24 1008
24 1008
102 804
102 804
102 804
102 804
102 804
102 804
102 804
102 804
102 804
102 804
102 804
102 804
102 804
102 804
102 804
102 804
102 804
102 804
102 804
102 804
102 804
102 804
102 804
83 1001
83 1001
83 1001
83 1001
83 1001
83 1001
83 1001
83 1001
83 1001
83 1001
83 1001
83 1001
83 1001
83 1001
83 1001
83 1001
83 1001
83 1001
83 1001
83 1001
83 1001
83 1001
83 1001
83 1001
83 1001
83 1001
83 1001
83 1001
51 1067
51 1067
51 1067
51 1067
51 1067
51 1067
51 1067
51 1067
92 1185
92 1185
92 1185
92 1185
92 1185
92 1185
92 1185
92 1185
92 1185
92 1185
92 1185
92 1185
92 1185
92 1185
92 1185
125 887
125 887
125 887
125 887
125 887
125 887
125 887
125 887
125 887
125 887
125 887
125 887
125 887
125 887
125 887
125 887
125 887
125 887
125 887
125 887
125 887
125 887
126 885
126 885
126 885
126 885
126 885
126 885
126 885
126 885
126 885
126 885
126 885
126 885
126 885
126 885
126 885
126 885
126 885
127 876
127 876
127 876
127 876
127 876
127 876
127 876
127 876
127 876
127 876
127 876
127 876
54 1115
29 917
29 917
29 917
29 917
29 917
29 917
29 917
29 917
29 917
29 917
29 917
29 917
29 917
29 917
29 917
29 917
29 917
29 917
29 917
29 917
29 917
29 917
29 917
29 917
29 917
29 917
29 917
29 917
29 917
62 1092
62 1092
136 913
136 913
136 913
136 913
136 913
136 913
136 913
131 991
131 991
131 991
131 991
131 991
131 991
139 947
139 947
139 947
139 947
139 947
139 947
139 947
139 947
139 947
72 1129
72 1129
72 1129
102 993
102 993
102 993
102 993
102 993
102 993
102 993
102 993
102 993
102 993
102 993
102 993
102 993
102 993
102 993
102 993
102 993
102 993
102 993
102 993
102 993
102 993
102 993
83 1222
83 1222
83 1222
83 1222
83 1222
83 1222
83 1222
83 1222
83 1222
83 1222
83 1222
83 1222
83 1222
83 1222
83 1222
83 1222
83 1222
83 1222
83 1222
83 1222
83 1222
83 1222
83 1222
83 1222
83 1222
83 1222
83 1222
83 1222
92 1221
92 1221
92 1221
92 1221
92 1221
92 1221
92 1221
92 1221
92 1221
92 1221
92 1221
92 1221
92 1221
92 1221
92 1221
125 1047
125 1047
125 1047
125 1047
125 1047
125 1047
125 1047
125 1047
125 1047
125 1047
125 1047
125 1047
125 1047
125 1047
125 1047
125 1047
125 1047
125 1047
125 1047
125 1047
125 1047
125 1047
126 1054
126 1054
126 1054
126 1054
126 1054
126 1054
126 1054
126 1054
126 1054
126 1054
126 1054
126 1054
126 1054
126 1054
126 1054
126 1054
126 1054
127 1088
127 1088
127 1088
127 1088
127 1088
127 1088
127 1088
127 1088
127 1088
127 1088
127 1088
127 1088
131 1106
131 1106
131 1106
131 1106
131 1106
131 1106
136 1111
136 1111
136 1111
136 1111
136 1111
136 1111
136 1111
139 1125
139 1125
139 1125
139 1125
139 1125
139 1125
139 1125
139 1125
139 1125
