1 2 2
2 1 1
3 4 2
4 4 2
5 1 1
6 1 1
7 1 1
8 4 2
9 4 2
10 1 1
11 3 2
12 1 1
13 2 2
14 2 2
15 1 1
16 1 1
17 2 2
18 1 1
19 1 1
20 4 2
21 3 2
22 2 2
23 2 2
24 1 1
25 4 3
26 4 3
27 3 3
28 4 3
29 3 3
30 4 3
31 2 2
32 2 2
33 3 3
34 1 1
35 3 3
36 1 1
37 3 3
38 4 3
39 4 1
40 2 2
41 1 1
42 1 1
43 1 1
44 4 1
45 1 1
46 1 1
47 4 1
48 1 1
49 2 2
50 3 1
51 1 1
52 2 2
53 1 1
54 3 1
55 3 1
56 2 2
57 4 1
58 1 1
59 4 1
60 2 2
61 3 1
62 4 1
63 3 1
64 1 1
65 2 2
66 1 1
67 2 2
68 4 1
69 1 1
70 2 2
71 2 2
72 3 1
73 4 1
74 3 1
75 1 1
76 1 1
77 2 2
78 1 1
79 3 2
80 4 2
81 2 2
82 4 2
83 1 1
84 4 2
85 2 2
86 1 1
87 4 2
88 1 1
89 2 2
90 2 2
91 3 2
92 1 1
93 3 2
94 4 2
95 4 2
96 1 1
97 1 1
98 3 2
99 2 2
100 4 3
101 2 3
102 2 3
103 2 3
104 2 3
105 4 3
106 2 3
107 4 3
108 4 3
109 1 1
110 2 3
111 4 3
112 1 1
113 2 3
114 1 1
115 1 1
116 2 3
117 4 3
118 1 1
119 3 3
120 2 3
121 1 1
122 2 3
123 4 3
124 3 3
125 2 3
126 2 3
127 4 3
128 1 1
129 3 3
130 2 3
131 2 3
132 1 1
133 1 1
134 2 3
135 2 3
136 1 1
137 3 3
138 4 3
139 2 3
