5 263
5 263
5 263
5 263
5 263
5 263
5 263
5 263
5 263
11 215
11 215
11 215
11 215
11 215
11 215
11 215
11 215
35 269
35 269
35 269
35 269
35 269
35 269
35 269
35 269
35 269
35 269
35 269
35 269
35 269
35 269
35 269
35 269
35 269
35 269
35 269
35 269
35 269
35 269
35 269
35 269
35 269
35 269
36 285
36 285
36 285
36 285
36 285
36 285
36 285
36 285
36 285
36 285
36 285
36 285
36 285
36 285
36 285
36 285
36 285
36 285
36 285
36 285
36 285
5 288
5 288
5 288
5 288
5 288
5 288
5 288
5 288
5 288
31 635
31 635
31 635
31 635
31 635
31 635
31 635
31 635
31 635
31 635
31 635
31 635
31 635
31 635
31 635
31 635
61 346
61 346
61 346
61 346
61 346
61 346
61 346
61 346
61 346
61 346
61 346
61 346
61 346
61 346
61 346
61 346
61 346
61 346
61 346
11 349
11 349
11 349
11 349
11 349
11 349
11 349
11 349
88 335
88 335
88 335
88 335
88 335
88 335
88 335
88 335
88 335
88 335
88 335
88 335
88 335
88 335
88 335
88 335
88 335
88 335
88 335
88 335
88 335
88 335
88 335
88 335
88 335
88 335
88 335
91 307
84 377
84 377
84 377
84 377
84 377
84 377
84 377
84 377
84 377
84 377
84 377
84 377
84 377
84 377
84 377
84 377
84 377
84 377
84 377
84 377
84 377
84 377
84 377
84 377
84 377
20 1100
20 1100
20 1100
20 1100
20 1100
20 1100
20 1100
20 1100
20 1100
20 1100
20 1100
20 1100
20 1100
20 1100
20 1100
20 1100
20 1100
20 1100
20 1100
20 1100
20 1100
20 1100
20 1100
20 1100
20 1100
20 1100
20 1100
20 1100
20 1100
20 607
20 607
20 607
20 607
20 607
20 607
20 607
20 607
20 607
20 607
20 607
20 607
20 607
20 607
20 607
20 607
20 607
20 607
20 607
20 607
20 607
20 607
20 607
20 607
20 607
20 607
20 607
20 607
20 607
4 1267
4 1267
4 1267
4 1267
4 1267
4 1267
4 1267
4 1267
4 1267
4 1267
4 1267
4 1267
4 1267
4 1267
4 1267
4 1267
4 1267
4 1267
4 774
4 774
4 774
4 774
4 774
4 774
4 774
4 774
4 774
4 774
4 774
4 774
4 774
4 774
4 774
4 774
4 774
4 774
84 144
84 144
84 144
84 144
84 144
84 144
84 144
84 144
84 144
84 144
84 144
84 144
84 144
84 144
84 144
84 144
84 144
84 144
84 144
84 144
84 144
84 144
84 144
84 144
84 144
88 156
88 156
88 156
88 156
88 156
88 156
88 156
88 156
88 156
88 156
88 156
88 156
88 156
88 156
88 156
88 156
88 156
88 156
88 156
88 156
88 156
88 156
88 156
88 156
88 156
88 156
88 156
91 137
96 128
96 128
96 128
96 128
96 128
96 128
96 128
96 128
96 128
96 128
96 128
96 128
96 128
99 131
99 131
99 131
99 131
99 131
99 131
97 179
97 179
97 179
36 801
36 801
36 801
36 801
36 801
36 801
36 801
36 801
36 801
36 801
36 801
36 801
36 801
36 801
36 801
36 801
36 801
36 801
36 801
36 801
36 801
102 145
102 145
102 145
102 145
98 188
98 188
107 178
107 178
107 178
107 178
107 178
35 1013
35 1013
35 1013
35 1013
35 1013
35 1013
35 1013
35 1013
35 1013
35 1013
35 1013
35 1013
35 1013
35 1013
35 1013
35 1013
35 1013
35 1013
35 1013
35 1013
35 1013
35 1013
35 1013
35 1013
35 1013
35 1013
4 826
4 826
4 826
4 826
4 826
4 826
4 826
4 826
4 826
4 826
4 826
4 826
4 826
4 826
4 826
4 826
4 826
4 826
53 1405
53 1405
53 1405
53 1405
53 1405
53 1405
53 1405
53 1405
53 1405
53 1405
53 1405
5 919
5 919
5 919
5 919
5 919
5 919
5 919
5 919
5 919
61 879
61 879
61 879
61 879
61 879
61 879
61 879
61 879
61 879
61 879
61 879
61 879
61 879
61 879
61 879
61 879
61 879
61 879
61 879
11 880
11 880
11 880
11 880
11 880
11 880
11 880
11 880
20 806
20 806
20 806
20 806
20 806
20 806
20 806
20 806
20 806
20 806
20 806
20 806
20 806
20 806
20 806
20 806
20 806
20 806
20 806
20 806
20 806
20 806
20 806
20 806
20 806
20 806
20 806
20 806
20 806
31 1206
31 1206
31 1206
31 1206
31 1206
31 1206
31 1206
31 1206
31 1206
31 1206
31 1206
31 1206
31 1206
31 1206
31 1206
31 1206
84 211
84 211
84 211
84 211
84 211
84 211
84 211
84 211
84 211
84 211
84 211
84 211
84 211
84 211
84 211
84 211
84 211
84 211
84 211
84 211
84 211
84 211
84 211
84 211
84 211
31 818
31 818
31 818
31 818
31 818
31 818
31 818
31 818
31 818
31 818
31 818
31 818
31 818
31 818
31 818
31 818
88 268
88 268
88 268
88 268
88 268
88 268
88 268
88 268
88 268
88 268
88 268
88 268
88 268
88 268
88 268
88 268
88 268
88 268
88 268
88 268
88 268
88 268
88 268
88 268
88 268
88 268
88 268
91 249
96 234
96 234
96 234
96 234
96 234
96 234
96 234
96 234
96 234
96 234
96 234
96 234
96 234
97 233
97 233
97 233
98 225
98 225
106 660
106 660
106 660
106 660
106 660
106 660
106 660
99 239
99 239
99 239
99 239
99 239
99 239
102 221
102 221
102 221
102 221
35 891
35 891
35 891
35 891
35 891
35 891
35 891
35 891
35 891
35 891
35 891
35 891
35 891
35 891
35 891
35 891
35 891
35 891
35 891
35 891
35 891
35 891
35 891
35 891
35 891
35 891
106 212
106 212
106 212
106 212
106 212
106 212
106 212
107 216
107 216
107 216
107 216
107 216
36 1004
36 1004
36 1004
36 1004
36 1004
36 1004
36 1004
36 1004
36 1004
36 1004
36 1004
36 1004
36 1004
36 1004
36 1004
36 1004
36 1004
36 1004
36 1004
36 1004
36 1004
84 282
84 282
84 282
84 282
84 282
84 282
84 282
84 282
84 282
84 282
84 282
84 282
84 282
84 282
84 282
84 282
84 282
84 282
84 282
84 282
84 282
84 282
84 282
84 282
84 282
88 256
88 256
88 256
88 256
88 256
88 256
88 256
88 256
88 256
88 256
88 256
88 256
88 256
88 256
88 256
88 256
88 256
88 256
88 256
88 256
88 256
88 256
88 256
88 256
88 256
88 256
88 256
5 1098
5 1098
5 1098
5 1098
5 1098
5 1098
5 1098
5 1098
5 1098
91 253
4 1133
4 1133
4 1133
4 1133
4 1133
4 1133
4 1133
4 1133
4 1133
4 1133
4 1133
4 1133
4 1133
4 1133
4 1133
4 1133
4 1133
4 1133
11 1119
11 1119
11 1119
11 1119
11 1119
11 1119
11 1119
11 1119
96 276
96 276
96 276
96 276
96 276
96 276
96 276
96 276
96 276
96 276
96 276
96 276
96 276
97 271
97 271
97 271
98 264
98 264
99 274
99 274
99 274
99 274
99 274
99 274
102 252
102 252
102 252
102 252
107 264
107 264
107 264
107 264
107 264
106 296
106 296
106 296
106 296
106 296
106 296
106 296
61 1262
61 1262
61 1262
61 1262
61 1262
61 1262
61 1262
61 1262
61 1262
61 1262
61 1262
61 1262
61 1262
61 1262
61 1262
61 1262
61 1262
61 1262
61 1262
20 1194
20 1194
20 1194
20 1194
20 1194
20 1194
20 1194
20 1194
20 1194
20 1194
20 1194
20 1194
20 1194
20 1194
20 1194
20 1194
20 1194
20 1194
20 1194
20 1194
20 1194
20 1194
20 1194
20 1194
20 1194
20 1194
20 1194
20 1194
20 1194
53 1498
53 1498
53 1498
53 1498
53 1498
53 1498
53 1498
53 1498
53 1498
53 1498
53 1498
84 277
84 277
84 277
84 277
84 277
84 277
84 277
84 277
84 277
84 277
84 277
84 277
84 277
84 277
84 277
84 277
84 277
84 277
84 277
84 277
84 277
84 277
84 277
84 277
84 277
29 2831
29 2831
29 2831
29 2831
29 2831
29 2831
29 2831
29 2831
29 2831
29 2831
29 2831
29 2831
29 2831
29 2831
29 2831
29 2831
29 2831
29 2831
29 2831
29 2831
29 2831
29 2831
29 2831
40 2723
40 2723
40 2723
40 2723
40 2723
40 2723
40 2723
40 2723
40 2723
40 2723
40 2723
40 2723
40 2723
40 2723
40 2723
40 2723
40 2723
40 2723
40 2723
40 2723
40 2723
40 2723
40 2723
40 2723
40 2723
40 2723
40 2723
40 2723
40 2723
40 2723
42 2704
42 2704
42 2704
42 2704
42 2704
42 2704
42 2704
42 2704
42 2704
42 2704
42 2704
42 2704
42 2704
42 2704
42 2704
42 2704
42 2704
42 2704
42 2704
42 2704
42 2704
42 2704
42 2704
42 2704
88 263
88 263
88 263
88 263
88 263
88 263
88 263
88 263
88 263
88 263
88 263
88 263
88 263
88 263
88 263
88 263
88 263
88 263
88 263
88 263
88 263
88 263
88 263
88 263
88 263
88 263
88 263
81 1834
81 1834
81 1834
81 1834
81 1834
81 1834
81 1834
81 1834
81 1834
81 1834
81 1834
81 1834
81 1834
81 1834
81 1834
91 281
31 1381
31 1381
31 1381
31 1381
31 1381
31 1381
31 1381
31 1381
31 1381
31 1381
31 1381
31 1381
31 1381
31 1381
31 1381
31 1381
96 336
96 336
96 336
96 336
96 336
96 336
96 336
96 336
96 336
96 336
96 336
96 336
96 336
40 1899
40 1899
40 1899
40 1899
40 1899
40 1899
40 1899
40 1899
40 1899
40 1899
40 1899
40 1899
40 1899
40 1899
40 1899
40 1899
40 1899
40 1899
40 1899
40 1899
40 1899
40 1899
40 1899
40 1899
40 1899
40 1899
40 1899
40 1899
40 1899
40 1899
97 352
97 352
97 352
98 367
98 367
99 367
99 367
99 367
99 367
99 367
99 367
42 1955
42 1955
42 1955
42 1955
42 1955
42 1955
42 1955
42 1955
42 1955
42 1955
42 1955
42 1955
42 1955
42 1955
42 1955
42 1955
42 1955
42 1955
42 1955
42 1955
42 1955
42 1955
42 1955
42 1955
102 362
102 362
102 362
102 362
106 353
106 353
106 353
106 353
106 353
106 353
106 353
107 347
107 347
107 347
107 347
107 347
12 3597
12 3597
12 3597
12 3597
12 3597
12 3597
12 3597
12 3597
12 3597
12 3597
12 3597
12 3597
12 3597
12 3597
12 3597
12 3597
12 3597
12 3597
12 3597
12 3597
12 3097
12 3097
12 3097
12 3097
12 3097
12 3097
12 3097
12 3097
12 3097
12 3097
12 3097
12 3097
12 3097
12 3097
12 3097
12 3097
12 3097
12 3097
12 3097
12 3097
12 2599
12 2599
12 2599
12 2599
12 2599
12 2599
12 2599
12 2599
12 2599
12 2599
12 2599
12 2599
12 2599
12 2599
12 2599
12 2599
12 2599
12 2599
12 2599
12 2599
53 1690
53 1690
53 1690
53 1690
53 1690
53 1690
53 1690
53 1690
53 1690
53 1690
53 1690
84 447
84 447
84 447
84 447
84 447
84 447
84 447
84 447
84 447
84 447
84 447
84 447
84 447
84 447
84 447
84 447
84 447
84 447
84 447
84 447
84 447
84 447
84 447
84 447
84 447
88 420
88 420
88 420
88 420
88 420
88 420
88 420
88 420
88 420
88 420
88 420
88 420
88 420
88 420
88 420
88 420
88 420
88 420
88 420
88 420
88 420
88 420
88 420
88 420
88 420
88 420
88 420
5 1756
5 1756
5 1756
5 1756
5 1756
5 1756
5 1756
5 1756
5 1756
11 1699
11 1699
11 1699
11 1699
11 1699
11 1699
11 1699
11 1699
12 1689
12 1689
12 1689
12 1689
12 1689
12 1689
12 1689
12 1689
12 1689
12 1689
12 1689
12 1689
12 1689
12 1689
12 1689
12 1689
12 1689
12 1689
12 1689
12 1689
61 1705
61 1705
61 1705
61 1705
61 1705
61 1705
61 1705
61 1705
61 1705
61 1705
61 1705
61 1705
61 1705
61 1705
61 1705
61 1705
61 1705
61 1705
61 1705
91 412
36 1973
36 1973
36 1973
36 1973
36 1973
36 1973
36 1973
36 1973
36 1973
36 1973
36 1973
36 1973
36 1973
36 1973
36 1973
36 1973
36 1973
36 1973
36 1973
36 1973
36 1973
20 1634
20 1634
20 1634
20 1634
20 1634
20 1634
20 1634
20 1634
20 1634
20 1634
20 1634
20 1634
20 1634
20 1634
20 1634
20 1634
20 1634
20 1634
20 1634
20 1634
20 1634
20 1634
20 1634
20 1634
20 1634
20 1634
20 1634
20 1634
20 1634
66 2199
66 2199
66 2199
66 2199
66 2199
66 2199
66 2199
66 2199
66 2199
66 2199
66 2199
66 2199
66 2199
66 2199
66 2199
66 2199
66 2199
66 2199
66 2199
66 2199
66 2199
66 2199
96 432
96 432
96 432
96 432
96 432
96 432
96 432
96 432
96 432
96 432
96 432
96 432
96 432
97 428
97 428
97 428
98 418
98 418
99 419
99 419
99 419
99 419
99 419
99 419
102 409
102 409
102 409
102 409
106 425
106 425
106 425
106 425
106 425
106 425
106 425
107 419
107 419
107 419
107 419
107 419
40 2142
40 2142
40 2142
40 2142
40 2142
40 2142
40 2142
40 2142
40 2142
40 2142
40 2142
40 2142
40 2142
40 2142
40 2142
40 2142
40 2142
40 2142
40 2142
40 2142
40 2142
40 2142
40 2142
40 2142
40 2142
40 2142
40 2142
40 2142
40 2142
40 2142
71 2427
71 2427
71 2427
71 2427
71 2427
71 2427
71 2427
71 2427
71 2427
71 2427
71 2427
71 2427
71 2427
71 2427
71 2427
71 2427
71 2427
71 2427
71 2427
71 2427
71 2427
71 2427
71 2427
71 2427
71 2427
71 2427
71 2427
71 2427
58 2561
58 2561
58 2561
58 2561
58 2561
58 2561
58 2561
58 2561
58 2561
58 2561
58 2561
58 2561
58 2115
58 2115
58 2115
58 2115
58 2115
58 2115
58 2115
58 2115
58 2115
58 2115
58 2115
58 2115
84 463
84 463
84 463
84 463
84 463
84 463
84 463
84 463
84 463
84 463
84 463
84 463
84 463
84 463
84 463
84 463
84 463
84 463
84 463
84 463
84 463
84 463
84 463
84 463
84 463
71 2099
71 2099
71 2099
71 2099
71 2099
71 2099
71 2099
71 2099
71 2099
71 2099
71 2099
71 2099
71 2099
71 2099
71 2099
71 2099
71 2099
71 2099
71 2099
71 2099
71 2099
71 2099
71 2099
71 2099
71 2099
71 2099
71 2099
71 2099
36 1959
36 1959
36 1959
36 1959
36 1959
36 1959
36 1959
36 1959
36 1959
36 1959
36 1959
36 1959
36 1959
36 1959
36 1959
36 1959
36 1959
36 1959
36 1959
36 1959
36 1959
88 459
88 459
88 459
88 459
88 459
88 459
88 459
88 459
88 459
88 459
88 459
88 459
88 459
88 459
88 459
88 459
88 459
88 459
88 459
88 459
88 459
88 459
88 459
88 459
88 459
88 459
88 459
91 479
96 464
96 464
96 464
96 464
96 464
96 464
96 464
96 464
96 464
96 464
96 464
96 464
96 464
97 461
97 461
97 461
98 462
98 462
81 2139
81 2139
81 2139
81 2139
81 2139
81 2139
81 2139
81 2139
81 2139
81 2139
81 2139
81 2139
81 2139
81 2139
81 2139
99 468
99 468
99 468
99 468
99 468
99 468
80 2171
80 2171
80 2171
80 2171
80 2171
80 2171
80 2171
80 2171
80 2171
80 2171
102 481
102 481
102 481
102 481
76 2253
76 2253
76 2253
76 2253
76 2253
76 2253
76 2253
76 2253
76 2253
76 2253
76 2253
76 2253
76 2253
76 2253
106 516
106 516
106 516
106 516
106 516
106 516
106 516
107 536
107 536
107 536
107 536
107 536
