3 191
3 191
3 191
3 191
3 191
3 191
3 191
3 191
18 64
18 64
18 64
18 64
18 64
18 64
18 64
18 64
18 64
18 64
18 64
18 64
17 377
17 377
17 377
17 377
17 377
17 377
17 377
17 377
17 377
17 377
17 377
17 377
17 377
17 377
17 377
17 377
17 377
17 377
17 377
17 377
17 377
17 377
17 377
22 329
22 329
22 329
22 329
22 329
22 329
22 329
22 329
22 329
22 329
22 329
22 329
22 329
22 329
22 329
22 329
22 329
22 329
22 329
22 329
22 329
22 329
22 329
22 329
22 329
22 329
22 329
22 329
22 329
12 429
12 429
12 429
12 429
12 429
12 429
12 429
12 429
12 429
12 429
12 429
12 429
12 429
12 429
12 429
12 429
12 429
12 429
12 429
12 429
12 429
12 429
12 429
12 429
12 429
12 429
12 429
12 429
12 429
12 429
45 279
45 279
45 279
45 279
45 279
45 279
45 279
45 279
45 279
12 356
12 356
12 356
12 356
12 356
12 356
12 356
12 356
12 356
12 356
12 356
12 356
12 356
12 356
12 356
12 356
12 356
12 356
12 356
12 356
12 356
12 356
12 356
12 356
12 356
12 356
12 356
12 356
12 356
12 356
17 403
17 403
17 403
17 403
17 403
17 403
17 403
17 403
17 403
17 403
17 403
17 403
17 403
17 403
17 403
17 403
17 403
17 403
17 403
17 403
17 403
17 403
17 403
3 558
3 558
3 558
3 558
3 558
3 558
3 558
3 558
22 447
22 447
22 447
22 447
22 447
22 447
22 447
22 447
22 447
22 447
22 447
22 447
22 447
22 447
22 447
22 447
22 447
22 447
22 447
22 447
22 447
22 447
22 447
22 447
22 447
22 447
22 447
22 447
22 447
18 515
18 515
18 515
18 515
18 515
18 515
18 515
18 515
18 515
18 515
18 515
18 515
39 820
39 820
39 820
39 820
39 820
39 820
39 820
39 820
39 820
39 820
39 820
39 820
39 820
39 820
39 820
39 820
39 820
39 820
39 820
39 820
39 820
39 820
39 820
39 820
39 820
24 477
24 477
24 477
24 477
24 477
24 477
24 477
24 477
24 477
24 477
24 477
24 477
24 477
24 477
24 477
24 477
24 477
24 477
24 477
24 477
24 477
24 477
24 477
24 477
24 477
24 477
10 1190
10 1190
10 1190
10 1190
15 1144
15 1144
15 1144
15 1144
15 1144
15 1144
15 1144
15 1144
15 1144
15 1144
15 1144
15 1144
15 1144
15 1144
15 1144
13 1165
13 1165
13 1165
13 1165
13 1165
13 1165
79 647
79 647
79 647
79 647
79 647
79 647
79 647
79 647
79 647
79 647
79 647
79 647
79 647
79 647
79 647
79 647
79 647
79 647
79 647
79 647
79 647
79 647
79 647
79 647
79 647
79 647
79 647
79 647
91 595
91 595
91 595
91 595
91 595
91 595
91 595
91 595
91 595
91 595
91 595
91 595
91 595
91 595
91 595
91 595
91 595
91 595
91 595
91 595
91 595
91 595
45 599
45 599
45 599
45 599
45 599
45 599
45 599
45 599
45 599
92 632
92 632
92 632
92 632
92 632
92 632
92 632
92 632
92 632
92 632
92 632
92 632
92 632
83 724
83 724
83 724
83 724
83 724
83 724
83 724
83 724
83 724
83 724
83 724
83 724
83 724
83 724
83 724
83 724
83 724
83 724
83 724
40 673
40 673
40 673
40 673
40 673
95 666
95 666
95 666
95 666
95 666
95 666
95 666
95 666
95 666
95 666
39 771
39 771
39 771
39 771
39 771
39 771
39 771
39 771
39 771
39 771
39 771
39 771
39 771
39 771
39 771
39 771
39 771
39 771
39 771
39 771
39 771
39 771
39 771
39 771
39 771
50 666
50 666
50 666
99 697
99 697
99 697
99 697
99 697
99 697
99 697
99 697
99 697
99 697
99 697
99 697
99 697
99 697
99 697
99 697
99 697
99 697
99 697
99 697
99 697
99 697
99 697
99 697
99 697
99 697
99 697
106 713
106 713
106 713
106 713
106 713
106 713
106 713
106 713
106 713
106 713
106 713
106 713
106 713
106 713
106 713
106 713
106 713
106 713
106 713
106 713
55 723
10 713
10 713
10 713
10 713
90 916
90 916
90 916
90 916
90 916
90 916
90 916
90 916
90 916
90 916
90 916
12 697
12 697
12 697
12 697
12 697
12 697
12 697
12 697
12 697
12 697
12 697
12 697
12 697
12 697
12 697
12 697
12 697
12 697
12 697
12 697
12 697
12 697
12 697
12 697
12 697
12 697
12 697
12 697
12 697
12 697
60 719
60 719
13 719
13 719
13 719
13 719
13 719
13 719
15 744
15 744
15 744
15 744
15 744
15 744
15 744
15 744
15 744
15 744
15 744
15 744
15 744
15 744
15 744
3 888
3 888
3 888
3 888
3 888
3 888
3 888
3 888
17 769
17 769
17 769
17 769
17 769
17 769
17 769
17 769
17 769
17 769
17 769
17 769
17 769
17 769
17 769
17 769
17 769
17 769
17 769
17 769
17 769
17 769
17 769
67 847
67 847
67 847
67 847
67 847
67 847
67 847
67 847
67 847
67 847
67 847
67 847
67 847
67 847
67 847
67 847
67 847
67 847
67 847
67 847
67 847
22 824
22 824
22 824
22 824
22 824
22 824
22 824
22 824
22 824
22 824
22 824
22 824
22 824
22 824
22 824
22 824
22 824
22 824
22 824
22 824
22 824
22 824
22 824
22 824
22 824
22 824
22 824
22 824
22 824
21 843
21 843
21 843
21 843
21 843
21 843
21 843
21 843
21 843
21 843
21 843
21 843
21 843
21 843
24 862
24 862
24 862
24 862
24 862
24 862
24 862
24 862
24 862
24 862
24 862
24 862
24 862
24 862
24 862
24 862
24 862
24 862
24 862
24 862
24 862
24 862
24 862
24 862
24 862
24 862
6 2085
6 2085
6 2085
6 2085
6 2085
6 2085
6 2085
6 2085
6 2085
6 2085
6 2085
6 2085
6 2085
6 2085
6 2085
6 2085
6 2085
6 1587
6 1587
6 1587
6 1587
6 1587
6 1587
6 1587
6 1587
6 1587
6 1587
6 1587
6 1587
6 1587
6 1587
6 1587
6 1587
6 1587
6 1088
6 1088
6 1088
6 1088
6 1088
6 1088
6 1088
6 1088
6 1088
6 1088
6 1088
6 1088
6 1088
6 1088
6 1088
6 1088
6 1088
83 886
83 886
83 886
83 886
83 886
83 886
83 886
83 886
83 886
83 886
83 886
83 886
83 886
83 886
83 886
83 886
83 886
83 886
83 886
18 1084
18 1084
18 1084
18 1084
18 1084
18 1084
18 1084
18 1084
18 1084
18 1084
18 1084
18 1084
40 953
40 953
40 953
40 953
40 953
91 945
91 945
91 945
91 945
91 945
91 945
91 945
91 945
91 945
91 945
91 945
91 945
91 945
91 945
91 945
91 945
91 945
91 945
91 945
91 945
91 945
91 945
92 945
92 945
92 945
92 945
92 945
92 945
92 945
92 945
92 945
92 945
92 945
92 945
92 945
45 945
45 945
45 945
45 945
45 945
45 945
45 945
45 945
45 945
95 956
95 956
95 956
95 956
95 956
95 956
95 956
95 956
95 956
95 956
99 958
99 958
99 958
99 958
99 958
99 958
99 958
99 958
99 958
99 958
99 958
99 958
99 958
99 958
99 958
99 958
99 958
99 958
99 958
99 958
99 958
99 958
99 958
99 958
99 958
99 958
99 958
79 1174
79 1174
79 1174
79 1174
79 1174
79 1174
79 1174
79 1174
79 1174
79 1174
79 1174
79 1174
79 1174
79 1174
79 1174
79 1174
79 1174
79 1174
79 1174
79 1174
79 1174
79 1174
79 1174
79 1174
79 1174
79 1174
79 1174
79 1174
50 984
50 984
50 984
73 1878
73 1878
73 1878
73 1878
73 1878
73 1878
73 1878
73 1878
73 1878
73 1878
73 1878
73 1878
73 1878
73 1878
73 1878
73 1878
73 1878
73 1878
73 1878
73 1878
73 1878
73 1878
73 1878
73 1878
106 1068
106 1068
106 1068
106 1068
106 1068
106 1068
106 1068
106 1068
106 1068
106 1068
106 1068
106 1068
106 1068
106 1068
106 1068
106 1068
106 1068
106 1068
106 1068
106 1068
73 1404
73 1404
73 1404
73 1404
73 1404
73 1404
73 1404
73 1404
73 1404
73 1404
73 1404
73 1404
73 1404
73 1404
73 1404
73 1404
73 1404
73 1404
73 1404
73 1404
73 1404
73 1404
73 1404
73 1404
39 1250
39 1250
39 1250
39 1250
39 1250
39 1250
39 1250
39 1250
39 1250
39 1250
39 1250
39 1250
39 1250
39 1250
39 1250
39 1250
39 1250
39 1250
39 1250
39 1250
39 1250
39 1250
39 1250
39 1250
39 1250
60 1085
60 1085
10 1094
10 1094
10 1094
10 1094
90 1296
90 1296
90 1296
90 1296
90 1296
90 1296
90 1296
90 1296
90 1296
90 1296
90 1296
55 1168
12 1116
12 1116
12 1116
12 1116
12 1116
12 1116
12 1116
12 1116
12 1116
12 1116
12 1116
12 1116
12 1116
12 1116
12 1116
12 1116
12 1116
12 1116
12 1116
12 1116
12 1116
12 1116
12 1116
12 1116
12 1116
12 1116
12 1116
12 1116
12 1116
12 1116
13 1146
13 1146
13 1146
13 1146
13 1146
13 1146
17 1110
17 1110
17 1110
17 1110
17 1110
17 1110
17 1110
17 1110
17 1110
17 1110
17 1110
17 1110
17 1110
17 1110
17 1110
17 1110
17 1110
17 1110
17 1110
17 1110
17 1110
17 1110
17 1110
15 1161
15 1161
15 1161
15 1161
15 1161
15 1161
15 1161
15 1161
15 1161
15 1161
15 1161
15 1161
15 1161
15 1161
15 1161
67 1154
67 1154
67 1154
67 1154
67 1154
67 1154
67 1154
67 1154
67 1154
67 1154
67 1154
67 1154
67 1154
67 1154
67 1154
67 1154
67 1154
67 1154
67 1154
67 1154
67 1154
22 1122
22 1122
22 1122
22 1122
22 1122
22 1122
22 1122
22 1122
22 1122
22 1122
22 1122
22 1122
22 1122
22 1122
22 1122
22 1122
22 1122
22 1122
22 1122
22 1122
22 1122
22 1122
22 1122
22 1122
22 1122
22 1122
22 1122
22 1122
22 1122
21 1154
21 1154
21 1154
21 1154
21 1154
21 1154
21 1154
21 1154
21 1154
21 1154
21 1154
21 1154
21 1154
21 1154
24 1137
24 1137
24 1137
24 1137
24 1137
24 1137
24 1137
24 1137
24 1137
24 1137
24 1137
24 1137
24 1137
24 1137
24 1137
24 1137
24 1137
24 1137
24 1137
24 1137
24 1137
24 1137
24 1137
24 1137
24 1137
24 1137
3 1436
3 1436
3 1436
3 1436
3 1436
3 1436
3 1436
3 1436
83 1187
83 1187
83 1187
83 1187
83 1187
83 1187
83 1187
83 1187
83 1187
83 1187
83 1187
83 1187
83 1187
83 1187
83 1187
83 1187
83 1187
83 1187
83 1187
91 1219
91 1219
91 1219
91 1219
91 1219
91 1219
91 1219
91 1219
91 1219
91 1219
91 1219
91 1219
91 1219
91 1219
91 1219
91 1219
91 1219
91 1219
91 1219
91 1219
91 1219
91 1219
45 1310
45 1310
45 1310
45 1310
45 1310
45 1310
45 1310
45 1310
45 1310
92 1346
92 1346
92 1346
92 1346
92 1346
92 1346
92 1346
92 1346
92 1346
92 1346
92 1346
92 1346
92 1346
95 1323
95 1323
95 1323
95 1323
95 1323
95 1323
95 1323
95 1323
95 1323
95 1323
40 1409
40 1409
40 1409
40 1409
40 1409
99 1354
99 1354
99 1354
99 1354
99 1354
99 1354
99 1354
99 1354
99 1354
99 1354
99 1354
99 1354
99 1354
99 1354
99 1354
99 1354
99 1354
99 1354
99 1354
99 1354
99 1354
99 1354
99 1354
99 1354
99 1354
99 1354
99 1354
6 1791
6 1791
6 1791
6 1791
6 1791
6 1791
6 1791
6 1791
6 1791
6 1791
6 1791
6 1791
6 1791
6 1791
6 1791
6 1791
6 1791
18 1676
18 1676
18 1676
18 1676
18 1676
18 1676
18 1676
18 1676
18 1676
18 1676
18 1676
18 1676
50 1401
50 1401
50 1401
106 1349
106 1349
106 1349
106 1349
106 1349
106 1349
106 1349
106 1349
106 1349
106 1349
106 1349
106 1349
106 1349
106 1349
106 1349
106 1349
106 1349
106 1349
106 1349
106 1349
79 1629
79 1629
79 1629
79 1629
79 1629
79 1629
79 1629
79 1629
79 1629
79 1629
79 1629
79 1629
79 1629
79 1629
79 1629
79 1629
79 1629
79 1629
79 1629
79 1629
79 1629
79 1629
79 1629
79 1629
79 1629
79 1629
79 1629
79 1629
73 1699
73 1699
73 1699
73 1699
73 1699
73 1699
73 1699
73 1699
73 1699
73 1699
73 1699
73 1699
73 1699
73 1699
73 1699
73 1699
73 1699
73 1699
73 1699
73 1699
73 1699
73 1699
73 1699
73 1699
55 1427
12 1406
12 1406
12 1406
12 1406
12 1406
12 1406
12 1406
12 1406
12 1406
12 1406
12 1406
12 1406
12 1406
12 1406
12 1406
12 1406
12 1406
12 1406
12 1406
12 1406
12 1406
12 1406
12 1406
12 1406
12 1406
12 1406
12 1406
12 1406
12 1406
12 1406
60 1443
60 1443
17 1409
17 1409
17 1409
17 1409
17 1409
17 1409
17 1409
17 1409
17 1409
17 1409
17 1409
17 1409
17 1409
17 1409
17 1409
17 1409
17 1409
17 1409
17 1409
17 1409
17 1409
17 1409
17 1409
10 1486
10 1486
10 1486
10 1486
13 1488
13 1488
13 1488
13 1488
13 1488
13 1488
15 1513
15 1513
15 1513
15 1513
15 1513
15 1513
15 1513
15 1513
15 1513
15 1513
15 1513
15 1513
15 1513
15 1513
15 1513
67 1541
67 1541
67 1541
67 1541
67 1541
67 1541
67 1541
67 1541
67 1541
67 1541
67 1541
67 1541
67 1541
67 1541
67 1541
67 1541
67 1541
67 1541
67 1541
67 1541
67 1541
39 1840
39 1840
39 1840
39 1840
39 1840
39 1840
39 1840
39 1840
39 1840
39 1840
39 1840
39 1840
39 1840
39 1840
39 1840
39 1840
39 1840
39 1840
39 1840
39 1840
39 1840
39 1840
39 1840
39 1840
39 1840
24 1551
24 1551
24 1551
24 1551
24 1551
24 1551
24 1551
24 1551
24 1551
24 1551
24 1551
24 1551
24 1551
24 1551
24 1551
24 1551
24 1551
24 1551
24 1551
24 1551
24 1551
24 1551
24 1551
24 1551
24 1551
24 1551
21 1637
21 1637
21 1637
21 1637
21 1637
21 1637
21 1637
21 1637
21 1637
21 1637
21 1637
21 1637
21 1637
21 1637
63 3233
63 3233
63 3233
63 3233
63 3233
63 3233
63 3233
63 3233
63 3233
63 3233
63 3233
63 3233
63 3233
63 3233
63 3233
63 3233
63 2734
63 2734
63 2734
63 2734
63 2734
63 2734
63 2734
63 2734
63 2734
63 2734
63 2734
63 2734
63 2734
63 2734
63 2734
63 2734
22 1644
22 1644
22 1644
22 1644
22 1644
22 1644
22 1644
22 1644
22 1644
22 1644
22 1644
22 1644
22 1644
22 1644
22 1644
22 1644
22 1644
22 1644
22 1644
22 1644
22 1644
22 1644
22 1644
22 1644
22 1644
22 1644
22 1644
22 1644
22 1644
3 1866
3 1866
3 1866
3 1866
3 1866
3 1866
3 1866
3 1866
83 1587
83 1587
83 1587
83 1587
83 1587
83 1587
83 1587
83 1587
83 1587
83 1587
83 1587
83 1587
83 1587
83 1587
83 1587
83 1587
83 1587
83 1587
83 1587
6 1907
6 1907
6 1907
6 1907
6 1907
6 1907
6 1907
6 1907
6 1907
6 1907
6 1907
6 1907
6 1907
6 1907
6 1907
6 1907
6 1907
91 1596
91 1596
91 1596
91 1596
91 1596
91 1596
91 1596
91 1596
91 1596
91 1596
91 1596
91 1596
91 1596
91 1596
91 1596
91 1596
91 1596
91 1596
91 1596
91 1596
91 1596
91 1596
92 1597
92 1597
92 1597
92 1597
92 1597
92 1597
92 1597
92 1597
92 1597
92 1597
92 1597
92 1597
92 1597
40 1692
40 1692
40 1692
40 1692
40 1692
45 1664
45 1664
45 1664
45 1664
45 1664
45 1664
45 1664
45 1664
45 1664
64 3499
64 3499
64 3499
64 3499
64 3499
64 3499
64 3499
64 3499
64 3499
64 3499
64 3499
64 3499
64 3499
64 3499
64 3499
64 3499
64 3499
64 3499
99 1653
99 1653
99 1653
99 1653
99 1653
99 1653
99 1653
99 1653
99 1653
99 1653
99 1653
99 1653
99 1653
99 1653
99 1653
99 1653
99 1653
99 1653
99 1653
99 1653
99 1653
99 1653
99 1653
99 1653
99 1653
99 1653
99 1653
95 1706
95 1706
95 1706
95 1706
95 1706
95 1706
95 1706
95 1706
95 1706
95 1706
64 3019
64 3019
64 3019
64 3019
64 3019
64 3019
64 3019
64 3019
64 3019
64 3019
64 3019
64 3019
64 3019
64 3019
64 3019
64 3019
64 3019
64 3019
64 2520
64 2520
64 2520
64 2520
64 2520
64 2520
64 2520
64 2520
64 2520
64 2520
64 2520
64 2520
64 2520
64 2520
64 2520
64 2520
64 2520
64 2520
64 2032
64 2032
64 2032
64 2032
64 2032
64 2032
64 2032
64 2032
64 2032
64 2032
64 2032
64 2032
64 2032
64 2032
64 2032
64 2032
64 2032
64 2032
63 2579
63 2579
63 2579
63 2579
63 2579
63 2579
63 2579
63 2579
63 2579
63 2579
63 2579
63 2579
63 2579
63 2579
63 2579
63 2579
106 1701
106 1701
106 1701
106 1701
106 1701
106 1701
106 1701
106 1701
106 1701
106 1701
106 1701
106 1701
106 1701
106 1701
106 1701
106 1701
106 1701
106 1701
106 1701
106 1701
50 1777
50 1777
50 1777
55 1871
60 1934
60 1934
67 1906
67 1906
67 1906
67 1906
67 1906
67 1906
67 1906
67 1906
67 1906
67 1906
67 1906
67 1906
67 1906
67 1906
67 1906
67 1906
67 1906
67 1906
67 1906
67 1906
67 1906
83 1843
83 1843
83 1843
83 1843
83 1843
83 1843
83 1843
83 1843
83 1843
83 1843
83 1843
83 1843
83 1843
83 1843
83 1843
83 1843
83 1843
83 1843
83 1843
91 1898
91 1898
91 1898
91 1898
91 1898
91 1898
91 1898
91 1898
91 1898
91 1898
91 1898
91 1898
91 1898
91 1898
91 1898
91 1898
91 1898
91 1898
91 1898
91 1898
91 1898
91 1898
99 1974
99 1974
99 1974
99 1974
99 1974
99 1974
99 1974
99 1974
99 1974
99 1974
99 1974
99 1974
99 1974
99 1974
99 1974
99 1974
99 1974
99 1974
99 1974
99 1974
99 1974
99 1974
99 1974
99 1974
99 1974
99 1974
99 1974
