8 132
8 132
8 132
8 132
8 132
8 132
8 132
8 132
8 132
8 132
8 132
8 132
8 132
8 132
8 132
8 132
8 132
8 132
8 132
8 132
8 132
8 132
8 132
8 132
8 132
8 132
8 132
8 132
8 132
5 162
5 162
5 162
5 162
5 162
5 162
5 162
5 162
5 162
5 162
5 162
5 162
5 162
5 162
13 114
13 114
13 114
13 114
13 114
13 114
13 114
13 114
13 114
5 49
5 49
5 49
5 49
5 49
5 49
5 49
5 49
5 49
5 49
5 49
5 49
5 49
5 49
8 46
8 46
8 46
8 46
8 46
8 46
8 46
8 46
8 46
8 46
8 46
8 46
8 46
8 46
8 46
8 46
8 46
8 46
8 46
8 46
8 46
8 46
8 46
8 46
8 46
8 46
8 46
8 46
8 46
13 206
13 206
13 206
13 206
13 206
13 206
13 206
13 206
13 206
96 11
96 11
96 11
96 11
96 11
96 11
96 11
96 11
96 11
96 11
97 9
98 6
98 6
98 6
98 6
98 6
98 6
98 6
98 6
98 6
98 6
98 6
98 6
98 6
98 6
98 6
98 6
98 6
98 6
98 6
98 6
98 6
98 6
98 6
98 6
98 6
99 27
99 27
99 27
99 27
99 27
99 27
100 18
100 18
100 18
100 18
100 18
101 10
101 10
101 10
103 16
103 16
103 16
103 16
103 16
103 16
103 16
103 16
103 16
103 16
103 16
103 16
103 16
103 16
103 16
103 16
103 16
103 16
103 16
103 16
103 16
103 16
103 16
103 16
103 16
103 16
104 16
104 16
105 6
105 6
105 6
105 6
85 224
85 224
85 224
85 224
85 224
85 224
85 224
85 224
85 224
85 224
85 224
85 224
85 224
85 224
85 224
85 224
85 224
85 224
85 224
85 224
85 224
85 224
85 224
85 224
85 224
85 224
85 224
106 15
106 15
106 15
106 15
106 15
106 15
106 15
106 15
106 15
106 15
106 15
106 15
106 15
106 15
106 15
106 15
106 15
106 15
106 15
106 15
86 230
86 230
86 230
86 230
86 230
86 230
86 230
86 230
79 319
79 319
79 319
79 319
79 319
79 319
79 319
79 319
79 319
79 319
79 319
79 319
79 319
79 319
79 319
79 319
79 319
79 319
79 319
79 319
79 319
79 319
90 366
90 366
90 366
90 366
90 366
90 366
90 366
90 366
90 366
90 366
90 366
90 366
90 366
90 366
90 366
90 366
90 366
90 366
90 366
5 234
5 234
5 234
5 234
5 234
5 234
5 234
5 234
5 234
5 234
5 234
5 234
5 234
5 234
8 362
8 362
8 362
8 362
8 362
8 362
8 362
8 362
8 362
8 362
8 362
8 362
8 362
8 362
8 362
8 362
8 362
8 362
8 362
8 362
8 362
8 362
8 362
8 362
8 362
8 362
8 362
8 362
8 362
96 1
96 1
96 1
96 1
96 1
96 1
96 1
96 1
96 1
96 1
73 736
73 736
73 736
73 736
73 736
73 736
73 736
73 736
73 736
73 736
73 736
73 736
73 736
73 736
73 736
73 736
73 736
73 736
73 736
73 736
73 736
97 11
98 8
98 8
98 8
98 8
98 8
98 8
98 8
98 8
98 8
98 8
98 8
98 8
98 8
98 8
98 8
98 8
98 8
98 8
98 8
98 8
98 8
98 8
98 8
98 8
98 8
99 15
99 15
99 15
99 15
99 15
99 15
100 7
100 7
100 7
100 7
100 7
13 378
13 378
13 378
13 378
13 378
13 378
13 378
13 378
13 378
101 8
101 8
101 8
103 2
103 2
103 2
103 2
103 2
103 2
103 2
103 2
103 2
103 2
103 2
103 2
103 2
103 2
103 2
103 2
103 2
103 2
103 2
103 2
103 2
103 2
103 2
103 2
103 2
103 2
104 7
104 7
105 3
105 3
105 3
105 3
106 2
106 2
106 2
106 2
106 2
106 2
106 2
106 2
106 2
106 2
106 2
106 2
106 2
106 2
106 2
106 2
106 2
106 2
106 2
106 2
79 320
79 320
79 320
79 320
79 320
79 320
79 320
79 320
79 320
79 320
79 320
79 320
79 320
79 320
79 320
79 320
79 320
79 320
79 320
79 320
79 320
79 320
85 326
85 326
85 326
85 326
85 326
85 326
85 326
85 326
85 326
85 326
85 326
85 326
85 326
85 326
85 326
85 326
85 326
85 326
85 326
85 326
85 326
85 326
85 326
85 326
85 326
85 326
85 326
86 333
86 333
86 333
86 333
86 333
86 333
86 333
86 333
90 340
90 340
90 340
90 340
90 340
90 340
90 340
90 340
90 340
90 340
90 340
90 340
90 340
90 340
90 340
90 340
90 340
90 340
90 340
73 628
73 628
73 628
73 628
73 628
73 628
73 628
73 628
73 628
73 628
73 628
73 628
73 628
73 628
73 628
73 628
73 628
73 628
73 628
73 628
73 628
5 404
5 404
5 404
5 404
5 404
5 404
5 404
5 404
5 404
5 404
5 404
5 404
5 404
5 404
96 2
96 2
96 2
96 2
96 2
96 2
96 2
96 2
96 2
96 2
97 7
98 7
98 7
98 7
98 7
98 7
98 7
98 7
98 7
98 7
98 7
98 7
98 7
98 7
98 7
98 7
98 7
98 7
98 7
98 7
98 7
98 7
98 7
98 7
98 7
98 7
99 2
99 2
99 2
99 2
99 2
99 2
100 5
100 5
100 5
100 5
100 5
101 4
101 4
101 4
13 396
13 396
13 396
13 396
13 396
13 396
13 396
13 396
13 396
103 3
103 3
103 3
103 3
103 3
103 3
103 3
103 3
103 3
103 3
103 3
103 3
103 3
103 3
103 3
103 3
103 3
103 3
103 3
103 3
103 3
103 3
103 3
103 3
103 3
103 3
104 1
104 1
105 6
105 6
105 6
105 6
106 2
106 2
106 2
106 2
106 2
106 2
106 2
106 2
106 2
106 2
106 2
106 2
106 2
106 2
106 2
106 2
106 2
106 2
106 2
106 2
8 504
8 504
8 504
8 504
8 504
8 504
8 504
8 504
8 504
8 504
8 504
8 504
8 504
8 504
8 504
8 504
8 504
8 504
8 504
8 504
8 504
8 504
8 504
8 504
8 504
8 504
8 504
8 504
8 504
79 473
79 473
79 473
79 473
79 473
79 473
79 473
79 473
79 473
79 473
79 473
79 473
79 473
79 473
79 473
79 473
79 473
79 473
79 473
79 473
79 473
79 473
85 493
85 493
85 493
85 493
85 493
85 493
85 493
85 493
85 493
85 493
85 493
85 493
85 493
85 493
85 493
85 493
85 493
85 493
85 493
85 493
85 493
85 493
85 493
85 493
85 493
85 493
85 493
50 1907
50 1907
50 1907
50 1907
50 1907
50 1907
50 1907
50 1907
50 1907
50 1907
50 1907
50 1907
50 1907
50 1907
50 1907
50 1907
50 1907
96 2
96 2
96 2
96 2
96 2
96 2
96 2
96 2
96 2
96 2
86 604
86 604
86 604
86 604
86 604
86 604
86 604
86 604
97 3
98 5
98 5
98 5
98 5
98 5
98 5
98 5
98 5
98 5
98 5
98 5
98 5
98 5
98 5
98 5
98 5
98 5
98 5
98 5
98 5
98 5
98 5
98 5
98 5
98 5
99 9
99 9
99 9
99 9
99 9
99 9
100 1
100 1
100 1
100 1
100 1
101 2
101 2
101 2
90 634
90 634
90 634
90 634
90 634
90 634
90 634
90 634
90 634
90 634
90 634
90 634
90 634
90 634
90 634
90 634
90 634
90 634
90 634
103 9
103 9
103 9
103 9
103 9
103 9
103 9
103 9
103 9
103 9
103 9
103 9
103 9
103 9
103 9
103 9
103 9
103 9
103 9
103 9
103 9
103 9
103 9
103 9
103 9
103 9
104 11
104 11
105 7
105 7
105 7
105 7
106 5
106 5
106 5
106 5
106 5
106 5
106 5
106 5
106 5
106 5
106 5
106 5
106 5
106 5
106 5
106 5
106 5
106 5
106 5
106 5
14 2478
14 2478
14 2478
14 2478
14 2478
14 2478
14 2478
14 2478
14 2478
14 2478
14 2478
5 570
5 570
5 570
5 570
5 570
5 570
5 570
5 570
5 570
5 570
5 570
5 570
5 570
5 570
14 1980
14 1980
14 1980
14 1980
14 1980
14 1980
14 1980
14 1980
14 1980
14 1980
14 1980
73 898
73 898
73 898
73 898
73 898
73 898
73 898
73 898
73 898
73 898
73 898
73 898
73 898
73 898
73 898
73 898
73 898
73 898
73 898
73 898
73 898
52 1631
52 1631
52 1631
52 1631
52 1631
52 1631
52 1631
52 1631
52 1631
52 1631
52 1631
52 1631
8 579
8 579
8 579
8 579
8 579
8 579
8 579
8 579
8 579
8 579
8 579
8 579
8 579
8 579
8 579
8 579
8 579
8 579
8 579
8 579
8 579
8 579
8 579
8 579
8 579
8 579
8 579
8 579
8 579
13 548
13 548
13 548
13 548
13 548
13 548
13 548
13 548
13 548
50 1824
50 1824
50 1824
50 1824
50 1824
50 1824
50 1824
50 1824
50 1824
50 1824
50 1824
50 1824
50 1824
50 1824
50 1824
50 1824
50 1824
66 2189
66 2189
66 2189
66 2189
66 2189
66 2189
66 2189
66 2189
66 2189
66 2189
66 2189
66 2189
66 2189
66 2189
66 2189
73 655
73 655
73 655
73 655
73 655
73 655
73 655
73 655
73 655
73 655
73 655
73 655
73 655
73 655
73 655
73 655
73 655
73 655
73 655
73 655
73 655
96 1
96 1
96 1
96 1
96 1
96 1
96 1
96 1
96 1
96 1
97 8
98 4
98 4
98 4
98 4
98 4
98 4
98 4
98 4
98 4
98 4
98 4
98 4
98 4
98 4
98 4
98 4
98 4
98 4
98 4
98 4
98 4
98 4
98 4
98 4
98 4
99 3
99 3
99 3
99 3
99 3
99 3
85 649
85 649
85 649
85 649
85 649
85 649
85 649
85 649
85 649
85 649
85 649
85 649
85 649
85 649
85 649
85 649
85 649
85 649
85 649
85 649
85 649
85 649
85 649
85 649
85 649
85 649
85 649
100 1
100 1
100 1
100 1
100 1
86 645
86 645
86 645
86 645
86 645
86 645
86 645
86 645
90 611
90 611
90 611
90 611
90 611
90 611
90 611
90 611
90 611
90 611
90 611
90 611
90 611
90 611
90 611
90 611
90 611
90 611
90 611
101 2
101 2
101 2
50 1536
50 1536
50 1536
50 1536
50 1536
50 1536
50 1536
50 1536
50 1536
50 1536
50 1536
50 1536
50 1536
50 1536
50 1536
50 1536
50 1536
14 1902
14 1902
14 1902
14 1902
14 1902
14 1902
14 1902
14 1902
14 1902
14 1902
14 1902
103 13
103 13
103 13
103 13
103 13
103 13
103 13
103 13
103 13
103 13
103 13
103 13
103 13
103 13
103 13
103 13
103 13
103 13
103 13
103 13
103 13
103 13
103 13
103 13
103 13
103 13
104 6
104 6
105 5
105 5
105 5
105 5
106 3
106 3
106 3
106 3
106 3
106 3
106 3
106 3
106 3
106 3
106 3
106 3
106 3
106 3
106 3
106 3
106 3
106 3
106 3
106 3
91 2226
91 2226
91 2226
91 2226
91 2226
91 2226
91 2226
91 2226
91 2226
91 2226
91 2226
91 2226
91 2226
91 2226
91 2226
91 2226
91 2226
91 2226
91 2226
91 2226
91 2226
91 2226
91 2226
91 2226
91 2226
91 2226
91 2226
91 2226
91 2226
91 2226
91 1736
91 1736
91 1736
91 1736
91 1736
91 1736
91 1736
91 1736
91 1736
91 1736
91 1736
91 1736
91 1736
91 1736
91 1736
91 1736
91 1736
91 1736
91 1736
91 1736
91 1736
91 1736
91 1736
91 1736
91 1736
91 1736
91 1736
91 1736
91 1736
91 1736
91 1244
91 1244
91 1244
91 1244
91 1244
91 1244
91 1244
91 1244
91 1244
91 1244
91 1244
91 1244
91 1244
91 1244
91 1244
91 1244
91 1244
91 1244
91 1244
91 1244
91 1244
91 1244
91 1244
91 1244
91 1244
91 1244
91 1244
91 1244
91 1244
91 1244
8 676
8 676
8 676
8 676
8 676
8 676
8 676
8 676
8 676
8 676
8 676
8 676
8 676
8 676
8 676
8 676
8 676
8 676
8 676
8 676
8 676
8 676
8 676
8 676
8 676
8 676
8 676
8 676
8 676
5 745
5 745
5 745
5 745
5 745
5 745
5 745
5 745
5 745
5 745
5 745
5 745
5 745
5 745
13 675
13 675
13 675
13 675
13 675
13 675
13 675
13 675
13 675
79 1103
79 1103
79 1103
79 1103
79 1103
79 1103
79 1103
79 1103
79 1103
79 1103
79 1103
79 1103
79 1103
79 1103
79 1103
79 1103
79 1103
79 1103
79 1103
79 1103
79 1103
79 1103
73 689
73 689
73 689
73 689
73 689
73 689
73 689
73 689
73 689
73 689
73 689
73 689
73 689
73 689
73 689
73 689
73 689
73 689
73 689
73 689
73 689
96 2
96 2
96 2
96 2
96 2
96 2
96 2
96 2
96 2
96 2
97 8
98 24
98 24
98 24
98 24
98 24
98 24
98 24
98 24
98 24
98 24
98 24
98 24
98 24
98 24
98 24
98 24
98 24
98 24
98 24
98 24
98 24
98 24
98 24
98 24
98 24
99 27
99 27
99 27
99 27
99 27
99 27
100 21
100 21
100 21
100 21
100 21
101 12
101 12
101 12
103 5
103 5
103 5
103 5
103 5
103 5
103 5
103 5
103 5
103 5
103 5
103 5
103 5
103 5
103 5
103 5
103 5
103 5
103 5
103 5
103 5
103 5
103 5
103 5
103 5
103 5
85 694
85 694
85 694
85 694
85 694
85 694
85 694
85 694
85 694
85 694
85 694
85 694
85 694
85 694
85 694
85 694
85 694
85 694
85 694
85 694
85 694
85 694
85 694
85 694
85 694
85 694
85 694
104 4
104 4
86 690
86 690
86 690
86 690
86 690
86 690
86 690
86 690
105 3
105 3
105 3
105 3
106 1
106 1
106 1
106 1
106 1
106 1
106 1
106 1
106 1
106 1
106 1
106 1
106 1
106 1
106 1
106 1
106 1
106 1
106 1
106 1
90 722
90 722
90 722
90 722
90 722
90 722
90 722
90 722
90 722
90 722
90 722
90 722
90 722
90 722
90 722
90 722
90 722
90 722
90 722
91 768
91 768
91 768
91 768
91 768
91 768
91 768
91 768
91 768
91 768
91 768
91 768
91 768
91 768
91 768
91 768
91 768
91 768
91 768
91 768
91 768
91 768
91 768
91 768
91 768
91 768
91 768
91 768
91 768
91 768
79 893
79 893
79 893
79 893
79 893
79 893
79 893
79 893
79 893
79 893
79 893
79 893
79 893
79 893
79 893
79 893
79 893
79 893
79 893
79 893
79 893
79 893
14 2140
14 2140
14 2140
14 2140
14 2140
14 2140
14 2140
14 2140
14 2140
14 2140
14 2140
50 1788
50 1788
50 1788
50 1788
50 1788
50 1788
50 1788
50 1788
50 1788
50 1788
50 1788
50 1788
50 1788
50 1788
50 1788
50 1788
50 1788
5 770
5 770
5 770
5 770
5 770
5 770
5 770
5 770
5 770
5 770
5 770
5 770
5 770
5 770
96 1
96 1
96 1
96 1
96 1
96 1
96 1
96 1
96 1
96 1
97 4
98 6
98 6
98 6
98 6
98 6
98 6
98 6
98 6
98 6
98 6
98 6
98 6
98 6
98 6
98 6
98 6
98 6
98 6
98 6
98 6
98 6
98 6
98 6
98 6
98 6
99 4
99 4
99 4
99 4
99 4
99 4
100 4
100 4
100 4
100 4
100 4
101 2
101 2
101 2
103 10
103 10
103 10
103 10
103 10
103 10
103 10
103 10
103 10
103 10
103 10
103 10
103 10
103 10
103 10
103 10
103 10
103 10
103 10
103 10
103 10
103 10
103 10
103 10
103 10
103 10
104 2
104 2
105 6
105 6
105 6
105 6
106 2
106 2
106 2
106 2
106 2
106 2
106 2
106 2
106 2
106 2
106 2
106 2
106 2
106 2
106 2
106 2
106 2
106 2
106 2
106 2
73 1046
73 1046
73 1046
73 1046
73 1046
73 1046
73 1046
73 1046
73 1046
73 1046
73 1046
73 1046
73 1046
73 1046
73 1046
73 1046
73 1046
73 1046
73 1046
73 1046
73 1046
85 940
85 940
85 940
85 940
85 940
85 940
85 940
85 940
85 940
85 940
85 940
85 940
85 940
85 940
85 940
85 940
85 940
85 940
85 940
85 940
85 940
85 940
85 940
85 940
85 940
85 940
85 940
86 936
86 936
86 936
86 936
86 936
86 936
86 936
86 936
90 899
90 899
90 899
90 899
90 899
90 899
90 899
90 899
90 899
90 899
90 899
90 899
90 899
90 899
90 899
90 899
90 899
90 899
90 899
91 901
91 901
91 901
91 901
91 901
91 901
91 901
91 901
91 901
91 901
91 901
91 901
91 901
91 901
91 901
91 901
91 901
91 901
91 901
91 901
91 901
91 901
91 901
91 901
91 901
91 901
91 901
91 901
91 901
91 901
96 2
96 2
96 2
96 2
96 2
96 2
96 2
96 2
96 2
96 2
97 6
98 7
98 7
98 7
98 7
98 7
98 7
98 7
98 7
98 7
98 7
98 7
98 7
98 7
98 7
98 7
98 7
98 7
98 7
98 7
98 7
98 7
98 7
98 7
98 7
98 7
99 10
99 10
99 10
99 10
99 10
99 10
100 4
100 4
100 4
100 4
100 4
101 2
101 2
101 2
103 4
103 4
103 4
103 4
103 4
103 4
103 4
103 4
103 4
103 4
103 4
103 4
103 4
103 4
103 4
103 4
103 4
103 4
103 4
103 4
103 4
103 4
103 4
103 4
103 4
103 4
104 2
104 2
105 2
105 2
105 2
105 2
106 1
106 1
106 1
106 1
106 1
106 1
106 1
106 1
106 1
106 1
106 1
106 1
106 1
106 1
106 1
106 1
106 1
106 1
106 1
106 1
73 916
73 916
73 916
73 916
73 916
73 916
73 916
73 916
73 916
73 916
73 916
73 916
73 916
73 916
73 916
73 916
73 916
73 916
73 916
73 916
73 916
85 911
85 911
85 911
85 911
85 911
85 911
85 911
85 911
85 911
85 911
85 911
85 911
85 911
85 911
85 911
85 911
85 911
85 911
85 911
85 911
85 911
85 911
85 911
85 911
85 911
85 911
85 911
86 917
86 917
86 917
86 917
86 917
86 917
86 917
86 917
91 936
91 936
91 936
91 936
91 936
91 936
91 936
91 936
91 936
91 936
91 936
91 936
91 936
91 936
91 936
91 936
91 936
91 936
91 936
91 936
91 936
91 936
91 936
91 936
91 936
91 936
91 936
91 936
91 936
91 936
