11 27
11 27
11 27
11 27
11 27
11 27
11 27
11 27
11 27
12 22
12 22
12 22
12 22
12 22
12 22
12 22
12 22
12 22
12 22
12 22
12 22
12 22
12 22
12 22
14 22
14 22
14 22
14 22
14 22
14 22
14 22
14 22
14 22
14 22
14 22
14 22
14 22
14 22
14 22
14 22
14 22
14 22
14 22
14 22
14 22
14 22
14 22
14 22
14 22
14 22
3 154
3 154
3 154
3 154
3 154
3 154
3 154
3 154
3 154
3 154
3 154
3 154
3 154
3 154
3 154
3 154
3 154
3 154
3 154
3 154
3 154
3 154
19 17
19 17
19 17
19 17
19 17
19 17
19 17
19 17
19 17
19 17
19 17
19 17
19 17
19 17
19 17
19 17
19 17
19 17
19 17
19 17
19 17
19 17
19 17
19 17
19 17
24 28
24 28
24 28
24 28
24 28
24 28
24 28
24 28
24 28
24 28
24 28
24 28
24 28
24 28
24 28
24 28
24 28
24 28
24 28
24 28
24 28
25 27
25 27
25 27
25 27
25 27
25 27
25 27
25 27
25 27
25 27
25 27
25 27
25 27
25 27
28 33
28 33
28 33
28 33
28 33
28 33
28 33
28 33
28 33
28 33
28 33
28 33
28 33
28 33
28 33
28 33
28 33
28 33
28 33
28 33
28 33
28 33
28 33
28 33
28 33
28 33
28 33
28 33
28 33
28 33
9 239
9 239
9 239
9 239
9 239
9 239
9 239
9 239
9 239
9 239
9 239
9 239
9 239
9 239
9 239
9 239
9 239
13 229
13 229
13 229
13 229
13 229
13 229
13 229
13 229
13 229
13 229
13 229
13 229
13 229
13 229
13 229
13 229
13 229
13 229
13 229
13 229
13 229
13 229
13 229
13 229
13 229
13 229
13 229
13 229
13 229
22 145
22 145
22 145
22 145
22 145
22 145
22 145
22 145
23 144
23 144
23 144
23 144
23 144
23 144
44 88
44 88
44 88
44 88
44 88
44 88
44 88
44 88
44 88
44 88
44 88
50 86
50 86
50 86
50 86
50 86
51 85
51 85
51 85
11 68
11 68
11 68
11 68
11 68
11 68
11 68
11 68
11 68
12 60
12 60
12 60
12 60
12 60
12 60
12 60
12 60
12 60
12 60
12 60
12 60
12 60
12 60
12 60
14 66
14 66
14 66
14 66
14 66
14 66
14 66
14 66
14 66
14 66
14 66
14 66
14 66
14 66
14 66
14 66
14 66
14 66
14 66
14 66
14 66
14 66
14 66
14 66
14 66
14 66
40 330
40 330
40 330
40 330
40 330
40 330
40 330
40 330
40 330
40 330
40 330
40 330
40 330
40 330
40 330
40 330
19 63
19 63
19 63
19 63
19 63
19 63
19 63
19 63
19 63
19 63
19 63
19 63
19 63
19 63
19 63
19 63
19 63
19 63
19 63
19 63
19 63
19 63
19 63
19 63
19 63
24 56
24 56
24 56
24 56
24 56
24 56
24 56
24 56
24 56
24 56
24 56
24 56
24 56
24 56
24 56
24 56
24 56
24 56
24 56
24 56
24 56
25 57
25 57
25 57
25 57
25 57
25 57
25 57
25 57
25 57
25 57
25 57
25 57
25 57
25 57
9 233
9 233
9 233
9 233
9 233
9 233
9 233
9 233
9 233
9 233
9 233
9 233
9 233
9 233
9 233
9 233
9 233
3 309
3 309
3 309
3 309
3 309
3 309
3 309
3 309
3 309
3 309
3 309
3 309
3 309
3 309
3 309
3 309
3 309
3 309
3 309
3 309
3 309
3 309
28 74
28 74
28 74
28 74
28 74
28 74
28 74
28 74
28 74
28 74
28 74
28 74
28 74
28 74
28 74
28 74
28 74
28 74
28 74
28 74
28 74
28 74
28 74
28 74
28 74
28 74
28 74
28 74
28 74
28 74
44 89
44 89
44 89
44 89
44 89
44 89
44 89
44 89
44 89
44 89
44 89
22 328
22 328
22 328
22 328
22 328
22 328
22 328
22 328
23 337
23 337
23 337
23 337
23 337
23 337
13 446
13 446
13 446
13 446
13 446
13 446
13 446
13 446
13 446
13 446
13 446
13 446
13 446
13 446
13 446
13 446
13 446
13 446
13 446
13 446
13 446
13 446
13 446
13 446
13 446
13 446
13 446
13 446
13 446
50 98
50 98
50 98
50 98
50 98
51 103
51 103
51 103
56 565
56 565
56 565
56 565
56 565
56 565
56 565
56 565
56 565
56 565
56 565
56 565
56 565
56 565
56 565
56 565
56 565
56 565
52 620
52 620
52 620
52 620
52 620
52 620
52 620
52 620
52 620
52 620
52 620
52 620
52 620
52 620
52 620
52 620
52 620
52 620
52 620
83 377
34 897
34 897
34 897
34 897
34 897
34 897
34 897
34 897
34 897
34 897
34 897
34 897
38 873
38 873
38 873
38 873
38 873
38 873
38 873
38 873
38 873
38 873
38 873
38 873
38 873
38 873
38 873
38 873
38 873
38 873
38 873
38 873
38 873
38 873
38 873
38 873
38 873
38 873
38 873
38 873
8 1269
8 1269
8 1269
8 1269
8 1269
8 1269
8 1269
8 1269
8 1269
8 1269
8 1269
8 1269
8 1269
8 1269
8 1269
8 1269
8 1269
8 1269
8 1269
8 1269
8 1269
8 1269
8 1269
8 1269
8 797
8 797
8 797
8 797
8 797
8 797
8 797
8 797
8 797
8 797
8 797
8 797
8 797
8 797
8 797
8 797
8 797
8 797
8 797
8 797
8 797
8 797
8 797
8 797
11 281
11 281
11 281
11 281
11 281
11 281
11 281
11 281
11 281
12 274
12 274
12 274
12 274
12 274
12 274
12 274
12 274
12 274
12 274
12 274
12 274
12 274
12 274
12 274
14 255
14 255
14 255
14 255
14 255
14 255
14 255
14 255
14 255
14 255
14 255
14 255
14 255
14 255
14 255
14 255
14 255
14 255
14 255
14 255
14 255
14 255
14 255
14 255
14 255
14 255
19 209
19 209
19 209
19 209
19 209
19 209
19 209
19 209
19 209
19 209
19 209
19 209
19 209
19 209
19 209
19 209
19 209
19 209
19 209
19 209
19 209
19 209
19 209
19 209
19 209
38 526
38 526
38 526
38 526
38 526
38 526
38 526
38 526
38 526
38 526
38 526
38 526
38 526
38 526
38 526
38 526
38 526
38 526
38 526
38 526
38 526
38 526
38 526
38 526
38 526
38 526
38 526
38 526
40 535
40 535
40 535
40 535
40 535
40 535
40 535
40 535
40 535
40 535
40 535
40 535
40 535
40 535
40 535
40 535
24 218
24 218
24 218
24 218
24 218
24 218
24 218
24 218
24 218
24 218
24 218
24 218
24 218
24 218
24 218
24 218
24 218
24 218
24 218
24 218
24 218
25 213
25 213
25 213
25 213
25 213
25 213
25 213
25 213
25 213
25 213
25 213
25 213
25 213
25 213
28 212
28 212
28 212
28 212
28 212
28 212
28 212
28 212
28 212
28 212
28 212
28 212
28 212
28 212
28 212
28 212
28 212
28 212
28 212
28 212
28 212
28 212
28 212
28 212
28 212
28 212
28 212
28 212
28 212
28 212
52 504
52 504
52 504
52 504
52 504
52 504
52 504
52 504
52 504
52 504
52 504
52 504
52 504
52 504
52 504
52 504
52 504
52 504
52 504
56 464
56 464
56 464
56 464
56 464
56 464
56 464
56 464
56 464
56 464
56 464
56 464
56 464
56 464
56 464
56 464
56 464
56 464
62 456
62 456
3 585
3 585
3 585
3 585
3 585
3 585
3 585
3 585
3 585
3 585
3 585
3 585
3 585
3 585
3 585
3 585
3 585
3 585
3 585
3 585
3 585
3 585
64 485
64 485
64 485
64 485
64 485
64 485
64 485
64 485
64 485
64 485
64 485
64 485
64 485
64 485
64 485
64 485
64 485
64 485
64 485
64 485
64 485
64 485
64 485
44 200
44 200
44 200
44 200
44 200
44 200
44 200
44 200
44 200
44 200
44 200
67 494
67 494
67 494
67 494
67 494
67 494
67 494
67 494
67 494
67 494
67 494
67 494
67 494
34 848
34 848
34 848
34 848
34 848
34 848
34 848
34 848
34 848
34 848
34 848
34 848
68 518
68 518
68 518
68 518
50 220
50 220
50 220
50 220
50 220
51 215
51 215
51 215
73 529
73 529
73 529
73 529
73 529
73 529
73 529
73 529
73 529
73 529
73 529
73 529
73 529
73 529
73 529
73 529
73 529
73 529
73 529
73 529
73 529
73 529
73 529
73 529
73 529
73 529
73 529
11 229
11 229
11 229
11 229
11 229
11 229
11 229
11 229
11 229
12 220
12 220
12 220
12 220
12 220
12 220
12 220
12 220
12 220
12 220
12 220
12 220
12 220
12 220
12 220
83 527
14 222
14 222
14 222
14 222
14 222
14 222
14 222
14 222
14 222
14 222
14 222
14 222
14 222
14 222
14 222
14 222
14 222
14 222
14 222
14 222
14 222
14 222
14 222
14 222
14 222
14 222
19 242
19 242
19 242
19 242
19 242
19 242
19 242
19 242
19 242
19 242
19 242
19 242
19 242
19 242
19 242
19 242
19 242
19 242
19 242
19 242
19 242
19 242
19 242
19 242
19 242
24 233
24 233
24 233
24 233
24 233
24 233
24 233
24 233
24 233
24 233
24 233
24 233
24 233
24 233
24 233
24 233
24 233
24 233
24 233
24 233
24 233
25 235
25 235
25 235
25 235
25 235
25 235
25 235
25 235
25 235
25 235
25 235
25 235
25 235
25 235
28 224
28 224
28 224
28 224
28 224
28 224
28 224
28 224
28 224
28 224
28 224
28 224
28 224
28 224
28 224
28 224
28 224
28 224
28 224
28 224
28 224
28 224
28 224
28 224
28 224
28 224
28 224
28 224
28 224
28 224
52 578
52 578
52 578
52 578
52 578
52 578
52 578
52 578
52 578
52 578
52 578
52 578
52 578
52 578
52 578
52 578
52 578
52 578
52 578
77 854
77 854
77 854
77 854
77 854
77 854
77 854
77 854
77 854
77 854
61 1515
61 1515
61 1515
61 1515
61 1515
61 1515
61 1515
61 1515
61 1515
61 1515
61 1515
61 1515
61 1515
61 1515
61 1515
61 1515
61 1515
61 1515
61 1515
61 1515
61 1015
61 1015
61 1015
61 1015
61 1015
61 1015
61 1015
61 1015
61 1015
61 1015
61 1015
61 1015
61 1015
61 1015
61 1015
61 1015
61 1015
61 1015
61 1015
61 1015
44 242
44 242
44 242
44 242
44 242
44 242
44 242
44 242
44 242
44 242
44 242
56 626
56 626
56 626
56 626
56 626
56 626
56 626
56 626
56 626
56 626
56 626
56 626
56 626
56 626
56 626
56 626
56 626
56 626
50 238
50 238
50 238
50 238
50 238
51 234
51 234
51 234
61 643
61 643
61 643
61 643
61 643
61 643
61 643
61 643
61 643
61 643
61 643
61 643
61 643
61 643
61 643
61 643
61 643
61 643
61 643
61 643
62 639
62 639
64 638
64 638
64 638
64 638
64 638
64 638
64 638
64 638
64 638
64 638
64 638
64 638
64 638
64 638
64 638
64 638
64 638
64 638
64 638
64 638
64 638
64 638
64 638
67 653
67 653
67 653
67 653
67 653
67 653
67 653
67 653
67 653
67 653
67 653
67 653
67 653
11 232
11 232
11 232
11 232
11 232
11 232
11 232
11 232
11 232
12 244
12 244
12 244
12 244
12 244
12 244
12 244
12 244
12 244
12 244
12 244
12 244
12 244
12 244
12 244
68 700
68 700
68 700
68 700
14 268
14 268
14 268
14 268
14 268
14 268
14 268
14 268
14 268
14 268
14 268
14 268
14 268
14 268
14 268
14 268
14 268
14 268
14 268
14 268
14 268
14 268
14 268
14 268
14 268
14 268
73 682
73 682
73 682
73 682
73 682
73 682
73 682
73 682
73 682
73 682
73 682
73 682
73 682
73 682
73 682
73 682
73 682
73 682
73 682
73 682
73 682
73 682
73 682
73 682
73 682
73 682
73 682
23 1206
23 1206
23 1206
23 1206
23 1206
23 1206
19 273
19 273
19 273
19 273
19 273
19 273
19 273
19 273
19 273
19 273
19 273
19 273
19 273
19 273
19 273
19 273
19 273
19 273
19 273
19 273
19 273
19 273
19 273
19 273
19 273
77 695
77 695
77 695
77 695
77 695
77 695
77 695
77 695
77 695
77 695
34 1152
34 1152
34 1152
34 1152
34 1152
34 1152
34 1152
34 1152
34 1152
34 1152
34 1152
34 1152
8 1424
8 1424
8 1424
8 1424
8 1424
8 1424
8 1424
8 1424
8 1424
8 1424
8 1424
8 1424
8 1424
8 1424
8 1424
8 1424
8 1424
8 1424
8 1424
8 1424
8 1424
8 1424
8 1424
8 1424
22 1298
22 1298
22 1298
22 1298
22 1298
22 1298
22 1298
22 1298
38 1139
38 1139
38 1139
38 1139
38 1139
38 1139
38 1139
38 1139
38 1139
38 1139
38 1139
38 1139
38 1139
38 1139
38 1139
38 1139
38 1139
38 1139
38 1139
38 1139
38 1139
38 1139
38 1139
38 1139
38 1139
38 1139
38 1139
38 1139
40 1122
40 1122
40 1122
40 1122
40 1122
40 1122
40 1122
40 1122
40 1122
40 1122
40 1122
40 1122
40 1122
40 1122
40 1122
40 1122
24 284
24 284
24 284
24 284
24 284
24 284
24 284
24 284
24 284
24 284
24 284
24 284
24 284
24 284
24 284
24 284
24 284
24 284
24 284
24 284
24 284
9 938
9 938
9 938
9 938
9 938
9 938
9 938
9 938
9 938
9 938
9 938
9 938
9 938
9 938
9 938
9 938
9 938
3 1003
3 1003
3 1003
3 1003
3 1003
3 1003
3 1003
3 1003
3 1003
3 1003
3 1003
3 1003
3 1003
3 1003
3 1003
3 1003
3 1003
3 1003
3 1003
3 1003
3 1003
3 1003
25 287
25 287
25 287
25 287
25 287
25 287
25 287
25 287
25 287
25 287
25 287
25 287
25 287
25 287
75 1788
75 1788
75 1788
75 1788
75 1788
75 1788
75 1788
75 1289
75 1289
75 1289
75 1289
75 1289
75 1289
75 1289
28 283
28 283
28 283
28 283
28 283
28 283
28 283
28 283
28 283
28 283
28 283
28 283
28 283
28 283
28 283
28 283
28 283
28 283
28 283
28 283
28 283
28 283
28 283
28 283
28 283
28 283
28 283
28 283
28 283
28 283
83 743
8 1114
8 1114
8 1114
8 1114
8 1114
8 1114
8 1114
8 1114
8 1114
8 1114
8 1114
8 1114
8 1114
8 1114
8 1114
8 1114
8 1114
8 1114
8 1114
8 1114
8 1114
8 1114
8 1114
8 1114
13 1087
13 1087
13 1087
13 1087
13 1087
13 1087
13 1087
13 1087
13 1087
13 1087
13 1087
13 1087
13 1087
13 1087
13 1087
13 1087
13 1087
13 1087
13 1087
13 1087
13 1087
13 1087
13 1087
13 1087
13 1087
13 1087
13 1087
13 1087
13 1087
44 282
44 282
44 282
44 282
44 282
44 282
44 282
44 282
44 282
44 282
44 282
23 1034
23 1034
23 1034
23 1034
23 1034
23 1034
52 785
52 785
52 785
52 785
52 785
52 785
52 785
52 785
52 785
52 785
52 785
52 785
52 785
52 785
52 785
52 785
52 785
52 785
52 785
50 310
50 310
50 310
50 310
50 310
51 306
51 306
51 306
56 822
56 822
56 822
56 822
56 822
56 822
56 822
56 822
56 822
56 822
56 822
56 822
56 822
56 822
56 822
56 822
56 822
56 822
22 1173
22 1173
22 1173
22 1173
22 1173
22 1173
22 1173
22 1173
11 300
11 300
11 300
11 300
11 300
11 300
11 300
11 300
11 300
12 301
12 301
12 301
12 301
12 301
12 301
12 301
12 301
12 301
12 301
12 301
12 301
12 301
12 301
12 301
14 305
14 305
14 305
14 305
14 305
14 305
14 305
14 305
14 305
14 305
14 305
14 305
14 305
14 305
14 305
14 305
14 305
14 305
14 305
14 305
14 305
14 305
14 305
14 305
14 305
14 305
61 845
61 845
61 845
61 845
61 845
61 845
61 845
61 845
61 845
61 845
61 845
61 845
61 845
61 845
61 845
61 845
61 845
61 845
61 845
61 845
62 843
62 843
64 853
64 853
64 853
64 853
64 853
64 853
64 853
64 853
64 853
64 853
64 853
64 853
64 853
64 853
64 853
64 853
64 853
64 853
64 853
64 853
64 853
64 853
64 853
19 306
19 306
19 306
19 306
19 306
19 306
19 306
19 306
19 306
19 306
19 306
19 306
19 306
19 306
19 306
19 306
19 306
19 306
19 306
19 306
19 306
19 306
19 306
19 306
19 306
67 857
67 857
67 857
67 857
67 857
67 857
67 857
67 857
67 857
67 857
67 857
67 857
67 857
68 864
68 864
68 864
68 864
24 309
24 309
24 309
24 309
24 309
24 309
24 309
24 309
24 309
24 309
24 309
24 309
24 309
24 309
24 309
24 309
24 309
24 309
24 309
24 309
24 309
34 1224
34 1224
34 1224
34 1224
34 1224
34 1224
34 1224
34 1224
34 1224
34 1224
34 1224
34 1224
25 329
25 329
25 329
25 329
25 329
25 329
25 329
25 329
25 329
25 329
25 329
25 329
25 329
25 329
73 855
73 855
73 855
73 855
73 855
73 855
73 855
73 855
73 855
73 855
73 855
73 855
73 855
73 855
73 855
73 855
73 855
73 855
73 855
73 855
73 855
73 855
73 855
73 855
73 855
73 855
73 855
28 326
28 326
28 326
28 326
28 326
28 326
28 326
28 326
28 326
28 326
28 326
28 326
28 326
28 326
28 326
28 326
28 326
28 326
28 326
28 326
28 326
28 326
28 326
28 326
28 326
28 326
28 326
28 326
28 326
28 326
3 1118
3 1118
3 1118
3 1118
3 1118
3 1118
3 1118
3 1118
3 1118
3 1118
3 1118
3 1118
3 1118
3 1118
3 1118
3 1118
3 1118
3 1118
3 1118
3 1118
3 1118
3 1118
77 888
77 888
77 888
77 888
77 888
77 888
77 888
77 888
77 888
77 888
75 1472
75 1472
75 1472
75 1472
75 1472
75 1472
75 1472
83 898
44 331
44 331
44 331
44 331
44 331
44 331
44 331
44 331
44 331
44 331
44 331
9 1212
9 1212
9 1212
9 1212
9 1212
9 1212
9 1212
9 1212
9 1212
9 1212
9 1212
9 1212
9 1212
9 1212
9 1212
9 1212
9 1212
50 309
50 309
50 309
50 309
50 309
51 305
51 305
51 305
13 1196
13 1196
13 1196
13 1196
13 1196
13 1196
13 1196
13 1196
13 1196
13 1196
13 1196
13 1196
13 1196
13 1196
13 1196
13 1196
13 1196
13 1196
13 1196
13 1196
13 1196
13 1196
13 1196
13 1196
13 1196
13 1196
13 1196
13 1196
13 1196
40 1449
40 1449
40 1449
40 1449
40 1449
40 1449
40 1449
40 1449
40 1449
40 1449
40 1449
40 1449
40 1449
40 1449
40 1449
40 1449
8 1291
8 1291
8 1291
8 1291
8 1291
8 1291
8 1291
8 1291
8 1291
8 1291
8 1291
8 1291
8 1291
8 1291
8 1291
8 1291
8 1291
8 1291
8 1291
8 1291
8 1291
8 1291
8 1291
8 1291
11 309
11 309
11 309
11 309
11 309
11 309
11 309
11 309
11 309
12 309
12 309
12 309
12 309
12 309
12 309
12 309
12 309
12 309
12 309
12 309
12 309
12 309
12 309
12 309
14 313
14 313
14 313
14 313
14 313
14 313
14 313
14 313
14 313
14 313
14 313
14 313
14 313
14 313
14 313
14 313
14 313
14 313
14 313
14 313
14 313
14 313
14 313
14 313
14 313
14 313
52 979
52 979
52 979
52 979
52 979
52 979
52 979
52 979
52 979
52 979
52 979
52 979
52 979
52 979
52 979
52 979
52 979
52 979
52 979
19 325
19 325
19 325
19 325
19 325
19 325
19 325
19 325
19 325
19 325
19 325
19 325
19 325
19 325
19 325
19 325
19 325
19 325
19 325
19 325
19 325
19 325
19 325
19 325
19 325
24 314
24 314
24 314
24 314
24 314
24 314
24 314
24 314
24 314
24 314
24 314
24 314
24 314
24 314
24 314
24 314
24 314
24 314
24 314
24 314
24 314
25 306
25 306
25 306
25 306
25 306
25 306
25 306
25 306
25 306
25 306
25 306
25 306
25 306
25 306
22 1345
22 1345
22 1345
22 1345
22 1345
22 1345
22 1345
22 1345
75 1320
75 1320
75 1320
75 1320
75 1320
75 1320
75 1320
56 1012
56 1012
56 1012
56 1012
56 1012
56 1012
56 1012
56 1012
56 1012
56 1012
56 1012
56 1012
56 1012
56 1012
56 1012
56 1012
56 1012
56 1012
61 1004
61 1004
61 1004
61 1004
61 1004
61 1004
61 1004
61 1004
61 1004
61 1004
61 1004
61 1004
61 1004
61 1004
61 1004
61 1004
61 1004
61 1004
61 1004
61 1004
62 1004
62 1004
28 345
28 345
28 345
28 345
28 345
28 345
28 345
28 345
28 345
28 345
28 345
28 345
28 345
28 345
28 345
28 345
28 345
28 345
28 345
28 345
28 345
28 345
28 345
28 345
28 345
28 345
28 345
28 345
28 345
28 345
64 1013
64 1013
64 1013
64 1013
64 1013
64 1013
64 1013
64 1013
64 1013
64 1013
64 1013
64 1013
64 1013
64 1013
64 1013
64 1013
64 1013
64 1013
64 1013
64 1013
64 1013
64 1013
64 1013
67 1013
67 1013
67 1013
67 1013
67 1013
67 1013
67 1013
67 1013
67 1013
67 1013
67 1013
67 1013
67 1013
68 1049
68 1049
68 1049
68 1049
34 1427
34 1427
34 1427
34 1427
34 1427
34 1427
34 1427
34 1427
34 1427
34 1427
34 1427
34 1427
23 1541
23 1541
23 1541
23 1541
23 1541
23 1541
73 1047
73 1047
73 1047
73 1047
73 1047
73 1047
73 1047
73 1047
73 1047
73 1047
73 1047
73 1047
73 1047
73 1047
73 1047
73 1047
73 1047
73 1047
73 1047
73 1047
73 1047
73 1047
73 1047
73 1047
73 1047
73 1047
73 1047
40 1400
40 1400
40 1400
40 1400
40 1400
40 1400
40 1400
40 1400
40 1400
40 1400
40 1400
40 1400
40 1400
40 1400
40 1400
40 1400
44 363
44 363
44 363
44 363
44 363
44 363
44 363
44 363
44 363
44 363
44 363
77 1041
77 1041
77 1041
77 1041
77 1041
77 1041
77 1041
77 1041
77 1041
77 1041
50 365
50 365
50 365
50 365
50 365
51 363
51 363
51 363
83 1096
3 1437
3 1437
3 1437
3 1437
3 1437
3 1437
3 1437
3 1437
3 1437
3 1437
3 1437
3 1437
3 1437
3 1437
3 1437
3 1437
3 1437
3 1437
3 1437
3 1437
3 1437
3 1437
11 369
11 369
11 369
11 369
11 369
11 369
11 369
11 369
11 369
12 361
12 361
12 361
12 361
12 361
12 361
12 361
12 361
12 361
12 361
12 361
12 361
12 361
12 361
12 361
14 380
14 380
14 380
14 380
14 380
14 380
14 380
14 380
14 380
14 380
14 380
14 380
14 380
14 380
14 380
14 380
14 380
14 380
14 380
14 380
14 380
14 380
14 380
14 380
14 380
14 380
19 353
19 353
19 353
19 353
19 353
19 353
19 353
19 353
19 353
19 353
19 353
19 353
19 353
19 353
19 353
19 353
19 353
19 353
19 353
19 353
19 353
19 353
19 353
19 353
19 353
24 374
24 374
24 374
24 374
24 374
24 374
24 374
24 374
24 374
24 374
24 374
24 374
24 374
24 374
24 374
24 374
24 374
24 374
24 374
24 374
24 374
25 371
25 371
25 371
25 371
25 371
25 371
25 371
25 371
25 371
25 371
25 371
25 371
25 371
25 371
28 368
28 368
28 368
28 368
28 368
28 368
28 368
28 368
28 368
28 368
28 368
28 368
28 368
28 368
28 368
28 368
28 368
28 368
28 368
28 368
28 368
28 368
28 368
28 368
28 368
28 368
28 368
28 368
28 368
28 368
22 1463
22 1463
22 1463
22 1463
22 1463
22 1463
22 1463
22 1463
52 1179
52 1179
52 1179
52 1179
52 1179
52 1179
52 1179
52 1179
52 1179
52 1179
52 1179
52 1179
52 1179
52 1179
52 1179
52 1179
52 1179
52 1179
52 1179
56 1219
56 1219
56 1219
56 1219
56 1219
56 1219
56 1219
56 1219
56 1219
56 1219
56 1219
56 1219
56 1219
56 1219
56 1219
56 1219
56 1219
56 1219
44 388
44 388
44 388
44 388
44 388
44 388
44 388
44 388
44 388
44 388
44 388
61 1239
61 1239
61 1239
61 1239
61 1239
61 1239
61 1239
61 1239
61 1239
61 1239
61 1239
61 1239
61 1239
61 1239
61 1239
61 1239
61 1239
61 1239
61 1239
61 1239
62 1236
62 1236
64 1260
64 1260
64 1260
64 1260
64 1260
64 1260
64 1260
64 1260
64 1260
64 1260
64 1260
64 1260
64 1260
64 1260
64 1260
64 1260
64 1260
64 1260
64 1260
64 1260
64 1260
64 1260
64 1260
50 403
50 403
50 403
50 403
50 403
51 398
51 398
51 398
67 1259
67 1259
67 1259
67 1259
67 1259
67 1259
67 1259
67 1259
67 1259
67 1259
67 1259
67 1259
67 1259
68 1275
68 1275
68 1275
68 1275
73 1264
73 1264
73 1264
73 1264
73 1264
73 1264
73 1264
73 1264
73 1264
73 1264
73 1264
73 1264
73 1264
73 1264
73 1264
73 1264
73 1264
73 1264
73 1264
73 1264
73 1264
73 1264
73 1264
73 1264
73 1264
73 1264
73 1264
77 1275
77 1275
77 1275
77 1275
77 1275
77 1275
77 1275
77 1275
77 1275
77 1275
83 1301
75 1995
75 1995
75 1995
75 1995
75 1995
75 1995
75 1995
