6 32
6 32
8 14
8 14
8 14
8 14
12 2
4 104
4 104
4 104
4 104
4 104
4 104
4 104
4 104
4 104
14 11
14 11
14 11
14 11
14 11
14 11
15 27
15 27
15 27
18 23
18 23
18 23
18 23
18 23
4 10
4 10
4 10
4 10
4 10
4 10
4 10
4 10
4 10
6 10
6 10
8 3
8 3
8 3
8 3
12 1
61 18
61 18
61 18
61 18
61 18
61 18
61 18
14 5
14 5
14 5
14 5
14 5
14 5
15 5
15 5
15 5
18 2
18 2
18 2
18 2
18 2
69 26
69 26
69 26
69 26
69 26
69 26
69 26
69 26
69 26
69 26
69 26
69 26
69 26
69 26
69 26
69 26
69 26
69 26
69 26
69 26
69 26
69 26
71 7
71 7
71 7
71 7
71 7
71 7
71 7
71 7
71 7
71 7
71 7
71 7
71 7
71 7
71 7
71 7
71 7
71 7
71 7
71 7
72 16
72 16
72 16
72 16
72 16
72 16
72 16
72 16
72 16
72 16
73 27
73 27
73 27
73 27
73 27
73 27
73 27
73 27
73 27
73 27
73 27
73 27
73 27
77 41
77 41
77 41
77 41
77 41
77 41
77 41
77 41
78 39
78 39
78 39
78 39
78 39
78 39
78 39
78 39
78 39
78 39
78 39
78 39
78 39
78 39
78 39
78 39
78 39
78 39
78 39
78 39
78 39
78 39
78 39
78 39
78 39
78 39
80 46
80 46
80 46
80 46
80 46
80 46
80 46
80 46
80 46
80 46
80 46
80 46
80 46
80 46
80 46
80 46
80 46
4 18
4 18
4 18
4 18
4 18
4 18
4 18
4 18
4 18
6 2
6 2
8 6
8 6
8 6
8 6
61 9
61 9
61 9
61 9
61 9
61 9
61 9
12 13
14 17
14 17
14 17
14 17
14 17
14 17
15 23
15 23
15 23
18 18
18 18
18 18
18 18
18 18
69 57
69 57
69 57
69 57
69 57
69 57
69 57
69 57
69 57
69 57
69 57
69 57
69 57
69 57
69 57
69 57
69 57
69 57
69 57
69 57
69 57
69 57
71 39
71 39
71 39
71 39
71 39
71 39
71 39
71 39
71 39
71 39
71 39
71 39
71 39
71 39
71 39
71 39
71 39
71 39
71 39
71 39
72 33
72 33
72 33
72 33
72 33
72 33
72 33
72 33
72 33
72 33
73 29
73 29
73 29
73 29
73 29
73 29
73 29
73 29
73 29
73 29
73 29
73 29
73 29
77 19
77 19
77 19
77 19
77 19
77 19
77 19
77 19
78 27
78 27
78 27
78 27
78 27
78 27
78 27
78 27
78 27
78 27
78 27
78 27
78 27
78 27
78 27
78 27
78 27
78 27
78 27
78 27
78 27
78 27
78 27
78 27
78 27
78 27
80 13
80 13
80 13
80 13
80 13
80 13
80 13
80 13
80 13
80 13
80 13
80 13
80 13
80 13
80 13
80 13
80 13
6 8
6 8
8 7
8 7
8 7
8 7
4 49
4 49
4 49
4 49
4 49
4 49
4 49
4 49
4 49
12 4
61 17
61 17
61 17
61 17
61 17
61 17
61 17
14 11
14 11
14 11
14 11
14 11
14 11
15 4
15 4
15 4
18 2
18 2
18 2
18 2
18 2
69 11
69 11
69 11
69 11
69 11
69 11
69 11
69 11
69 11
69 11
69 11
69 11
69 11
69 11
69 11
69 11
69 11
69 11
69 11
69 11
69 11
69 11
71 12
71 12
71 12
71 12
71 12
71 12
71 12
71 12
71 12
71 12
71 12
71 12
71 12
71 12
71 12
71 12
71 12
71 12
71 12
71 12
72 20
72 20
72 20
72 20
72 20
72 20
72 20
72 20
72 20
72 20
73 21
73 21
73 21
73 21
73 21
73 21
73 21
73 21
73 21
73 21
73 21
73 21
73 21
77 5
77 5
77 5
77 5
77 5
77 5
77 5
77 5
78 25
78 25
78 25
78 25
78 25
78 25
78 25
78 25
78 25
78 25
78 25
78 25
78 25
78 25
78 25
78 25
78 25
78 25
78 25
78 25
78 25
78 25
78 25
78 25
78 25
78 25
80 17
80 17
80 17
80 17
80 17
80 17
80 17
80 17
80 17
80 17
80 17
80 17
80 17
80 17
80 17
80 17
80 17
4 7
4 7
4 7
4 7
4 7
4 7
4 7
4 7
4 7
6 3
6 3
8 2
8 2
8 2
8 2
61 11
61 11
61 11
61 11
61 11
61 11
61 11
12 11
14 2
14 2
14 2
14 2
14 2
14 2
74 1403
74 1403
74 1403
74 1403
74 1403
74 1403
74 1403
74 1403
74 1403
74 1403
74 1403
74 1403
74 1403
74 1403
74 1403
74 1403
74 1403
74 1403
74 1403
74 904
74 904
74 904
74 904
74 904
74 904
74 904
74 904
74 904
74 904
74 904
74 904
74 904
74 904
74 904
74 904
74 904
74 904
74 904
74 404
74 404
74 404
74 404
74 404
74 404
74 404
74 404
74 404
74 404
74 404
74 404
74 404
74 404
74 404
74 404
74 404
74 404
74 404
15 6
15 6
15 6
18 1
18 1
18 1
18 1
18 1
69 23
69 23
69 23
69 23
69 23
69 23
69 23
69 23
69 23
69 23
69 23
69 23
69 23
69 23
69 23
69 23
69 23
69 23
69 23
69 23
69 23
69 23
71 23
71 23
71 23
71 23
71 23
71 23
71 23
71 23
71 23
71 23
71 23
71 23
71 23
71 23
71 23
71 23
71 23
71 23
71 23
71 23
72 32
72 32
72 32
72 32
72 32
72 32
72 32
72 32
72 32
72 32
74 29
74 29
74 29
74 29
74 29
74 29
74 29
74 29
74 29
74 29
74 29
74 29
74 29
74 29
74 29
74 29
74 29
74 29
74 29
73 50
73 50
73 50
73 50
73 50
73 50
73 50
73 50
73 50
73 50
73 50
73 50
73 50
77 54
77 54
77 54
77 54
77 54
77 54
77 54
77 54
78 74
78 74
78 74
78 74
78 74
78 74
78 74
78 74
78 74
78 74
78 74
78 74
78 74
78 74
78 74
78 74
78 74
78 74
78 74
78 74
78 74
78 74
78 74
78 74
78 74
78 74
80 62
80 62
80 62
80 62
80 62
80 62
80 62
80 62
80 62
80 62
80 62
80 62
80 62
80 62
80 62
80 62
80 62
4 17
4 17
4 17
4 17
4 17
4 17
4 17
4 17
4 17
6 11
6 11
8 8
8 8
8 8
8 8
12 1
14 2
14 2
14 2
14 2
14 2
14 2
61 38
61 38
61 38
61 38
61 38
61 38
61 38
15 2
15 2
15 2
18 2
18 2
18 2
18 2
18 2
69 17
69 17
69 17
69 17
69 17
69 17
69 17
69 17
69 17
69 17
69 17
69 17
69 17
69 17
69 17
69 17
69 17
69 17
69 17
69 17
69 17
69 17
71 4
71 4
71 4
71 4
71 4
71 4
71 4
71 4
71 4
71 4
71 4
71 4
71 4
71 4
71 4
71 4
71 4
71 4
71 4
71 4
72 1
72 1
72 1
72 1
72 1
72 1
72 1
72 1
72 1
72 1
73 9
73 9
73 9
73 9
73 9
73 9
73 9
73 9
73 9
73 9
73 9
73 9
73 9
74 18
74 18
74 18
74 18
74 18
74 18
74 18
74 18
74 18
74 18
74 18
74 18
74 18
74 18
74 18
74 18
74 18
74 18
74 18
77 1
77 1
77 1
77 1
77 1
77 1
77 1
77 1
78 41
78 41
78 41
78 41
78 41
78 41
78 41
78 41
78 41
78 41
78 41
78 41
78 41
78 41
78 41
78 41
78 41
78 41
78 41
78 41
78 41
78 41
78 41
78 41
78 41
78 41
80 22
80 22
80 22
80 22
80 22
80 22
80 22
80 22
80 22
80 22
80 22
80 22
80 22
80 22
80 22
80 22
80 22
4 6
4 6
4 6
4 6
4 6
4 6
4 6
4 6
4 6
6 7
6 7
8 2
8 2
8 2
8 2
61 1
61 1
61 1
61 1
61 1
61 1
61 1
12 1
14 3
14 3
14 3
14 3
14 3
14 3
15 18
15 18
15 18
18 7
18 7
18 7
18 7
18 7
69 35
69 35
69 35
69 35
69 35
69 35
69 35
69 35
69 35
69 35
69 35
69 35
69 35
69 35
69 35
69 35
69 35
69 35
69 35
69 35
69 35
69 35
71 16
71 16
71 16
71 16
71 16
71 16
71 16
71 16
71 16
71 16
71 16
71 16
71 16
71 16
71 16
71 16
71 16
71 16
71 16
71 16
72 7
72 7
72 7
72 7
72 7
72 7
72 7
72 7
72 7
72 7
73 22
73 22
73 22
73 22
73 22
73 22
73 22
73 22
73 22
73 22
73 22
73 22
73 22
74 13
74 13
74 13
74 13
74 13
74 13
74 13
74 13
74 13
74 13
74 13
74 13
74 13
74 13
74 13
74 13
74 13
74 13
74 13
39 2867
39 2867
39 2867
39 2867
39 2867
39 2867
39 2867
39 2867
39 2867
39 2867
39 2867
39 2867
39 2867
39 2867
39 2867
39 2867
52 1246
52 1246
52 1246
52 1246
52 1246
52 1246
52 1246
52 1246
52 1246
52 1246
52 1246
52 1246
52 1246
52 1246
52 1246
52 1246
52 1246
52 1246
77 11
77 11
77 11
77 11
77 11
77 11
77 11
77 11
78 27
78 27
78 27
78 27
78 27
78 27
78 27
78 27
78 27
78 27
78 27
78 27
78 27
78 27
78 27
78 27
78 27
78 27
78 27
78 27
78 27
78 27
78 27
78 27
78 27
78 27
80 11
80 11
80 11
80 11
80 11
80 11
80 11
80 11
80 11
80 11
80 11
80 11
80 11
80 11
80 11
80 11
80 11
39 971
39 971
39 971
39 971
39 971
39 971
39 971
39 971
39 971
39 971
39 971
39 971
39 971
39 971
39 971
39 971
4 15
4 15
4 15
4 15
4 15
4 15
4 15
4 15
4 15
52 1044
52 1044
52 1044
52 1044
52 1044
52 1044
52 1044
52 1044
52 1044
52 1044
52 1044
52 1044
52 1044
52 1044
52 1044
52 1044
52 1044
52 1044
6 12
6 12
8 8
8 8
8 8
8 8
61 1
61 1
61 1
61 1
61 1
61 1
61 1
12 1
14 8
14 8
14 8
14 8
14 8
14 8
15 11
15 11
15 11
18 4
18 4
18 4
18 4
18 4
69 76
69 76
69 76
69 76
69 76
69 76
69 76
69 76
69 76
69 76
69 76
69 76
69 76
69 76
69 76
69 76
69 76
69 76
69 76
69 76
69 76
69 76
71 62
71 62
71 62
71 62
71 62
71 62
71 62
71 62
71 62
71 62
71 62
71 62
71 62
71 62
71 62
71 62
71 62
71 62
71 62
71 62
72 54
72 54
72 54
72 54
72 54
72 54
72 54
72 54
72 54
72 54
73 52
73 52
73 52
73 52
73 52
73 52
73 52
73 52
73 52
73 52
73 52
73 52
73 52
74 54
74 54
74 54
74 54
74 54
74 54
74 54
74 54
74 54
74 54
74 54
74 54
74 54
74 54
74 54
74 54
74 54
74 54
74 54
77 33
77 33
77 33
77 33
77 33
77 33
77 33
77 33
78 36
78 36
78 36
78 36
78 36
78 36
78 36
78 36
78 36
78 36
78 36
78 36
78 36
78 36
78 36
78 36
78 36
78 36
78 36
78 36
78 36
78 36
78 36
78 36
78 36
78 36
80 42
80 42
80 42
80 42
80 42
80 42
80 42
80 42
80 42
80 42
80 42
80 42
80 42
80 42
80 42
80 42
80 42
39 1160
39 1160
39 1160
39 1160
39 1160
39 1160
39 1160
39 1160
39 1160
39 1160
39 1160
39 1160
39 1160
39 1160
39 1160
39 1160
61 32
61 32
61 32
61 32
61 32
61 32
61 32
69 9
69 9
69 9
69 9
69 9
69 9
69 9
69 9
69 9
69 9
69 9
69 9
69 9
69 9
69 9
69 9
69 9
69 9
69 9
69 9
69 9
69 9
71 4
71 4
71 4
71 4
71 4
71 4
71 4
71 4
71 4
71 4
71 4
71 4
71 4
71 4
71 4
71 4
71 4
71 4
71 4
71 4
72 6
72 6
72 6
72 6
72 6
72 6
72 6
72 6
72 6
72 6
73 36
73 36
73 36
73 36
73 36
73 36
73 36
73 36
73 36
73 36
73 36
73 36
73 36
74 33
74 33
74 33
74 33
74 33
74 33
74 33
74 33
74 33
74 33
74 33
74 33
74 33
74 33
74 33
74 33
74 33
74 33
74 33
77 25
77 25
77 25
77 25
77 25
77 25
77 25
77 25
78 22
78 22
78 22
78 22
78 22
78 22
78 22
78 22
78 22
78 22
78 22
78 22
78 22
78 22
78 22
78 22
78 22
78 22
78 22
78 22
78 22
78 22
78 22
78 22
78 22
78 22
80 22
80 22
80 22
80 22
80 22
80 22
80 22
80 22
80 22
80 22
80 22
80 22
80 22
80 22
80 22
80 22
80 22
52 1376
52 1376
52 1376
52 1376
52 1376
52 1376
52 1376
52 1376
52 1376
52 1376
52 1376
52 1376
52 1376
52 1376
52 1376
52 1376
52 1376
52 1376
