7 87
7 87
7 87
7 87
7 87
7 87
18 64
18 64
18 64
18 64
18 64
18 64
18 64
18 64
18 64
18 64
18 64
8 188
8 188
8 188
8 188
8 188
8 188
8 188
8 188
8 188
8 188
8 188
8 188
8 188
8 188
8 188
8 188
8 188
8 188
17 103
17 103
6 242
6 242
6 242
6 242
6 242
6 242
6 242
6 242
6 242
6 242
6 242
6 242
6 242
6 242
27 48
27 48
27 48
22 113
22 113
22 113
22 113
22 113
22 113
22 113
22 113
22 113
22 113
22 113
22 113
22 113
22 113
22 113
22 113
22 113
22 113
22 113
23 113
23 113
23 113
23 113
23 113
23 113
23 113
23 113
23 113
28 87
28 87
28 87
28 87
28 87
28 87
28 87
28 87
28 87
28 87
28 87
28 87
28 87
28 87
28 87
28 87
32 69
32 69
32 69
32 69
32 69
32 69
32 69
32 69
32 69
32 69
32 69
32 69
32 69
32 69
32 69
32 69
32 69
32 69
32 69
32 69
32 69
32 69
32 69
14 249
14 249
14 249
14 249
14 249
14 249
14 249
14 249
14 249
14 249
14 249
14 249
14 249
14 249
14 249
14 249
14 249
14 249
14 249
14 249
14 249
14 249
14 249
14 249
14 249
14 249
14 249
14 249
31 176
36 145
36 145
36 145
36 145
36 145
36 145
36 145
36 145
36 145
36 145
36 145
36 145
26 282
26 282
26 282
26 282
26 282
26 282
26 282
26 282
26 282
26 282
26 282
26 282
26 282
26 282
26 282
26 282
26 282
26 282
26 282
26 282
26 282
26 282
26 282
26 282
26 282
26 282
26 282
26 282
26 282
26 282
41 144
41 144
41 144
41 144
41 144
41 144
41 144
41 144
41 144
41 144
41 144
41 144
41 144
41 144
41 144
41 144
41 144
41 144
41 144
41 144
41 144
41 144
41 144
41 144
41 144
39 238
39 238
39 238
39 238
39 238
39 238
39 238
39 238
39 238
39 238
39 238
39 238
39 238
39 238
39 238
39 238
39 238
39 238
39 238
39 238
39 238
39 238
39 238
39 238
42 219
42 219
42 219
42 219
42 219
42 219
42 219
42 219
42 219
42 219
42 219
42 219
42 219
42 219
42 219
42 219
42 219
42 219
42 219
42 219
42 219
42 219
42 219
42 219
42 219
42 219
42 219
54 109
54 109
54 109
54 109
54 109
54 109
54 109
54 109
7 91
7 91
7 91
7 91
7 91
7 91
43 246
43 246
43 246
43 246
43 246
43 246
43 246
43 246
43 246
43 246
43 246
43 246
43 246
43 246
43 246
43 246
43 246
43 246
43 246
43 246
43 246
43 246
43 246
43 246
43 246
43 246
43 246
43 246
43 246
66 108
66 108
66 108
66 108
66 108
48 291
48 291
48 291
48 291
18 111
18 111
18 111
18 111
18 111
18 111
18 111
18 111
18 111
18 111
18 111
68 128
68 128
68 128
68 128
68 128
68 128
68 128
68 128
68 128
68 128
68 128
68 128
68 128
68 128
68 128
6 289
6 289
6 289
6 289
6 289
6 289
6 289
6 289
6 289
6 289
6 289
6 289
6 289
6 289
8 279
8 279
8 279
8 279
8 279
8 279
8 279
8 279
8 279
8 279
8 279
8 279
8 279
8 279
8 279
8 279
8 279
8 279
59 286
59 286
59 286
59 286
59 286
59 286
59 286
59 286
59 286
59 286
27 122
27 122
27 122
77 123
77 123
77 123
77 123
77 123
77 123
77 123
77 123
77 123
77 123
77 123
77 123
77 123
77 123
77 123
77 123
77 123
77 123
77 123
77 123
77 123
28 133
28 133
28 133
28 133
28 133
28 133
28 133
28 133
28 133
28 133
28 133
28 133
28 133
28 133
28 133
28 133
78 141
78 141
78 141
78 141
78 141
78 141
78 141
78 141
78 141
78 141
78 141
78 141
78 141
78 141
78 141
78 141
78 141
78 141
78 141
78 141
78 141
78 141
78 141
78 141
78 141
78 141
14 310
14 310
14 310
14 310
14 310
14 310
14 310
14 310
14 310
14 310
14 310
14 310
14 310
14 310
14 310
14 310
14 310
14 310
14 310
14 310
14 310
14 310
14 310
14 310
14 310
14 310
14 310
14 310
17 293
17 293
22 285
22 285
22 285
22 285
22 285
22 285
22 285
22 285
22 285
22 285
22 285
22 285
22 285
22 285
22 285
22 285
22 285
22 285
22 285
23 290
23 290
23 290
23 290
23 290
23 290
23 290
23 290
23 290
32 203
32 203
32 203
32 203
32 203
32 203
32 203
32 203
32 203
32 203
32 203
32 203
32 203
32 203
32 203
32 203
32 203
32 203
32 203
32 203
32 203
32 203
32 203
70 345
70 345
70 345
70 345
70 345
70 345
70 345
70 345
70 345
70 345
70 345
70 345
70 345
57 824
57 824
57 824
57 824
57 824
57 824
57 824
57 824
57 824
57 824
57 824
57 824
57 824
57 824
57 824
57 824
57 824
57 824
57 824
57 824
29 1108
29 1108
29 1108
29 1108
29 1108
29 1108
29 1108
29 1108
29 1108
29 1108
29 1108
29 1108
29 1108
29 1108
29 1108
29 1108
29 1108
29 1108
29 1108
29 1108
29 1108
29 1108
38 1019
38 1019
38 1019
38 1019
38 1019
38 1019
38 1019
38 1019
38 1019
38 1019
38 1019
38 1019
38 1019
38 1019
38 1019
38 1019
38 1019
31 629
54 552
54 552
54 552
54 552
54 552
54 552
54 552
54 552
7 528
7 528
7 528
7 528
7 528
7 528
66 460
66 460
66 460
66 460
66 460
18 441
18 441
18 441
18 441
18 441
18 441
18 441
18 441
18 441
18 441
18 441
68 441
68 441
68 441
68 441
68 441
68 441
68 441
68 441
68 441
68 441
68 441
68 441
68 441
68 441
68 441
29 835
29 835
29 835
29 835
29 835
29 835
29 835
29 835
29 835
29 835
29 835
29 835
29 835
29 835
29 835
29 835
29 835
29 835
29 835
29 835
29 835
29 835
36 766
36 766
36 766
36 766
36 766
36 766
36 766
36 766
36 766
36 766
36 766
36 766
38 746
38 746
38 746
38 746
38 746
38 746
38 746
38 746
38 746
38 746
38 746
38 746
38 746
38 746
38 746
38 746
38 746
26 866
26 866
26 866
26 866
26 866
26 866
26 866
26 866
26 866
26 866
26 866
26 866
26 866
26 866
26 866
26 866
26 866
26 866
26 866
26 866
26 866
26 866
26 866
26 866
26 866
26 866
26 866
26 866
26 866
26 866
41 717
41 717
41 717
41 717
41 717
41 717
41 717
41 717
41 717
41 717
41 717
41 717
41 717
41 717
41 717
41 717
41 717
41 717
41 717
41 717
41 717
41 717
41 717
41 717
41 717
43 697
43 697
43 697
43 697
43 697
43 697
43 697
43 697
43 697
43 697
43 697
43 697
43 697
43 697
43 697
43 697
43 697
43 697
43 697
43 697
43 697
43 697
43 697
43 697
43 697
43 697
43 697
43 697
43 697
57 582
57 582
57 582
57 582
57 582
57 582
57 582
57 582
57 582
57 582
57 582
57 582
57 582
57 582
57 582
57 582
57 582
57 582
57 582
57 582
77 394
77 394
77 394
77 394
77 394
77 394
77 394
77 394
77 394
77 394
77 394
77 394
77 394
77 394
77 394
77 394
77 394
77 394
77 394
77 394
77 394
59 580
59 580
59 580
59 580
59 580
59 580
59 580
59 580
59 580
59 580
27 418
27 418
27 418
28 408
28 408
28 408
28 408
28 408
28 408
28 408
28 408
28 408
28 408
28 408
28 408
28 408
28 408
28 408
28 408
78 413
78 413
78 413
78 413
78 413
78 413
78 413
78 413
78 413
78 413
78 413
78 413
78 413
78 413
78 413
78 413
78 413
78 413
78 413
78 413
78 413
78 413
78 413
78 413
78 413
78 413
39 815
39 815
39 815
39 815
39 815
39 815
39 815
39 815
39 815
39 815
39 815
39 815
39 815
39 815
39 815
39 815
39 815
39 815
39 815
39 815
39 815
39 815
39 815
39 815
42 785
42 785
42 785
42 785
42 785
42 785
42 785
42 785
42 785
42 785
42 785
42 785
42 785
42 785
42 785
42 785
42 785
42 785
42 785
42 785
42 785
42 785
42 785
42 785
42 785
42 785
42 785
48 726
48 726
48 726
48 726
6 647
6 647
6 647
6 647
6 647
6 647
6 647
6 647
6 647
6 647
6 647
6 647
6 647
6 647
8 628
8 628
8 628
8 628
8 628
8 628
8 628
8 628
8 628
8 628
8 628
8 628
8 628
8 628
8 628
8 628
8 628
8 628
32 414
32 414
32 414
32 414
32 414
32 414
32 414
32 414
32 414
32 414
32 414
32 414
32 414
32 414
32 414
32 414
32 414
32 414
32 414
32 414
32 414
32 414
32 414
17 587
17 587
14 691
14 691
14 691
14 691
14 691
14 691
14 691
14 691
14 691
14 691
14 691
14 691
14 691
14 691
14 691
14 691
14 691
14 691
14 691
14 691
14 691
14 691
14 691
14 691
14 691
14 691
14 691
14 691
22 620
22 620
22 620
22 620
22 620
22 620
22 620
22 620
22 620
22 620
22 620
22 620
22 620
22 620
22 620
22 620
22 620
22 620
22 620
23 637
23 637
23 637
23 637
23 637
23 637
23 637
23 637
23 637
31 627
70 760
70 760
70 760
70 760
70 760
70 760
70 760
70 760
70 760
70 760
70 760
70 760
70 760
39 626
39 626
39 626
39 626
39 626
39 626
39 626
39 626
39 626
39 626
39 626
39 626
39 626
39 626
39 626
39 626
39 626
39 626
39 626
39 626
39 626
39 626
39 626
39 626
26 758
26 758
26 758
26 758
26 758
26 758
26 758
26 758
26 758
26 758
26 758
26 758
26 758
26 758
26 758
26 758
26 758
26 758
26 758
26 758
26 758
26 758
26 758
26 758
26 758
26 758
26 758
26 758
26 758
26 758
29 746
29 746
29 746
29 746
29 746
29 746
29 746
29 746
29 746
29 746
29 746
29 746
29 746
29 746
29 746
29 746
29 746
29 746
29 746
29 746
29 746
29 746
54 501
54 501
54 501
54 501
54 501
54 501
54 501
54 501
42 644
42 644
42 644
42 644
42 644
42 644
42 644
42 644
42 644
42 644
42 644
42 644
42 644
42 644
42 644
42 644
42 644
42 644
42 644
42 644
42 644
42 644
42 644
42 644
42 644
42 644
42 644
7 532
7 532
7 532
7 532
7 532
7 532
48 658
48 658
48 658
48 658
38 775
38 775
38 775
38 775
38 775
38 775
38 775
38 775
38 775
38 775
38 775
38 775
38 775
38 775
38 775
38 775
38 775
36 799
36 799
36 799
36 799
36 799
36 799
36 799
36 799
36 799
36 799
36 799
36 799
66 505
66 505
66 505
66 505
66 505
68 491
68 491
68 491
68 491
68 491
68 491
68 491
68 491
68 491
68 491
68 491
68 491
68 491
68 491
68 491
18 498
18 498
18 498
18 498
18 498
18 498
18 498
18 498
18 498
18 498
18 498
41 785
41 785
41 785
41 785
41 785
41 785
41 785
41 785
41 785
41 785
41 785
41 785
41 785
41 785
41 785
41 785
41 785
41 785
41 785
41 785
41 785
41 785
41 785
41 785
41 785
43 775
43 775
43 775
43 775
43 775
43 775
43 775
43 775
43 775
43 775
43 775
43 775
43 775
43 775
43 775
43 775
43 775
43 775
43 775
43 775
43 775
43 775
43 775
43 775
43 775
43 775
43 775
43 775
43 775
83 1445
83 1445
83 1445
83 1445
83 1445
83 1445
83 1445
83 946
83 946
83 946
83 946
83 946
83 946
83 946
27 519
27 519
27 519
77 521
77 521
77 521
77 521
77 521
77 521
77 521
77 521
77 521
77 521
77 521
77 521
77 521
77 521
77 521
77 521
77 521
77 521
77 521
77 521
77 521
78 512
78 512
78 512
78 512
78 512
78 512
78 512
78 512
78 512
78 512
78 512
78 512
78 512
78 512
78 512
78 512
78 512
78 512
78 512
78 512
78 512
78 512
78 512
78 512
78 512
78 512
28 516
28 516
28 516
28 516
28 516
28 516
28 516
28 516
28 516
28 516
28 516
28 516
28 516
28 516
28 516
28 516
8 721
8 721
8 721
8 721
8 721
8 721
8 721
8 721
8 721
8 721
8 721
8 721
8 721
8 721
8 721
8 721
8 721
8 721
32 528
32 528
32 528
32 528
32 528
32 528
32 528
32 528
32 528
32 528
32 528
32 528
32 528
32 528
32 528
32 528
32 528
32 528
32 528
32 528
32 528
32 528
32 528
17 738
17 738
57 846
57 846
57 846
57 846
57 846
57 846
57 846
57 846
57 846
57 846
57 846
57 846
57 846
57 846
57 846
57 846
57 846
57 846
57 846
57 846
6 905
6 905
6 905
6 905
6 905
6 905
6 905
6 905
6 905
6 905
6 905
6 905
6 905
6 905
59 900
59 900
59 900
59 900
59 900
59 900
59 900
59 900
59 900
59 900
14 897
14 897
14 897
14 897
14 897
14 897
14 897
14 897
14 897
14 897
14 897
14 897
14 897
14 897
14 897
14 897
14 897
14 897
14 897
14 897
14 897
14 897
14 897
14 897
14 897
14 897
14 897
14 897
23 807
23 807
23 807
23 807
23 807
23 807
23 807
23 807
23 807
70 883
70 883
70 883
70 883
70 883
70 883
70 883
70 883
70 883
70 883
70 883
70 883
70 883
22 864
22 864
22 864
22 864
22 864
22 864
22 864
22 864
22 864
22 864
22 864
22 864
22 864
22 864
22 864
22 864
22 864
22 864
22 864
54 576
54 576
54 576
54 576
54 576
54 576
54 576
54 576
7 563
7 563
7 563
7 563
7 563
7 563
31 859
83 843
83 843
83 843
83 843
83 843
83 843
83 843
26 925
26 925
26 925
26 925
26 925
26 925
26 925
26 925
26 925
26 925
26 925
26 925
26 925
26 925
26 925
26 925
26 925
26 925
26 925
26 925
26 925
26 925
26 925
26 925
26 925
26 925
26 925
26 925
26 925
26 925
29 927
29 927
29 927
29 927
29 927
29 927
29 927
29 927
29 927
29 927
29 927
29 927
29 927
29 927
29 927
29 927
29 927
29 927
29 927
29 927
29 927
29 927
66 578
66 578
66 578
66 578
66 578
18 573
18 573
18 573
18 573
18 573
18 573
18 573
18 573
18 573
18 573
18 573
68 592
68 592
68 592
68 592
68 592
68 592
68 592
68 592
68 592
68 592
68 592
68 592
68 592
68 592
68 592
39 907
39 907
39 907
39 907
39 907
39 907
39 907
39 907
39 907
39 907
39 907
39 907
39 907
39 907
39 907
39 907
39 907
39 907
39 907
39 907
39 907
39 907
39 907
39 907
36 950
36 950
36 950
36 950
36 950
36 950
36 950
36 950
36 950
36 950
36 950
36 950
42 937
42 937
42 937
42 937
42 937
42 937
42 937
42 937
42 937
42 937
42 937
42 937
42 937
42 937
42 937
42 937
42 937
42 937
42 937
42 937
42 937
42 937
42 937
42 937
42 937
42 937
42 937
77 637
77 637
77 637
77 637
77 637
77 637
77 637
77 637
77 637
77 637
77 637
77 637
77 637
77 637
77 637
77 637
77 637
77 637
77 637
77 637
77 637
27 644
27 644
27 644
28 643
28 643
28 643
28 643
28 643
28 643
28 643
28 643
28 643
28 643
28 643
28 643
28 643
28 643
28 643
28 643
78 664
78 664
78 664
78 664
78 664
78 664
78 664
78 664
78 664
78 664
78 664
78 664
78 664
78 664
78 664
78 664
78 664
78 664
78 664
78 664
78 664
78 664
78 664
78 664
78 664
78 664
32 645
32 645
32 645
32 645
32 645
32 645
32 645
32 645
32 645
32 645
32 645
32 645
32 645
32 645
32 645
32 645
32 645
32 645
32 645
32 645
32 645
32 645
32 645
48 996
48 996
48 996
48 996
43 1067
43 1067
43 1067
43 1067
43 1067
43 1067
43 1067
43 1067
43 1067
43 1067
43 1067
43 1067
43 1067
43 1067
43 1067
43 1067
43 1067
43 1067
43 1067
43 1067
43 1067
43 1067
43 1067
43 1067
43 1067
43 1067
43 1067
43 1067
43 1067
41 1088
41 1088
41 1088
41 1088
41 1088
41 1088
41 1088
41 1088
41 1088
41 1088
41 1088
41 1088
41 1088
41 1088
41 1088
41 1088
41 1088
41 1088
41 1088
41 1088
41 1088
41 1088
41 1088
41 1088
41 1088
6 983
6 983
6 983
6 983
6 983
6 983
6 983
6 983
6 983
6 983
6 983
6 983
6 983
6 983
38 1182
38 1182
38 1182
38 1182
38 1182
38 1182
38 1182
38 1182
38 1182
38 1182
38 1182
38 1182
38 1182
38 1182
38 1182
38 1182
38 1182
8 991
8 991
8 991
8 991
8 991
8 991
8 991
8 991
8 991
8 991
8 991
8 991
8 991
8 991
8 991
8 991
8 991
8 991
54 617
54 617
54 617
54 617
54 617
54 617
54 617
54 617
59 1085
59 1085
59 1085
59 1085
59 1085
59 1085
59 1085
59 1085
59 1085
59 1085
57 1109
57 1109
57 1109
57 1109
57 1109
57 1109
57 1109
57 1109
57 1109
57 1109
57 1109
57 1109
57 1109
57 1109
57 1109
57 1109
57 1109
57 1109
57 1109
57 1109
17 1037
17 1037
7 654
7 654
7 654
7 654
7 654
7 654
14 1121
14 1121
14 1121
14 1121
14 1121
14 1121
14 1121
14 1121
14 1121
14 1121
14 1121
14 1121
14 1121
14 1121
14 1121
14 1121
14 1121
14 1121
14 1121
14 1121
14 1121
14 1121
14 1121
14 1121
14 1121
14 1121
14 1121
14 1121
22 1077
22 1077
22 1077
22 1077
22 1077
22 1077
22 1077
22 1077
22 1077
22 1077
22 1077
22 1077
22 1077
22 1077
22 1077
22 1077
22 1077
22 1077
22 1077
66 698
66 698
66 698
66 698
66 698
70 1160
70 1160
70 1160
70 1160
70 1160
70 1160
70 1160
70 1160
70 1160
70 1160
70 1160
70 1160
70 1160
18 683
18 683
18 683
18 683
18 683
18 683
18 683
18 683
18 683
18 683
18 683
68 714
68 714
68 714
68 714
68 714
68 714
68 714
68 714
68 714
68 714
68 714
68 714
68 714
68 714
68 714
23 1174
23 1174
23 1174
23 1174
23 1174
23 1174
23 1174
23 1174
23 1174
27 671
27 671
27 671
77 671
77 671
77 671
77 671
77 671
77 671
77 671
77 671
77 671
77 671
77 671
77 671
77 671
77 671
77 671
77 671
77 671
77 671
77 671
77 671
77 671
28 668
28 668
28 668
28 668
28 668
28 668
28 668
28 668
28 668
28 668
28 668
28 668
28 668
28 668
28 668
28 668
31 1146
78 677
78 677
78 677
78 677
78 677
78 677
78 677
78 677
78 677
78 677
78 677
78 677
78 677
78 677
78 677
78 677
78 677
78 677
78 677
78 677
78 677
78 677
78 677
78 677
78 677
78 677
83 1155
83 1155
83 1155
83 1155
83 1155
83 1155
83 1155
29 1203
29 1203
29 1203
29 1203
29 1203
29 1203
29 1203
29 1203
29 1203
29 1203
29 1203
29 1203
29 1203
29 1203
29 1203
29 1203
29 1203
29 1203
29 1203
29 1203
29 1203
29 1203
32 699
32 699
32 699
32 699
32 699
32 699
32 699
32 699
32 699
32 699
32 699
32 699
32 699
32 699
32 699
32 699
32 699
32 699
32 699
32 699
32 699
32 699
32 699
39 1144
39 1144
39 1144
39 1144
39 1144
39 1144
39 1144
39 1144
39 1144
39 1144
39 1144
39 1144
39 1144
39 1144
39 1144
39 1144
39 1144
39 1144
39 1144
39 1144
39 1144
39 1144
39 1144
39 1144
26 1291
26 1291
26 1291
26 1291
26 1291
26 1291
26 1291
26 1291
26 1291
26 1291
26 1291
26 1291
26 1291
26 1291
26 1291
26 1291
26 1291
26 1291
26 1291
26 1291
26 1291
26 1291
26 1291
26 1291
26 1291
26 1291
26 1291
26 1291
26 1291
26 1291
42 1139
42 1139
42 1139
42 1139
42 1139
42 1139
42 1139
42 1139
42 1139
42 1139
42 1139
42 1139
42 1139
42 1139
42 1139
42 1139
42 1139
42 1139
42 1139
42 1139
42 1139
42 1139
42 1139
42 1139
42 1139
42 1139
42 1139
36 1272
36 1272
36 1272
36 1272
36 1272
36 1272
36 1272
36 1272
36 1272
36 1272
36 1272
36 1272
38 1275
38 1275
38 1275
38 1275
38 1275
38 1275
38 1275
38 1275
38 1275
38 1275
38 1275
38 1275
38 1275
38 1275
38 1275
38 1275
38 1275
41 1290
41 1290
41 1290
41 1290
41 1290
41 1290
41 1290
41 1290
41 1290
41 1290
41 1290
41 1290
41 1290
41 1290
41 1290
41 1290
41 1290
41 1290
41 1290
41 1290
41 1290
41 1290
41 1290
41 1290
41 1290
48 1226
48 1226
48 1226
48 1226
6 1169
6 1169
6 1169
6 1169
6 1169
6 1169
6 1169
6 1169
6 1169
6 1169
6 1169
6 1169
6 1169
6 1169
43 1311
43 1311
43 1311
43 1311
43 1311
43 1311
43 1311
43 1311
43 1311
43 1311
43 1311
43 1311
43 1311
43 1311
43 1311
43 1311
43 1311
43 1311
43 1311
43 1311
43 1311
43 1311
43 1311
43 1311
43 1311
43 1311
43 1311
43 1311
43 1311
8 1189
8 1189
8 1189
8 1189
8 1189
8 1189
8 1189
8 1189
8 1189
8 1189
8 1189
8 1189
8 1189
8 1189
8 1189
8 1189
8 1189
8 1189
54 779
54 779
54 779
54 779
54 779
54 779
54 779
54 779
7 781
7 781
7 781
7 781
7 781
7 781
17 1229
17 1229
57 1351
57 1351
57 1351
57 1351
57 1351
57 1351
57 1351
57 1351
57 1351
57 1351
57 1351
57 1351
57 1351
57 1351
57 1351
57 1351
57 1351
57 1351
57 1351
57 1351
66 786
66 786
66 786
66 786
66 786
22 1233
22 1233
22 1233
22 1233
22 1233
22 1233
22 1233
22 1233
22 1233
22 1233
22 1233
22 1233
22 1233
22 1233
22 1233
22 1233
22 1233
22 1233
22 1233
68 781
68 781
68 781
68 781
68 781
68 781
68 781
68 781
68 781
68 781
68 781
68 781
68 781
68 781
68 781
18 790
18 790
18 790
18 790
18 790
18 790
18 790
18 790
18 790
18 790
18 790
59 1384
59 1384
59 1384
59 1384
59 1384
59 1384
59 1384
59 1384
59 1384
59 1384
23 1257
23 1257
23 1257
23 1257
23 1257
23 1257
23 1257
23 1257
23 1257
14 1388
14 1388
14 1388
14 1388
14 1388
14 1388
14 1388
14 1388
14 1388
14 1388
14 1388
14 1388
14 1388
14 1388
14 1388
14 1388
14 1388
14 1388
14 1388
14 1388
14 1388
14 1388
14 1388
14 1388
14 1388
14 1388
14 1388
14 1388
77 778
77 778
77 778
77 778
77 778
77 778
77 778
77 778
77 778
77 778
77 778
77 778
77 778
77 778
77 778
77 778
77 778
77 778
77 778
77 778
77 778
27 786
27 786
27 786
28 804
28 804
28 804
28 804
28 804
28 804
28 804
28 804
28 804
28 804
28 804
28 804
28 804
28 804
28 804
28 804
31 1277
83 1296
83 1296
83 1296
83 1296
83 1296
83 1296
83 1296
70 1453
70 1453
70 1453
70 1453
70 1453
70 1453
70 1453
70 1453
70 1453
70 1453
70 1453
70 1453
70 1453
78 884
78 884
78 884
78 884
78 884
78 884
78 884
78 884
78 884
78 884
78 884
78 884
78 884
78 884
78 884
78 884
78 884
78 884
78 884
78 884
78 884
78 884
78 884
78 884
78 884
78 884
32 850
32 850
32 850
32 850
32 850
32 850
32 850
32 850
32 850
32 850
32 850
32 850
32 850
32 850
32 850
32 850
32 850
32 850
32 850
32 850
32 850
32 850
32 850
39 1298
39 1298
39 1298
39 1298
39 1298
39 1298
39 1298
39 1298
39 1298
39 1298
39 1298
39 1298
39 1298
39 1298
39 1298
39 1298
39 1298
39 1298
39 1298
39 1298
39 1298
39 1298
39 1298
39 1298
26 1442
26 1442
26 1442
26 1442
26 1442
26 1442
26 1442
26 1442
26 1442
26 1442
26 1442
26 1442
26 1442
26 1442
26 1442
26 1442
26 1442
26 1442
26 1442
26 1442
26 1442
26 1442
26 1442
26 1442
26 1442
26 1442
26 1442
26 1442
26 1442
26 1442
29 1438
29 1438
29 1438
29 1438
29 1438
29 1438
29 1438
29 1438
29 1438
29 1438
29 1438
29 1438
29 1438
29 1438
29 1438
29 1438
29 1438
29 1438
29 1438
29 1438
29 1438
29 1438
36 1488
36 1488
36 1488
36 1488
36 1488
36 1488
36 1488
36 1488
36 1488
36 1488
36 1488
36 1488
38 1477
38 1477
38 1477
38 1477
38 1477
38 1477
38 1477
38 1477
38 1477
38 1477
38 1477
38 1477
38 1477
38 1477
38 1477
38 1477
38 1477
48 1388
48 1388
48 1388
48 1388
42 1497
42 1497
42 1497
42 1497
42 1497
42 1497
42 1497
42 1497
42 1497
42 1497
42 1497
42 1497
42 1497
42 1497
42 1497
42 1497
42 1497
42 1497
42 1497
42 1497
42 1497
42 1497
42 1497
42 1497
42 1497
42 1497
42 1497
54 880
54 880
54 880
54 880
54 880
54 880
54 880
54 880
66 880
66 880
66 880
66 880
66 880
68 928
68 928
68 928
68 928
68 928
68 928
68 928
68 928
68 928
68 928
68 928
68 928
68 928
68 928
68 928
77 907
77 907
77 907
77 907
77 907
77 907
77 907
77 907
77 907
77 907
77 907
77 907
77 907
77 907
77 907
77 907
77 907
77 907
77 907
77 907
77 907
78 913
78 913
78 913
78 913
78 913
78 913
78 913
78 913
78 913
78 913
78 913
78 913
78 913
78 913
78 913
78 913
78 913
78 913
78 913
78 913
78 913
78 913
78 913
78 913
78 913
78 913
