1 3 2
2 2 2
3 3 2
4 1 3
5 2 2
6 1 3
7 2 1
8 3 1
9 4 1
10 1 3
11 3 1
12 1 3
13 1 3
14 3 1
15 2 1
16 1 3
17 2 1
18 3 1
19 4 1
20 3 1
21 3 1
22 4 1
23 1 1
24 3 1
25 4 1
26 1 1
27 1 1
28 4 1
29 3 1
30 3 1
31 2 1
32 3 1
33 3 1
34 4 1
35 3 1
36 3 1
37 4 1
38 3 1
39 2 1
40 4 1
41 3 1
42 4 1
43 2 1
44 3 1
45 4 1
46 4 1
47 1 1
48 2 1
49 4 1
50 2 1
51 1 1
52 1 1
53 2 1
54 2 1
55 2 1
56 2 1
57 2 2
58 2 2
59 4 2
60 2 2
61 1 1
62 2 2
63 2 2
64 2 2
65 4 2
66 2 2
67 2 2
68 1 1
69 2 2
70 4 2
71 4 2
72 4 2
73 3 2
74 2 2
75 2 2
76 3 2
77 2 2
78 2 2
79 1 1
80 3 2
81 1 1
