1 3 3 -64.4989 -43.2397
2 2 3 44.6804 -72.5214
3 3 3 54.9966 -76.1662
4 1 3 15.3693 30.3474
5 2 3 -27.3621 90.0212
6 1 3 -64.9762 54.7043
7 2 3 49.7375 -3.20439
8 3 3 41.8409 93.8538
9 4 2 -77.7942 20.7
10 1 2 -69.9114 41.9055
11 3 3 -23.6243 48.0708
12 1 2 60.3273 68.5284
13 1 2 38.0128 45.3032
14 3 3 35.5386 16.7357
15 2 2 56.8064 99.8834
16 1 2 -57.2268 94.1985
17 2 2 -16.2951 -48.1308
18 3 3 95.2488 80.5653
19 4 2 -32.4731 -51.3424
20 3 3 75.078 42.5265
21 3 3 -57.1506 96.1604
22 4 2 57.4572 92.7934
23 1 2 95.6508 92.0582
24 3 3 -52.3338 -61.5275
25 4 2 -59.9999 -75.5272
26 1 2 52.6354 -45.5363
27 1 2 74.6452 9.2319
28 4 2 45.4907 -89.3878
29 3 3 22.7005 50.1609
30 3 3 -97.2925 -11.1564
31 2 2 -15.8946 35.5508
32 3 3 64.7958 24.4761
33 3 3 -19.1498 28.6617
34 4 2 19.565 86.9341
35 3 3 -47.5724 -29.7658
36 3 3 -22.0108 -86.3181
37 4 2 -65.4693 57.5318
38 3 3 -95.3138 -62.8073
39 2 2 38.5254 31.226
40 4 2 -36.3753 -15.3327
41 3 3 89.7957 -69.6282
42 4 2 -29.5437 -84.5385
43 2 2 51.4363 -23.8165
44 3 3 -39.0644 30.458
45 4 2 82.3932 37.9428
46 4 2 95.0472 48.253
47 1 2 58.5923 -45.3091
48 2 2 65.3497 1.16717
49 4 2 -29.1437 -61.9553
50 2 1 -59.1022 11.2598
51 1 1 -98.1271 78.7629
52 1 1 -26.7734 -46.5564
53 2 1 -80.1709 -29.7833
54 2 1 95.6039 88.8879
55 2 1 51.4572 94.9466
56 2 1 47.2869 85.5386
57 2 1 60.4176 47.1808
58 2 1 -25.1367 2.80543
59 4 1 89.7409 -80.0103
60 2 1 40.7101 78.225
61 1 1 24.4596 -50.1661
62 2 1 -31.2568 -32.9588
63 2 1 41.3855 25.0203
64 2 1 -24.6754 -45.9105
65 4 1 8.02116 -55.7943
66 2 1 -80.9323 15.0996
67 2 1 -53.932 31.7648
68 1 1 -12.5168 12.412
69 2 1 -66.7532 -82.2599
70 4 1 -59.2849 -12.7025
71 4 1 33.5498 -98.9903
72 4 1 -77.9102 -20.677
73 3 3 -46.9986 -28.5633
74 2 1 -13.0047 -73.0717
75 2 1 -21.2063 -57.8052
76 3 3 48.755 -79.5365
77 2 1 89.4969 -57.1114
78 2 1 61.7181 -34.5348
79 1 1 76.8934 -20.4227
80 3 3 -94.1289 -83.6037
81 1 1 -43.789 3.33295
