4 167
4 167
4 167
4 167
4 167
4 167
4 167
4 167
4 167
4 167
4 167
4 167
4 167
4 167
4 167
4 167
4 167
6 148
6 148
8 150
8 150
8 150
8 150
8 150
8 150
8 150
8 150
8 150
8 150
8 150
8 150
8 150
8 150
8 150
8 150
8 150
8 150
8 150
8 150
16 209
16 209
16 209
16 209
16 209
16 209
16 209
16 209
16 209
16 209
16 209
16 209
16 209
16 209
7 344
7 344
7 344
7 344
7 344
7 344
7 344
7 344
7 344
7 344
7 344
7 344
7 344
7 344
7 344
7 344
7 344
7 344
7 344
10 478
10 478
10 478
10 478
10 478
10 478
10 478
10 478
10 478
10 478
10 478
10 478
30 297
41 306
41 306
41 306
41 306
41 306
41 306
41 306
41 306
41 306
41 306
41 306
41 306
41 306
41 306
41 306
41 306
41 306
41 306
41 306
41 306
41 306
41 306
41 306
41 306
41 306
41 306
41 306
41 306
41 306
41 306
49 303
49 303
49 303
49 303
49 303
49 303
49 303
49 303
49 303
49 303
49 303
4 309
4 309
4 309
4 309
4 309
4 309
4 309
4 309
4 309
4 309
4 309
4 309
4 309
4 309
4 309
4 309
4 309
6 319
6 319
59 386
59 386
59 386
59 386
59 386
59 386
59 386
59 386
59 386
59 386
59 386
59 386
59 386
59 386
59 386
59 386
59 386
59 386
59 386
59 386
59 386
59 386
59 386
59 386
59 386
59 386
59 386
7 496
7 496
7 496
7 496
7 496
7 496
7 496
7 496
7 496
7 496
7 496
7 496
7 496
7 496
7 496
7 496
7 496
7 496
7 496
50 578
50 578
50 578
50 578
50 578
50 578
50 578
50 578
50 578
50 578
50 578
50 578
50 578
50 578
50 578
50 578
50 578
50 578
50 578
50 578
50 578
50 578
50 578
50 578
50 578
50 578
50 578
50 578
50 578
8 509
8 509
8 509
8 509
8 509
8 509
8 509
8 509
8 509
8 509
8 509
8 509
8 509
8 509
8 509
8 509
8 509
8 509
8 509
8 509
54 634
54 634
54 634
54 634
54 634
54 634
54 634
54 634
54 634
54 634
10 591
10 591
10 591
10 591
10 591
10 591
10 591
10 591
10 591
10 591
10 591
10 591
16 686
16 686
16 686
16 686
16 686
16 686
16 686
16 686
16 686
16 686
16 686
16 686
16 686
16 686
49 762
49 762
49 762
49 762
49 762
49 762
49 762
49 762
49 762
49 762
49 762
4 892
4 892
4 892
4 892
4 892
4 892
4 892
4 892
4 892
4 892
4 892
4 892
4 892
4 892
4 892
4 892
4 892
54 893
54 893
54 893
54 893
54 893
54 893
54 893
54 893
54 893
54 893
50 1015
50 1015
50 1015
50 1015
50 1015
50 1015
50 1015
50 1015
50 1015
50 1015
50 1015
50 1015
50 1015
50 1015
50 1015
50 1015
50 1015
50 1015
50 1015
50 1015
50 1015
50 1015
50 1015
50 1015
50 1015
50 1015
50 1015
50 1015
50 1015
105 1070
105 1070
105 1070
105 1070
105 1070
105 1070
105 1070
105 1070
105 1070
105 1070
105 1070
105 1070
105 1070
105 1070
105 1070
105 1070
105 1070
105 1070
105 1070
105 1070
105 1070
105 1070
105 1070
105 1070
7 1078
7 1078
7 1078
7 1078
7 1078
7 1078
7 1078
7 1078
7 1078
7 1078
7 1078
7 1078
7 1078
7 1078
7 1078
7 1078
7 1078
7 1078
7 1078
41 1276
41 1276
41 1276
41 1276
41 1276
41 1276
41 1276
41 1276
41 1276
41 1276
41 1276
41 1276
41 1276
41 1276
41 1276
41 1276
41 1276
41 1276
41 1276
41 1276
41 1276
41 1276
41 1276
41 1276
41 1276
41 1276
41 1276
41 1276
41 1276
41 1276
59 1098
59 1098
59 1098
59 1098
59 1098
59 1098
59 1098
59 1098
59 1098
59 1098
59 1098
59 1098
59 1098
59 1098
59 1098
59 1098
59 1098
59 1098
59 1098
59 1098
59 1098
59 1098
59 1098
59 1098
59 1098
59 1098
59 1098
5 1151
5 1151
5 1151
5 1151
5 1151
5 1151
5 1151
5 1151
5 1151
5 1151
5 1151
5 1151
5 1151
5 1151
5 1151
5 1151
5 1151
5 1151
5 1151
5 1151
5 1151
5 1151
5 1151
8 1122
8 1122
8 1122
8 1122
8 1122
8 1122
8 1122
8 1122
8 1122
8 1122
8 1122
8 1122
8 1122
8 1122
8 1122
8 1122
8 1122
8 1122
8 1122
8 1122
101 1196
101 1196
101 1196
101 1196
101 1196
101 1196
101 1196
6 1149
6 1149
10 1158
10 1158
10 1158
10 1158
10 1158
10 1158
10 1158
10 1158
10 1158
10 1158
10 1158
10 1158
107 1354
107 1354
107 1354
107 1354
107 1354
107 1354
107 1354
107 1354
107 1354
107 1354
107 1354
107 1354
107 1354
107 1354
107 1354
107 1354
107 1354
107 1354
107 1354
107 1354
107 1354
107 1354
107 1354
107 1354
107 1354
107 1354
107 1354
107 1354
16 1382
16 1382
16 1382
16 1382
16 1382
16 1382
16 1382
16 1382
16 1382
16 1382
16 1382
16 1382
16 1382
16 1382
41 1133
41 1133
41 1133
41 1133
41 1133
41 1133
41 1133
41 1133
41 1133
41 1133
41 1133
41 1133
41 1133
41 1133
41 1133
41 1133
41 1133
41 1133
41 1133
41 1133
41 1133
41 1133
41 1133
41 1133
41 1133
41 1133
41 1133
41 1133
41 1133
41 1133
118 1403
118 1403
118 1403
118 1403
118 1403
118 1403
118 1403
118 1403
118 1403
118 1403
118 1403
118 1403
118 1403
118 1403
118 1403
118 1403
118 1403
118 1403
118 1403
118 1403
118 1403
118 1403
118 1403
118 1403
118 1403
49 1177
49 1177
49 1177
49 1177
49 1177
49 1177
49 1177
49 1177
49 1177
49 1177
49 1177
5 1301
5 1301
5 1301
5 1301
5 1301
5 1301
5 1301
5 1301
5 1301
5 1301
5 1301
5 1301
5 1301
5 1301
5 1301
5 1301
5 1301
5 1301
5 1301
5 1301
5 1301
5 1301
5 1301
101 1424
101 1424
101 1424
101 1424
101 1424
101 1424
101 1424
54 1401
54 1401
54 1401
54 1401
54 1401
54 1401
54 1401
54 1401
54 1401
54 1401
105 1554
105 1554
105 1554
105 1554
105 1554
105 1554
105 1554
105 1554
105 1554
105 1554
105 1554
105 1554
105 1554
105 1554
105 1554
105 1554
105 1554
105 1554
105 1554
105 1554
105 1554
105 1554
105 1554
105 1554
7 1577
7 1577
7 1577
7 1577
7 1577
7 1577
7 1577
7 1577
7 1577
7 1577
7 1577
7 1577
7 1577
7 1577
7 1577
7 1577
7 1577
7 1577
7 1577
107 1587
107 1587
107 1587
107 1587
107 1587
107 1587
107 1587
107 1587
107 1587
107 1587
107 1587
107 1587
107 1587
107 1587
107 1587
107 1587
107 1587
107 1587
107 1587
107 1587
107 1587
107 1587
107 1587
107 1587
107 1587
107 1587
107 1587
107 1587
8 1613
8 1613
8 1613
8 1613
8 1613
8 1613
8 1613
8 1613
8 1613
8 1613
8 1613
8 1613
8 1613
8 1613
8 1613
8 1613
8 1613
8 1613
8 1613
8 1613
6 1657
6 1657
50 1907
50 1907
50 1907
50 1907
50 1907
50 1907
50 1907
50 1907
50 1907
50 1907
50 1907
50 1907
50 1907
50 1907
50 1907
50 1907
50 1907
50 1907
50 1907
50 1907
50 1907
50 1907
50 1907
50 1907
50 1907
50 1907
50 1907
50 1907
50 1907
10 1837
10 1837
10 1837
10 1837
10 1837
10 1837
10 1837
10 1837
10 1837
10 1837
10 1837
10 1837
30 1858
59 2072
59 2072
59 2072
59 2072
59 2072
59 2072
59 2072
59 2072
59 2072
59 2072
59 2072
59 2072
59 2072
59 2072
59 2072
59 2072
59 2072
59 2072
59 2072
59 2072
59 2072
59 2072
59 2072
59 2072
59 2072
59 2072
59 2072
49 1683
49 1683
49 1683
49 1683
49 1683
49 1683
49 1683
49 1683
49 1683
49 1683
49 1683
54 1805
54 1805
54 1805
54 1805
54 1805
54 1805
54 1805
54 1805
54 1805
54 1805
5 1817
5 1817
5 1817
5 1817
5 1817
5 1817
5 1817
5 1817
5 1817
5 1817
5 1817
5 1817
5 1817
5 1817
5 1817
5 1817
5 1817
5 1817
5 1817
5 1817
5 1817
5 1817
5 1817
118 2189
118 2189
118 2189
118 2189
118 2189
118 2189
118 2189
118 2189
118 2189
118 2189
118 2189
118 2189
118 2189
118 2189
118 2189
118 2189
118 2189
118 2189
118 2189
118 2189
118 2189
118 2189
118 2189
118 2189
118 2189
6 1812
6 1812
16 2269
16 2269
16 2269
16 2269
16 2269
16 2269
16 2269
16 2269
16 2269
16 2269
16 2269
16 2269
16 2269
16 2269
58 3381
58 3381
58 3381
58 3381
58 3381
58 3381
58 3381
58 3381
58 3381
58 3381
58 3381
58 3381
58 3381
58 3381
58 3381
58 3381
58 3381
58 3381
58 3381
58 3381
58 3381
58 3381
58 2882
58 2882
58 2882
58 2882
58 2882
58 2882
58 2882
58 2882
58 2882
58 2882
58 2882
58 2882
58 2882
58 2882
58 2882
58 2882
58 2882
58 2882
58 2882
58 2882
58 2882
58 2882
4 1964
4 1964
4 1964
4 1964
4 1964
4 1964
4 1964
4 1964
4 1964
4 1964
4 1964
4 1964
4 1964
4 1964
4 1964
4 1964
4 1964
58 2444
58 2444
58 2444
58 2444
58 2444
58 2444
58 2444
58 2444
58 2444
58 2444
58 2444
58 2444
58 2444
58 2444
58 2444
58 2444
58 2444
58 2444
58 2444
58 2444
58 2444
58 2444
101 2051
101 2051
101 2051
101 2051
101 2051
101 2051
101 2051
50 2110
50 2110
50 2110
50 2110
50 2110
50 2110
50 2110
50 2110
50 2110
50 2110
50 2110
50 2110
50 2110
50 2110
50 2110
50 2110
50 2110
50 2110
50 2110
50 2110
50 2110
50 2110
50 2110
50 2110
50 2110
50 2110
50 2110
50 2110
50 2110
30 1927
41 2349
41 2349
41 2349
41 2349
41 2349
41 2349
41 2349
41 2349
41 2349
41 2349
41 2349
41 2349
41 2349
41 2349
41 2349
41 2349
41 2349
41 2349
41 2349
41 2349
41 2349
41 2349
41 2349
41 2349
41 2349
41 2349
41 2349
41 2349
41 2349
41 2349
59 2404
59 2404
59 2404
59 2404
59 2404
59 2404
59 2404
59 2404
59 2404
59 2404
59 2404
59 2404
59 2404
59 2404
59 2404
59 2404
59 2404
59 2404
59 2404
59 2404
59 2404
59 2404
59 2404
59 2404
59 2404
59 2404
59 2404
96 3682
96 3682
96 3682
118 2483
118 2483
118 2483
118 2483
118 2483
118 2483
118 2483
118 2483
118 2483
118 2483
118 2483
118 2483
118 2483
118 2483
118 2483
118 2483
118 2483
118 2483
118 2483
118 2483
118 2483
118 2483
118 2483
118 2483
118 2483
96 3215
96 3215
96 3215
109 3621
109 3621
109 3621
109 3621
109 3621
109 3621
109 3621
109 3621
109 3621
109 3621
109 3621
109 3621
109 3621
109 3121
109 3121
109 3121
109 3121
109 3121
109 3121
109 3121
109 3121
109 3121
109 3121
109 3121
109 3121
109 3121
96 2833
96 2833
96 2833
109 2261
109 2261
109 2261
109 2261
109 2261
109 2261
109 2261
109 2261
109 2261
109 2261
109 2261
109 2261
109 2261
118 2218
118 2218
118 2218
118 2218
118 2218
118 2218
118 2218
118 2218
118 2218
118 2218
118 2218
118 2218
118 2218
118 2218
118 2218
118 2218
118 2218
118 2218
118 2218
118 2218
118 2218
118 2218
118 2218
118 2218
118 2218
