3 47
14 4
14 4
14 4
17 16
17 16
17 16
17 16
17 16
17 16
17 16
17 16
17 16
17 16
17 16
17 16
17 16
5 174
5 174
5 174
5 174
5 174
5 174
5 174
5 174
5 174
5 174
5 174
15 74
15 74
15 74
15 74
15 74
15 74
15 74
15 74
15 74
15 74
15 74
15 74
15 74
15 74
15 74
15 74
15 74
15 74
15 74
16 65
16 65
16 65
16 65
16 65
16 65
16 65
16 65
3 3
35 272
35 272
35 272
35 272
35 272
35 272
35 272
35 272
35 272
35 272
35 272
35 272
35 272
35 272
14 14
14 14
14 14
17 2
17 2
17 2
17 2
17 2
17 2
17 2
17 2
17 2
17 2
17 2
17 2
17 2
5 234
5 234
5 234
5 234
5 234
5 234
5 234
5 234
5 234
5 234
5 234
3 8
14 1
14 1
14 1
17 2
17 2
17 2
17 2
17 2
17 2
17 2
17 2
17 2
17 2
17 2
17 2
17 2
126 9
126 9
126 9
126 9
127 5
127 5
127 5
127 5
127 5
128 17
128 17
129 11
129 11
129 11
129 11
129 11
129 11
129 11
3 31
5 562
5 562
5 562
5 562
5 562
5 562
5 562
5 562
5 562
5 562
5 562
15 469
15 469
15 469
15 469
15 469
15 469
15 469
15 469
15 469
15 469
15 469
15 469
15 469
15 469
15 469
15 469
15 469
15 469
15 469
14 2
14 2
14 2
17 4
17 4
17 4
17 4
17 4
17 4
17 4
17 4
17 4
17 4
17 4
17 4
17 4
35 854
35 854
35 854
35 854
35 854
35 854
35 854
35 854
35 854
35 854
35 854
35 854
35 854
35 854
4 1681
4 1681
4 1681
4 1681
4 1681
4 1681
4 1681
4 1681
4 1681
4 1681
4 1681
4 1681
4 1200
4 1200
4 1200
4 1200
4 1200
4 1200
4 1200
4 1200
4 1200
4 1200
4 1200
4 1200
126 1
126 1
126 1
126 1
4 734
4 734
4 734
4 734
4 734
4 734
4 734
4 734
4 734
4 734
4 734
4 734
127 7
127 7
127 7
127 7
127 7
128 5
128 5
129 4
129 4
129 4
129 4
129 4
129 4
129 4
35 502
35 502
35 502
35 502
35 502
35 502
35 502
35 502
35 502
35 502
35 502
35 502
35 502
35 502
30 1711
30 1711
30 1711
30 1711
30 1711
30 1711
30 1212
30 1212
30 1212
30 1212
30 1212
30 1212
30 712
30 712
30 712
30 712
30 712
30 712
3 13
14 5
14 5
14 5
124 915
124 915
124 915
124 915
124 915
124 915
124 915
124 915
124 915
124 915
15 508
15 508
15 508
15 508
15 508
15 508
15 508
15 508
15 508
15 508
15 508
15 508
15 508
15 508
15 508
15 508
15 508
15 508
15 508
17 3
17 3
17 3
17 3
17 3
17 3
17 3
17 3
17 3
17 3
17 3
17 3
17 3
4 639
4 639
4 639
4 639
4 639
4 639
4 639
4 639
4 639
4 639
4 639
4 639
5 652
5 652
5 652
5 652
5 652
5 652
5 652
5 652
5 652
5 652
5 652
124 481
124 481
124 481
124 481
124 481
124 481
124 481
124 481
124 481
124 481
125 999
125 999
125 999
125 999
125 999
125 999
125 999
125 999
125 999
125 999
125 999
125 999
125 999
125 999
125 999
125 999
125 999
126 3
126 3
126 3
126 3
127 2
127 2
127 2
127 2
127 2
128 6
128 6
129 6
129 6
129 6
129 6
129 6
129 6
129 6
35 545
35 545
35 545
35 545
35 545
35 545
35 545
35 545
35 545
35 545
35 545
35 545
35 545
35 545
16 810
16 810
16 810
16 810
16 810
16 810
16 810
16 810
3 2
30 837
30 837
30 837
30 837
30 837
30 837
14 5
14 5
14 5
17 6
17 6
17 6
17 6
17 6
17 6
17 6
17 6
17 6
17 6
17 6
17 6
17 6
126 4
126 4
126 4
126 4
127 12
127 12
127 12
127 12
127 12
5 734
5 734
5 734
5 734
5 734
5 734
5 734
5 734
5 734
5 734
5 734
128 7
128 7
4 752
4 752
4 752
4 752
4 752
4 752
4 752
4 752
4 752
4 752
4 752
4 752
129 8
129 8
129 8
129 8
129 8
129 8
129 8
15 651
15 651
15 651
15 651
15 651
15 651
15 651
15 651
15 651
15 651
15 651
15 651
15 651
15 651
15 651
15 651
15 651
15 651
15 651
124 629
124 629
124 629
124 629
124 629
124 629
124 629
124 629
124 629
124 629
125 1128
125 1128
125 1128
125 1128
125 1128
125 1128
125 1128
125 1128
125 1128
125 1128
125 1128
125 1128
125 1128
125 1128
125 1128
125 1128
125 1128
35 666
35 666
35 666
35 666
35 666
35 666
35 666
35 666
35 666
35 666
35 666
35 666
35 666
35 666
3 9
16 979
16 979
16 979
16 979
16 979
16 979
16 979
16 979
14 4
14 4
14 4
17 7
17 7
17 7
17 7
17 7
17 7
17 7
17 7
17 7
17 7
17 7
17 7
17 7
5 688
5 688
5 688
5 688
5 688
5 688
5 688
5 688
5 688
5 688
5 688
126 4
126 4
126 4
126 4
125 1023
125 1023
125 1023
125 1023
125 1023
125 1023
125 1023
125 1023
125 1023
125 1023
125 1023
125 1023
125 1023
125 1023
125 1023
125 1023
125 1023
128 13
128 13
127 27
127 27
127 27
127 27
127 27
129 19
129 19
129 19
129 19
129 19
129 19
129 19
125 769
125 769
125 769
125 769
125 769
125 769
125 769
125 769
125 769
125 769
125 769
125 769
125 769
125 769
125 769
125 769
125 769
3 7
124 877
124 877
124 877
124 877
124 877
124 877
124 877
124 877
124 877
124 877
14 24
14 24
14 24
17 17
17 17
17 17
17 17
17 17
17 17
17 17
17 17
17 17
17 17
17 17
17 17
17 17
126 2
126 2
126 2
126 2
127 4
127 4
127 4
127 4
127 4
128 2
128 2
35 944
35 944
35 944
35 944
35 944
35 944
35 944
35 944
35 944
35 944
35 944
35 944
35 944
35 944
129 6
129 6
129 6
129 6
129 6
129 6
129 6
16 1145
16 1145
16 1145
16 1145
16 1145
16 1145
16 1145
16 1145
30 1235
30 1235
30 1235
30 1235
30 1235
30 1235
126 8
126 8
126 8
126 8
127 4
127 4
127 4
127 4
127 4
128 4
128 4
129 2
129 2
129 2
129 2
129 2
129 2
129 2
125 1322
125 1322
125 1322
125 1322
125 1322
125 1322
125 1322
125 1322
125 1322
125 1322
125 1322
125 1322
125 1322
125 1322
125 1322
125 1322
125 1322
124 1385
124 1385
124 1385
124 1385
124 1385
124 1385
124 1385
124 1385
124 1385
124 1385
97 3793
97 3793
97 3793
97 3793
97 3793
97 3793
97 3793
97 3793
97 3793
97 3793
97 3793
97 3793
97 3793
97 3793
97 3793
97 3793
126 16
126 16
126 16
126 16
97 3311
97 3311
97 3311
97 3311
97 3311
97 3311
97 3311
97 3311
97 3311
97 3311
97 3311
97 3311
97 3311
97 3311
97 3311
97 3311
127 11
127 11
127 11
127 11
127 11
128 10
128 10
129 8
129 8
129 8
129 8
129 8
129 8
129 8
124 1435
124 1435
124 1435
124 1435
124 1435
124 1435
124 1435
124 1435
124 1435
124 1435
