10 284
10 284
10 284
10 284
10 284
17 218
17 218
17 218
17 218
19 198
19 198
19 198
19 198
19 198
19 198
19 198
19 198
19 198
19 198
19 198
19 198
19 198
10 390
10 390
10 390
10 390
10 390
15 459
17 510
17 510
17 510
17 510
19 562
19 562
19 562
19 562
19 562
19 562
19 562
19 562
19 562
19 562
19 562
19 562
19 562
7 831
7 831
7 831
7 831
7 831
7 831
7 831
7 831
7 831
7 831
7 831
7 831
7 831
7 831
32 1082
32 1082
32 781
32 781
51 1094
51 1094
51 1094
51 1094
51 1094
51 1094
51 1094
51 1094
51 1094
51 1094
51 1094
51 1094
51 1094
51 1094
51 1094
51 1094
51 1094
51 1094
51 1094
51 1094
51 1094
51 1094
51 1094
51 1094
51 1094
51 1094
51 1094
45 1167
45 1167
45 1167
45 1167
45 1167
45 1167
45 1167
45 1167
45 1167
45 1167
45 1167
45 1167
45 1167
45 1167
45 1167
45 1167
7 799
7 799
7 799
7 799
7 799
7 799
7 799
7 799
7 799
7 799
7 799
7 799
7 799
7 799
10 834
10 834
10 834
10 834
10 834
15 799
19 831
19 831
19 831
19 831
19 831
19 831
19 831
19 831
19 831
19 831
19 831
19 831
19 831
45 1192
45 1192
45 1192
45 1192
45 1192
45 1192
45 1192
45 1192
45 1192
45 1192
45 1192
45 1192
45 1192
45 1192
45 1192
45 1192
51 1253
51 1253
51 1253
51 1253
51 1253
51 1253
51 1253
51 1253
51 1253
51 1253
51 1253
51 1253
51 1253
51 1253
51 1253
51 1253
51 1253
51 1253
51 1253
51 1253
51 1253
51 1253
51 1253
51 1253
51 1253
51 1253
51 1253
32 986
32 986
12 1760
12 1760
12 1760
12 1760
12 1760
12 1760
12 1760
12 1760
12 1760
12 1760
12 1760
12 1760
12 1760
12 1760
12 1760
12 1760
12 1760
12 1760
12 1760
12 1760
12 1760
12 1760
12 1760
12 1760
12 1760
12 1760
12 1760
12 1760
12 1265
12 1265
12 1265
12 1265
12 1265
12 1265
12 1265
12 1265
12 1265
12 1265
12 1265
12 1265
12 1265
12 1265
12 1265
12 1265
12 1265
12 1265
12 1265
12 1265
12 1265
12 1265
12 1265
12 1265
12 1265
12 1265
12 1265
12 1265
64 1425
64 1425
64 1425
64 1425
64 1425
64 1425
64 1425
64 1425
64 1425
64 1425
64 1425
64 1425
64 1425
64 1425
64 1425
64 1425
64 1425
64 1425
64 1425
64 1425
64 1425
64 1425
64 1425
64 1425
64 1425
7 1054
7 1054
7 1054
7 1054
7 1054
7 1054
7 1054
7 1054
7 1054
7 1054
7 1054
7 1054
7 1054
7 1054
68 1490
68 1490
68 1490
68 1490
68 1490
68 1490
68 1490
68 1490
68 1490
68 1490
68 1490
68 1490
68 1490
68 1490
68 1490
68 1490
68 1490
68 1490
68 1490
12 1118
12 1118
12 1118
12 1118
12 1118
12 1118
12 1118
12 1118
12 1118
12 1118
12 1118
12 1118
12 1118
12 1118
12 1118
12 1118
12 1118
12 1118
12 1118
12 1118
12 1118
12 1118
12 1118
12 1118
12 1118
12 1118
12 1118
12 1118
17 1704
17 1704
17 1704
17 1704
10 1279
10 1279
10 1279
10 1279
10 1279
19 1228
19 1228
19 1228
19 1228
19 1228
19 1228
19 1228
19 1228
19 1228
19 1228
19 1228
19 1228
19 1228
15 1272
32 1294
32 1294
45 1906
45 1906
45 1906
45 1906
45 1906
45 1906
45 1906
45 1906
45 1906
45 1906
45 1906
45 1906
45 1906
45 1906
45 1906
45 1906
51 1953
51 1953
51 1953
51 1953
51 1953
51 1953
51 1953
51 1953
51 1953
51 1953
51 1953
51 1953
51 1953
51 1953
51 1953
51 1953
51 1953
51 1953
51 1953
51 1953
51 1953
51 1953
51 1953
51 1953
51 1953
51 1953
51 1953
7 1477
7 1477
7 1477
7 1477
7 1477
7 1477
7 1477
7 1477
7 1477
7 1477
7 1477
7 1477
7 1477
7 1477
10 1454
10 1454
10 1454
10 1454
10 1454
21 2881
21 2881
21 2881
69 2406
69 2406
69 2406
69 2406
69 2406
69 2406
69 2406
69 2406
69 2406
69 2406
69 2406
69 2406
69 2406
69 2406
69 2406
69 2406
69 2406
66 2437
66 2437
66 2437
66 2437
66 2437
66 2437
66 2437
66 2437
66 2437
66 2437
66 2437
66 2437
66 2437
66 2437
66 2437
66 2437
66 2437
66 2437
66 2437
66 2437
66 2437
66 2437
66 2437
66 2437
66 2437
66 2437
78 2818
78 2818
78 2818
78 2818
78 2818
78 2818
78 2818
78 2818
78 2818
78 2818
78 2818
78 2818
78 2818
78 2818
78 2818
78 2818
78 2818
78 2818
78 2818
78 2818
78 2318
78 2318
78 2318
78 2318
78 2318
78 2318
78 2318
78 2318
78 2318
78 2318
78 2318
78 2318
78 2318
78 2318
78 2318
78 2318
78 2318
78 2318
78 2318
78 2318
79 2809
79 2809
79 2809
79 2809
79 2809
79 2809
79 2809
79 2809
79 2809
79 2809
79 2809
79 2809
79 2809
79 2809
79 2809
79 2809
79 2809
79 2809
79 2809
79 2809
79 2809
79 2809
79 2809
79 2309
79 2309
79 2309
79 2309
79 2309
79 2309
79 2309
79 2309
79 2309
79 2309
79 2309
79 2309
79 2309
79 2309
79 2309
79 2309
79 2309
79 2309
79 2309
79 2309
79 2309
79 2309
79 2309
44 3160
44 3160
44 3160
44 3160
44 3160
44 3160
44 3160
44 3160
44 3160
44 3160
44 3160
44 3160
44 3160
44 3160
44 3160
44 3160
44 3160
44 3160
44 3160
44 3160
44 3160
44 3160
44 3160
44 3160
44 3160
44 3160
44 3160
44 3160
44 3160
44 3160
44 2661
44 2661
44 2661
44 2661
44 2661
44 2661
44 2661
44 2661
44 2661
44 2661
44 2661
44 2661
44 2661
44 2661
44 2661
44 2661
44 2661
44 2661
44 2661
44 2661
44 2661
44 2661
44 2661
44 2661
44 2661
44 2661
44 2661
44 2661
44 2661
44 2661
21 2391
21 2391
21 2391
44 2161
44 2161
44 2161
44 2161
44 2161
44 2161
44 2161
44 2161
44 2161
44 2161
44 2161
44 2161
44 2161
44 2161
44 2161
44 2161
44 2161
44 2161
44 2161
44 2161
44 2161
44 2161
44 2161
44 2161
44 2161
44 2161
44 2161
44 2161
44 2161
44 2161
21 1903
21 1903
21 1903
12 1500
12 1500
12 1500
12 1500
12 1500
12 1500
12 1500
12 1500
12 1500
12 1500
12 1500
12 1500
12 1500
12 1500
12 1500
12 1500
12 1500
12 1500
12 1500
12 1500
12 1500
12 1500
12 1500
12 1500
12 1500
12 1500
12 1500
12 1500
17 1960
17 1960
17 1960
17 1960
64 2135
64 2135
64 2135
64 2135
64 2135
64 2135
64 2135
64 2135
64 2135
64 2135
64 2135
64 2135
64 2135
64 2135
64 2135
64 2135
64 2135
64 2135
64 2135
64 2135
64 2135
64 2135
64 2135
64 2135
64 2135
66 2178
66 2178
66 2178
66 2178
66 2178
66 2178
66 2178
66 2178
66 2178
66 2178
66 2178
66 2178
66 2178
66 2178
66 2178
66 2178
66 2178
66 2178
66 2178
66 2178
66 2178
66 2178
66 2178
66 2178
66 2178
66 2178
68 2213
68 2213
68 2213
68 2213
68 2213
68 2213
68 2213
68 2213
68 2213
68 2213
68 2213
68 2213
68 2213
68 2213
68 2213
68 2213
68 2213
68 2213
68 2213
69 2210
69 2210
69 2210
69 2210
69 2210
69 2210
69 2210
69 2210
69 2210
69 2210
69 2210
69 2210
69 2210
69 2210
69 2210
69 2210
69 2210
15 1821
32 1723
32 1723
17 1977
17 1977
17 1977
17 1977
45 2229
45 2229
45 2229
45 2229
45 2229
45 2229
45 2229
45 2229
45 2229
45 2229
45 2229
45 2229
45 2229
45 2229
45 2229
45 2229
51 2274
51 2274
51 2274
51 2274
51 2274
51 2274
51 2274
51 2274
51 2274
51 2274
51 2274
51 2274
51 2274
51 2274
51 2274
51 2274
51 2274
51 2274
51 2274
51 2274
51 2274
51 2274
51 2274
51 2274
51 2274
51 2274
51 2274
64 2424
64 2424
64 2424
64 2424
64 2424
64 2424
64 2424
64 2424
64 2424
64 2424
64 2424
64 2424
64 2424
64 2424
64 2424
64 2424
64 2424
64 2424
64 2424
64 2424
64 2424
64 2424
64 2424
64 2424
64 2424
66 2404
66 2404
66 2404
66 2404
66 2404
66 2404
66 2404
66 2404
66 2404
66 2404
66 2404
66 2404
66 2404
66 2404
66 2404
66 2404
66 2404
66 2404
66 2404
66 2404
66 2404
66 2404
66 2404
66 2404
66 2404
66 2404
78 2285
78 2285
78 2285
78 2285
78 2285
78 2285
78 2285
78 2285
78 2285
78 2285
78 2285
78 2285
78 2285
78 2285
78 2285
78 2285
78 2285
78 2285
78 2285
78 2285
72 3865
72 3865
72 3865
72 3865
72 3865
72 3865
72 3865
72 3865
72 3865
72 3865
72 3865
72 3865
72 3865
72 3865
72 3865
72 3865
72 3865
72 3865
72 3365
72 3365
72 3365
72 3365
72 3365
72 3365
72 3365
72 3365
72 3365
72 3365
72 3365
72 3365
72 3365
72 3365
72 3365
72 3365
72 3365
72 3365
72 2365
72 2365
72 2365
72 2365
72 2365
72 2365
72 2365
72 2365
72 2365
72 2365
72 2365
72 2365
72 2365
72 2365
72 2365
72 2365
72 2365
72 2365
