8 118
8 118
8 118
8 118
8 118
8 118
8 118
8 118
8 118
8 118
8 118
8 118
8 118
8 118
8 118
8 118
14 63
14 63
14 63
14 63
14 63
14 63
14 63
14 63
14 63
14 63
14 63
14 63
14 63
14 63
14 63
14 63
14 63
14 63
14 63
16 51
16 51
16 51
16 51
16 51
16 51
16 51
16 51
16 51
16 51
16 51
17 66
17 66
17 66
17 66
17 66
17 66
17 66
17 66
17 66
17 66
7 196
7 196
7 196
7 196
7 196
7 196
7 196
7 196
7 196
7 196
7 196
7 196
7 196
7 196
7 196
7 196
7 196
26 46
27 68
27 68
27 68
27 68
27 68
34 62
34 62
34 62
34 62
34 62
34 62
34 62
34 62
34 62
34 62
34 62
34 62
34 62
37 39
37 39
37 39
37 39
37 39
37 39
37 39
37 39
37 39
37 39
37 39
37 39
42 24
42 24
42 24
42 24
42 24
42 24
42 24
45 39
45 39
45 39
45 39
45 39
45 39
45 39
45 39
45 39
50 39
50 39
50 39
50 39
50 39
50 39
50 39
50 39
50 39
50 39
50 39
50 39
50 39
50 39
52 44
52 44
55 32
55 32
55 32
55 32
55 32
55 32
55 32
55 32
55 32
55 32
55 32
55 32
55 32
55 32
55 32
55 32
55 32
55 32
58 39
58 39
58 39
58 39
58 39
58 39
58 39
58 39
58 39
58 39
58 39
58 39
58 39
58 39
58 39
7 131
7 131
7 131
7 131
7 131
7 131
7 131
7 131
7 131
7 131
7 131
7 131
7 131
7 131
7 131
7 131
7 131
66 42
66 42
66 42
66 42
66 42
66 42
66 42
66 42
8 127
8 127
8 127
8 127
8 127
8 127
8 127
8 127
8 127
8 127
8 127
8 127
8 127
8 127
8 127
8 127
67 60
67 60
67 60
41 324
41 324
41 324
41 324
17 105
17 105
17 105
17 105
17 105
17 105
17 105
17 105
17 105
17 105
16 143
16 143
16 143
16 143
16 143
16 143
16 143
16 143
16 143
16 143
16 143
34 42
34 42
34 42
34 42
34 42
34 42
34 42
34 42
34 42
34 42
34 42
34 42
34 42
14 286
14 286
14 286
14 286
14 286
14 286
14 286
14 286
14 286
14 286
14 286
14 286
14 286
14 286
14 286
14 286
14 286
14 286
14 286
37 58
37 58
37 58
37 58
37 58
37 58
37 58
37 58
37 58
37 58
37 58
37 58
27 162
27 162
27 162
27 162
27 162
26 182
42 64
42 64
42 64
42 64
42 64
42 64
42 64
45 57
45 57
45 57
45 57
45 57
45 57
45 57
45 57
45 57
50 82
50 82
50 82
50 82
50 82
50 82
50 82
50 82
50 82
50 82
50 82
50 82
50 82
50 82
52 84
52 84
55 76
55 76
55 76
55 76
55 76
55 76
55 76
55 76
55 76
55 76
55 76
55 76
55 76
55 76
55 76
55 76
55 76
55 76
58 93
58 93
58 93
58 93
58 93
58 93
58 93
58 93
58 93
58 93
58 93
58 93
58 93
58 93
58 93
20 1024
20 1024
20 1024
20 1024
20 1024
20 1024
20 1024
20 1024
20 1024
20 1024
20 1024
20 1024
20 1024
20 1024
20 1024
20 1024
20 1024
20 1024
20 1024
20 1024
20 537
20 537
20 537
20 537
20 537
20 537
20 537
20 537
20 537
20 537
20 537
20 537
20 537
20 537
20 537
20 537
20 537
20 537
20 537
20 537
66 98
66 98
66 98
66 98
66 98
66 98
66 98
66 98
67 107
67 107
67 107
7 253
7 253
7 253
7 253
7 253
7 253
7 253
7 253
7 253
7 253
7 253
7 253
7 253
7 253
7 253
7 253
7 253
8 244
8 244
8 244
8 244
8 244
8 244
8 244
8 244
8 244
8 244
8 244
8 244
8 244
8 244
8 244
8 244
35 1061
35 1061
35 1061
35 1061
35 1061
35 1061
35 565
35 565
35 565
35 565
35 565
35 565
20 219
20 219
20 219
20 219
20 219
20 219
20 219
20 219
20 219
20 219
20 219
20 219
20 219
20 219
20 219
20 219
20 219
20 219
20 219
20 219
16 268
16 268
16 268
16 268
16 268
16 268
16 268
16 268
16 268
16 268
16 268
34 97
34 97
34 97
34 97
34 97
34 97
34 97
34 97
34 97
34 97
34 97
34 97
34 97
14 309
14 309
14 309
14 309
14 309
14 309
14 309
14 309
14 309
14 309
14 309
14 309
14 309
14 309
14 309
14 309
14 309
14 309
14 309
37 86
37 86
37 86
37 86
37 86
37 86
37 86
37 86
37 86
37 86
37 86
37 86
17 306
17 306
17 306
17 306
17 306
17 306
17 306
17 306
17 306
17 306
26 232
42 92
42 92
42 92
42 92
42 92
42 92
42 92
45 96
45 96
45 96
45 96
45 96
45 96
45 96
45 96
45 96
27 282
27 282
27 282
27 282
27 282
50 116
50 116
50 116
50 116
50 116
50 116
50 116
50 116
50 116
50 116
50 116
50 116
50 116
50 116
52 117
52 117
35 319
35 319
35 319
35 319
35 319
35 319
55 130
55 130
55 130
55 130
55 130
55 130
55 130
55 130
55 130
55 130
55 130
55 130
55 130
55 130
55 130
55 130
55 130
55 130
58 121
58 121
58 121
58 121
58 121
58 121
58 121
58 121
58 121
58 121
58 121
58 121
58 121
58 121
58 121
66 125
66 125
66 125
66 125
66 125
66 125
66 125
66 125
67 119
67 119
67 119
8 324
8 324
8 324
8 324
8 324
8 324
8 324
8 324
8 324
8 324
8 324
8 324
8 324
8 324
8 324
8 324
34 118
34 118
34 118
34 118
34 118
34 118
34 118
34 118
34 118
34 118
34 118
34 118
34 118
37 123
37 123
37 123
37 123
37 123
37 123
37 123
37 123
37 123
37 123
37 123
37 123
17 355
17 355
17 355
17 355
17 355
17 355
17 355
17 355
17 355
17 355
42 118
42 118
42 118
42 118
42 118
42 118
42 118
20 356
20 356
20 356
20 356
20 356
20 356
20 356
20 356
20 356
20 356
20 356
20 356
20 356
20 356
20 356
20 356
20 356
20 356
20 356
20 356
45 117
45 117
45 117
45 117
45 117
45 117
45 117
45 117
45 117
26 361
50 121
50 121
50 121
50 121
50 121
50 121
50 121
50 121
50 121
50 121
50 121
50 121
50 121
50 121
27 372
27 372
27 372
27 372
27 372
52 127
52 127
55 128
55 128
55 128
55 128
55 128
55 128
55 128
55 128
55 128
55 128
55 128
55 128
55 128
55 128
55 128
55 128
55 128
55 128
7 619
7 619
7 619
7 619
7 619
7 619
7 619
7 619
7 619
7 619
7 619
7 619
7 619
7 619
7 619
7 619
7 619
58 147
58 147
58 147
58 147
58 147
58 147
58 147
58 147
58 147
58 147
58 147
58 147
58 147
58 147
58 147
66 139
66 139
66 139
66 139
66 139
66 139
66 139
66 139
67 145
67 145
67 145
34 142
34 142
34 142
34 142
34 142
34 142
34 142
34 142
34 142
34 142
34 142
34 142
34 142
37 126
37 126
37 126
37 126
37 126
37 126
37 126
37 126
37 126
37 126
37 126
37 126
42 137
42 137
42 137
42 137
42 137
42 137
42 137
14 945
14 945
14 945
14 945
14 945
14 945
14 945
14 945
14 945
14 945
14 945
14 945
14 945
14 945
14 945
14 945
14 945
14 945
14 945
45 138
45 138
45 138
45 138
45 138
45 138
45 138
45 138
45 138
41 682
41 682
41 682
41 682
7 530
7 530
7 530
7 530
7 530
7 530
7 530
7 530
7 530
7 530
7 530
7 530
7 530
7 530
7 530
7 530
7 530
8 545
8 545
8 545
8 545
8 545
8 545
8 545
8 545
8 545
8 545
8 545
8 545
8 545
8 545
8 545
8 545
50 154
50 154
50 154
50 154
50 154
50 154
50 154
50 154
50 154
50 154
50 154
50 154
50 154
50 154
17 498
17 498
17 498
17 498
17 498
17 498
17 498
17 498
17 498
17 498
20 474
20 474
20 474
20 474
20 474
20 474
20 474
20 474
20 474
20 474
20 474
20 474
20 474
20 474
20 474
20 474
20 474
20 474
20 474
20 474
52 162
52 162
55 168
55 168
55 168
55 168
55 168
55 168
55 168
55 168
55 168
55 168
55 168
55 168
55 168
55 168
55 168
55 168
55 168
55 168
14 599
14 599
14 599
14 599
14 599
14 599
14 599
14 599
14 599
14 599
14 599
14 599
14 599
14 599
14 599
14 599
14 599
14 599
14 599
58 178
58 178
58 178
58 178
58 178
58 178
58 178
58 178
58 178
58 178
58 178
58 178
58 178
58 178
58 178
27 544
27 544
27 544
27 544
27 544
26 564
66 195
66 195
66 195
66 195
66 195
66 195
66 195
66 195
67 198
67 198
67 198
16 711
16 711
16 711
16 711
16 711
16 711
16 711
16 711
16 711
16 711
16 711
41 493
41 493
41 493
41 493
35 654
35 654
35 654
35 654
35 654
35 654
34 225
34 225
34 225
34 225
34 225
34 225
34 225
34 225
34 225
34 225
34 225
34 225
34 225
37 230
37 230
37 230
37 230
37 230
37 230
37 230
37 230
37 230
37 230
37 230
37 230
42 238
42 238
42 238
42 238
42 238
42 238
42 238
8 588
8 588
8 588
8 588
8 588
8 588
8 588
8 588
8 588
8 588
8 588
8 588
8 588
8 588
8 588
8 588
7 613
7 613
7 613
7 613
7 613
7 613
7 613
7 613
7 613
7 613
7 613
7 613
7 613
7 613
7 613
7 613
7 613
45 249
45 249
45 249
45 249
45 249
45 249
45 249
45 249
45 249
20 502
20 502
20 502
20 502
20 502
20 502
20 502
20 502
20 502
20 502
20 502
20 502
20 502
20 502
20 502
20 502
20 502
20 502
20 502
20 502
50 254
50 254
50 254
50 254
50 254
50 254
50 254
50 254
50 254
50 254
50 254
50 254
50 254
50 254
52 245
52 245
26 534
55 248
55 248
55 248
55 248
55 248
55 248
55 248
55 248
55 248
55 248
55 248
55 248
55 248
55 248
55 248
55 248
55 248
55 248
58 257
58 257
58 257
58 257
58 257
58 257
58 257
58 257
58 257
58 257
58 257
58 257
58 257
58 257
58 257
14 732
14 732
14 732
14 732
14 732
14 732
14 732
14 732
14 732
14 732
14 732
14 732
14 732
14 732
14 732
14 732
14 732
14 732
14 732
17 751
17 751
17 751
17 751
17 751
17 751
17 751
17 751
17 751
17 751
66 276
66 276
66 276
66 276
66 276
66 276
66 276
66 276
27 670
27 670
27 670
27 670
27 670
67 271
67 271
67 271
16 810
16 810
16 810
16 810
16 810
16 810
16 810
16 810
16 810
16 810
16 810
34 269
34 269
34 269
34 269
34 269
34 269
34 269
34 269
34 269
34 269
34 269
34 269
34 269
37 272
37 272
37 272
37 272
37 272
37 272
37 272
37 272
37 272
37 272
37 272
37 272
7 592
7 592
7 592
7 592
7 592
7 592
7 592
7 592
7 592
7 592
7 592
7 592
7 592
7 592
7 592
7 592
7 592
42 270
42 270
42 270
42 270
42 270
42 270
42 270
45 279
45 279
45 279
45 279
45 279
45 279
45 279
45 279
45 279
50 265
50 265
50 265
50 265
50 265
50 265
50 265
50 265
50 265
50 265
50 265
50 265
50 265
50 265
14 629
14 629
14 629
14 629
14 629
14 629
14 629
14 629
14 629
14 629
14 629
14 629
14 629
14 629
14 629
14 629
14 629
14 629
14 629
35 923
35 923
35 923
35 923
35 923
35 923
52 270
52 270
8 740
8 740
8 740
8 740
8 740
8 740
8 740
8 740
8 740
8 740
8 740
8 740
8 740
8 740
8 740
8 740
55 272
55 272
55 272
55 272
55 272
55 272
55 272
55 272
55 272
55 272
55 272
55 272
55 272
55 272
55 272
55 272
55 272
55 272
16 678
16 678
16 678
16 678
16 678
16 678
16 678
16 678
16 678
16 678
16 678
58 277
58 277
58 277
58 277
58 277
58 277
58 277
58 277
58 277
58 277
58 277
58 277
58 277
58 277
58 277
20 691
20 691
20 691
20 691
20 691
20 691
20 691
20 691
20 691
20 691
20 691
20 691
20 691
20 691
20 691
20 691
20 691
20 691
20 691
20 691
66 295
66 295
66 295
66 295
66 295
66 295
66 295
66 295
67 286
67 286
67 286
26 789
41 1154
41 1154
41 1154
41 1154
27 798
27 798
27 798
27 798
27 798
35 769
35 769
35 769
35 769
35 769
35 769
34 302
34 302
34 302
34 302
34 302
34 302
34 302
34 302
34 302
34 302
34 302
34 302
34 302
37 308
37 308
37 308
37 308
37 308
37 308
37 308
37 308
37 308
37 308
37 308
37 308
41 818
41 818
41 818
41 818
42 316
42 316
42 316
42 316
42 316
42 316
42 316
45 304
45 304
45 304
45 304
45 304
45 304
45 304
45 304
45 304
50 326
50 326
50 326
50 326
50 326
50 326
50 326
50 326
50 326
50 326
50 326
50 326
50 326
50 326
52 331
52 331
55 334
55 334
55 334
55 334
55 334
55 334
55 334
55 334
55 334
55 334
55 334
55 334
55 334
55 334
55 334
55 334
55 334
55 334
58 333
58 333
58 333
58 333
58 333
58 333
58 333
58 333
58 333
58 333
58 333
58 333
58 333
58 333
58 333
66 334
66 334
66 334
66 334
66 334
66 334
66 334
66 334
67 332
67 332
67 332
