4 79
4 79
4 79
4 79
4 79
4 79
4 79
4 79
4 79
4 79
4 79
4 79
4 79
4 79
4 79
4 79
4 79
4 79
4 79
4 79
4 79
4 79
4 79
4 79
4 79
14 73
14 73
14 73
14 73
14 73
14 73
14 73
14 73
14 73
14 73
14 73
14 73
14 73
17 64
17 64
17 64
17 64
17 64
17 64
17 64
17 64
18 54
18 54
18 54
18 54
18 54
18 54
18 54
18 54
18 54
18 54
11 128
11 128
24 28
24 28
24 28
24 28
10 237
10 237
10 237
10 237
10 237
10 237
10 237
10 237
10 237
10 237
10 237
10 237
10 237
10 237
10 237
10 237
10 237
10 237
10 237
16 178
16 178
16 178
16 178
16 178
16 178
16 178
16 178
16 178
16 178
16 178
16 178
16 178
16 178
30 42
30 42
30 42
30 42
30 42
30 42
30 42
15 193
15 193
15 193
15 193
15 193
15 193
15 193
15 193
15 193
15 193
15 193
15 193
15 193
15 193
15 193
15 193
15 193
15 193
15 193
15 193
15 193
15 193
15 193
15 193
15 193
15 193
15 193
31 42
31 42
31 42
31 42
31 42
31 42
34 28
34 28
34 28
34 28
34 28
34 28
34 28
34 28
34 28
33 43
33 43
33 43
33 43
33 43
33 43
33 43
33 43
33 43
33 43
33 43
33 43
33 43
33 43
33 43
35 28
35 28
35 28
35 28
35 28
35 28
35 28
35 28
35 28
35 28
35 28
35 28
35 28
35 28
35 28
35 28
35 28
35 28
35 28
35 28
35 28
35 28
35 28
35 28
35 28
35 28
35 28
35 28
36 25
36 25
36 25
36 25
36 25
36 25
36 25
36 25
36 25
36 25
36 25
36 25
36 25
36 25
36 25
36 25
36 25
36 25
36 25
36 25
36 25
36 25
36 25
39 31
39 31
39 31
39 31
39 31
39 31
39 31
39 31
39 31
39 31
39 31
39 31
39 31
39 31
39 31
39 31
39 31
39 31
39 31
39 31
40 128
40 128
40 128
40 128
40 128
40 128
40 128
40 128
40 128
40 128
40 128
40 128
42 117
42 117
42 117
42 117
42 117
42 117
42 117
42 117
42 117
42 117
42 117
42 117
42 117
42 117
42 117
42 117
47 88
47 88
47 88
47 88
47 88
47 88
47 88
47 88
47 88
47 88
47 88
47 88
47 88
47 88
47 88
47 88
47 88
47 88
47 88
47 88
47 88
47 88
47 88
47 88
47 88
47 88
51 83
52 92
52 92
52 92
52 92
52 92
52 92
52 92
52 92
52 92
52 92
52 92
52 92
52 92
52 92
52 92
52 92
52 92
52 92
52 92
52 92
52 92
4 90
4 90
4 90
4 90
4 90
4 90
4 90
4 90
4 90
4 90
4 90
4 90
4 90
4 90
4 90
4 90
4 90
4 90
4 90
4 90
4 90
4 90
4 90
4 90
4 90
57 80
57 80
57 80
57 80
57 80
59 77
59 77
59 77
11 72
11 72
14 84
14 84
14 84
14 84
14 84
14 84
14 84
14 84
14 84
14 84
14 84
14 84
14 84
55 174
55 174
55 174
55 174
55 174
55 174
55 174
55 174
55 174
55 174
55 174
55 174
55 174
55 174
55 174
55 174
55 174
55 174
55 174
55 174
55 174
55 174
58 168
58 168
58 168
58 168
58 168
58 168
58 168
58 168
58 168
58 168
58 168
58 168
58 168
58 168
58 168
58 168
58 168
58 168
58 168
58 168
58 168
58 168
58 168
58 168
10 160
10 160
10 160
10 160
10 160
10 160
10 160
10 160
10 160
10 160
10 160
10 160
10 160
10 160
10 160
10 160
10 160
10 160
10 160
17 94
17 94
17 94
17 94
17 94
17 94
17 94
17 94
18 95
18 95
18 95
18 95
18 95
18 95
18 95
18 95
18 95
18 95
15 168
15 168
15 168
15 168
15 168
15 168
15 168
15 168
15 168
15 168
15 168
15 168
15 168
15 168
15 168
15 168
15 168
15 168
15 168
15 168
15 168
15 168
15 168
15 168
15 168
15 168
15 168
24 81
24 81
24 81
24 81
16 176
16 176
16 176
16 176
16 176
16 176
16 176
16 176
16 176
16 176
16 176
16 176
16 176
16 176
19 194
19 194
19 194
19 194
19 194
19 194
19 194
19 194
19 194
19 194
19 194
19 194
19 194
19 194
19 194
19 194
19 194
23 186
23 186
23 186
23 186
23 186
23 186
23 186
23 186
23 186
23 186
23 186
23 186
23 186
23 186
23 186
23 186
23 186
23 186
31 136
31 136
31 136
31 136
31 136
31 136
30 152
30 152
30 152
30 152
30 152
30 152
30 152
33 132
33 132
33 132
33 132
33 132
33 132
33 132
33 132
33 132
33 132
33 132
33 132
33 132
33 132
33 132
34 140
34 140
34 140
34 140
34 140
34 140
34 140
34 140
34 140
35 131
35 131
35 131
35 131
35 131
35 131
35 131
35 131
35 131
35 131
35 131
35 131
35 131
35 131
35 131
35 131
35 131
35 131
35 131
35 131
35 131
35 131
35 131
35 131
35 131
35 131
35 131
35 131
36 145
36 145
36 145
36 145
36 145
36 145
36 145
36 145
36 145
36 145
36 145
36 145
36 145
36 145
36 145
36 145
36 145
36 145
36 145
36 145
36 145
36 145
36 145
39 171
39 171
39 171
39 171
39 171
39 171
39 171
39 171
39 171
39 171
39 171
39 171
39 171
39 171
39 171
39 171
39 171
39 171
39 171
39 171
40 248
40 248
40 248
40 248
40 248
40 248
40 248
40 248
40 248
40 248
40 248
40 248
42 232
42 232
42 232
42 232
42 232
42 232
42 232
42 232
42 232
42 232
42 232
42 232
42 232
42 232
42 232
42 232
51 145
47 217
47 217
47 217
47 217
47 217
47 217
47 217
47 217
47 217
47 217
47 217
47 217
47 217
47 217
47 217
47 217
47 217
47 217
47 217
47 217
47 217
47 217
47 217
47 217
47 217
47 217
54 655
54 655
54 655
54 655
54 655
54 655
54 655
54 655
54 655
54 655
54 655
52 175
52 175
52 175
52 175
52 175
52 175
52 175
52 175
52 175
52 175
52 175
52 175
52 175
52 175
52 175
52 175
52 175
52 175
52 175
52 175
52 175
57 128
57 128
57 128
57 128
57 128
11 111
11 111
54 190
54 190
54 190
54 190
54 190
54 190
54 190
54 190
54 190
54 190
54 190
4 192
4 192
4 192
4 192
4 192
4 192
4 192
4 192
4 192
4 192
4 192
4 192
4 192
4 192
4 192
4 192
4 192
4 192
4 192
4 192
4 192
4 192
4 192
4 192
4 192
59 159
59 159
59 159
55 231
55 231
55 231
55 231
55 231
55 231
55 231
55 231
55 231
55 231
55 231
55 231
55 231
55 231
55 231
55 231
55 231
55 231
55 231
55 231
55 231
55 231
58 228
58 228
58 228
58 228
58 228
58 228
58 228
58 228
58 228
58 228
58 228
58 228
58 228
58 228
58 228
58 228
58 228
58 228
58 228
58 228
58 228
58 228
58 228
58 228
10 226
10 226
10 226
10 226
10 226
10 226
10 226
10 226
10 226
10 226
10 226
10 226
10 226
10 226
10 226
10 226
10 226
10 226
10 226
61 727
61 727
61 727
61 727
61 727
61 727
61 727
61 727
61 727
61 727
61 727
61 727
61 727
61 727
61 727
61 727
61 727
61 727
61 727
61 727
61 727
61 727
61 727
61 727
61 727
61 727
61 727
61 727
61 727
61 232
61 232
61 232
61 232
61 232
61 232
61 232
61 232
61 232
61 232
61 232
61 232
61 232
61 232
61 232
61 232
61 232
61 232
61 232
61 232
61 232
61 232
61 232
61 232
61 232
61 232
61 232
61 232
61 232
17 180
17 180
17 180
17 180
17 180
17 180
17 180
17 180
14 222
14 222
14 222
14 222
14 222
14 222
14 222
14 222
14 222
14 222
14 222
14 222
14 222
18 195
18 195
18 195
18 195
18 195
18 195
18 195
18 195
18 195
18 195
15 250
15 250
15 250
15 250
15 250
15 250
15 250
15 250
15 250
15 250
15 250
15 250
15 250
15 250
15 250
15 250
15 250
15 250
15 250
15 250
15 250
15 250
15 250
15 250
15 250
15 250
15 250
24 196
24 196
24 196
24 196
16 284
16 284
16 284
16 284
16 284
16 284
16 284
16 284
16 284
16 284
16 284
16 284
16 284
16 284
31 185
31 185
31 185
31 185
31 185
31 185
19 314
19 314
19 314
19 314
19 314
19 314
19 314
19 314
19 314
19 314
19 314
19 314
19 314
19 314
19 314
19 314
19 314
33 178
33 178
33 178
33 178
33 178
33 178
33 178
33 178
33 178
33 178
33 178
33 178
33 178
33 178
33 178
34 173
34 173
34 173
34 173
34 173
34 173
34 173
34 173
34 173
30 225
30 225
30 225
30 225
30 225
30 225
30 225
35 180
35 180
35 180
35 180
35 180
35 180
35 180
35 180
35 180
35 180
35 180
35 180
35 180
35 180
35 180
35 180
35 180
35 180
35 180
35 180
35 180
35 180
35 180
35 180
35 180
35 180
35 180
35 180
36 193
36 193
36 193
36 193
36 193
36 193
36 193
36 193
36 193
36 193
36 193
36 193
36 193
36 193
36 193
36 193
36 193
36 193
36 193
36 193
36 193
36 193
36 193
23 338
23 338
23 338
23 338
23 338
23 338
23 338
23 338
23 338
23 338
23 338
23 338
23 338
23 338
23 338
23 338
23 338
23 338
39 232
39 232
39 232
39 232
39 232
39 232
39 232
39 232
39 232
39 232
39 232
39 232
39 232
39 232
39 232
39 232
39 232
39 232
39 232
39 232
47 178
47 178
47 178
47 178
47 178
47 178
47 178
47 178
47 178
47 178
47 178
47 178
47 178
47 178
47 178
47 178
47 178
47 178
47 178
47 178
47 178
47 178
47 178
47 178
47 178
47 178
51 229
57 201
57 201
57 201
57 201
57 201
4 232
4 232
4 232
4 232
4 232
4 232
4 232
4 232
4 232
4 232
4 232
4 232
4 232
4 232
4 232
4 232
4 232
4 232
4 232
4 232
4 232
4 232
4 232
4 232
4 232
40 373
40 373
40 373
40 373
40 373
40 373
40 373
40 373
40 373
40 373
40 373
40 373
42 369
42 369
42 369
42 369
42 369
42 369
42 369
42 369
42 369
42 369
42 369
42 369
42 369
42 369
42 369
42 369
11 184
11 184
52 288
52 288
52 288
52 288
52 288
52 288
52 288
52 288
52 288
52 288
52 288
52 288
52 288
52 288
52 288
52 288
52 288
52 288
52 288
52 288
52 288
54 271
54 271
54 271
54 271
54 271
54 271
54 271
54 271
54 271
54 271
54 271
17 192
17 192
17 192
17 192
17 192
17 192
17 192
17 192
59 286
59 286
59 286
14 261
14 261
14 261
14 261
14 261
14 261
14 261
14 261
14 261
14 261
14 261
14 261
14 261
18 241
18 241
18 241
18 241
18 241
18 241
18 241
18 241
18 241
18 241
24 212
24 212
24 212
24 212
55 429
55 429
55 429
55 429
55 429
55 429
55 429
55 429
55 429
55 429
55 429
55 429
55 429
55 429
55 429
55 429
55 429
55 429
55 429
55 429
55 429
55 429
31 204
31 204
31 204
31 204
31 204
31 204
30 224
30 224
30 224
30 224
30 224
30 224
30 224
33 197
33 197
33 197
33 197
33 197
33 197
33 197
33 197
33 197
33 197
33 197
33 197
33 197
33 197
33 197
58 462
58 462
58 462
58 462
58 462
58 462
58 462
58 462
58 462
58 462
58 462
58 462
58 462
58 462
58 462
58 462
58 462
58 462
58 462
58 462
58 462
58 462
58 462
58 462
10 465
10 465
10 465
10 465
10 465
10 465
10 465
10 465
10 465
10 465
10 465
10 465
10 465
10 465
10 465
10 465
10 465
10 465
10 465
34 227
34 227
34 227
34 227
34 227
34 227
34 227
34 227
34 227
61 465
61 465
61 465
61 465
61 465
61 465
61 465
61 465
61 465
61 465
61 465
61 465
61 465
61 465
61 465
61 465
61 465
61 465
61 465
61 465
61 465
61 465
61 465
61 465
61 465
61 465
61 465
61 465
61 465
35 238
35 238
35 238
35 238
35 238
35 238
35 238
35 238
35 238
35 238
35 238
35 238
35 238
35 238
35 238
35 238
35 238
35 238
35 238
35 238
35 238
35 238
35 238
35 238
35 238
35 238
35 238
35 238
36 231
36 231
36 231
36 231
36 231
36 231
36 231
36 231
36 231
36 231
36 231
36 231
36 231
36 231
36 231
36 231
36 231
36 231
36 231
36 231
36 231
36 231
36 231
41 1707
41 1707
41 1707
41 1707
41 1707
41 1707
41 1707
41 1707
41 1707
41 1707
41 1707
41 1707
41 1707
41 1707
41 1707
41 1707
41 1707
41 1707
41 1707
41 1707
41 1707
41 1707
41 1707
41 1707
41 1707
41 1707
41 1707
41 1707
41 1707
41 1707
41 1207
41 1207
41 1207
41 1207
41 1207
41 1207
41 1207
41 1207
41 1207
41 1207
41 1207
41 1207
41 1207
41 1207
41 1207
41 1207
41 1207
41 1207
41 1207
41 1207
41 1207
41 1207
41 1207
41 1207
41 1207
41 1207
41 1207
41 1207
41 1207
41 1207
41 708
41 708
41 708
41 708
41 708
41 708
41 708
41 708
41 708
41 708
41 708
41 708
41 708
41 708
41 708
41 708
41 708
41 708
41 708
41 708
41 708
41 708
41 708
41 708
41 708
41 708
41 708
41 708
41 708
41 708
15 471
15 471
15 471
15 471
15 471
15 471
15 471
15 471
15 471
15 471
15 471
15 471
15 471
15 471
15 471
15 471
15 471
15 471
15 471
15 471
15 471
15 471
15 471
15 471
15 471
15 471
15 471
16 476
16 476
16 476
16 476
16 476
16 476
16 476
16 476
16 476
16 476
16 476
16 476
16 476
16 476
19 482
19 482
19 482
19 482
19 482
19 482
19 482
19 482
19 482
19 482
19 482
19 482
19 482
19 482
19 482
19 482
19 482
23 494
23 494
23 494
23 494
23 494
23 494
23 494
23 494
23 494
23 494
23 494
23 494
23 494
23 494
23 494
23 494
23 494
23 494
39 335
39 335
39 335
39 335
39 335
39 335
39 335
39 335
39 335
39 335
39 335
39 335
39 335
39 335
39 335
39 335
39 335
39 335
39 335
39 335
51 236
41 342
41 342
41 342
41 342
41 342
41 342
41 342
41 342
41 342
41 342
41 342
41 342
41 342
41 342
41 342
41 342
41 342
41 342
41 342
41 342
41 342
41 342
41 342
41 342
41 342
41 342
41 342
41 342
41 342
41 342
47 291
47 291
47 291
47 291
47 291
47 291
47 291
47 291
47 291
47 291
47 291
47 291
47 291
47 291
47 291
47 291
47 291
47 291
47 291
47 291
47 291
47 291
47 291
47 291
47 291
47 291
52 272
52 272
52 272
52 272
52 272
52 272
52 272
52 272
52 272
52 272
52 272
52 272
52 272
52 272
52 272
52 272
52 272
52 272
52 272
52 272
52 272
4 261
4 261
4 261
4 261
4 261
4 261
4 261
4 261
4 261
4 261
4 261
4 261
4 261
4 261
4 261
4 261
4 261
4 261
4 261
4 261
4 261
4 261
4 261
4 261
4 261
54 263
54 263
54 263
54 263
54 263
54 263
54 263
54 263
54 263
54 263
54 263
57 259
57 259
57 259
57 259
57 259
11 237
11 237
59 298
59 298
59 298
17 243
17 243
17 243
17 243
17 243
17 243
17 243
17 243
40 516
40 516
40 516
40 516
40 516
40 516
40 516
40 516
40 516
40 516
40 516
40 516
42 541
42 541
42 541
42 541
42 541
42 541
42 541
42 541
42 541
42 541
42 541
42 541
42 541
42 541
42 541
42 541
14 333
14 333
14 333
14 333
14 333
14 333
14 333
14 333
14 333
14 333
14 333
14 333
14 333
18 294
18 294
18 294
18 294
18 294
18 294
18 294
18 294
18 294
18 294
24 272
24 272
24 272
24 272
31 266
31 266
31 266
31 266
31 266
31 266
33 261
33 261
33 261
33 261
33 261
33 261
33 261
33 261
33 261
33 261
33 261
33 261
33 261
33 261
33 261
55 553
55 553
55 553
55 553
55 553
55 553
55 553
55 553
55 553
55 553
55 553
55 553
55 553
55 553
55 553
55 553
55 553
55 553
55 553
55 553
55 553
55 553
34 266
34 266
34 266
34 266
34 266
34 266
34 266
34 266
34 266
35 269
35 269
35 269
35 269
35 269
35 269
35 269
35 269
35 269
35 269
35 269
35 269
35 269
35 269
35 269
35 269
35 269
35 269
35 269
35 269
35 269
35 269
35 269
35 269
35 269
35 269
35 269
35 269
36 271
36 271
36 271
36 271
36 271
36 271
36 271
36 271
36 271
36 271
36 271
36 271
36 271
36 271
36 271
36 271
36 271
36 271
36 271
36 271
36 271
36 271
36 271
10 557
10 557
10 557
10 557
10 557
10 557
10 557
10 557
10 557
10 557
10 557
10 557
10 557
10 557
10 557
10 557
10 557
10 557
10 557
58 582
58 582
58 582
58 582
58 582
58 582
58 582
58 582
58 582
58 582
58 582
58 582
58 582
58 582
58 582
58 582
58 582
58 582
58 582
58 582
58 582
58 582
58 582
58 582
61 561
61 561
61 561
61 561
61 561
61 561
61 561
61 561
61 561
61 561
61 561
61 561
61 561
61 561
61 561
61 561
61 561
61 561
61 561
61 561
61 561
61 561
61 561
61 561
61 561
61 561
61 561
61 561
61 561
30 376
30 376
30 376
30 376
30 376
30 376
30 376
39 335
39 335
39 335
39 335
39 335
39 335
39 335
39 335
39 335
39 335
39 335
39 335
39 335
39 335
39 335
39 335
39 335
39 335
39 335
39 335
15 581
15 581
15 581
15 581
15 581
15 581
15 581
15 581
15 581
15 581
15 581
15 581
15 581
15 581
15 581
15 581
15 581
15 581
15 581
15 581
15 581
15 581
15 581
15 581
15 581
15 581
15 581
41 325
41 325
41 325
41 325
41 325
41 325
41 325
41 325
41 325
41 325
41 325
41 325
41 325
41 325
41 325
41 325
41 325
41 325
41 325
41 325
41 325
41 325
41 325
41 325
41 325
41 325
41 325
41 325
41 325
41 325
16 578
16 578
16 578
16 578
16 578
16 578
16 578
16 578
16 578
16 578
16 578
16 578
16 578
16 578
51 271
19 595
19 595
19 595
19 595
19 595
19 595
19 595
19 595
19 595
19 595
19 595
19 595
19 595
19 595
19 595
19 595
19 595
47 360
47 360
47 360
47 360
47 360
47 360
47 360
47 360
47 360
47 360
47 360
47 360
47 360
47 360
47 360
47 360
47 360
47 360
47 360
47 360
47 360
47 360
47 360
47 360
47 360
47 360
57 286
57 286
57 286
57 286
57 286
52 339
52 339
52 339
52 339
52 339
52 339
52 339
52 339
52 339
52 339
52 339
52 339
52 339
52 339
52 339
52 339
52 339
52 339
52 339
52 339
52 339
23 632
23 632
23 632
23 632
23 632
23 632
23 632
23 632
23 632
23 632
23 632
23 632
23 632
23 632
23 632
23 632
23 632
23 632
54 334
54 334
54 334
54 334
54 334
54 334
54 334
54 334
54 334
54 334
54 334
4 335
4 335
4 335
4 335
4 335
4 335
4 335
4 335
4 335
4 335
4 335
4 335
4 335
4 335
4 335
4 335
4 335
4 335
4 335
4 335
4 335
4 335
4 335
4 335
4 335
11 338
11 338
59 371
59 371
59 371
17 349
17 349
17 349
17 349
17 349
17 349
17 349
17 349
14 401
14 401
14 401
14 401
14 401
14 401
14 401
14 401
14 401
14 401
14 401
14 401
14 401
40 647
40 647
40 647
40 647
40 647
40 647
40 647
40 647
40 647
40 647
40 647
40 647
24 317
24 317
24 317
24 317
42 648
42 648
42 648
42 648
42 648
42 648
42 648
42 648
42 648
42 648
42 648
42 648
42 648
42 648
42 648
42 648
18 422
18 422
18 422
18 422
18 422
18 422
18 422
18 422
18 422
18 422
31 318
31 318
31 318
31 318
31 318
31 318
33 303
33 303
33 303
33 303
33 303
33 303
33 303
33 303
33 303
33 303
33 303
33 303
33 303
33 303
33 303
34 308
34 308
34 308
34 308
34 308
34 308
34 308
34 308
34 308
35 323
35 323
35 323
35 323
35 323
35 323
35 323
35 323
35 323
35 323
35 323
35 323
35 323
35 323
35 323
35 323
35 323
35 323
35 323
35 323
35 323
35 323
35 323
35 323
35 323
35 323
35 323
35 323
36 318
36 318
36 318
36 318
36 318
36 318
36 318
36 318
36 318
36 318
36 318
36 318
36 318
36 318
36 318
36 318
36 318
36 318
36 318
36 318
36 318
36 318
36 318
30 408
30 408
30 408
30 408
30 408
30 408
30 408
58 678
58 678
58 678
58 678
58 678
58 678
58 678
58 678
58 678
58 678
58 678
58 678
58 678
58 678
58 678
58 678
58 678
58 678
58 678
58 678
58 678
58 678
58 678
58 678
39 375
39 375
39 375
39 375
39 375
39 375
39 375
39 375
39 375
39 375
39 375
39 375
39 375
39 375
39 375
39 375
39 375
39 375
39 375
39 375
10 686
10 686
10 686
10 686
10 686
10 686
10 686
10 686
10 686
10 686
10 686
10 686
10 686
10 686
10 686
10 686
10 686
10 686
10 686
41 389
41 389
41 389
41 389
41 389
41 389
41 389
41 389
41 389
41 389
41 389
41 389
41 389
41 389
41 389
41 389
41 389
41 389
41 389
41 389
41 389
41 389
41 389
41 389
41 389
41 389
41 389
41 389
41 389
41 389
55 760
55 760
55 760
55 760
55 760
55 760
55 760
55 760
55 760
55 760
55 760
55 760
55 760
55 760
55 760
55 760
55 760
55 760
55 760
55 760
55 760
55 760
61 712
61 712
61 712
61 712
61 712
61 712
61 712
61 712
61 712
61 712
61 712
61 712
61 712
61 712
61 712
61 712
61 712
61 712
61 712
61 712
61 712
61 712
61 712
61 712
61 712
61 712
61 712
61 712
61 712
15 711
15 711
15 711
15 711
15 711
15 711
15 711
15 711
15 711
15 711
15 711
15 711
15 711
15 711
15 711
15 711
15 711
15 711
15 711
15 711
15 711
15 711
15 711
15 711
15 711
15 711
15 711
16 733
16 733
16 733
16 733
16 733
16 733
16 733
16 733
16 733
16 733
16 733
16 733
16 733
16 733
51 391
19 734
19 734
19 734
19 734
19 734
19 734
19 734
19 734
19 734
19 734
19 734
19 734
19 734
19 734
19 734
19 734
19 734
23 711
23 711
23 711
23 711
23 711
23 711
23 711
23 711
23 711
23 711
23 711
23 711
23 711
23 711
23 711
23 711
23 711
23 711
47 475
47 475
47 475
47 475
47 475
47 475
47 475
47 475
47 475
47 475
47 475
47 475
47 475
47 475
47 475
47 475
47 475
47 475
47 475
47 475
47 475
47 475
47 475
47 475
47 475
47 475
57 386
57 386
57 386
57 386
57 386
52 467
52 467
52 467
52 467
52 467
52 467
52 467
52 467
52 467
52 467
52 467
52 467
52 467
52 467
52 467
52 467
52 467
52 467
52 467
52 467
52 467
54 459
54 459
54 459
54 459
54 459
54 459
54 459
54 459
54 459
54 459
54 459
4 461
4 461
4 461
4 461
4 461
4 461
4 461
4 461
4 461
4 461
4 461
4 461
4 461
4 461
4 461
4 461
4 461
4 461
4 461
4 461
4 461
4 461
4 461
4 461
4 461
11 396
11 396
59 451
59 451
59 451
14 417
14 417
14 417
14 417
14 417
14 417
14 417
14 417
14 417
14 417
14 417
14 417
14 417
17 413
17 413
17 413
17 413
17 413
17 413
17 413
17 413
40 712
40 712
40 712
40 712
40 712
40 712
40 712
40 712
40 712
40 712
40 712
40 712
18 433
18 433
18 433
18 433
18 433
18 433
18 433
18 433
18 433
18 433
42 720
42 720
42 720
42 720
42 720
42 720
42 720
42 720
42 720
42 720
42 720
42 720
42 720
42 720
42 720
42 720
24 423
24 423
24 423
24 423
30 438
30 438
30 438
30 438
30 438
30 438
30 438
31 458
31 458
31 458
31 458
31 458
31 458
33 494
33 494
33 494
33 494
33 494
33 494
33 494
33 494
33 494
33 494
33 494
33 494
33 494
33 494
33 494
34 486
34 486
34 486
34 486
34 486
34 486
34 486
34 486
34 486
35 491
35 491
35 491
35 491
35 491
35 491
35 491
35 491
35 491
35 491
35 491
35 491
35 491
35 491
35 491
35 491
35 491
35 491
35 491
35 491
35 491
35 491
35 491
35 491
35 491
35 491
35 491
35 491
36 483
36 483
36 483
36 483
36 483
36 483
36 483
36 483
36 483
36 483
36 483
36 483
36 483
36 483
36 483
36 483
36 483
36 483
36 483
36 483
36 483
36 483
36 483
55 810
55 810
55 810
55 810
55 810
55 810
55 810
55 810
55 810
55 810
55 810
55 810
55 810
55 810
55 810
55 810
55 810
55 810
55 810
55 810
55 810
55 810
39 498
39 498
39 498
39 498
39 498
39 498
39 498
39 498
39 498
39 498
39 498
39 498
39 498
39 498
39 498
39 498
39 498
39 498
39 498
39 498
58 810
58 810
58 810
58 810
58 810
58 810
58 810
58 810
58 810
58 810
58 810
58 810
58 810
58 810
58 810
58 810
58 810
58 810
58 810
58 810
58 810
58 810
58 810
58 810
41 491
41 491
41 491
41 491
41 491
41 491
41 491
41 491
41 491
41 491
41 491
41 491
41 491
41 491
41 491
41 491
41 491
41 491
41 491
41 491
41 491
41 491
41 491
41 491
41 491
41 491
41 491
41 491
41 491
41 491
10 810
10 810
10 810
10 810
10 810
10 810
10 810
10 810
10 810
10 810
10 810
10 810
10 810
10 810
10 810
10 810
10 810
10 810
10 810
61 807
61 807
61 807
61 807
61 807
61 807
61 807
61 807
61 807
61 807
61 807
61 807
61 807
61 807
61 807
61 807
61 807
61 807
61 807
61 807
61 807
61 807
61 807
61 807
61 807
61 807
61 807
61 807
61 807
47 464
47 464
47 464
47 464
47 464
47 464
47 464
47 464
47 464
47 464
47 464
47 464
47 464
47 464
47 464
47 464
47 464
47 464
47 464
47 464
47 464
47 464
47 464
47 464
47 464
47 464
51 443
15 812
15 812
15 812
15 812
15 812
15 812
15 812
15 812
15 812
15 812
15 812
15 812
15 812
15 812
15 812
15 812
15 812
15 812
15 812
15 812
15 812
15 812
15 812
15 812
15 812
15 812
15 812
52 450
52 450
52 450
52 450
52 450
52 450
52 450
52 450
52 450
52 450
52 450
52 450
52 450
52 450
52 450
52 450
52 450
52 450
52 450
52 450
52 450
4 479
4 479
4 479
4 479
4 479
4 479
4 479
4 479
4 479
4 479
4 479
4 479
4 479
4 479
4 479
4 479
4 479
4 479
4 479
4 479
4 479
4 479
4 479
4 479
4 479
19 835
19 835
19 835
19 835
19 835
19 835
19 835
19 835
19 835
19 835
19 835
19 835
19 835
19 835
19 835
19 835
19 835
16 865
16 865
16 865
16 865
16 865
16 865
16 865
16 865
16 865
16 865
16 865
16 865
16 865
16 865
57 477
57 477
57 477
57 477
57 477
23 841
23 841
23 841
23 841
23 841
23 841
23 841
23 841
23 841
23 841
23 841
23 841
23 841
23 841
23 841
23 841
23 841
23 841
11 469
11 469
54 552
54 552
54 552
54 552
54 552
54 552
54 552
54 552
54 552
54 552
54 552
59 503
59 503
59 503
14 454
14 454
14 454
14 454
14 454
14 454
14 454
14 454
14 454
14 454
14 454
14 454
14 454
18 489
18 489
18 489
18 489
18 489
18 489
18 489
18 489
18 489
18 489
40 904
40 904
40 904
40 904
40 904
40 904
40 904
40 904
40 904
40 904
40 904
40 904
42 894
42 894
42 894
42 894
42 894
42 894
42 894
42 894
42 894
42 894
42 894
42 894
42 894
42 894
42 894
42 894
39 493
39 493
39 493
39 493
39 493
39 493
39 493
39 493
39 493
39 493
39 493
39 493
39 493
39 493
39 493
39 493
39 493
39 493
39 493
39 493
47 486
47 486
47 486
47 486
47 486
47 486
47 486
47 486
47 486
47 486
47 486
47 486
47 486
47 486
47 486
47 486
47 486
47 486
47 486
47 486
47 486
47 486
47 486
47 486
47 486
47 486
55 945
55 945
55 945
55 945
55 945
55 945
55 945
55 945
55 945
55 945
55 945
55 945
55 945
55 945
55 945
55 945
55 945
55 945
55 945
55 945
55 945
55 945
58 940
58 940
58 940
58 940
58 940
58 940
58 940
58 940
58 940
58 940
58 940
58 940
58 940
58 940
58 940
58 940
58 940
58 940
58 940
58 940
58 940
58 940
58 940
58 940
61 928
61 928
61 928
61 928
61 928
61 928
61 928
61 928
61 928
61 928
61 928
61 928
61 928
61 928
61 928
61 928
61 928
61 928
61 928
61 928
61 928
61 928
61 928
61 928
61 928
61 928
61 928
61 928
61 928
