5 57
5 57
5 57
5 57
5 57
5 57
5 57
5 57
5 57
5 57
5 57
7 39
7 39
7 39
7 39
7 39
7 39
7 39
9 35
9 35
9 35
9 35
9 35
9 35
9 35
9 35
9 35
9 35
9 35
9 35
9 35
9 35
9 35
9 35
12 25
14 32
14 32
14 32
14 32
14 32
15 24
15 24
15 24
15 24
15 24
15 24
15 24
15 24
15 24
15 24
24 8
24 8
24 8
24 8
24 8
24 8
24 8
24 8
24 8
24 8
24 8
24 8
24 8
24 8
24 8
24 8
24 8
24 8
24 8
5 5
5 5
5 5
5 5
5 5
5 5
5 5
5 5
5 5
5 5
5 5
7 8
7 8
7 8
7 8
7 8
7 8
7 8
9 3
9 3
9 3
9 3
9 3
9 3
9 3
9 3
9 3
9 3
9 3
9 3
9 3
9 3
9 3
9 3
12 1
15 15
15 15
15 15
15 15
15 15
15 15
15 15
15 15
15 15
15 15
14 35
14 35
14 35
14 35
14 35
67 26
67 26
24 4
24 4
24 4
24 4
24 4
24 4
24 4
24 4
24 4
24 4
24 4
24 4
24 4
24 4
24 4
24 4
24 4
24 4
24 4
5 3
5 3
5 3
5 3
5 3
5 3
5 3
5 3
5 3
5 3
5 3
7 2
7 2
7 2
7 2
7 2
7 2
7 2
26 828
26 828
26 828
26 329
26 329
26 329
9 9
9 9
9 9
9 9
9 9
9 9
9 9
9 9
9 9
9 9
9 9
9 9
9 9
9 9
9 9
9 9
12 21
14 55
14 55
14 55
14 55
14 55
15 46
15 46
15 46
15 46
15 46
15 46
15 46
15 46
15 46
15 46
67 39
67 39
24 44
24 44
24 44
24 44
24 44
24 44
24 44
24 44
24 44
24 44
24 44
24 44
24 44
24 44
24 44
24 44
24 44
24 44
24 44
26 29
26 29
26 29
5 22
5 22
5 22
5 22
5 22
5 22
5 22
5 22
5 22
5 22
5 22
7 13
7 13
7 13
7 13
7 13
7 13
7 13
9 6
9 6
9 6
9 6
9 6
9 6
9 6
9 6
9 6
9 6
9 6
9 6
9 6
9 6
9 6
9 6
12 2
14 7
14 7
14 7
14 7
14 7
15 5
15 5
15 5
15 5
15 5
15 5
15 5
15 5
15 5
15 5
67 6
67 6
24 25
24 25
24 25
24 25
24 25
24 25
24 25
24 25
24 25
24 25
24 25
24 25
24 25
24 25
24 25
24 25
24 25
24 25
24 25
26 14
26 14
26 14
5 3
5 3
5 3
5 3
5 3
5 3
5 3
5 3
5 3
5 3
5 3
7 22
7 22
7 22
7 22
7 22
7 22
7 22
6 2041
6 2041
6 2041
6 2041
6 2041
6 2041
6 1541
6 1541
6 1541
6 1541
6 1541
6 1541
6 1042
6 1042
6 1042
6 1042
6 1042
6 1042
9 28
9 28
9 28
9 28
9 28
9 28
9 28
9 28
9 28
9 28
9 28
9 28
9 28
9 28
9 28
9 28
12 15
14 10
14 10
14 10
14 10
14 10
15 7
15 7
15 7
15 7
15 7
15 7
15 7
15 7
15 7
15 7
67 10
67 10
24 37
24 37
24 37
24 37
24 37
24 37
24 37
24 37
24 37
24 37
24 37
24 37
24 37
24 37
24 37
24 37
24 37
24 37
24 37
26 20
26 20
26 20
5 12
5 12
5 12
5 12
5 12
5 12
5 12
5 12
5 12
5 12
5 12
7 16
7 16
7 16
7 16
7 16
7 16
7 16
6 42
6 42
6 42
6 42
6 42
6 42
9 26
9 26
9 26
9 26
9 26
9 26
9 26
9 26
9 26
9 26
9 26
9 26
9 26
9 26
9 26
9 26
12 28
14 45
14 45
14 45
14 45
14 45
15 51
15 51
15 51
15 51
15 51
15 51
15 51
15 51
15 51
15 51
67 35
67 35
24 17
24 17
24 17
24 17
24 17
24 17
24 17
24 17
24 17
24 17
24 17
24 17
24 17
24 17
24 17
24 17
24 17
24 17
24 17
26 6
26 6
26 6
5 3
5 3
5 3
5 3
5 3
5 3
5 3
5 3
5 3
5 3
5 3
6 5
6 5
6 5
6 5
6 5
6 5
7 6
7 6
7 6
7 6
7 6
7 6
7 6
9 9
9 9
9 9
9 9
9 9
9 9
9 9
9 9
9 9
9 9
9 9
9 9
9 9
9 9
9 9
9 9
12 2
14 9
14 9
14 9
14 9
14 9
15 36
15 36
15 36
15 36
15 36
15 36
15 36
15 36
15 36
15 36
67 25
67 25
24 4
24 4
24 4
24 4
24 4
24 4
24 4
24 4
24 4
24 4
24 4
24 4
24 4
24 4
24 4
24 4
24 4
24 4
24 4
26 1
26 1
26 1
5 17
5 17
5 17
5 17
5 17
5 17
5 17
5 17
5 17
5 17
5 17
6 9
6 9
6 9
6 9
6 9
6 9
7 3
7 3
7 3
7 3
7 3
7 3
7 3
9 3
9 3
9 3
9 3
9 3
9 3
9 3
9 3
9 3
9 3
9 3
9 3
9 3
9 3
9 3
9 3
12 1
15 17
15 17
15 17
15 17
15 17
15 17
15 17
15 17
15 17
15 17
14 29
14 29
14 29
14 29
14 29
67 39
67 39
24 40
24 40
24 40
24 40
24 40
24 40
24 40
24 40
24 40
24 40
24 40
24 40
24 40
24 40
24 40
24 40
24 40
24 40
24 40
26 29
26 29
26 29
67 4
67 4
