1 1 3 13.5688 -97.6984
2 3 3 -41.3073 -26.8201
3 1 3 -92.4077 71.9062
4 2 3 -57.5283 -53.9965
5 3 3 18.444 50.9991
6 4 3 29.8466 10.0875
7 1 2 -98.8736 -36.8371
8 3 3 -80.2901 36.032
9 1 2 -31.6382 98.2683
10 2 2 73.8915 -36.5953
11 1 2 16.2488 29.1091
12 2 2 26.878 -65.1062
13 1 2 -58.0283 -28.9387
14 3 3 36.477 -65.365
15 2 2 17.0396 -13.9064
16 2 2 66.6537 -69.3711
17 1 2 -20.3052 71.4387
18 3 3 -39.8487 -11.3973
19 2 2 9.35279 -22.8921
20 2 2 79.0831 22.9316
21 2 2 52.0177 -29.0953
22 1 2 23.9752 32.9239
23 2 2 -15.198 -38.3407
24 2 2 14.4237 -85.8705
25 3 3 -85.1454 -8.75057
26 1 2 -77.5867 73.0448
27 1 2 89.4803 -41.855
28 1 2 23.8798 97.0666
29 1 2 -18.363 98.6495
30 2 2 -0.0518241 -14.3891
31 1 2 8.62289 -5.93117
32 4 1 -39.8964 -81.5953
33 3 3 69.6957 14.6553
34 4 1 -75.8401 -17.0009
35 4 1 -51.019 -70.6277
36 4 1 55.6351 40.8929
37 3 3 89.5238 56.3989
38 2 1 -7.66356 49.9416
39 1 1 -89.3367 -87.1801
40 3 3 -72.1794 79.4218
41 2 1 -60.6559 1.30084
42 3 3 -70.7728 -32.0532
43 3 3 93.1252 -67.9627
44 2 1 -66.7863 68.3157
45 2 1 -67.7819 3.5483
46 1 1 11.1598 -5.8153
47 1 1 -7.0025 -79.0286
48 4 1 21.7243 13.6477
49 2 1 43.3333 82.14
50 2 1 95.9415 -45.1826
51 2 1 94.3692 -70.3896
52 1 1 0.787329 -38.1284
53 2 1 62.1326 80.3634
54 1 1 67.3761 -68.4987
55 3 3 -51.1975 -10.0911
56 1 1 -11.4523 -46.265
57 3 3 -67.5511 -74.2791
58 3 3 38.3994 -31.1929
59 3 3 96.7026 28.2274
60 1 1 16.56 -81.3297
61 3 3 -92.4561 -65.9526
62 3 3 24.3996 -96.7262
63 2 1 66.6085 31.4767
64 4 1 41.5255 24.3757
