16 180
16 180
16 180
16 180
16 180
16 180
16 180
16 180
16 180
16 180
16 180
16 180
13 210
13 210
13 210
13 210
13 210
13 210
15 198
15 198
15 198
15 198
15 198
15 198
15 198
15 198
15 198
51 157
51 157
51 157
51 157
51 157
51 157
51 157
51 157
51 157
51 157
51 157
51 157
51 157
51 157
51 157
51 157
51 157
51 157
51 157
51 157
51 157
51 157
51 157
51 157
51 157
51 157
51 157
48 267
48 267
48 267
48 267
48 267
48 267
48 267
48 267
48 267
48 267
48 267
48 267
48 267
48 267
48 267
48 267
48 267
48 267
48 267
48 267
48 267
48 267
48 267
48 267
48 267
48 267
48 267
48 267
59 255
59 255
59 255
59 255
59 255
59 255
59 255
59 255
59 255
59 255
59 255
59 255
59 255
59 255
59 255
59 255
59 255
59 255
59 255
59 255
13 284
13 284
13 284
13 284
13 284
13 284
16 259
16 259
16 259
16 259
16 259
16 259
16 259
16 259
16 259
16 259
16 259
16 259
61 317
61 317
61 317
61 317
61 317
61 317
61 317
61 317
61 317
61 317
61 317
61 317
61 317
61 317
61 317
61 317
61 317
61 317
61 317
61 317
61 317
61 317
61 317
61 317
61 317
15 282
15 282
15 282
15 282
15 282
15 282
15 282
15 282
15 282
64 330
64 330
64 330
64 330
64 330
64 330
64 330
64 330
64 330
64 330
64 330
64 330
64 330
64 330
64 330
64 330
65 326
65 326
65 326
65 326
65 326
65 326
65 326
65 326
65 326
65 326
65 326
65 326
65 326
65 326
65 326
65 326
65 326
65 326
65 326
65 326
65 326
65 326
65 326
92 391
92 391
92 391
92 391
92 391
92 391
92 391
92 391
92 391
92 391
92 391
92 391
92 391
92 391
92 391
92 391
92 391
92 391
92 391
92 391
92 391
92 391
92 391
92 391
92 391
92 391
93 391
93 391
93 391
93 391
50 829
50 829
50 829
50 829
50 829
50 829
50 829
50 829
50 829
50 829
50 829
50 829
50 829
50 829
50 829
50 829
50 829
50 829
50 829
50 829
50 829
50 829
89 439
89 439
89 439
89 439
89 439
89 439
89 439
89 439
86 488
86 488
86 488
86 488
86 488
86 488
86 488
48 426
48 426
48 426
48 426
48 426
48 426
48 426
48 426
48 426
48 426
48 426
48 426
48 426
48 426
48 426
48 426
48 426
48 426
48 426
48 426
48 426
48 426
48 426
48 426
48 426
48 426
48 426
48 426
51 428
51 428
51 428
51 428
51 428
51 428
51 428
51 428
51 428
51 428
51 428
51 428
51 428
51 428
51 428
51 428
51 428
51 428
51 428
51 428
51 428
51 428
51 428
51 428
51 428
51 428
51 428
97 475
97 475
97 475
97 475
97 475
97 475
97 475
97 475
97 475
97 475
97 475
97 475
97 475
97 475
97 475
97 475
97 475
97 475
97 475
97 475
97 475
97 475
97 475
97 475
97 475
97 475
97 475
97 475
97 475
22 1227
22 1227
22 1227
22 1227
22 1227
22 1227
22 1227
22 1227
22 1227
22 1227
22 729
22 729
22 729
22 729
22 729
22 729
22 729
22 729
22 729
22 729
74 709
74 709
74 709
74 709
74 709
74 709
74 709
74 709
74 709
74 709
74 709
23 1220
23 1220
23 1220
23 1220
23 1220
23 1220
23 1220
23 1220
23 1220
23 1220
23 1220
23 1220
23 1220
23 1220
23 1220
23 722
23 722
23 722
23 722
23 722
23 722
23 722
23 722
23 722
23 722
23 722
23 722
23 722
23 722
23 722
50 455
50 455
50 455
50 455
50 455
50 455
50 455
50 455
50 455
50 455
50 455
50 455
50 455
50 455
50 455
50 455
50 455
50 455
50 455
50 455
50 455
50 455
102 487
102 487
102 487
102 487
102 487
102 487
102 487
102 487
102 487
102 487
102 487
102 487
102 487
102 487
102 487
102 487
102 487
102 487
102 487
102 487
102 487
102 487
102 487
102 487
102 487
102 487
102 487
102 487
102 487
102 487
106 515
106 515
106 515
106 515
106 515
106 515
106 515
106 515
106 515
106 515
106 515
106 515
106 515
106 515
59 486
59 486
59 486
59 486
59 486
59 486
59 486
59 486
59 486
59 486
59 486
59 486
59 486
59 486
59 486
59 486
59 486
59 486
59 486
59 486
64 458
64 458
64 458
64 458
64 458
64 458
64 458
64 458
64 458
64 458
64 458
64 458
64 458
64 458
64 458
64 458
15 468
15 468
15 468
15 468
15 468
15 468
15 468
15 468
15 468
13 566
13 566
13 566
13 566
13 566
13 566
61 596
61 596
61 596
61 596
61 596
61 596
61 596
61 596
61 596
61 596
61 596
61 596
61 596
61 596
61 596
61 596
61 596
61 596
61 596
61 596
61 596
61 596
61 596
61 596
61 596
22 501
22 501
22 501
22 501
22 501
22 501
22 501
22 501
22 501
22 501
23 518
23 518
23 518
23 518
23 518
23 518
23 518
23 518
23 518
23 518
23 518
23 518
23 518
23 518
23 518
16 590
16 590
16 590
16 590
16 590
16 590
16 590
16 590
16 590
16 590
16 590
16 590
74 569
74 569
74 569
74 569
74 569
74 569
74 569
74 569
74 569
74 569
74 569
65 747
65 747
65 747
65 747
65 747
65 747
65 747
65 747
65 747
65 747
65 747
65 747
65 747
65 747
65 747
65 747
65 747
65 747
65 747
65 747
65 747
65 747
65 747
86 596
86 596
86 596
86 596
86 596
86 596
86 596
89 625
89 625
89 625
89 625
89 625
89 625
89 625
89 625
92 616
92 616
92 616
92 616
92 616
92 616
92 616
92 616
92 616
92 616
92 616
92 616
92 616
92 616
92 616
92 616
92 616
92 616
92 616
92 616
92 616
92 616
92 616
92 616
92 616
92 616
93 637
93 637
93 637
93 637
97 649
97 649
97 649
97 649
97 649
97 649
97 649
97 649
97 649
97 649
97 649
97 649
97 649
97 649
97 649
97 649
97 649
97 649
97 649
97 649
97 649
97 649
97 649
97 649
97 649
97 649
97 649
97 649
97 649
50 648
50 648
50 648
50 648
50 648
50 648
50 648
50 648
50 648
50 648
50 648
50 648
50 648
50 648
50 648
50 648
50 648
50 648
50 648
50 648
50 648
50 648
102 818
102 818
102 818
102 818
102 818
102 818
102 818
102 818
102 818
102 818
102 818
102 818
102 818
102 818
102 818
102 818
102 818
102 818
102 818
102 818
102 818
102 818
102 818
102 818
102 818
102 818
102 818
102 818
102 818
102 818
48 892
48 892
48 892
48 892
48 892
48 892
48 892
48 892
48 892
48 892
48 892
48 892
48 892
48 892
48 892
48 892
48 892
48 892
48 892
48 892
48 892
48 892
48 892
48 892
48 892
48 892
48 892
48 892
51 864
51 864
51 864
51 864
51 864
51 864
51 864
51 864
51 864
51 864
51 864
51 864
51 864
51 864
51 864
51 864
51 864
51 864
51 864
51 864
51 864
51 864
51 864
51 864
51 864
51 864
51 864
59 784
59 784
59 784
59 784
59 784
59 784
59 784
59 784
59 784
59 784
59 784
59 784
59 784
59 784
59 784
59 784
59 784
59 784
59 784
59 784
13 745
13 745
13 745
13 745
13 745
13 745
106 846
106 846
106 846
106 846
106 846
106 846
106 846
106 846
106 846
106 846
106 846
106 846
106 846
106 846
64 775
64 775
64 775
64 775
64 775
64 775
64 775
64 775
64 775
64 775
64 775
64 775
64 775
64 775
64 775
64 775
65 773
65 773
65 773
65 773
65 773
65 773
65 773
65 773
65 773
65 773
65 773
65 773
65 773
65 773
65 773
65 773
65 773
65 773
65 773
65 773
65 773
65 773
65 773
15 779
15 779
15 779
15 779
15 779
15 779
15 779
15 779
15 779
16 783
16 783
16 783
16 783
16 783
16 783
16 783
16 783
16 783
16 783
16 783
16 783
22 797
22 797
22 797
22 797
22 797
22 797
22 797
22 797
22 797
22 797
23 787
23 787
23 787
23 787
23 787
23 787
23 787
23 787
23 787
23 787
23 787
23 787
23 787
23 787
23 787
61 937
61 937
61 937
61 937
61 937
61 937
61 937
61 937
61 937
61 937
61 937
61 937
61 937
61 937
61 937
61 937
61 937
61 937
61 937
61 937
61 937
61 937
61 937
61 937
61 937
74 815
74 815
74 815
74 815
74 815
74 815
74 815
74 815
74 815
74 815
74 815
86 815
86 815
86 815
86 815
86 815
86 815
86 815
89 875
89 875
89 875
89 875
89 875
89 875
89 875
89 875
97 916
97 916
97 916
97 916
97 916
97 916
97 916
97 916
97 916
97 916
97 916
97 916
97 916
97 916
97 916
97 916
97 916
97 916
97 916
97 916
97 916
97 916
97 916
97 916
97 916
97 916
97 916
97 916
97 916
48 920
48 920
48 920
48 920
48 920
48 920
48 920
48 920
48 920
48 920
48 920
48 920
48 920
48 920
48 920
48 920
48 920
48 920
48 920
48 920
48 920
48 920
48 920
48 920
48 920
48 920
48 920
48 920
92 997
92 997
92 997
92 997
92 997
92 997
92 997
92 997
92 997
92 997
92 997
92 997
92 997
92 997
92 997
92 997
92 997
92 997
92 997
92 997
92 997
92 997
92 997
92 997
92 997
92 997
50 944
50 944
50 944
50 944
50 944
50 944
50 944
50 944
50 944
50 944
50 944
50 944
50 944
50 944
50 944
50 944
50 944
50 944
50 944
50 944
50 944
50 944
51 946
51 946
51 946
51 946
51 946
51 946
51 946
51 946
51 946
51 946
51 946
51 946
51 946
51 946
51 946
51 946
51 946
51 946
51 946
51 946
51 946
51 946
51 946
51 946
51 946
51 946
51 946
102 982
102 982
102 982
102 982
102 982
102 982
102 982
102 982
102 982
102 982
102 982
102 982
102 982
102 982
102 982
102 982
102 982
102 982
102 982
102 982
102 982
102 982
102 982
102 982
102 982
102 982
102 982
102 982
102 982
102 982
93 1076
93 1076
93 1076
93 1076
106 1029
106 1029
106 1029
106 1029
106 1029
106 1029
106 1029
106 1029
106 1029
106 1029
106 1029
106 1029
106 1029
106 1029
13 1015
13 1015
13 1015
13 1015
13 1015
13 1015
64 1040
64 1040
64 1040
64 1040
64 1040
64 1040
64 1040
64 1040
64 1040
64 1040
64 1040
64 1040
64 1040
64 1040
64 1040
64 1040
22 980
22 980
22 980
22 980
22 980
22 980
22 980
22 980
22 980
22 980
23 979
23 979
23 979
23 979
23 979
23 979
23 979
23 979
23 979
23 979
23 979
23 979
23 979
23 979
23 979
59 1133
59 1133
59 1133
59 1133
59 1133
59 1133
59 1133
59 1133
59 1133
59 1133
59 1133
59 1133
59 1133
59 1133
59 1133
59 1133
59 1133
59 1133
59 1133
59 1133
65 1076
65 1076
65 1076
65 1076
65 1076
65 1076
65 1076
65 1076
65 1076
65 1076
65 1076
65 1076
65 1076
65 1076
65 1076
65 1076
65 1076
65 1076
65 1076
65 1076
65 1076
65 1076
65 1076
15 1079
15 1079
15 1079
15 1079
15 1079
15 1079
15 1079
15 1079
15 1079
61 1120
61 1120
61 1120
61 1120
61 1120
61 1120
61 1120
61 1120
61 1120
61 1120
61 1120
61 1120
61 1120
61 1120
61 1120
61 1120
61 1120
61 1120
61 1120
61 1120
61 1120
61 1120
61 1120
61 1120
61 1120
16 1070
16 1070
16 1070
16 1070
16 1070
16 1070
16 1070
16 1070
16 1070
16 1070
16 1070
16 1070
86 1055
86 1055
86 1055
86 1055
86 1055
86 1055
86 1055
74 1224
74 1224
74 1224
74 1224
74 1224
74 1224
74 1224
74 1224
74 1224
74 1224
74 1224
89 1100
89 1100
89 1100
89 1100
89 1100
89 1100
89 1100
89 1100
92 1109
92 1109
92 1109
92 1109
92 1109
92 1109
92 1109
92 1109
92 1109
92 1109
92 1109
92 1109
92 1109
92 1109
92 1109
92 1109
92 1109
92 1109
92 1109
92 1109
92 1109
92 1109
92 1109
92 1109
92 1109
92 1109
93 1138
93 1138
93 1138
93 1138
97 1127
97 1127
97 1127
97 1127
97 1127
97 1127
97 1127
97 1127
97 1127
97 1127
97 1127
97 1127
97 1127
97 1127
97 1127
97 1127
97 1127
97 1127
97 1127
97 1127
97 1127
97 1127
97 1127
97 1127
97 1127
97 1127
97 1127
97 1127
97 1127
102 1220
102 1220
102 1220
102 1220
102 1220
102 1220
102 1220
102 1220
102 1220
102 1220
102 1220
102 1220
102 1220
102 1220
102 1220
102 1220
102 1220
102 1220
102 1220
102 1220
102 1220
102 1220
102 1220
102 1220
102 1220
102 1220
102 1220
102 1220
102 1220
102 1220
50 1293
50 1293
50 1293
50 1293
50 1293
50 1293
50 1293
50 1293
50 1293
50 1293
50 1293
50 1293
50 1293
50 1293
50 1293
50 1293
50 1293
50 1293
50 1293
50 1293
50 1293
50 1293
106 1238
106 1238
106 1238
106 1238
106 1238
106 1238
106 1238
106 1238
106 1238
106 1238
106 1238
106 1238
106 1238
106 1238
51 1293
51 1293
51 1293
51 1293
51 1293
51 1293
51 1293
51 1293
51 1293
51 1293
51 1293
51 1293
51 1293
51 1293
51 1293
51 1293
51 1293
51 1293
51 1293
51 1293
51 1293
51 1293
51 1293
51 1293
51 1293
51 1293
51 1293
48 1324
48 1324
48 1324
48 1324
48 1324
48 1324
48 1324
48 1324
48 1324
48 1324
48 1324
48 1324
48 1324
48 1324
48 1324
48 1324
48 1324
48 1324
48 1324
48 1324
48 1324
48 1324
48 1324
48 1324
48 1324
48 1324
48 1324
48 1324
13 1274
13 1274
13 1274
13 1274
13 1274
13 1274
15 1283
15 1283
15 1283
15 1283
15 1283
15 1283
15 1283
15 1283
15 1283
64 1302
64 1302
64 1302
64 1302
64 1302
64 1302
64 1302
64 1302
64 1302
64 1302
64 1302
64 1302
64 1302
64 1302
64 1302
64 1302
59 1417
59 1417
59 1417
59 1417
59 1417
59 1417
59 1417
59 1417
59 1417
59 1417
59 1417
59 1417
59 1417
59 1417
59 1417
59 1417
59 1417
59 1417
59 1417
59 1417
22 1291
22 1291
22 1291
22 1291
22 1291
22 1291
22 1291
22 1291
22 1291
22 1291
61 1418
61 1418
61 1418
61 1418
61 1418
61 1418
61 1418
61 1418
61 1418
61 1418
61 1418
61 1418
61 1418
61 1418
61 1418
61 1418
61 1418
61 1418
61 1418
61 1418
61 1418
61 1418
61 1418
61 1418
61 1418
74 1308
74 1308
74 1308
74 1308
74 1308
74 1308
74 1308
74 1308
74 1308
74 1308
74 1308
23 1330
23 1330
23 1330
23 1330
23 1330
23 1330
23 1330
23 1330
23 1330
23 1330
23 1330
23 1330
23 1330
23 1330
23 1330
65 1422
65 1422
65 1422
65 1422
65 1422
65 1422
65 1422
65 1422
65 1422
65 1422
65 1422
65 1422
65 1422
65 1422
65 1422
65 1422
65 1422
65 1422
65 1422
65 1422
65 1422
65 1422
65 1422
86 1447
86 1447
86 1447
86 1447
86 1447
86 1447
86 1447
89 1417
89 1417
89 1417
89 1417
89 1417
89 1417
89 1417
89 1417
97 1419
97 1419
97 1419
97 1419
97 1419
97 1419
97 1419
97 1419
97 1419
97 1419
97 1419
97 1419
97 1419
97 1419
97 1419
97 1419
97 1419
97 1419
97 1419
97 1419
97 1419
97 1419
97 1419
97 1419
97 1419
97 1419
97 1419
97 1419
97 1419
102 1397
102 1397
102 1397
102 1397
102 1397
102 1397
102 1397
102 1397
102 1397
102 1397
102 1397
102 1397
102 1397
102 1397
102 1397
102 1397
102 1397
102 1397
102 1397
102 1397
102 1397
102 1397
102 1397
102 1397
102 1397
102 1397
102 1397
102 1397
102 1397
102 1397
92 1540
92 1540
92 1540
92 1540
92 1540
92 1540
92 1540
92 1540
92 1540
92 1540
92 1540
92 1540
92 1540
92 1540
92 1540
92 1540
92 1540
92 1540
92 1540
92 1540
92 1540
92 1540
92 1540
92 1540
92 1540
92 1540
51 1452
51 1452
51 1452
51 1452
51 1452
51 1452
51 1452
51 1452
51 1452
51 1452
51 1452
51 1452
51 1452
51 1452
51 1452
51 1452
51 1452
51 1452
51 1452
51 1452
51 1452
51 1452
51 1452
51 1452
51 1452
51 1452
51 1452
106 1428
106 1428
106 1428
106 1428
106 1428
106 1428
106 1428
106 1428
106 1428
106 1428
106 1428
106 1428
106 1428
106 1428
59 1472
59 1472
59 1472
59 1472
59 1472
59 1472
59 1472
59 1472
59 1472
59 1472
59 1472
59 1472
59 1472
59 1472
59 1472
59 1472
59 1472
59 1472
59 1472
59 1472
93 1682
93 1682
93 1682
93 1682
