5 188
5 188
5 188
5 188
5 188
7 308
7 308
7 308
7 308
7 308
7 308
7 308
7 308
7 308
7 308
7 308
7 308
7 308
7 308
7 308
7 308
7 308
7 308
7 308
7 308
7 308
7 308
7 308
7 308
7 308
7 308
28 205
28 205
28 205
28 205
28 205
28 205
28 205
28 205
28 205
28 205
28 205
28 205
28 205
28 205
28 205
28 205
28 205
28 205
28 205
28 205
28 205
28 205
28 205
28 205
28 205
28 205
28 205
28 205
28 205
5 300
5 300
5 300
5 300
5 300
7 332
7 332
7 332
7 332
7 332
7 332
7 332
7 332
7 332
7 332
7 332
7 332
7 332
7 332
7 332
7 332
7 332
7 332
7 332
7 332
7 332
7 332
7 332
7 332
7 332
7 332
56 451
56 451
56 451
56 451
56 451
56 451
56 451
56 451
56 451
56 451
56 451
56 451
56 451
56 451
56 451
56 451
56 451
56 451
56 451
61 586
61 586
61 586
61 586
61 586
61 586
61 586
61 586
61 586
61 586
61 586
61 586
61 586
61 586
61 586
28 707
28 707
28 707
28 707
28 707
28 707
28 707
28 707
28 707
28 707
28 707
28 707
28 707
28 707
28 707
28 707
28 707
28 707
28 707
28 707
28 707
28 707
28 707
28 707
28 707
28 707
28 707
28 707
28 707
5 711
5 711
5 711
5 711
5 711
56 721
56 721
56 721
56 721
56 721
56 721
56 721
56 721
56 721
56 721
56 721
56 721
56 721
56 721
56 721
56 721
56 721
56 721
56 721
7 743
7 743
7 743
7 743
7 743
7 743
7 743
7 743
7 743
7 743
7 743
7 743
7 743
7 743
7 743
7 743
7 743
7 743
7 743
7 743
7 743
7 743
7 743
7 743
7 743
7 743
27 1898
27 1898
27 1898
27 1898
27 1898
27 1898
27 1898
27 1898
27 1420
27 1420
27 1420
27 1420
27 1420
27 1420
27 1420
27 1420
27 1106
27 1106
27 1106
27 1106
27 1106
27 1106
27 1106
27 1106
22 2157
22 2157
22 2157
22 2157
22 2157
22 2157
22 2157
22 2157
22 2157
22 2157
22 2157
22 2157
22 2157
22 1821
22 1821
22 1821
22 1821
22 1821
22 1821
22 1821
22 1821
22 1821
22 1821
22 1821
22 1821
22 1821
22 1431
22 1431
22 1431
22 1431
22 1431
22 1431
22 1431
22 1431
22 1431
22 1431
22 1431
22 1431
22 1431
15 2510
15 2510
15 2510
15 2510
15 2510
15 2510
15 2510
15 2510
15 2510
15 2510
15 2510
15 2510
15 2510
15 2510
15 2510
15 2510
15 2510
15 2510
15 2510
15 2510
15 2510
15 2510
15 2510
15 2510
15 2018
15 2018
15 2018
15 2018
15 2018
15 2018
15 2018
15 2018
15 2018
15 2018
15 2018
15 2018
15 2018
15 2018
15 2018
15 2018
15 2018
15 2018
15 2018
15 2018
15 2018
15 2018
15 2018
15 2018
61 1564
61 1564
61 1564
61 1564
61 1564
61 1564
61 1564
61 1564
61 1564
61 1564
61 1564
61 1564
61 1564
61 1564
61 1564
28 1394
28 1394
28 1394
28 1394
28 1394
28 1394
28 1394
28 1394
28 1394
28 1394
28 1394
28 1394
28 1394
28 1394
28 1394
28 1394
28 1394
28 1394
28 1394
28 1394
28 1394
28 1394
28 1394
28 1394
28 1394
28 1394
28 1394
28 1394
28 1394
5 1127
5 1127
5 1127
5 1127
5 1127
9 1150
9 1150
9 1150
9 1150
7 1189
7 1189
7 1189
7 1189
7 1189
7 1189
7 1189
7 1189
7 1189
7 1189
7 1189
7 1189
7 1189
7 1189
7 1189
7 1189
7 1189
7 1189
7 1189
7 1189
7 1189
7 1189
7 1189
7 1189
7 1189
7 1189
61 1151
61 1151
61 1151
61 1151
61 1151
61 1151
61 1151
61 1151
61 1151
61 1151
61 1151
61 1151
61 1151
61 1151
61 1151
56 1247
56 1247
56 1247
56 1247
56 1247
56 1247
56 1247
56 1247
56 1247
56 1247
56 1247
56 1247
56 1247
56 1247
56 1247
56 1247
56 1247
56 1247
56 1247
22 1187
22 1187
22 1187
22 1187
22 1187
22 1187
22 1187
22 1187
22 1187
22 1187
22 1187
22 1187
22 1187
27 1220
27 1220
27 1220
27 1220
27 1220
27 1220
27 1220
27 1220
15 1450
15 1450
15 1450
15 1450
15 1450
15 1450
15 1450
15 1450
15 1450
15 1450
15 1450
15 1450
15 1450
15 1450
15 1450
15 1450
15 1450
15 1450
15 1450
15 1450
15 1450
15 1450
15 1450
15 1450
9 1378
9 1378
9 1378
9 1378
7 1511
7 1511
7 1511
7 1511
7 1511
7 1511
7 1511
7 1511
7 1511
7 1511
7 1511
7 1511
7 1511
7 1511
7 1511
7 1511
7 1511
7 1511
7 1511
7 1511
7 1511
7 1511
7 1511
7 1511
7 1511
7 1511
56 1542
56 1542
56 1542
56 1542
56 1542
56 1542
56 1542
56 1542
56 1542
56 1542
56 1542
56 1542
56 1542
56 1542
56 1542
56 1542
56 1542
56 1542
56 1542
61 1495
61 1495
61 1495
61 1495
61 1495
61 1495
61 1495
61 1495
61 1495
61 1495
61 1495
61 1495
61 1495
61 1495
61 1495
15 1456
15 1456
15 1456
15 1456
15 1456
15 1456
15 1456
15 1456
15 1456
15 1456
15 1456
15 1456
15 1456
15 1456
15 1456
15 1456
15 1456
15 1456
15 1456
15 1456
15 1456
15 1456
15 1456
15 1456
22 1533
22 1533
22 1533
22 1533
22 1533
22 1533
22 1533
22 1533
22 1533
22 1533
22 1533
22 1533
22 1533
27 1490
27 1490
27 1490
27 1490
27 1490
27 1490
27 1490
27 1490
5 1776
5 1776
5 1776
5 1776
5 1776
56 1913
56 1913
56 1913
56 1913
56 1913
56 1913
56 1913
56 1913
56 1913
56 1913
56 1913
56 1913
56 1913
56 1913
56 1913
56 1913
56 1913
56 1913
56 1913
