9 459
9 459
9 459
9 459
9 459
24 317
24 317
24 317
24 317
24 317
24 317
24 317
24 317
24 317
45 468
45 468
45 468
45 468
45 468
45 468
45 468
45 468
45 468
45 468
45 468
45 468
45 468
45 468
9 642
9 642
9 642
9 642
9 642
69 725
69 725
69 725
69 725
69 725
69 725
69 725
69 725
69 725
69 725
69 725
69 725
69 725
69 725
69 725
69 725
69 725
69 725
69 725
69 725
69 725
69 725
69 725
69 725
69 725
69 725
69 725
69 725
69 725
70 755
70 755
70 755
24 797
24 797
24 797
24 797
24 797
24 797
24 797
24 797
24 797
76 1013
76 1013
76 1013
76 1013
76 1013
76 1013
76 1013
76 1013
76 1013
76 1013
76 1013
76 1013
76 1013
76 1013
76 1013
76 1013
76 1013
76 1013
76 1013
76 1013
76 1013
76 1013
76 1013
76 1013
76 1013
76 1013
76 1013
92 1020
92 1020
92 1020
92 1020
92 1020
92 1020
92 1020
92 1020
45 1018
45 1018
45 1018
45 1018
45 1018
45 1018
45 1018
45 1018
45 1018
45 1018
45 1018
45 1018
45 1018
45 1018
9 1135
9 1135
9 1135
9 1135
9 1135
24 1251
24 1251
24 1251
24 1251
24 1251
24 1251
24 1251
24 1251
24 1251
76 1281
76 1281
76 1281
76 1281
76 1281
76 1281
76 1281
76 1281
76 1281
76 1281
76 1281
76 1281
76 1281
76 1281
76 1281
76 1281
76 1281
76 1281
76 1281
76 1281
76 1281
76 1281
76 1281
76 1281
76 1281
76 1281
76 1281
69 1383
69 1383
69 1383
69 1383
69 1383
69 1383
69 1383
69 1383
69 1383
69 1383
69 1383
69 1383
69 1383
69 1383
69 1383
69 1383
69 1383
69 1383
69 1383
69 1383
69 1383
69 1383
69 1383
69 1383
69 1383
69 1383
69 1383
69 1383
69 1383
70 1422
70 1422
70 1422
85 1890
85 1890
85 1890
85 1890
85 1890
85 1890
85 1890
85 1890
85 1890
85 1890
85 1890
85 1890
85 1890
85 1890
85 1890
85 1890
85 1890
83 1911
83 1911
83 1911
83 1911
83 1911
83 1911
83 1412
83 1412
83 1412
83 1412
83 1412
83 1412
120 1543
120 1543
120 1543
120 1543
120 1543
120 1543
120 1543
120 1543
120 1543
120 1543
120 1543
120 1543
120 1543
120 1543
120 1543
120 1543
120 1543
120 1543
120 1543
120 1543
120 1543
120 1543
120 1543
120 1543
120 1543
85 1543
85 1543
85 1543
85 1543
85 1543
85 1543
85 1543
85 1543
85 1543
85 1543
85 1543
85 1543
85 1543
85 1543
85 1543
85 1543
85 1543
92 1515
92 1515
92 1515
92 1515
92 1515
92 1515
92 1515
92 1515
45 1569
45 1569
45 1569
45 1569
45 1569
45 1569
45 1569
45 1569
45 1569
45 1569
45 1569
45 1569
45 1569
45 1569
9 1732
9 1732
9 1732
9 1732
9 1732
69 1834
69 1834
69 1834
69 1834
69 1834
69 1834
69 1834
69 1834
69 1834
69 1834
69 1834
69 1834
69 1834
69 1834
69 1834
69 1834
69 1834
69 1834
69 1834
69 1834
69 1834
69 1834
69 1834
69 1834
69 1834
69 1834
69 1834
69 1834
69 1834
120 1849
120 1849
120 1849
120 1849
120 1849
120 1849
120 1849
120 1849
120 1849
120 1849
120 1849
120 1849
120 1849
120 1849
120 1849
120 1849
120 1849
120 1849
120 1849
120 1849
120 1849
120 1849
120 1849
120 1849
120 1849
70 1864
70 1864
70 1864
24 1882
24 1882
24 1882
24 1882
24 1882
24 1882
24 1882
24 1882
24 1882
49 3158
49 3158
49 3158
49 3158
49 3158
49 3158
49 3158
49 3158
49 3158
49 3158
49 3158
49 3158
49 3158
49 3158
49 3158
49 3158
49 3158
49 3158
49 3158
49 3158
49 3158
4 3611
4 3611
4 3611
4 3611
4 3611
4 3611
4 3611
4 3611
4 3611
4 3611
4 3611
4 3611
4 3611
4 3611
4 3611
4 3611
4 3611
4 3611
4 3611
4 3611
4 3611
4 3611
4 3611
4 3611
76 1893
76 1893
76 1893
76 1893
76 1893
76 1893
76 1893
76 1893
76 1893
76 1893
76 1893
76 1893
76 1893
76 1893
76 1893
76 1893
76 1893
76 1893
76 1893
76 1893
76 1893
76 1893
76 1893
76 1893
76 1893
76 1893
76 1893
4 3121
4 3121
4 3121
4 3121
4 3121
4 3121
4 3121
4 3121
4 3121
4 3121
4 3121
4 3121
4 3121
4 3121
4 3121
4 3121
4 3121
4 3121
4 3121
4 3121
4 3121
4 3121
4 3121
4 3121
49 1698
49 1698
49 1698
49 1698
49 1698
49 1698
49 1698
49 1698
49 1698
49 1698
49 1698
49 1698
49 1698
49 1698
49 1698
49 1698
49 1698
49 1698
49 1698
49 1698
49 1698
54 1724
54 1724
54 1724
54 1724
54 1724
54 1724
54 1724
54 1724
54 1724
54 1724
54 1724
54 1724
54 1724
54 1724
54 1724
54 1724
54 1724
54 1724
54 1724
54 1724
54 1724
54 1724
54 1724
4 1767
4 1767
4 1767
4 1767
4 1767
4 1767
4 1767
4 1767
4 1767
4 1767
4 1767
4 1767
4 1767
4 1767
4 1767
4 1767
4 1767
4 1767
4 1767
4 1767
4 1767
4 1767
4 1767
4 1767
83 1996
83 1996
83 1996
83 1996
83 1996
83 1996
85 2057
85 2057
85 2057
85 2057
85 2057
85 2057
85 2057
85 2057
85 2057
85 2057
85 2057
85 2057
85 2057
85 2057
85 2057
85 2057
85 2057
45 2145
45 2145
45 2145
45 2145
45 2145
45 2145
45 2145
45 2145
45 2145
45 2145
45 2145
45 2145
45 2145
45 2145
92 2187
92 2187
92 2187
92 2187
92 2187
92 2187
92 2187
92 2187
64 2283
64 2283
64 2283
64 2283
64 2283
64 2283
64 2283
64 2283
64 2283
64 2283
64 2283
64 2283
120 2253
120 2253
120 2253
120 2253
120 2253
120 2253
120 2253
120 2253
120 2253
120 2253
120 2253
120 2253
120 2253
120 2253
120 2253
120 2253
120 2253
120 2253
120 2253
120 2253
120 2253
120 2253
120 2253
120 2253
120 2253
70 2352
70 2352
70 2352
76 2299
76 2299
76 2299
76 2299
76 2299
76 2299
76 2299
76 2299
76 2299
76 2299
76 2299
76 2299
76 2299
76 2299
76 2299
76 2299
76 2299
76 2299
76 2299
76 2299
76 2299
76 2299
76 2299
76 2299
76 2299
76 2299
76 2299
108 2593
108 2593
108 2593
108 2593
108 2593
108 2593
108 2593
108 2593
108 2593
108 2593
108 2593
108 2593
108 2593
108 2593
108 2593
108 2157
108 2157
108 2157
108 2157
108 2157
108 2157
108 2157
108 2157
108 2157
108 2157
108 2157
108 2157
108 2157
108 2157
108 2157
