13 94
15 351
15 351
15 351
15 351
15 351
15 351
15 351
15 351
15 351
15 351
15 351
15 351
15 351
15 351
15 351
15 351
15 351
15 351
13 98
18 651
18 651
18 651
18 651
18 651
18 651
18 651
18 651
18 651
18 651
18 651
18 651
18 651
18 651
18 651
18 651
18 651
18 651
18 651
18 651
86 85
86 85
86 85
15 431
15 431
15 431
15 431
15 431
15 431
15 431
15 431
15 431
15 431
15 431
15 431
15 431
15 431
15 431
15 431
15 431
15 431
95 166
95 166
95 166
95 166
25 579
25 579
25 579
25 579
25 579
25 579
25 579
25 579
25 579
25 579
25 579
25 579
25 579
9 1271
9 1271
9 832
9 832
9 336
9 336
46 1049
46 1049
46 1049
46 1049
46 1049
46 1049
46 1049
46 1049
46 1049
46 1049
46 1049
46 552
46 552
46 552
46 552
46 552
46 552
46 552
46 552
46 552
46 552
46 552
13 414
86 190
86 190
86 190
45 1144
45 1144
45 1144
45 1144
45 1144
45 1144
45 1144
45 1144
45 1144
45 1144
45 1144
45 1144
45 1144
45 1144
95 184
95 184
95 184
95 184
81 830
81 830
81 830
81 830
81 830
81 830
81 830
81 830
82 371
82 371
82 371
82 371
82 371
82 371
82 371
82 371
82 371
82 371
82 371
82 371
77 999
77 999
77 999
77 999
77 999
77 999
77 999
13 177
15 664
15 664
15 664
15 664
15 664
15 664
15 664
15 664
15 664
15 664
15 664
15 664
15 664
15 664
15 664
15 664
15 664
15 664
45 901
45 901
45 901
45 901
45 901
45 901
45 901
45 901
45 901
45 901
45 901
45 901
45 901
45 901
25 693
25 693
25 693
25 693
25 693
25 693
25 693
25 693
25 693
25 693
25 693
25 693
25 693
9 358
9 358
82 243
82 243
82 243
82 243
82 243
82 243
82 243
82 243
82 243
82 243
82 243
82 243
86 251
86 251
86 251
68 1508
68 1508
68 1508
68 1508
68 1508
68 1508
68 1508
68 1508
68 1508
68 1508
68 1508
68 1508
68 1508
68 1508
68 1508
68 1508
68 1508
68 1078
68 1078
68 1078
68 1078
68 1078
68 1078
68 1078
68 1078
68 1078
68 1078
68 1078
68 1078
68 1078
68 1078
68 1078
68 1078
68 1078
68 587
68 587
68 587
68 587
68 587
68 587
68 587
68 587
68 587
68 587
68 587
68 587
68 587
68 587
68 587
68 587
68 587
95 317
95 317
95 317
95 317
9 269
9 269
76 1604
76 1604
76 1604
76 1604
76 1604
76 1604
76 1141
76 1141
76 1141
76 1141
76 1141
76 1141
76 641
76 641
76 641
76 641
76 641
76 641
13 273
8 2344
8 2344
8 2344
8 2344
8 2344
8 2344
8 2344
8 2344
8 2344
8 2344
8 1844
8 1844
8 1844
8 1844
8 1844
8 1844
8 1844
8 1844
8 1844
8 1844
46 965
46 965
46 965
46 965
46 965
46 965
46 965
46 965
46 965
46 965
46 965
8 1349
8 1349
8 1349
8 1349
8 1349
8 1349
8 1349
8 1349
8 1349
8 1349
77 1185
77 1185
77 1185
77 1185
77 1185
77 1185
77 1185
45 1049
45 1049
45 1049
45 1049
45 1049
45 1049
45 1049
45 1049
45 1049
45 1049
45 1049
45 1049
45 1049
45 1049
68 327
68 327
68 327
68 327
68 327
68 327
68 327
68 327
68 327
68 327
68 327
68 327
68 327
68 327
68 327
68 327
68 327
86 251
86 251
86 251
82 338
82 338
82 338
82 338
82 338
82 338
82 338
82 338
82 338
82 338
82 338
82 338
8 597
8 597
8 597
8 597
8 597
8 597
8 597
8 597
8 597
8 597
15 1033
15 1033
15 1033
15 1033
15 1033
15 1033
15 1033
15 1033
15 1033
15 1033
15 1033
15 1033
15 1033
15 1033
15 1033
15 1033
15 1033
15 1033
25 994
25 994
25 994
25 994
25 994
25 994
25 994
25 994
25 994
25 994
25 994
25 994
25 994
95 370
95 370
95 370
95 370
76 567
76 567
76 567
76 567
76 567
76 567
9 276
9 276
13 283
68 283
68 283
68 283
68 283
68 283
68 283
68 283
68 283
68 283
68 283
68 283
68 283
68 283
68 283
68 283
68 283
68 283
77 1214
77 1214
77 1214
77 1214
77 1214
77 1214
77 1214
8 410
8 410
8 410
8 410
8 410
8 410
8 410
8 410
8 410
8 410
18 1318
18 1318
18 1318
18 1318
18 1318
18 1318
18 1318
18 1318
18 1318
18 1318
18 1318
18 1318
18 1318
18 1318
18 1318
18 1318
18 1318
18 1318
18 1318
18 1318
46 1086
46 1086
46 1086
46 1086
46 1086
46 1086
46 1086
46 1086
46 1086
46 1086
46 1086
76 306
76 306
76 306
76 306
76 306
76 306
86 318
86 318
86 318
95 311
95 311
95 311
95 311
82 527
82 527
82 527
82 527
82 527
82 527
82 527
82 527
82 527
82 527
82 527
82 527
9 334
9 334
8 372
8 372
8 372
8 372
8 372
8 372
8 372
8 372
8 372
8 372
13 328
15 1364
15 1364
15 1364
15 1364
15 1364
15 1364
15 1364
15 1364
15 1364
15 1364
15 1364
15 1364
15 1364
15 1364
15 1364
15 1364
15 1364
15 1364
18 1335
18 1335
18 1335
18 1335
18 1335
18 1335
18 1335
18 1335
18 1335
18 1335
18 1335
18 1335
18 1335
18 1335
18 1335
18 1335
18 1335
18 1335
18 1335
18 1335
25 1267
25 1267
25 1267
25 1267
25 1267
25 1267
25 1267
25 1267
25 1267
25 1267
25 1267
25 1267
25 1267
68 369
68 369
68 369
68 369
68 369
68 369
68 369
68 369
68 369
68 369
68 369
68 369
68 369
68 369
68 369
68 369
68 369
81 1782
81 1782
81 1782
81 1782
81 1782
81 1782
81 1782
81 1782
76 351
76 351
76 351
76 351
76 351
76 351
45 1722
45 1722
45 1722
45 1722
45 1722
45 1722
45 1722
45 1722
45 1722
45 1722
45 1722
45 1722
45 1722
45 1722
46 1370
46 1370
46 1370
46 1370
46 1370
46 1370
46 1370
46 1370
46 1370
46 1370
46 1370
77 1598
77 1598
77 1598
77 1598
77 1598
77 1598
77 1598
86 565
86 565
86 565
95 492
95 492
95 492
95 492
82 626
82 626
82 626
82 626
82 626
82 626
82 626
82 626
82 626
82 626
82 626
82 626
8 394
8 394
8 394
8 394
8 394
8 394
8 394
8 394
8 394
8 394
9 387
9 387
17 3825
17 3825
17 3825
17 3825
17 3825
17 3825
17 3825
17 3825
17 3825
17 3825
17 3825
17 3825
17 3825
17 3825
17 3825
17 3825
17 2842
17 2842
17 2842
17 2842
17 2842
17 2842
17 2842
17 2842
17 2842
17 2842
17 2842
17 2842
17 2842
17 2842
17 2842
17 2842
17 2353
17 2353
17 2353
17 2353
17 2353
17 2353
17 2353
17 2353
17 2353
17 2353
17 2353
17 2353
17 2353
17 2353
17 2353
17 2353
13 425
17 1923
17 1923
17 1923
17 1923
17 1923
17 1923
17 1923
17 1923
17 1923
17 1923
17 1923
17 1923
17 1923
17 1923
17 1923
17 1923
68 420
68 420
68 420
68 420
68 420
68 420
68 420
68 420
68 420
68 420
68 420
68 420
68 420
68 420
68 420
68 420
68 420
45 1670
45 1670
45 1670
45 1670
45 1670
45 1670
45 1670
45 1670
45 1670
45 1670
45 1670
45 1670
45 1670
45 1670
76 447
76 447
76 447
76 447
76 447
76 447
81 1981
81 1981
81 1981
81 1981
81 1981
81 1981
81 1981
81 1981
82 473
82 473
82 473
82 473
82 473
82 473
82 473
82 473
82 473
82 473
82 473
82 473
86 450
86 450
86 450
95 503
95 503
95 503
95 503
68 461
68 461
68 461
68 461
68 461
68 461
68 461
68 461
68 461
68 461
68 461
68 461
68 461
68 461
68 461
68 461
68 461
77 1989
77 1989
77 1989
77 1989
77 1989
77 1989
77 1989
86 497
86 497
86 497
