9 276
9 276
9 276
9 276
9 276
9 276
9 276
9 276
9 276
9 276
9 276
9 276
9 276
9 276
9 276
9 276
8 295
8 295
8 295
8 295
8 295
8 295
8 295
8 295
8 295
16 216
16 216
16 216
16 216
16 216
16 216
16 216
16 216
16 216
16 216
16 216
16 216
16 216
23 156
23 156
31 168
31 168
31 168
31 168
31 168
31 168
31 168
31 168
33 173
33 173
33 173
33 173
33 173
38 164
38 164
38 164
38 164
38 164
38 164
38 164
38 164
38 164
38 164
38 164
38 164
38 164
38 164
38 164
38 164
38 164
38 164
38 164
38 164
38 164
38 164
38 164
38 164
38 164
38 164
38 164
40 193
40 193
40 193
40 193
40 193
40 193
40 193
40 193
40 193
40 193
40 193
45 228
45 228
45 228
45 228
45 228
45 228
45 228
57 292
57 292
57 292
57 292
57 292
57 292
57 292
57 292
57 292
57 292
57 292
57 292
57 292
57 292
57 292
57 292
57 292
57 292
57 292
57 292
57 292
54 322
54 322
54 322
54 322
54 322
54 322
8 307
8 307
8 307
8 307
8 307
8 307
8 307
8 307
8 307
9 302
9 302
9 302
9 302
9 302
9 302
9 302
9 302
9 302
9 302
9 302
9 302
9 302
9 302
9 302
9 302
61 306
48 461
48 461
48 461
48 461
48 461
48 461
48 461
48 461
48 461
48 461
48 461
48 461
48 461
48 461
48 461
48 461
48 461
48 461
48 461
48 461
48 461
48 461
48 461
66 319
66 319
66 319
66 319
16 326
16 326
16 326
16 326
16 326
16 326
16 326
16 326
16 326
16 326
16 326
16 326
16 326
69 352
69 352
69 352
69 352
69 352
69 352
69 352
69 352
69 352
69 352
23 363
23 363
33 432
33 432
33 432
33 432
33 432
39 876
39 876
39 876
39 876
39 876
39 876
39 876
39 876
39 876
39 876
39 876
39 876
39 876
39 876
39 876
39 876
39 876
39 876
39 876
39 876
39 876
39 876
39 876
39 876
39 876
39 876
49 792
49 792
49 792
49 792
49 792
49 792
49 792
49 792
49 792
49 792
49 792
49 792
49 792
49 792
49 792
49 792
49 792
49 792
49 792
49 792
49 792
49 792
76 526
76 526
76 526
76 526
76 526
76 526
76 526
76 526
76 526
76 526
76 526
76 526
76 526
76 526
76 526
76 526
76 526
76 526
76 526
76 526
76 526
76 526
76 526
76 526
5 1241
5 1241
5 1241
5 1241
5 1241
5 1241
5 1241
5 1241
5 1241
5 1241
5 1241
5 1241
5 1241
5 1241
5 1241
5 1241
5 1241
5 1241
5 1241
5 743
5 743
5 743
5 743
5 743
5 743
5 743
5 743
5 743
5 743
5 743
5 743
5 743
5 743
5 743
5 743
5 743
5 743
5 743
87 432
87 432
87 432
31 496
31 496
31 496
31 496
31 496
31 496
31 496
31 496
78 536
78 536
78 536
78 536
78 536
78 536
78 536
78 536
78 536
78 536
78 536
78 536
78 536
78 536
78 536
78 536
78 536
78 536
78 536
78 536
78 536
78 536
78 536
78 536
78 536
78 536
78 536
78 536
78 536
78 536
38 483
38 483
38 483
38 483
38 483
38 483
38 483
38 483
38 483
38 483
38 483
38 483
38 483
38 483
38 483
38 483
38 483
38 483
38 483
38 483
38 483
38 483
38 483
38 483
38 483
38 483
38 483
40 485
40 485
40 485
40 485
40 485
40 485
40 485
40 485
40 485
40 485
40 485
91 488
91 488
91 488
91 488
91 488
91 488
91 488
91 488
91 488
91 488
91 488
91 488
91 488
91 488
91 488
91 488
91 488
91 488
91 488
91 488
91 488
91 488
91 488
91 488
91 488
91 488
91 488
91 488
91 488
92 483
92 483
92 483
92 483
92 483
92 483
92 483
92 483
92 483
92 483
92 483
92 483
92 483
92 483
92 483
45 490
45 490
45 490
45 490
45 490
45 490
45 490
94 518
94 518
94 518
94 518
94 518
94 518
94 518
94 518
94 518
94 518
94 518
94 518
94 518
94 518
94 518
94 518
94 518
94 518
57 511
57 511
57 511
57 511
57 511
57 511
57 511
57 511
57 511
57 511
57 511
57 511
57 511
57 511
57 511
57 511
57 511
57 511
57 511
57 511
57 511
9 517
9 517
9 517
9 517
9 517
9 517
9 517
9 517
9 517
9 517
9 517
9 517
9 517
9 517
9 517
9 517
8 569
8 569
8 569
8 569
8 569
8 569
8 569
8 569
8 569
48 714
48 714
48 714
48 714
48 714
48 714
48 714
48 714
48 714
48 714
48 714
48 714
48 714
48 714
48 714
48 714
48 714
48 714
48 714
48 714
48 714
48 714
48 714
49 714
49 714
49 714
49 714
49 714
49 714
49 714
49 714
49 714
49 714
49 714
49 714
49 714
49 714
49 714
49 714
49 714
49 714
49 714
49 714
49 714
49 714
61 642
54 732
54 732
54 732
54 732
54 732
54 732
16 613
16 613
16 613
16 613
16 613
16 613
16 613
16 613
16 613
16 613
16 613
16 613
16 613
5 752
5 752
5 752
5 752
5 752
5 752
5 752
5 752
5 752
5 752
5 752
5 752
5 752
5 752
5 752
5 752
5 752
5 752
5 752
39 918
39 918
39 918
39 918
39 918
39 918
39 918
39 918
39 918
39 918
39 918
39 918
39 918
39 918
39 918
39 918
39 918
39 918
39 918
39 918
39 918
39 918
39 918
39 918
39 918
39 918
69 651
69 651
69 651
69 651
69 651
69 651
69 651
69 651
69 651
69 651
66 684
66 684
66 684
66 684
52 878
52 878
52 878
52 878
52 878
52 878
52 878
52 878
52 878
52 878
52 878
52 878
52 878
52 878
52 878
52 878
52 878
52 878
52 878
52 878
52 878
52 878
52 878
52 878
52 878
76 662
76 662
76 662
76 662
76 662
76 662
76 662
76 662
76 662
76 662
76 662
76 662
76 662
76 662
76 662
76 662
76 662
76 662
76 662
76 662
76 662
76 662
76 662
76 662
23 698
23 698
31 663
31 663
31 663
31 663
31 663
31 663
31 663
31 663
78 718
78 718
78 718
78 718
78 718
78 718
78 718
78 718
78 718
78 718
78 718
78 718
78 718
78 718
78 718
78 718
78 718
78 718
78 718
78 718
78 718
78 718
78 718
78 718
78 718
78 718
78 718
78 718
78 718
78 718
33 686
33 686
33 686
33 686
33 686
38 692
38 692
38 692
38 692
38 692
38 692
38 692
38 692
38 692
38 692
38 692
38 692
38 692
38 692
38 692
38 692
38 692
38 692
38 692
38 692
38 692
38 692
38 692
38 692
38 692
38 692
38 692
91 712
91 712
91 712
91 712
91 712
91 712
91 712
91 712
91 712
91 712
91 712
91 712
91 712
91 712
91 712
91 712
91 712
91 712
91 712
91 712
91 712
91 712
91 712
91 712
91 712
91 712
91 712
91 712
91 712
87 755
87 755
87 755
92 721
92 721
92 721
92 721
92 721
92 721
92 721
92 721
92 721
92 721
92 721
92 721
92 721
92 721
92 721
45 713
45 713
45 713
45 713
45 713
45 713
45 713
40 785
40 785
40 785
40 785
40 785
40 785
40 785
40 785
40 785
40 785
40 785
94 828
94 828
94 828
94 828
94 828
94 828
94 828
94 828
94 828
94 828
94 828
94 828
94 828
94 828
94 828
94 828
94 828
94 828
57 797
57 797
57 797
57 797
57 797
57 797
57 797
57 797
57 797
57 797
57 797
57 797
57 797
57 797
57 797
57 797
57 797
57 797
57 797
57 797
57 797
65 1725
65 1725
65 1725
65 1725
65 1725
65 1725
65 1725
65 1725
65 1725
65 1725
65 1725
65 1725
65 1725
65 1725
65 1725
65 1725
65 1725
65 1226
65 1226
65 1226
65 1226
65 1226
65 1226
65 1226
65 1226
65 1226
65 1226
65 1226
65 1226
65 1226
65 1226
65 1226
65 1226
65 1226
9 799
9 799
9 799
9 799
9 799
9 799
9 799
9 799
9 799
9 799
9 799
9 799
9 799
9 799
9 799
9 799
8 936
8 936
8 936
8 936
8 936
8 936
8 936
8 936
8 936
61 911
69 846
69 846
69 846
69 846
69 846
69 846
69 846
69 846
69 846
69 846
65 953
65 953
65 953
65 953
65 953
65 953
65 953
65 953
65 953
65 953
65 953
65 953
65 953
65 953
65 953
65 953
65 953
16 953
16 953
16 953
16 953
16 953
16 953
16 953
16 953
16 953
16 953
16 953
16 953
16 953
66 977
66 977
66 977
66 977
39 1247
39 1247
39 1247
39 1247
39 1247
39 1247
39 1247
39 1247
39 1247
39 1247
39 1247
39 1247
39 1247
39 1247
39 1247
39 1247
39 1247
39 1247
39 1247
39 1247
39 1247
39 1247
39 1247
39 1247
39 1247
39 1247
76 909
76 909
76 909
76 909
76 909
76 909
76 909
76 909
76 909
76 909
76 909
76 909
76 909
76 909
76 909
76 909
76 909
76 909
76 909
76 909
76 909
76 909
76 909
76 909
31 894
31 894
31 894
31 894
31 894
31 894
31 894
31 894
23 975
23 975
33 889
33 889
33 889
33 889
33 889
49 1233
49 1233
49 1233
49 1233
49 1233
49 1233
49 1233
49 1233
49 1233
49 1233
49 1233
49 1233
49 1233
49 1233
49 1233
49 1233
49 1233
49 1233
49 1233
49 1233
49 1233
49 1233
52 1229
52 1229
52 1229
52 1229
52 1229
52 1229
52 1229
52 1229
52 1229
52 1229
52 1229
52 1229
52 1229
52 1229
52 1229
52 1229
52 1229
52 1229
52 1229
52 1229
52 1229
52 1229
52 1229
52 1229
52 1229
78 982
78 982
78 982
78 982
78 982
78 982
78 982
78 982
78 982
78 982
78 982
78 982
78 982
78 982
78 982
78 982
78 982
78 982
78 982
78 982
78 982
78 982
78 982
78 982
78 982
78 982
78 982
78 982
78 982
78 982
5 1231
5 1231
5 1231
5 1231
5 1231
5 1231
5 1231
5 1231
5 1231
5 1231
5 1231
5 1231
5 1231
5 1231
5 1231
5 1231
5 1231
5 1231
5 1231
54 1275
54 1275
54 1275
54 1275
54 1275
54 1275
91 986
91 986
91 986
91 986
91 986
91 986
91 986
91 986
91 986
91 986
91 986
91 986
91 986
91 986
91 986
91 986
91 986
91 986
91 986
91 986
91 986
91 986
91 986
91 986
91 986
91 986
91 986
91 986
91 986
38 1021
38 1021
38 1021
38 1021
38 1021
38 1021
38 1021
38 1021
38 1021
38 1021
38 1021
38 1021
38 1021
38 1021
38 1021
38 1021
38 1021
38 1021
38 1021
38 1021
38 1021
38 1021
38 1021
38 1021
38 1021
38 1021
38 1021
92 983
92 983
92 983
92 983
92 983
92 983
92 983
92 983
92 983
92 983
92 983
92 983
92 983
92 983
92 983
87 1064
87 1064
87 1064
45 1029
45 1029
45 1029
45 1029
45 1029
45 1029
45 1029
40 1126
40 1126
40 1126
40 1126
40 1126
40 1126
40 1126
40 1126
40 1126
40 1126
40 1126
94 1184
94 1184
94 1184
94 1184
94 1184
94 1184
94 1184
94 1184
94 1184
94 1184
94 1184
94 1184
94 1184
94 1184
94 1184
94 1184
94 1184
94 1184
9 1058
9 1058
9 1058
9 1058
9 1058
9 1058
9 1058
9 1058
9 1058
9 1058
9 1058
9 1058
9 1058
9 1058
9 1058
9 1058
48 1676
48 1676
48 1676
48 1676
48 1676
48 1676
48 1676
48 1676
48 1676
48 1676
48 1676
48 1676
48 1676
48 1676
48 1676
48 1676
48 1676
48 1676
48 1676
48 1676
48 1676
48 1676
48 1676
57 1092
57 1092
57 1092
57 1092
57 1092
57 1092
57 1092
57 1092
57 1092
57 1092
57 1092
57 1092
57 1092
57 1092
57 1092
57 1092
57 1092
57 1092
57 1092
57 1092
57 1092
8 1143
8 1143
8 1143
8 1143
8 1143
8 1143
8 1143
8 1143
8 1143
56 2675
56 2675
56 2675
56 2675
56 2675
56 2675
56 2675
56 2675
56 2675
56 2675
56 2675
56 2675
56 2675
56 2675
56 2675
56 2675
56 2675
56 2675
56 2675
56 2675
56 2675
56 2675
56 2675
56 2675
56 2675
56 2675
56 2675
56 2675
56 2185
56 2185
56 2185
56 2185
56 2185
56 2185
56 2185
56 2185
56 2185
56 2185
56 2185
56 2185
56 2185
56 2185
56 2185
56 2185
56 2185
56 2185
56 2185
56 2185
56 2185
56 2185
56 2185
56 2185
56 2185
56 2185
56 2185
56 2185
56 1689
56 1689
56 1689
56 1689
56 1689
56 1689
56 1689
56 1689
56 1689
56 1689
56 1689
56 1689
56 1689
56 1689
56 1689
56 1689
56 1689
56 1689
56 1689
56 1689
56 1689
56 1689
56 1689
56 1689
56 1689
56 1689
56 1689
56 1689
61 1204
69 1136
69 1136
69 1136
69 1136
69 1136
69 1136
69 1136
69 1136
69 1136
69 1136
65 1226
65 1226
65 1226
65 1226
65 1226
65 1226
65 1226
65 1226
65 1226
65 1226
65 1226
65 1226
65 1226
65 1226
65 1226
65 1226
65 1226
16 1221
16 1221
16 1221
16 1221
16 1221
16 1221
16 1221
16 1221
16 1221
16 1221
16 1221
16 1221
16 1221
66 1228
66 1228
66 1228
66 1228
76 1135
76 1135
76 1135
76 1135
76 1135
76 1135
76 1135
76 1135
76 1135
76 1135
76 1135
76 1135
76 1135
76 1135
76 1135
76 1135
76 1135
76 1135
76 1135
76 1135
76 1135
76 1135
76 1135
76 1135
39 1515
39 1515
39 1515
39 1515
39 1515
39 1515
39 1515
39 1515
39 1515
39 1515
39 1515
39 1515
39 1515
39 1515
39 1515
39 1515
39 1515
39 1515
39 1515
39 1515
39 1515
39 1515
39 1515
39 1515
39 1515
39 1515
82 2606
82 2606
82 2606
82 2606
82 2606
82 2606
82 2606
82 2606
82 2606
82 2606
82 2606
82 2606
82 2606
82 2606
82 2606
82 2606
82 2606
82 2606
82 2606
82 2606
82 2116
82 2116
82 2116
82 2116
82 2116
82 2116
82 2116
82 2116
82 2116
82 2116
82 2116
82 2116
82 2116
82 2116
82 2116
82 2116
82 2116
82 2116
82 2116
82 2116
23 1255
23 1255
31 1190
31 1190
31 1190
31 1190
31 1190
31 1190
31 1190
31 1190
78 1270
78 1270
78 1270
78 1270
78 1270
78 1270
78 1270
78 1270
78 1270
78 1270
78 1270
78 1270
78 1270
78 1270
78 1270
78 1270
78 1270
78 1270
78 1270
78 1270
78 1270
78 1270
78 1270
78 1270
78 1270
78 1270
78 1270
78 1270
78 1270
78 1270
33 1223
33 1223
33 1223
33 1223
33 1223
49 1577
49 1577
49 1577
49 1577
49 1577
49 1577
49 1577
49 1577
49 1577
49 1577
49 1577
49 1577
49 1577
49 1577
49 1577
49 1577
49 1577
49 1577
49 1577
49 1577
49 1577
49 1577
38 1222
38 1222
38 1222
38 1222
38 1222
38 1222
38 1222
38 1222
38 1222
38 1222
38 1222
38 1222
38 1222
38 1222
38 1222
38 1222
38 1222
38 1222
38 1222
38 1222
38 1222
38 1222
38 1222
38 1222
38 1222
38 1222
38 1222
91 1245
91 1245
91 1245
91 1245
91 1245
91 1245
91 1245
91 1245
91 1245
91 1245
91 1245
91 1245
91 1245
91 1245
91 1245
91 1245
91 1245
91 1245
91 1245
91 1245
91 1245
91 1245
91 1245
91 1245
91 1245
91 1245
91 1245
91 1245
91 1245
92 1238
92 1238
92 1238
92 1238
92 1238
92 1238
92 1238
92 1238
92 1238
92 1238
92 1238
92 1238
92 1238
92 1238
92 1238
5 1647
5 1647
5 1647
5 1647
5 1647
5 1647
5 1647
5 1647
5 1647
5 1647
5 1647
5 1647
5 1647
5 1647
5 1647
5 1647
5 1647
5 1647
5 1647
45 1255
45 1255
45 1255
45 1255
45 1255
45 1255
45 1255
87 1341
87 1341
87 1341
40 1341
40 1341
40 1341
40 1341
40 1341
40 1341
40 1341
40 1341
40 1341
40 1341
40 1341
57 1282
57 1282
57 1282
57 1282
57 1282
57 1282
57 1282
57 1282
57 1282
57 1282
57 1282
57 1282
57 1282
57 1282
57 1282
57 1282
57 1282
57 1282
57 1282
57 1282
57 1282
52 1834
52 1834
52 1834
52 1834
52 1834
52 1834
52 1834
52 1834
52 1834
52 1834
52 1834
52 1834
52 1834
52 1834
52 1834
52 1834
52 1834
52 1834
52 1834
52 1834
52 1834
52 1834
52 1834
52 1834
52 1834
94 1417
94 1417
94 1417
94 1417
94 1417
94 1417
94 1417
94 1417
94 1417
94 1417
94 1417
94 1417
94 1417
94 1417
94 1417
94 1417
94 1417
94 1417
48 1888
48 1888
48 1888
48 1888
48 1888
48 1888
48 1888
48 1888
48 1888
48 1888
48 1888
48 1888
48 1888
48 1888
48 1888
48 1888
48 1888
48 1888
48 1888
48 1888
48 1888
48 1888
48 1888
9 1345
9 1345
9 1345
9 1345
9 1345
9 1345
9 1345
9 1345
9 1345
9 1345
9 1345
9 1345
9 1345
9 1345
9 1345
9 1345
8 1393
8 1393
8 1393
8 1393
8 1393
8 1393
8 1393
8 1393
8 1393
54 2046
54 2046
54 2046
54 2046
54 2046
54 2046
69 1415
69 1415
69 1415
69 1415
69 1415
69 1415
69 1415
69 1415
69 1415
69 1415
61 1500
66 1452
66 1452
66 1452
66 1452
16 1458
16 1458
16 1458
16 1458
16 1458
16 1458
16 1458
16 1458
16 1458
16 1458
16 1458
16 1458
16 1458
82 2306
82 2306
82 2306
82 2306
82 2306
82 2306
82 2306
82 2306
82 2306
82 2306
82 2306
82 2306
82 2306
82 2306
82 2306
82 2306
82 2306
82 2306
82 2306
82 2306
56 2066
56 2066
56 2066
56 2066
56 2066
56 2066
56 2066
56 2066
56 2066
56 2066
56 2066
56 2066
56 2066
56 2066
56 2066
56 2066
56 2066
56 2066
56 2066
56 2066
56 2066
56 2066
56 2066
56 2066
56 2066
56 2066
56 2066
56 2066
76 1416
76 1416
76 1416
76 1416
76 1416
76 1416
76 1416
76 1416
76 1416
76 1416
76 1416
76 1416
76 1416
76 1416
76 1416
76 1416
76 1416
76 1416
76 1416
76 1416
76 1416
76 1416
76 1416
76 1416
65 1577
65 1577
65 1577
65 1577
65 1577
65 1577
65 1577
65 1577
65 1577
65 1577
65 1577
65 1577
65 1577
65 1577
65 1577
65 1577
65 1577
78 1501
78 1501
78 1501
78 1501
78 1501
78 1501
78 1501
78 1501
78 1501
78 1501
78 1501
78 1501
78 1501
78 1501
78 1501
78 1501
78 1501
78 1501
78 1501
78 1501
78 1501
78 1501
78 1501
78 1501
78 1501
78 1501
78 1501
78 1501
78 1501
78 1501
31 1483
31 1483
31 1483
31 1483
31 1483
31 1483
31 1483
31 1483
33 1471
33 1471
33 1471
33 1471
33 1471
38 1488
38 1488
38 1488
38 1488
38 1488
38 1488
38 1488
38 1488
38 1488
38 1488
38 1488
38 1488
38 1488
38 1488
38 1488
38 1488
38 1488
38 1488
38 1488
38 1488
38 1488
38 1488
38 1488
38 1488
38 1488
38 1488
38 1488
39 1995
39 1995
39 1995
39 1995
39 1995
39 1995
39 1995
39 1995
39 1995
39 1995
39 1995
39 1995
39 1995
39 1995
39 1995
39 1995
39 1995
39 1995
39 1995
39 1995
39 1995
39 1995
39 1995
39 1995
39 1995
39 1995
91 1513
91 1513
91 1513
91 1513
91 1513
91 1513
91 1513
91 1513
91 1513
91 1513
91 1513
91 1513
91 1513
91 1513
91 1513
91 1513
91 1513
91 1513
91 1513
91 1513
91 1513
91 1513
91 1513
91 1513
91 1513
91 1513
91 1513
91 1513
91 1513
87 1566
87 1566
87 1566
92 1536
92 1536
92 1536
92 1536
92 1536
92 1536
92 1536
92 1536
92 1536
92 1536
92 1536
92 1536
92 1536
92 1536
92 1536
94 1612
94 1612
94 1612
94 1612
94 1612
94 1612
94 1612
94 1612
94 1612
94 1612
94 1612
94 1612
94 1612
94 1612
94 1612
94 1612
94 1612
94 1612
82 2318
82 2318
82 2318
82 2318
82 2318
82 2318
82 2318
82 2318
82 2318
82 2318
82 2318
82 2318
82 2318
82 2318
82 2318
82 2318
82 2318
82 2318
82 2318
82 2318
