5 166
5 166
5 166
5 166
5 166
5 166
5 166
5 166
5 166
5 166
5 166
5 166
5 166
5 166
11 156
11 156
11 156
11 156
11 156
11 156
11 156
11 156
11 156
11 156
11 156
11 156
22 126
22 126
22 126
22 126
22 126
22 126
22 126
22 126
22 126
22 126
22 126
22 126
22 126
22 126
22 126
22 126
22 126
22 126
22 126
22 126
22 126
22 126
22 126
22 126
25 127
25 127
25 127
25 127
25 127
25 127
25 127
25 127
25 127
25 127
25 127
25 127
25 127
25 127
25 127
25 127
25 127
25 127
25 127
25 127
25 127
25 127
32 192
32 192
32 192
32 192
32 192
32 192
32 192
32 192
32 192
32 192
32 192
32 192
32 192
32 192
32 192
85 6
85 6
85 6
83 31
83 31
83 31
83 31
83 31
86 14
86 14
86 14
86 14
86 14
86 14
86 14
86 14
5 333
5 333
5 333
5 333
5 333
5 333
5 333
5 333
5 333
5 333
5 333
5 333
5 333
5 333
87 14
88 11
88 11
88 11
88 11
88 11
88 11
88 11
88 11
88 11
89 4
89 4
11 292
11 292
11 292
11 292
11 292
11 292
11 292
11 292
11 292
11 292
11 292
11 292
92 3
92 3
92 3
92 3
93 13
93 13
93 13
93 13
93 13
93 13
41 539
41 539
41 539
41 539
41 539
41 539
41 539
41 539
41 539
41 539
41 539
41 539
41 539
41 539
41 539
41 539
41 539
41 539
41 539
41 539
41 539
41 539
41 539
41 539
41 539
41 539
94 11
94 11
94 11
94 11
94 11
94 11
94 11
94 11
94 11
94 11
94 11
94 11
94 11
95 15
95 15
95 15
95 15
95 15
95 15
95 15
95 15
95 15
95 15
95 15
95 15
95 15
95 15
95 15
95 15
95 15
95 15
95 15
95 15
95 15
95 15
95 15
95 15
95 15
95 15
95 15
95 15
22 382
22 382
22 382
22 382
22 382
22 382
22 382
22 382
22 382
22 382
22 382
22 382
22 382
22 382
22 382
22 382
22 382
22 382
22 382
22 382
22 382
22 382
22 382
22 382
25 352
25 352
25 352
25 352
25 352
25 352
25 352
25 352
25 352
25 352
25 352
25 352
25 352
25 352
25 352
25 352
25 352
25 352
25 352
25 352
25 352
25 352
3 1123
3 1123
3 1123
3 1123
3 1123
3 1123
3 1123
3 1123
3 1123
3 1123
3 1123
3 1123
3 1123
3 1123
3 1123
3 1123
38 878
38 878
38 878
38 878
38 878
38 878
38 878
38 878
38 878
38 878
38 878
38 878
38 878
38 878
38 878
38 878
38 878
38 878
38 878
38 878
38 878
37 891
37 891
37 891
37 891
37 891
37 891
37 891
37 891
37 891
37 891
37 891
37 891
37 891
37 891
37 891
37 891
37 891
37 891
37 891
37 891
37 891
37 891
37 891
37 891
37 891
32 502
32 502
32 502
32 502
32 502
32 502
32 502
32 502
32 502
32 502
32 502
32 502
32 502
32 502
32 502
83 6
83 6
83 6
83 6
83 6
3 814
3 814
3 814
3 814
3 814
3 814
3 814
3 814
3 814
3 814
3 814
3 814
3 814
3 814
3 814
3 814
85 6
85 6
85 6
86 14
86 14
86 14
86 14
86 14
86 14
86 14
86 14
87 22
41 485
41 485
41 485
41 485
41 485
41 485
41 485
41 485
41 485
41 485
41 485
41 485
41 485
41 485
41 485
41 485
41 485
41 485
41 485
41 485
41 485
41 485
41 485
41 485
41 485
41 485
88 16
88 16
88 16
88 16
88 16
88 16
88 16
88 16
88 16
89 22
89 22
92 2
92 2
92 2
92 2
93 5
93 5
93 5
93 5
93 5
93 5
94 1
94 1
94 1
94 1
94 1
94 1
94 1
94 1
94 1
94 1
94 1
94 1
94 1
95 8
95 8
95 8
95 8
95 8
95 8
95 8
95 8
95 8
95 8
95 8
95 8
95 8
95 8
95 8
95 8
95 8
95 8
95 8
95 8
95 8
95 8
95 8
95 8
95 8
95 8
95 8
95 8
73 736
73 736
73 736
73 736
73 736
73 736
73 736
73 736
73 736
73 736
73 736
76 899
76 899
76 899
76 899
76 899
76 899
76 899
38 872
38 872
38 872
38 872
38 872
38 872
38 872
38 872
38 872
38 872
38 872
38 872
38 872
38 872
38 872
38 872
38 872
38 872
38 872
38 872
38 872
37 885
37 885
37 885
37 885
37 885
37 885
37 885
37 885
37 885
37 885
37 885
37 885
37 885
37 885
37 885
37 885
37 885
37 885
37 885
37 885
37 885
37 885
37 885
37 885
37 885
83 10
83 10
83 10
83 10
83 10
85 18
85 18
85 18
86 31
86 31
86 31
86 31
86 31
86 31
86 31
86 31
87 35
88 43
88 43
88 43
88 43
88 43
88 43
88 43
88 43
88 43
5 874
5 874
5 874
5 874
5 874
5 874
5 874
5 874
5 874
5 874
5 874
5 874
5 874
5 874
3 904
3 904
3 904
3 904
3 904
3 904
3 904
3 904
3 904
3 904
3 904
3 904
3 904
3 904
3 904
3 904
89 47
89 47
92 34
92 34
92 34
92 34
11 845
11 845
11 845
11 845
11 845
11 845
11 845
11 845
11 845
11 845
11 845
11 845
46 997
46 997
46 997
46 997
46 997
46 997
46 997
46 997
46 997
46 997
93 27
93 27
93 27
93 27
93 27
93 27
22 744
22 744
22 744
22 744
22 744
22 744
22 744
22 744
22 744
22 744
22 744
22 744
22 744
22 744
22 744
22 744
22 744
22 744
22 744
22 744
22 744
22 744
22 744
22 744
94 27
94 27
94 27
94 27
94 27
94 27
94 27
94 27
94 27
94 27
94 27
94 27
94 27
25 718
25 718
25 718
25 718
25 718
25 718
25 718
25 718
25 718
25 718
25 718
25 718
25 718
25 718
25 718
25 718
25 718
25 718
25 718
25 718
25 718
25 718
95 26
95 26
95 26
95 26
95 26
95 26
95 26
95 26
95 26
95 26
95 26
95 26
95 26
95 26
95 26
95 26
95 26
95 26
95 26
95 26
95 26
95 26
95 26
95 26
95 26
95 26
95 26
95 26
51 1004
51 1004
51 1004
51 1004
51 1004
51 1004
51 1004
51 1004
51 1004
51 1004
51 1004
51 1004
51 1004
51 1004
51 1004
51 1004
51 1004
51 1004
51 1004
32 705
32 705
32 705
32 705
32 705
32 705
32 705
32 705
32 705
32 705
32 705
32 705
32 705
32 705
32 705
44 1371
44 1371
44 1371
44 1371
44 1371
44 1371
44 1371
44 1371
44 1371
44 1371
44 1371
44 1371
44 1371
44 1371
44 1371
44 1371
44 1371
44 1371
44 1371
44 1371
83 3
83 3
83 3
83 3
83 3
85 2
85 2
85 2
86 3
86 3
86 3
86 3
86 3
86 3
86 3
86 3
87 2
88 6
88 6
88 6
88 6
88 6
88 6
88 6
88 6
88 6
89 12
89 12
92 2
92 2
92 2
92 2
93 23
93 23
93 23
93 23
93 23
93 23
94 15
94 15
94 15
94 15
94 15
94 15
94 15
94 15
94 15
94 15
94 15
94 15
94 15
95 18
95 18
95 18
95 18
95 18
95 18
95 18
95 18
95 18
95 18
95 18
95 18
95 18
95 18
95 18
95 18
95 18
95 18
95 18
95 18
95 18
95 18
95 18
95 18
95 18
95 18
95 18
95 18
73 1241
73 1241
73 1241
73 1241
73 1241
73 1241
73 1241
73 1241
73 1241
73 1241
73 1241
76 1231
76 1231
76 1231
76 1231
76 1231
76 1231
76 1231
59 1954
59 1954
59 1954
59 1954
59 1954
59 1954
59 1954
59 1954
59 1954
59 1954
59 1954
59 1954
59 1954
59 1954
59 1954
59 1954
59 1954
59 1954
59 1954
59 1954
59 1954
59 1954
59 1954
13 2421
13 2421
13 2421
13 2421
13 2421
13 2421
13 2421
13 2421
13 2421
13 2421
13 2421
13 2421
13 2421
13 2421
13 2421
13 2421
13 2421
13 1945
13 1945
13 1945
13 1945
13 1945
13 1945
13 1945
13 1945
13 1945
13 1945
13 1945
13 1945
13 1945
13 1945
13 1945
13 1945
13 1945
13 1453
13 1453
13 1453
13 1453
13 1453
13 1453
13 1453
13 1453
13 1453
13 1453
13 1453
13 1453
13 1453
13 1453
13 1453
13 1453
13 1453
41 1182
41 1182
41 1182
41 1182
41 1182
41 1182
41 1182
41 1182
41 1182
41 1182
41 1182
41 1182
41 1182
41 1182
41 1182
41 1182
41 1182
41 1182
41 1182
41 1182
41 1182
41 1182
41 1182
41 1182
41 1182
41 1182
38 1375
38 1375
38 1375
38 1375
38 1375
38 1375
38 1375
38 1375
38 1375
38 1375
38 1375
38 1375
38 1375
38 1375
38 1375
38 1375
38 1375
38 1375
38 1375
38 1375
38 1375
37 1394
37 1394
37 1394
37 1394
37 1394
37 1394
37 1394
37 1394
37 1394
37 1394
37 1394
37 1394
37 1394
37 1394
37 1394
37 1394
37 1394
37 1394
37 1394
37 1394
37 1394
37 1394
37 1394
37 1394
37 1394
5 1214
5 1214
5 1214
5 1214
5 1214
5 1214
5 1214
5 1214
5 1214
5 1214
5 1214
5 1214
5 1214
5 1214
83 4
83 4
83 4
83 4
83 4
85 2
85 2
85 2
86 4
86 4
86 4
86 4
86 4
86 4
86 4
86 4
87 2
88 10
88 10
88 10
88 10
88 10
88 10
88 10
88 10
88 10
89 2
89 2
93 18
93 18
93 18
93 18
93 18
93 18
92 45
92 45
92 45
92 45
94 34
94 34
94 34
94 34
94 34
94 34
94 34
94 34
94 34
94 34
94 34
94 34
94 34
95 45
95 45
95 45
95 45
95 45
95 45
95 45
95 45
95 45
95 45
95 45
95 45
95 45
95 45
95 45
95 45
95 45
95 45
95 45
95 45
95 45
95 45
95 45
95 45
95 45
95 45
95 45
95 45
44 1564
44 1564
44 1564
44 1564
44 1564
44 1564
44 1564
44 1564
44 1564
44 1564
44 1564
44 1564
44 1564
44 1564
44 1564
44 1564
44 1564
44 1564
44 1564
44 1564
46 1546
46 1546
46 1546
46 1546
46 1546
46 1546
46 1546
46 1546
46 1546
46 1546
51 1537
51 1537
51 1537
51 1537
51 1537
51 1537
51 1537
51 1537
51 1537
51 1537
51 1537
51 1537
51 1537
51 1537
51 1537
51 1537
51 1537
51 1537
51 1537
49 2265
49 2265
49 2265
49 2265
49 2265
49 2265
49 2265
49 2265
49 2265
49 2265
49 2265
49 2265
49 2265
49 2265
49 2265
49 2265
49 2265
49 2265
49 2265
49 2265
49 2265
49 2265
49 2265
49 2265
49 2265
49 2265
49 2265
49 1766
49 1766
49 1766
49 1766
49 1766
49 1766
49 1766
49 1766
49 1766
49 1766
49 1766
49 1766
49 1766
49 1766
49 1766
49 1766
49 1766
49 1766
49 1766
49 1766
49 1766
49 1766
49 1766
49 1766
49 1766
49 1766
49 1766
60 2159
60 2159
60 2159
60 2159
60 2159
60 2159
60 2159
60 2159
60 2159
60 2159
60 2159
60 2159
60 2159
60 2159
60 2159
60 2159
60 2159
60 2159
60 1659
60 1659
60 1659
60 1659
60 1659
60 1659
60 1659
60 1659
60 1659
60 1659
60 1659
60 1659
60 1659
60 1659
60 1659
60 1659
60 1659
60 1659
83 33
83 33
83 33
83 33
83 33
85 25
85 25
85 25
86 17
86 17
86 17
86 17
86 17
86 17
86 17
86 17
87 12
88 10
88 10
88 10
88 10
88 10
88 10
88 10
88 10
88 10
89 7
89 7
92 2
92 2
92 2
92 2
93 11
93 11
93 11
93 11
93 11
93 11
94 2
94 2
94 2
94 2
94 2
94 2
94 2
94 2
94 2
94 2
94 2
94 2
94 2
95 3
95 3
95 3
95 3
95 3
95 3
95 3
95 3
95 3
95 3
95 3
95 3
95 3
95 3
95 3
95 3
95 3
95 3
95 3
95 3
95 3
95 3
95 3
95 3
95 3
95 3
95 3
95 3
11 1847
11 1847
11 1847
11 1847
11 1847
11 1847
11 1847
11 1847
11 1847
11 1847
11 1847
11 1847
59 1868
59 1868
59 1868
59 1868
59 1868
59 1868
59 1868
59 1868
59 1868
59 1868
59 1868
59 1868
59 1868
59 1868
59 1868
59 1868
59 1868
59 1868
59 1868
59 1868
59 1868
59 1868
59 1868
3 1451
3 1451
3 1451
3 1451
3 1451
3 1451
3 1451
3 1451
3 1451
3 1451
3 1451
3 1451
3 1451
3 1451
3 1451
3 1451
5 1442
5 1442
5 1442
5 1442
5 1442
5 1442
5 1442
5 1442
5 1442
5 1442
5 1442
5 1442
5 1442
5 1442
11 1390
11 1390
11 1390
11 1390
11 1390
11 1390
11 1390
11 1390
11 1390
11 1390
11 1390
11 1390
59 1413
59 1413
59 1413
59 1413
59 1413
59 1413
59 1413
59 1413
59 1413
59 1413
59 1413
59 1413
59 1413
59 1413
59 1413
59 1413
59 1413
59 1413
59 1413
59 1413
59 1413
59 1413
59 1413
13 1384
13 1384
13 1384
13 1384
13 1384
13 1384
13 1384
13 1384
13 1384
13 1384
13 1384
13 1384
13 1384
13 1384
13 1384
13 1384
13 1384
25 1291
25 1291
25 1291
25 1291
25 1291
25 1291
25 1291
25 1291
25 1291
25 1291
25 1291
25 1291
25 1291
25 1291
25 1291
25 1291
25 1291
25 1291
25 1291
25 1291
25 1291
25 1291
9 3452
9 3452
9 3452
9 3452
9 3452
9 3452
9 3452
9 3452
9 3452
9 3452
9 3452
9 3452
9 3452
9 3452
9 3452
9 3452
9 3452
9 3452
9 3452
9 3452
9 3452
9 3452
9 3452
9 3452
9 3452
9 3452
9 3452
9 3452
9 3452
9 2954
9 2954
9 2954
9 2954
9 2954
9 2954
9 2954
9 2954
9 2954
9 2954
9 2954
9 2954
9 2954
9 2954
9 2954
9 2954
9 2954
9 2954
9 2954
9 2954
9 2954
9 2954
9 2954
9 2954
9 2954
9 2954
9 2954
9 2954
9 2954
76 1799
76 1799
76 1799
76 1799
76 1799
76 1799
76 1799
73 1839
73 1839
73 1839
73 1839
73 1839
73 1839
73 1839
73 1839
73 1839
73 1839
73 1839
9 2484
9 2484
9 2484
9 2484
9 2484
9 2484
9 2484
9 2484
9 2484
9 2484
9 2484
9 2484
9 2484
9 2484
9 2484
9 2484
9 2484
9 2484
9 2484
9 2484
9 2484
9 2484
9 2484
9 2484
9 2484
9 2484
9 2484
9 2484
9 2484
32 1355
32 1355
32 1355
32 1355
32 1355
32 1355
32 1355
32 1355
32 1355
32 1355
32 1355
32 1355
32 1355
32 1355
32 1355
3 1299
3 1299
3 1299
3 1299
3 1299
3 1299
3 1299
3 1299
3 1299
3 1299
3 1299
3 1299
3 1299
3 1299
3 1299
3 1299
83 4
83 4
83 4
83 4
83 4
46 1881
46 1881
46 1881
46 1881
46 1881
46 1881
46 1881
46 1881
46 1881
46 1881
85 8
85 8
85 8
86 1
86 1
86 1
86 1
86 1
86 1
86 1
86 1
87 3
88 18
88 18
88 18
88 18
88 18
88 18
88 18
88 18
88 18
49 1917
49 1917
49 1917
49 1917
49 1917
49 1917
49 1917
49 1917
49 1917
49 1917
49 1917
49 1917
49 1917
49 1917
49 1917
49 1917
49 1917
49 1917
49 1917
49 1917
49 1917
49 1917
49 1917
49 1917
49 1917
49 1917
49 1917
89 19
89 19
92 5
92 5
92 5
92 5
93 5
93 5
93 5
93 5
93 5
93 5
94 11
94 11
94 11
94 11
94 11
94 11
94 11
94 11
94 11
94 11
94 11
94 11
94 11
95 15
95 15
95 15
95 15
95 15
95 15
95 15
95 15
95 15
95 15
95 15
95 15
95 15
95 15
95 15
95 15
95 15
95 15
95 15
95 15
95 15
95 15
95 15
95 15
95 15
95 15
95 15
95 15
60 1958
60 1958
60 1958
60 1958
60 1958
60 1958
60 1958
60 1958
60 1958
60 1958
60 1958
60 1958
60 1958
60 1958
60 1958
60 1958
60 1958
60 1958
73 1940
73 1940
73 1940
73 1940
73 1940
73 1940
73 1940
73 1940
73 1940
73 1940
73 1940
37 1872
37 1872
37 1872
37 1872
37 1872
37 1872
37 1872
37 1872
37 1872
37 1872
37 1872
37 1872
37 1872
37 1872
37 1872
37 1872
37 1872
37 1872
37 1872
37 1872
37 1872
37 1872
37 1872
37 1872
37 1872
46 1869
46 1869
46 1869
46 1869
46 1869
46 1869
46 1869
46 1869
46 1869
46 1869
83 6
83 6
83 6
83 6
83 6
41 1930
41 1930
41 1930
41 1930
41 1930
41 1930
41 1930
41 1930
41 1930
41 1930
41 1930
41 1930
41 1930
41 1930
41 1930
41 1930
41 1930
41 1930
41 1930
41 1930
41 1930
41 1930
41 1930
41 1930
41 1930
41 1930
85 11
85 11
85 11
86 8
86 8
86 8
86 8
86 8
86 8
86 8
86 8
87 14
44 1950
44 1950
44 1950
44 1950
44 1950
44 1950
44 1950
44 1950
44 1950
44 1950
44 1950
44 1950
44 1950
44 1950
44 1950
44 1950
44 1950
44 1950
44 1950
44 1950
88 12
88 12
88 12
88 12
88 12
88 12
88 12
88 12
88 12
89 14
89 14
92 24
92 24
92 24
92 24
93 15
93 15
93 15
93 15
93 15
93 15
94 23
94 23
94 23
94 23
94 23
94 23
94 23
94 23
94 23
94 23
94 23
94 23
94 23
95 20
95 20
95 20
95 20
95 20
95 20
95 20
95 20
95 20
95 20
95 20
95 20
95 20
95 20
95 20
95 20
95 20
95 20
95 20
95 20
95 20
95 20
95 20
95 20
95 20
95 20
95 20
95 20
60 1904
60 1904
60 1904
60 1904
60 1904
60 1904
60 1904
60 1904
60 1904
60 1904
60 1904
60 1904
60 1904
60 1904
60 1904
60 1904
60 1904
60 1904
