1 1 1
2 2 2
3 2 2
4 3 1
5 4 3
6 2 2
7 2 2
8 3 1
9 4 3
10 4 3
11 4 3
12 1 1
13 2 2
14 3 1
15 1 1
16 2 2
17 3 1
18 4 3
19 3 1
20 4 3
21 2 2
22 1 1
23 4 3
24 4 3
25 4 3
26 1 1
27 1 1
28 3 1
29 3 1
30 3 1
31 4 3
32 4 3
33 3 1
34 3 1
35 1 1
36 4 3
37 1 1
38 2 2
39 3 1
40 1 1
41 1 1
42 1 1
43 1 1
44 4 3
45 3 1
46 3 1
47 4 3
48 2 2
49 4 3
50 1 1
51 3 1
52 4 3
53 1 1
54 3 1
55 1 1
56 4 3
57 3 1
58 1 1
59 3 1
60 4 3
61 3 1
62 4 3
63 3 1
64 1 1
65 3 1
66 4 1
67 1 1
68 3 1
69 1 1
70 1 1
71 3 1
72 3 1
73 1 1
74 3 1
75 1 1
76 3 1
77 3 1
78 2 2
79 1 1
80 3 1
81 2 2
82 3 1
83 4 1
84 4 1
85 2 2
86 1 1
87 2 2
88 3 1
89 4 1
90 3 1
91 3 1
92 3 1
93 2 2
94 1 1
95 2 2
96 3 1
97 4 1
98 2 2
99 1 1
100 4 1
101 2 2
102 4 1
103 4 1
104 2 2
105 1 1
106 2 2
107 1 1
108 1 1
109 2 2
110 3 1
111 1 1
112 1 1
113 2 2
114 2 2
115 1 1
116 3 1
117 4 1
118 1 1
119 2 2
120 4 1
121 2 2
122 2 2
123 3 1
124 3 1
125 2 2
126 4 2
127 3 2
128 1 2
129 4 2
130 4 2
131 3 2
132 2 2
133 1 2
134 3 2
135 2 2
136 2 2
137 4 2
138 1 2
139 3 2
