3 133
3 133
3 133
3 133
3 133
3 133
3 133
3 133
3 133
3 133
3 133
3 133
3 133
3 133
3 133
3 133
3 133
3 133
3 133
11 61
11 61
11 61
11 61
11 61
11 61
11 61
11 61
11 61
11 61
11 61
11 61
11 61
11 61
11 61
11 61
11 61
11 61
11 61
11 61
11 61
11 61
11 61
11 61
11 61
11 61
11 61
11 61
5 144
5 144
5 144
5 144
5 144
5 144
5 144
5 144
18 21
18 21
18 21
18 21
18 21
18 21
18 21
18 21
18 21
18 21
18 21
18 21
18 21
18 21
18 21
18 21
18 21
18 21
18 21
18 21
18 21
18 21
15 95
15 95
15 95
15 95
15 95
15 95
15 95
15 95
15 95
15 95
15 95
4 227
4 227
4 227
4 227
4 227
4 227
4 227
4 227
4 227
4 227
4 227
4 227
4 227
4 227
4 227
4 227
4 227
4 227
4 227
4 227
4 227
4 227
4 227
4 227
4 227
16 215
16 215
16 215
16 215
16 215
16 215
16 215
16 215
16 215
16 215
16 215
16 215
16 215
16 215
16 215
16 215
16 215
37 7
37 7
37 7
37 7
9 289
9 289
9 289
9 289
9 289
9 289
9 289
14 244
14 244
14 244
14 244
14 244
14 244
14 244
14 244
14 244
14 244
14 244
14 244
14 244
14 244
14 244
14 244
14 244
14 244
14 244
14 244
14 244
14 244
14 244
14 244
14 244
14 244
14 244
14 244
14 244
14 244
39 68
39 68
39 68
39 68
39 68
39 68
29 183
29 183
51 41
51 41
51 41
51 41
51 41
51 41
51 41
51 41
51 41
51 41
51 41
51 41
51 41
51 41
51 41
3 33
3 33
3 33
3 33
3 33
3 33
3 33
3 33
3 33
3 33
3 33
3 33
3 33
3 33
3 33
3 33
3 33
3 33
3 33
38 222
38 222
38 222
38 222
38 222
38 222
38 222
38 222
38 222
38 222
38 222
38 222
38 222
38 222
38 222
38 222
38 222
38 222
38 222
38 222
38 222
38 222
38 222
38 222
11 9
11 9
11 9
11 9
11 9
11 9
11 9
11 9
11 9
11 9
11 9
11 9
11 9
11 9
11 9
11 9
11 9
11 9
11 9
11 9
11 9
11 9
11 9
11 9
11 9
11 9
11 9
11 9
65 46
65 46
65 46
65 46
65 46
65 46
65 46
65 46
65 46
65 46
65 46
65 46
65 46
65 46
65 46
65 46
18 24
18 24
18 24
18 24
18 24
18 24
18 24
18 24
18 24
18 24
18 24
18 24
18 24
18 24
18 24
18 24
18 24
18 24
18 24
18 24
18 24
18 24
48 276
48 276
48 276
4 287
4 287
4 287
4 287
4 287
4 287
4 287
4 287
4 287
4 287
4 287
4 287
4 287
4 287
4 287
4 287
4 287
4 287
4 287
4 287
4 287
4 287
4 287
4 287
4 287
79 69
79 69
79 69
79 69
79 69
80 65
80 65
80 65
80 65
80 65
80 65
80 65
80 65
80 65
80 65
80 65
80 65
80 65
80 65
80 65
80 65
80 65
80 65
80 65
80 65
37 32
37 32
37 32
37 32
39 24
39 24
39 24
39 24
39 24
39 24
9 326
9 326
9 326
9 326
9 326
9 326
9 326
47 493
47 493
47 493
47 493
47 493
47 493
47 493
47 493
47 493
47 493
56 405
56 405
56 405
56 405
56 405
56 405
56 405
56 405
56 405
56 405
56 405
56 405
56 405
56 405
56 405
56 405
56 405
56 405
56 405
56 405
56 405
56 405
56 405
5 418
5 418
5 418
5 418
5 418
5 418
5 418
5 418
16 329
16 329
16 329
16 329
16 329
16 329
16 329
16 329
16 329
16 329
16 329
16 329
16 329
16 329
16 329
16 329
16 329
51 14
51 14
51 14
51 14
51 14
51 14
51 14
51 14
51 14
51 14
51 14
51 14
51 14
51 14
51 14
3 57
3 57
3 57
3 57
3 57
3 57
3 57
3 57
3 57
3 57
3 57
3 57
3 57
3 57
3 57
3 57
3 57
3 57
3 57
14 452
14 452
14 452
14 452
14 452
14 452
14 452
14 452
14 452
14 452
14 452
14 452
14 452
14 452
14 452
14 452
14 452
14 452
14 452
14 452
14 452
14 452
14 452
14 452
14 452
14 452
14 452
14 452
14 452
14 452
62 545
62 545
62 545
62 545
62 545
62 545
62 545
62 545
62 545
62 545
62 545
62 545
62 545
62 545
62 545
62 545
62 545
62 545
62 545
62 545
62 545
62 545
62 545
62 545
62 545
62 545
62 545
62 545
62 545
20 547
20 547
20 547
20 547
20 547
20 547
20 547
20 547
20 547
20 547
20 547
20 547
20 547
20 547
20 547
20 547
20 547
20 547
20 547
20 547
20 547
20 547
20 547
20 547
20 547
20 547
62 176
62 176
62 176
62 176
62 176
62 176
62 176
62 176
62 176
62 176
62 176
62 176
62 176
62 176
62 176
62 176
62 176
62 176
62 176
62 176
62 176
62 176
62 176
62 176
62 176
62 176
62 176
62 176
62 176
45 938
45 938
45 938
45 938
45 938
45 938
45 938
45 938
45 938
45 938
45 938
45 938
45 938
46 935
52 894
52 894
52 894
52 894
52 894
52 894
52 894
52 894
52 894
52 894
52 894
52 894
52 894
52 894
52 894
52 894
52 894
52 894
52 894
52 894
52 894
52 894
52 894
52 894
52 894
52 894
52 894
11 325
11 325
11 325
11 325
11 325
11 325
11 325
11 325
11 325
11 325
11 325
11 325
11 325
11 325
11 325
11 325
11 325
11 325
11 325
11 325
11 325
11 325
11 325
11 325
11 325
11 325
11 325
11 325
15 796
15 796
15 796
15 796
15 796
15 796
15 796
15 796
15 796
15 796
15 796
65 339
65 339
65 339
65 339
65 339
65 339
65 339
65 339
65 339
65 339
65 339
65 339
65 339
65 339
65 339
65 339
25 759
25 759
25 759
25 759
25 759
25 759
25 759
25 759
25 759
25 759
25 759
25 759
18 398
18 398
18 398
18 398
18 398
18 398
18 398
18 398
18 398
18 398
18 398
18 398
18 398
18 398
18 398
18 398
18 398
18 398
18 398
18 398
18 398
18 398
29 792
29 792
79 299
79 299
79 299
79 299
79 299
80 290
80 290
80 290
80 290
80 290
80 290
80 290
80 290
80 290
80 290
80 290
80 290
80 290
80 290
80 290
80 290
80 290
80 290
80 290
80 290
37 225
37 225
37 225
37 225
39 206
39 206
39 206
39 206
39 206
39 206
51 92
51 92
51 92
51 92
51 92
51 92
51 92
51 92
51 92
51 92
51 92
51 92
51 92
51 92
51 92
45 653
45 653
45 653
45 653
45 653
45 653
45 653
45 653
45 653
45 653
45 653
45 653
45 653
27 839
27 839
27 839
27 839
27 839
27 839
27 839
27 839
27 839
27 839
27 839
27 839
27 839
27 839
27 839
27 839
27 839
27 839
27 839
27 839
27 839
46 659
3 92
3 92
3 92
3 92
3 92
3 92
3 92
3 92
3 92
3 92
3 92
3 92
3 92
3 92
3 92
3 92
3 92
3 92
3 92
48 665
48 665
48 665
11 108
11 108
11 108
11 108
11 108
11 108
11 108
11 108
11 108
11 108
11 108
11 108
11 108
11 108
11 108
11 108
11 108
11 108
11 108
11 108
11 108
11 108
11 108
11 108
11 108
11 108
11 108
11 108
62 99
62 99
62 99
62 99
62 99
62 99
62 99
62 99
62 99
62 99
62 99
62 99
62 99
62 99
62 99
62 99
62 99
62 99
62 99
62 99
62 99
62 99
62 99
62 99
62 99
62 99
62 99
62 99
62 99
65 98
65 98
65 98
65 98
65 98
65 98
65 98
65 98
65 98
65 98
65 98
65 98
65 98
65 98
65 98
65 98
18 77
18 77
18 77
18 77
18 77
18 77
18 77
18 77
18 77
18 77
18 77
18 77
18 77
18 77
18 77
18 77
18 77
18 77
18 77
18 77
18 77
18 77
9 729
9 729
9 729
9 729
9 729
9 729
9 729
79 73
79 73
79 73
79 73
79 73
80 78
80 78
80 78
80 78
80 78
80 78
80 78
80 78
80 78
80 78
80 78
80 78
80 78
80 78
80 78
80 78
80 78
80 78
80 78
80 78
37 94
37 94
37 94
37 94
16 813
16 813
16 813
16 813
16 813
16 813
16 813
16 813
16 813
16 813
16 813
16 813
16 813
16 813
16 813
16 813
16 813
14 844
14 844
14 844
14 844
14 844
14 844
14 844
14 844
14 844
14 844
14 844
14 844
14 844
14 844
14 844
14 844
14 844
14 844
14 844
14 844
14 844
14 844
14 844
14 844
14 844
14 844
14 844
14 844
14 844
14 844
20 797
20 797
20 797
20 797
20 797
20 797
20 797
20 797
20 797
20 797
20 797
20 797
20 797
20 797
20 797
20 797
20 797
20 797
20 797
20 797
20 797
20 797
20 797
20 797
20 797
20 797
39 121
39 121
39 121
39 121
39 121
39 121
51 73
51 73
51 73
51 73
51 73
51 73
51 73
51 73
51 73
51 73
51 73
51 73
51 73
51 73
51 73
3 70
3 70
3 70
3 70
3 70
3 70
3 70
3 70
3 70
3 70
3 70
3 70
3 70
3 70
3 70
3 70
3 70
3 70
3 70
25 889
25 889
25 889
25 889
25 889
25 889
25 889
25 889
25 889
25 889
25 889
25 889
27 887
27 887
27 887
27 887
27 887
27 887
27 887
27 887
27 887
27 887
27 887
27 887
27 887
27 887
27 887
27 887
27 887
27 887
27 887
27 887
27 887
11 67
11 67
11 67
11 67
11 67
11 67
11 67
11 67
11 67
11 67
11 67
11 67
11 67
11 67
11 67
11 67
11 67
11 67
11 67
11 67
11 67
11 67
11 67
11 67
11 67
11 67
11 67
11 67
62 59
62 59
62 59
62 59
62 59
62 59
62 59
62 59
62 59
62 59
62 59
62 59
62 59
62 59
62 59
62 59
62 59
62 59
62 59
62 59
62 59
62 59
62 59
62 59
62 59
62 59
62 59
62 59
62 59
47 1217
47 1217
47 1217
47 1217
47 1217
47 1217
47 1217
47 1217
47 1217
47 1217
52 1174
52 1174
52 1174
52 1174
52 1174
52 1174
52 1174
52 1174
52 1174
52 1174
52 1174
52 1174
52 1174
52 1174
52 1174
52 1174
52 1174
52 1174
52 1174
52 1174
52 1174
52 1174
52 1174
52 1174
52 1174
52 1174
52 1174
4 1171
4 1171
4 1171
4 1171
4 1171
4 1171
4 1171
4 1171
4 1171
4 1171
4 1171
4 1171
4 1171
4 1171
4 1171
4 1171
4 1171
4 1171
4 1171
4 1171
4 1171
4 1171
4 1171
4 1171
4 1171
65 64
65 64
65 64
65 64
65 64
65 64
65 64
65 64
65 64
65 64
65 64
65 64
65 64
65 64
65 64
65 64
29 926
29 926
5 1167
5 1167
5 1167
5 1167
5 1167
5 1167
5 1167
5 1167
56 1166
56 1166
56 1166
56 1166
56 1166
56 1166
56 1166
56 1166
56 1166
56 1166
56 1166
56 1166
56 1166
56 1166
56 1166
56 1166
56 1166
56 1166
56 1166
56 1166
56 1166
56 1166
56 1166
18 49
18 49
18 49
18 49
18 49
18 49
18 49
18 49
18 49
18 49
18 49
18 49
18 49
18 49
18 49
18 49
18 49
18 49
18 49
18 49
18 49
18 49
77 1479
77 1479
77 1479
77 1479
77 1479
77 1479
77 1479
77 1479
77 1479
77 1479
77 1479
77 1479
77 1479
77 1479
77 1479
77 1479
77 1479
77 1479
77 996
77 996
77 996
77 996
77 996
77 996
77 996
77 996
77 996
77 996
77 996
77 996
77 996
77 996
77 996
77 996
77 996
77 996
38 967
38 967
38 967
38 967
38 967
38 967
38 967
38 967
38 967
38 967
38 967
38 967
38 967
38 967
38 967
38 967
38 967
38 967
38 967
38 967
38 967
38 967
38 967
38 967
79 97
79 97
79 97
79 97
79 97
80 94
80 94
80 94
80 94
80 94
80 94
80 94
80 94
80 94
80 94
80 94
80 94
80 94
80 94
80 94
80 94
80 94
80 94
80 94
80 94
45 952
45 952
45 952
45 952
45 952
45 952
45 952
45 952
45 952
45 952
45 952
45 952
45 952
46 948
15 1260
15 1260
15 1260
15 1260
15 1260
15 1260
15 1260
15 1260
15 1260
15 1260
15 1260
37 64
37 64
37 64
37 64
48 958
48 958
48 958
39 61
39 61
39 61
39 61
39 61
39 61
51 17
51 17
51 17
51 17
51 17
51 17
51 17
51 17
51 17
51 17
51 17
51 17
51 17
51 17
51 17
3 13
3 13
3 13
3 13
3 13
3 13
3 13
3 13
3 13
3 13
3 13
3 13
3 13
3 13
3 13
3 13
3 13
3 13
3 13
52 1126
52 1126
52 1126
52 1126
52 1126
52 1126
52 1126
52 1126
52 1126
52 1126
52 1126
52 1126
52 1126
52 1126
52 1126
52 1126
52 1126
52 1126
52 1126
52 1126
52 1126
52 1126
52 1126
52 1126
52 1126
52 1126
52 1126
11 42
11 42
11 42
11 42
11 42
11 42
11 42
11 42
11 42
11 42
11 42
11 42
11 42
11 42
11 42
11 42
11 42
11 42
11 42
11 42
11 42
11 42
11 42
11 42
11 42
11 42
11 42
11 42
62 39
62 39
62 39
62 39
62 39
62 39
62 39
62 39
62 39
62 39
62 39
62 39
62 39
62 39
62 39
62 39
62 39
62 39
62 39
62 39
62 39
62 39
62 39
62 39
62 39
62 39
62 39
62 39
62 39
4 1131
4 1131
4 1131
4 1131
4 1131
4 1131
4 1131
4 1131
4 1131
4 1131
4 1131
4 1131
4 1131
4 1131
4 1131
4 1131
4 1131
4 1131
4 1131
4 1131
4 1131
4 1131
4 1131
4 1131
4 1131
65 25
65 25
65 25
65 25
65 25
65 25
65 25
65 25
65 25
65 25
65 25
65 25
65 25
65 25
65 25
65 25
47 1206
47 1206
47 1206
47 1206
47 1206
47 1206
47 1206
47 1206
47 1206
47 1206
9 1099
9 1099
9 1099
9 1099
9 1099
9 1099
9 1099
18 19
18 19
18 19
18 19
18 19
18 19
18 19
18 19
18 19
18 19
18 19
18 19
18 19
18 19
18 19
18 19
18 19
18 19
18 19
18 19
18 19
18 19
14 1114
14 1114
14 1114
14 1114
14 1114
14 1114
14 1114
14 1114
14 1114
14 1114
14 1114
14 1114
14 1114
14 1114
14 1114
14 1114
14 1114
14 1114
14 1114
14 1114
14 1114
14 1114
14 1114
14 1114
14 1114
14 1114
14 1114
14 1114
14 1114
14 1114
16 1109
16 1109
16 1109
16 1109
16 1109
16 1109
16 1109
16 1109
16 1109
16 1109
16 1109
16 1109
16 1109
16 1109
16 1109
16 1109
16 1109
79 20
79 20
79 20
79 20
79 20
20 1115
20 1115
20 1115
20 1115
20 1115
20 1115
20 1115
20 1115
20 1115
20 1115
20 1115
20 1115
20 1115
20 1115
20 1115
20 1115
20 1115
20 1115
20 1115
20 1115
20 1115
20 1115
20 1115
20 1115
20 1115
20 1115
80 45
80 45
80 45
80 45
80 45
80 45
80 45
80 45
80 45
80 45
80 45
80 45
80 45
80 45
80 45
80 45
80 45
80 45
80 45
80 45
77 1103
77 1103
77 1103
77 1103
77 1103
77 1103
77 1103
77 1103
77 1103
77 1103
77 1103
77 1103
77 1103
77 1103
77 1103
77 1103
77 1103
77 1103
25 1129
25 1129
25 1129
25 1129
25 1129
25 1129
25 1129
25 1129
25 1129
25 1129
25 1129
25 1129
37 43
37 43
37 43
37 43
39 32
39 32
39 32
39 32
39 32
39 32
27 1164
27 1164
27 1164
27 1164
27 1164
27 1164
27 1164
27 1164
27 1164
27 1164
27 1164
27 1164
27 1164
27 1164
27 1164
27 1164
27 1164
27 1164
27 1164
27 1164
27 1164
29 1156
29 1156
38 1194
38 1194
38 1194
38 1194
38 1194
38 1194
38 1194
38 1194
38 1194
38 1194
38 1194
38 1194
38 1194
38 1194
38 1194
38 1194
38 1194
38 1194
38 1194
38 1194
38 1194
38 1194
38 1194
38 1194
51 75
51 75
51 75
51 75
51 75
51 75
51 75
51 75
51 75
51 75
51 75
51 75
51 75
51 75
51 75
3 68
3 68
3 68
3 68
3 68
3 68
3 68
3 68
3 68
3 68
3 68
3 68
3 68
3 68
3 68
3 68
3 68
3 68
3 68
15 1473
15 1473
15 1473
15 1473
15 1473
15 1473
15 1473
15 1473
15 1473
15 1473
15 1473
11 26
11 26
11 26
11 26
11 26
11 26
11 26
11 26
11 26
11 26
11 26
11 26
11 26
11 26
11 26
11 26
11 26
11 26
11 26
11 26
11 26
11 26
11 26
11 26
11 26
11 26
11 26
11 26
62 21
62 21
62 21
62 21
62 21
62 21
62 21
62 21
62 21
62 21
62 21
62 21
62 21
62 21
62 21
62 21
62 21
62 21
62 21
62 21
62 21
62 21
62 21
62 21
62 21
62 21
62 21
62 21
62 21
65 21
65 21
65 21
65 21
65 21
65 21
65 21
65 21
65 21
65 21
65 21
65 21
65 21
65 21
65 21
65 21
56 1611
56 1611
56 1611
56 1611
56 1611
56 1611
56 1611
56 1611
56 1611
56 1611
56 1611
56 1611
56 1611
56 1611
56 1611
56 1611
56 1611
56 1611
56 1611
56 1611
56 1611
56 1611
56 1611
18 21
18 21
18 21
18 21
18 21
18 21
18 21
18 21
18 21
18 21
18 21
18 21
18 21
18 21
18 21
18 21
18 21
18 21
18 21
18 21
18 21
18 21
47 1248
47 1248
47 1248
47 1248
47 1248
47 1248
47 1248
47 1248
47 1248
47 1248
75 2484
75 2484
75 2484
75 2484
75 2484
75 2484
75 2484
75 2484
75 2484
75 2484
75 2484
75 2484
75 2484
75 2484
75 1986
75 1986
75 1986
75 1986
75 1986
75 1986
75 1986
75 1986
75 1986
75 1986
75 1986
75 1986
75 1986
75 1986
75 1488
75 1488
75 1488
75 1488
75 1488
75 1488
75 1488
75 1488
75 1488
75 1488
75 1488
75 1488
75 1488
75 1488
46 1302
52 1291
52 1291
52 1291
52 1291
52 1291
52 1291
52 1291
52 1291
52 1291
52 1291
52 1291
52 1291
52 1291
52 1291
52 1291
52 1291
52 1291
52 1291
52 1291
52 1291
52 1291
52 1291
52 1291
52 1291
52 1291
52 1291
52 1291
4 1283
4 1283
4 1283
4 1283
4 1283
4 1283
4 1283
4 1283
4 1283
4 1283
4 1283
4 1283
4 1283
4 1283
4 1283
4 1283
4 1283
4 1283
4 1283
4 1283
4 1283
4 1283
4 1283
4 1283
4 1283
79 37
79 37
79 37
79 37
79 37
80 46
80 46
80 46
80 46
80 46
80 46
80 46
80 46
80 46
80 46
80 46
80 46
80 46
80 46
80 46
80 46
80 46
80 46
80 46
80 46
5 1299
5 1299
5 1299
5 1299
5 1299
5 1299
5 1299
5 1299
45 1402
45 1402
45 1402
45 1402
45 1402
45 1402
45 1402
45 1402
45 1402
45 1402
45 1402
45 1402
45 1402
48 1375
48 1375
48 1375
37 34
37 34
37 34
37 34
39 35
39 35
39 35
39 35
39 35
39 35
9 1375
9 1375
9 1375
9 1375
9 1375
9 1375
9 1375
56 1427
56 1427
56 1427
56 1427
56 1427
56 1427
56 1427
56 1427
56 1427
56 1427
56 1427
56 1427
56 1427
56 1427
56 1427
56 1427
56 1427
56 1427
56 1427
56 1427
56 1427
56 1427
56 1427
15 1341
15 1341
15 1341
15 1341
15 1341
15 1341
15 1341
15 1341
15 1341
15 1341
15 1341
51 30
51 30
51 30
51 30
51 30
51 30
51 30
51 30
51 30
51 30
51 30
51 30
51 30
51 30
51 30
3 22
3 22
3 22
3 22
3 22
3 22
3 22
3 22
3 22
3 22
3 22
3 22
3 22
3 22
3 22
3 22
3 22
3 22
3 22
14 1419
14 1419
14 1419
14 1419
14 1419
14 1419
14 1419
14 1419
14 1419
14 1419
14 1419
14 1419
14 1419
14 1419
14 1419
14 1419
14 1419
14 1419
14 1419
14 1419
14 1419
14 1419
14 1419
14 1419
14 1419
14 1419
14 1419
14 1419
14 1419
14 1419
16 1412
16 1412
16 1412
16 1412
16 1412
16 1412
16 1412
16 1412
16 1412
16 1412
16 1412
16 1412
16 1412
16 1412
16 1412
16 1412
16 1412
11 3
11 3
11 3
11 3
11 3
11 3
11 3
11 3
11 3
11 3
11 3
11 3
11 3
11 3
11 3
11 3
11 3
11 3
11 3
11 3
11 3
11 3
11 3
11 3
11 3
11 3
11 3
11 3
62 2
62 2
62 2
62 2
62 2
62 2
62 2
62 2
62 2
62 2
62 2
62 2
62 2
62 2
62 2
62 2
62 2
62 2
62 2
62 2
62 2
62 2
62 2
62 2
62 2
62 2
62 2
62 2
62 2
65 30
65 30
65 30
65 30
65 30
65 30
65 30
65 30
65 30
65 30
65 30
65 30
65 30
65 30
65 30
65 30
25 1457
25 1457
25 1457
25 1457
25 1457
25 1457
25 1457
25 1457
25 1457
25 1457
25 1457
25 1457
20 1509
20 1509
20 1509
20 1509
20 1509
20 1509
20 1509
20 1509
20 1509
20 1509
20 1509
20 1509
20 1509
20 1509
20 1509
20 1509
20 1509
20 1509
20 1509
20 1509
20 1509
20 1509
20 1509
20 1509
20 1509
20 1509
18 67
18 67
18 67
18 67
18 67
18 67
18 67
18 67
18 67
18 67
18 67
18 67
18 67
18 67
18 67
18 67
18 67
18 67
18 67
18 67
18 67
18 67
27 1477
27 1477
27 1477
27 1477
27 1477
27 1477
27 1477
27 1477
27 1477
27 1477
27 1477
27 1477
27 1477
27 1477
27 1477
27 1477
27 1477
27 1477
27 1477
27 1477
27 1477
29 1514
29 1514
79 44
79 44
79 44
79 44
79 44
80 37
80 37
80 37
80 37
80 37
80 37
80 37
80 37
80 37
80 37
80 37
80 37
80 37
80 37
80 37
80 37
80 37
80 37
80 37
80 37
37 11
37 11
37 11
37 11
38 1528
38 1528
38 1528
38 1528
38 1528
38 1528
38 1528
38 1528
38 1528
38 1528
38 1528
38 1528
38 1528
38 1528
38 1528
38 1528
38 1528
38 1528
38 1528
38 1528
38 1528
38 1528
38 1528
38 1528
39 34
39 34
39 34
39 34
39 34
39 34
75 1697
75 1697
75 1697
75 1697
75 1697
75 1697
75 1697
75 1697
75 1697
75 1697
75 1697
75 1697
75 1697
75 1697
77 1704
77 1704
77 1704
77 1704
77 1704
77 1704
77 1704
77 1704
77 1704
77 1704
77 1704
77 1704
77 1704
77 1704
77 1704
77 1704
77 1704
77 1704
45 1579
45 1579
45 1579
45 1579
45 1579
45 1579
45 1579
45 1579
45 1579
45 1579
45 1579
45 1579
45 1579
51 27
51 27
51 27
51 27
51 27
51 27
51 27
51 27
51 27
51 27
51 27
51 27
51 27
51 27
51 27
46 1577
48 1606
48 1606
48 1606
62 31
62 31
62 31
62 31
62 31
62 31
62 31
62 31
62 31
62 31
62 31
62 31
62 31
62 31
62 31
62 31
62 31
62 31
62 31
62 31
62 31
62 31
62 31
62 31
62 31
62 31
62 31
62 31
62 31
47 1686
47 1686
47 1686
47 1686
47 1686
47 1686
47 1686
47 1686
47 1686
47 1686
52 1643
52 1643
52 1643
52 1643
52 1643
52 1643
52 1643
52 1643
52 1643
52 1643
52 1643
52 1643
52 1643
52 1643
52 1643
52 1643
52 1643
52 1643
52 1643
52 1643
52 1643
52 1643
52 1643
52 1643
52 1643
52 1643
52 1643
65 18
65 18
65 18
65 18
65 18
65 18
65 18
65 18
65 18
65 18
65 18
65 18
65 18
65 18
65 18
65 18
79 20
79 20
79 20
79 20
79 20
80 13
80 13
80 13
80 13
80 13
80 13
80 13
80 13
80 13
80 13
80 13
80 13
80 13
80 13
80 13
80 13
80 13
80 13
80 13
80 13
56 1835
56 1835
56 1835
56 1835
56 1835
56 1835
56 1835
56 1835
56 1835
56 1835
56 1835
56 1835
56 1835
56 1835
56 1835
56 1835
56 1835
56 1835
56 1835
56 1835
56 1835
56 1835
56 1835
75 1879
75 1879
75 1879
75 1879
75 1879
75 1879
75 1879
75 1879
75 1879
75 1879
75 1879
75 1879
75 1879
75 1879
77 1900
77 1900
77 1900
77 1900
77 1900
77 1900
77 1900
77 1900
77 1900
77 1900
77 1900
77 1900
77 1900
77 1900
77 1900
77 1900
77 1900
77 1900
