15 45
15 45
15 45
15 45
24 89
24 89
24 89
24 89
24 89
24 89
24 89
16 293
16 293
16 293
27 190
27 190
27 190
27 190
27 190
27 190
27 190
27 190
27 190
27 190
27 190
27 190
27 190
27 190
27 190
27 190
27 190
27 190
19 273
19 273
19 273
19 273
19 273
19 273
19 273
19 273
19 273
19 273
19 273
19 273
19 273
19 273
19 273
19 273
19 273
19 273
19 273
19 273
19 273
19 273
19 273
19 273
19 273
19 273
32 148
35 167
35 167
35 167
35 167
35 167
35 167
35 167
35 167
35 167
35 167
35 167
35 167
35 167
35 167
35 167
35 167
35 167
35 167
35 167
35 167
35 167
35 167
35 167
35 167
35 167
35 167
35 167
35 167
35 167
36 166
36 166
36 166
36 166
36 166
36 166
37 167
37 167
37 167
37 167
37 167
37 167
37 167
37 167
37 167
37 167
37 167
37 167
37 167
37 167
37 167
37 167
37 167
37 167
37 167
37 167
37 167
37 167
37 167
37 167
37 167
37 167
37 167
37 167
33 214
33 214
33 214
33 214
33 214
38 183
38 183
38 183
38 183
38 183
38 183
38 183
38 183
38 183
38 183
38 183
38 183
38 183
38 183
38 183
38 183
38 183
38 183
38 183
38 183
38 183
38 183
39 213
39 213
39 213
39 213
39 213
39 213
39 213
39 213
39 213
39 213
39 213
39 213
39 213
39 213
39 213
39 213
39 213
56 187
56 187
56 187
56 187
56 187
56 187
56 187
56 187
56 187
56 187
56 187
56 187
56 187
56 187
45 409
45 409
45 409
45 409
45 409
45 409
45 409
45 409
45 409
45 409
45 409
45 409
45 409
45 409
45 409
45 409
45 409
45 409
45 409
45 409
45 409
45 409
45 409
51 353
51 353
51 353
51 353
51 353
51 353
51 353
51 353
51 353
51 353
51 353
51 353
51 353
51 353
51 353
51 353
51 353
51 353
51 353
51 353
51 353
51 353
51 353
51 353
68 184
68 184
68 184
68 184
68 184
68 184
68 184
68 184
68 184
68 184
68 184
68 184
68 184
68 184
68 184
44 426
44 426
44 426
44 426
44 426
44 426
44 426
44 426
44 426
15 239
15 239
15 239
15 239
47 437
47 437
73 191
73 191
73 191
73 191
73 191
73 191
73 191
73 191
73 191
73 191
73 191
73 191
73 191
73 191
73 191
73 191
73 191
73 191
73 191
73 191
73 191
73 191
73 191
73 191
73 191
73 191
73 191
16 295
16 295
16 295
24 219
24 219
24 219
24 219
24 219
24 219
24 219
71 255
71 255
71 255
71 255
71 255
71 255
71 255
71 255
71 255
71 255
71 255
71 255
71 255
71 255
71 255
71 255
71 255
71 255
71 255
19 308
19 308
19 308
19 308
19 308
19 308
19 308
19 308
19 308
19 308
19 308
19 308
19 308
19 308
19 308
19 308
19 308
19 308
19 308
19 308
19 308
19 308
19 308
19 308
19 308
19 308
78 246
78 246
78 246
78 246
78 246
78 246
78 246
78 246
78 246
78 246
78 246
78 246
78 246
78 246
78 246
78 246
78 246
78 246
78 246
78 246
78 246
81 314
81 314
81 314
81 314
81 314
81 314
81 314
81 314
81 314
81 314
81 314
81 314
81 314
81 314
81 314
81 314
81 314
81 314
81 314
81 314
27 518
27 518
27 518
27 518
27 518
27 518
27 518
27 518
27 518
27 518
27 518
27 518
27 518
27 518
27 518
27 518
27 518
27 518
29 627
29 627
29 627
29 627
29 627
29 627
29 627
29 627
29 627
29 627
29 627
29 627
3 1432
3 1432
3 1432
3 1432
3 1432
3 1432
3 1432
3 1432
3 1432
3 1432
3 934
3 934
3 934
3 934
3 934
3 934
3 934
3 934
3 934
3 934
32 668
35 738
35 738
35 738
35 738
35 738
35 738
35 738
35 738
35 738
35 738
35 738
35 738
35 738
35 738
35 738
35 738
35 738
35 738
35 738
35 738
35 738
35 738
35 738
35 738
35 738
35 738
35 738
35 738
35 738
36 729
36 729
36 729
36 729
36 729
36 729
37 719
37 719
37 719
37 719
37 719
37 719
37 719
37 719
37 719
37 719
37 719
37 719
37 719
37 719
37 719
37 719
37 719
37 719
37 719
37 719
37 719
37 719
37 719
37 719
37 719
37 719
37 719
37 719
38 716
38 716
38 716
38 716
38 716
38 716
38 716
38 716
38 716
38 716
38 716
38 716
38 716
38 716
38 716
38 716
38 716
38 716
38 716
38 716
38 716
38 716
39 709
39 709
39 709
39 709
39 709
39 709
39 709
39 709
39 709
39 709
39 709
39 709
39 709
39 709
39 709
39 709
39 709
44 688
44 688
44 688
44 688
44 688
44 688
44 688
44 688
44 688
45 678
45 678
45 678
45 678
45 678
45 678
45 678
45 678
45 678
45 678
45 678
45 678
45 678
45 678
45 678
45 678
45 678
45 678
45 678
45 678
45 678
45 678
45 678
51 619
51 619
51 619
51 619
51 619
51 619
51 619
51 619
51 619
51 619
51 619
51 619
51 619
51 619
51 619
51 619
51 619
51 619
51 619
51 619
51 619
51 619
51 619
51 619
47 673
47 673
68 465
68 465
68 465
68 465
68 465
68 465
68 465
68 465
68 465
68 465
68 465
68 465
68 465
68 465
68 465
58 569
58 569
58 569
58 569
58 569
58 569
58 569
58 569
55 601
55 601
55 601
55 601
55 601
55 601
55 601
55 601
55 601
55 601
55 601
73 428
73 428
73 428
73 428
73 428
73 428
73 428
73 428
73 428
73 428
73 428
73 428
73 428
73 428
73 428
73 428
73 428
73 428
73 428
73 428
73 428
73 428
73 428
73 428
73 428
73 428
73 428
33 857
33 857
33 857
33 857
33 857
3 658
3 658
3 658
3 658
3 658
3 658
3 658
3 658
3 658
3 658
56 634
56 634
56 634
56 634
56 634
56 634
56 634
56 634
56 634
56 634
56 634
56 634
56 634
56 634
78 433
78 433
78 433
78 433
78 433
78 433
78 433
78 433
78 433
78 433
78 433
78 433
78 433
78 433
78 433
78 433
78 433
78 433
78 433
78 433
78 433
80 914
80 914
80 914
80 914
80 914
80 914
80 914
80 914
80 914
80 914
80 914
80 914
80 914
80 914
80 914
80 914
81 460
81 460
81 460
81 460
81 460
81 460
81 460
81 460
81 460
81 460
81 460
81 460
81 460
81 460
81 460
81 460
81 460
81 460
81 460
81 460
16 646
16 646
16 646
19 657
19 657
19 657
19 657
19 657
19 657
19 657
19 657
19 657
19 657
19 657
19 657
19 657
19 657
19 657
19 657
19 657
19 657
19 657
19 657
19 657
19 657
19 657
19 657
19 657
19 657
61 748
61 748
61 748
61 748
61 748
61 748
61 748
61 748
61 748
61 748
61 748
61 748
61 748
61 748
61 748
61 748
61 748
61 748
61 748
61 748
61 748
61 748
61 748
61 748
61 748
24 664
24 664
24 664
24 664
24 664
24 664
24 664
15 757
15 757
15 757
15 757
44 483
44 483
44 483
44 483
44 483
44 483
44 483
44 483
44 483
45 490
45 490
45 490
45 490
45 490
45 490
45 490
45 490
45 490
45 490
45 490
45 490
45 490
45 490
45 490
45 490
45 490
45 490
45 490
45 490
45 490
45 490
45 490
27 678
27 678
27 678
27 678
27 678
27 678
27 678
27 678
27 678
27 678
27 678
27 678
27 678
27 678
27 678
27 678
27 678
27 678
33 632
33 632
33 632
33 632
33 632
80 665
80 665
80 665
80 665
80 665
80 665
80 665
80 665
80 665
80 665
80 665
80 665
80 665
80 665
80 665
80 665
71 777
71 777
71 777
71 777
71 777
71 777
71 777
71 777
71 777
71 777
71 777
71 777
71 777
71 777
71 777
71 777
71 777
71 777
71 777
29 708
29 708
29 708
29 708
29 708
29 708
29 708
29 708
29 708
29 708
29 708
29 708
32 720
51 562
51 562
51 562
51 562
51 562
51 562
51 562
51 562
51 562
51 562
51 562
51 562
51 562
51 562
51 562
51 562
51 562
51 562
51 562
51 562
51 562
51 562
51 562
51 562
55 527
55 527
55 527
55 527
55 527
55 527
55 527
55 527
55 527
55 527
55 527
35 748
35 748
35 748
35 748
35 748
35 748
35 748
35 748
35 748
35 748
35 748
35 748
35 748
35 748
35 748
35 748
35 748
35 748
35 748
35 748
35 748
35 748
35 748
35 748
35 748
35 748
35 748
35 748
35 748
36 740
36 740
36 740
36 740
36 740
36 740
37 749
37 749
37 749
37 749
37 749
37 749
37 749
37 749
37 749
37 749
37 749
37 749
37 749
37 749
37 749
37 749
37 749
37 749
37 749
37 749
37 749
37 749
37 749
37 749
37 749
37 749
37 749
37 749
58 541
58 541
58 541
58 541
58 541
58 541
58 541
58 541
38 743
38 743
38 743
38 743
38 743
38 743
38 743
38 743
38 743
38 743
38 743
38 743
38 743
38 743
38 743
38 743
38 743
38 743
38 743
38 743
38 743
38 743
61 517
61 517
61 517
61 517
61 517
61 517
61 517
61 517
61 517
61 517
61 517
61 517
61 517
61 517
61 517
61 517
61 517
61 517
61 517
61 517
61 517
61 517
61 517
61 517
61 517
47 672
47 672
39 772
39 772
39 772
39 772
39 772
39 772
39 772
39 772
39 772
39 772
39 772
39 772
39 772
39 772
39 772
39 772
39 772
68 538
68 538
68 538
68 538
68 538
68 538
68 538
68 538
68 538
68 538
68 538
68 538
68 538
68 538
68 538
73 545
73 545
73 545
73 545
73 545
73 545
73 545
73 545
73 545
73 545
73 545
73 545
73 545
73 545
73 545
73 545
73 545
73 545
73 545
73 545
73 545
73 545
73 545
73 545
73 545
73 545
73 545
56 745
56 745
56 745
56 745
56 745
56 745
56 745
56 745
56 745
56 745
56 745
56 745
56 745
56 745
78 580
78 580
78 580
78 580
78 580
78 580
78 580
78 580
78 580
78 580
78 580
78 580
78 580
78 580
78 580
78 580
78 580
78 580
78 580
78 580
78 580
3 878
3 878
3 878
3 878
3 878
3 878
3 878
3 878
3 878
3 878
81 603
81 603
81 603
81 603
81 603
81 603
81 603
81 603
81 603
81 603
81 603
81 603
81 603
81 603
81 603
81 603
81 603
81 603
81 603
81 603
71 793
71 793
71 793
71 793
71 793
71 793
71 793
71 793
71 793
71 793
71 793
71 793
71 793
71 793
71 793
71 793
71 793
71 793
71 793
16 847
16 847
16 847
24 800
24 800
24 800
24 800
24 800
24 800
24 800
19 876
19 876
19 876
19 876
19 876
19 876
19 876
19 876
19 876
19 876
19 876
19 876
19 876
19 876
19 876
19 876
19 876
19 876
19 876
19 876
19 876
19 876
19 876
19 876
19 876
19 876
44 633
44 633
44 633
44 633
44 633
44 633
44 633
44 633
44 633
45 641
45 641
45 641
45 641
45 641
45 641
45 641
45 641
45 641
45 641
45 641
45 641
45 641
45 641
45 641
45 641
45 641
45 641
45 641
45 641
45 641
45 641
45 641
80 805
80 805
80 805
80 805
80 805
80 805
80 805
80 805
80 805
80 805
80 805
80 805
80 805
80 805
80 805
80 805
51 642
51 642
51 642
51 642
51 642
51 642
51 642
51 642
51 642
51 642
51 642
51 642
51 642
51 642
51 642
51 642
51 642
51 642
51 642
51 642
51 642
51 642
51 642
51 642
27 885
27 885
27 885
27 885
27 885
27 885
27 885
27 885
27 885
27 885
27 885
27 885
27 885
27 885
27 885
27 885
27 885
27 885
33 832
33 832
33 832
33 832
33 832
55 651
55 651
55 651
55 651
55 651
55 651
55 651
55 651
55 651
55 651
55 651
29 917
29 917
29 917
29 917
29 917
29 917
29 917
29 917
29 917
29 917
29 917
29 917
58 643
58 643
58 643
58 643
58 643
58 643
58 643
58 643
32 922
61 655
61 655
61 655
61 655
61 655
61 655
61 655
61 655
61 655
61 655
61 655
61 655
61 655
61 655
61 655
61 655
61 655
61 655
61 655
61 655
61 655
61 655
61 655
61 655
61 655
35 941
35 941
35 941
35 941
35 941
35 941
35 941
35 941
35 941
35 941
35 941
35 941
35 941
35 941
35 941
35 941
35 941
35 941
35 941
35 941
35 941
35 941
35 941
35 941
35 941
35 941
35 941
35 941
35 941
36 948
36 948
36 948
36 948
36 948
36 948
68 643
68 643
68 643
68 643
68 643
68 643
68 643
68 643
68 643
68 643
68 643
68 643
68 643
68 643
68 643
37 961
37 961
37 961
37 961
37 961
37 961
37 961
37 961
37 961
37 961
37 961
37 961
37 961
37 961
37 961
37 961
37 961
37 961
37 961
37 961
37 961
37 961
37 961
37 961
37 961
37 961
37 961
37 961
38 972
38 972
38 972
38 972
38 972
38 972
38 972
38 972
38 972
38 972
38 972
38 972
38 972
38 972
38 972
38 972
38 972
38 972
38 972
38 972
38 972
38 972
39 990
39 990
39 990
39 990
39 990
39 990
39 990
39 990
39 990
39 990
39 990
39 990
39 990
39 990
39 990
39 990
39 990
73 671
73 671
73 671
73 671
73 671
73 671
73 671
73 671
73 671
73 671
73 671
73 671
73 671
73 671
73 671
73 671
73 671
73 671
73 671
73 671
73 671
73 671
73 671
73 671
73 671
73 671
73 671
78 675
78 675
78 675
78 675
78 675
78 675
78 675
78 675
78 675
78 675
78 675
78 675
78 675
78 675
78 675
78 675
78 675
78 675
78 675
78 675
78 675
3 941
3 941
3 941
3 941
3 941
3 941
3 941
3 941
3 941
3 941
56 914
56 914
56 914
56 914
56 914
56 914
56 914
56 914
56 914
56 914
56 914
56 914
56 914
56 914
81 705
81 705
81 705
81 705
81 705
81 705
81 705
81 705
81 705
81 705
81 705
81 705
81 705
81 705
81 705
81 705
81 705
81 705
81 705
81 705
47 1082
47 1082
44 718
44 718
44 718
44 718
44 718
44 718
44 718
44 718
44 718
14 3035
14 3035
14 3035
14 3035
14 3035
14 3035
14 3035
14 3035
14 3035
14 3035
14 3035
14 3035
14 3035
14 3035
14 3035
14 3035
14 3035
14 3035
14 3035
14 3035
14 3035
14 3035
14 3035
14 3035
14 3035
14 3035
14 3035
14 3035
14 3035
14 3035
14 2043
14 2043
14 2043
14 2043
14 2043
14 2043
14 2043
14 2043
14 2043
14 2043
14 2043
14 2043
14 2043
14 2043
14 2043
14 2043
14 2043
14 2043
14 2043
14 2043
14 2043
14 2043
14 2043
14 2043
14 2043
14 2043
14 2043
14 2043
14 2043
14 2043
45 733
45 733
45 733
45 733
45 733
45 733
45 733
45 733
45 733
45 733
45 733
45 733
45 733
45 733
45 733
45 733
45 733
45 733
45 733
45 733
45 733
45 733
45 733
14 1550
14 1550
14 1550
14 1550
14 1550
14 1550
14 1550
14 1550
14 1550
14 1550
14 1550
14 1550
14 1550
14 1550
14 1550
14 1550
14 1550
14 1550
14 1550
14 1550
14 1550
14 1550
14 1550
14 1550
14 1550
14 1550
14 1550
14 1550
14 1550
14 1550
16 1060
16 1060
16 1060
69 2545
69 2545
69 2545
69 2545
69 2545
69 2545
69 2545
69 2545
69 2545
69 2545
69 2545
69 2545
69 2545
69 1549
69 1549
69 1549
69 1549
69 1549
69 1549
69 1549
69 1549
69 1549
69 1549
69 1549
69 1549
69 1549
51 753
51 753
51 753
51 753
51 753
51 753
51 753
51 753
51 753
51 753
51 753
51 753
51 753
51 753
51 753
51 753
51 753
51 753
51 753
51 753
51 753
51 753
51 753
51 753
71 1064
71 1064
71 1064
71 1064
71 1064
71 1064
71 1064
71 1064
71 1064
71 1064
71 1064
71 1064
71 1064
71 1064
71 1064
71 1064
71 1064
71 1064
71 1064
19 1087
19 1087
19 1087
19 1087
19 1087
19 1087
19 1087
19 1087
19 1087
19 1087
19 1087
19 1087
19 1087
19 1087
19 1087
19 1087
19 1087
19 1087
19 1087
19 1087
19 1087
19 1087
19 1087
19 1087
19 1087
19 1087
55 760
55 760
55 760
55 760
55 760
55 760
55 760
55 760
55 760
55 760
55 760
58 777
58 777
58 777
58 777
58 777
58 777
58 777
58 777
27 1107
27 1107
27 1107
27 1107
27 1107
27 1107
27 1107
27 1107
27 1107
27 1107
27 1107
27 1107
27 1107
27 1107
27 1107
27 1107
27 1107
27 1107
61 783
61 783
61 783
61 783
61 783
61 783
61 783
61 783
61 783
61 783
61 783
61 783
61 783
61 783
61 783
61 783
61 783
61 783
61 783
61 783
61 783
61 783
61 783
61 783
61 783
29 1134
29 1134
29 1134
29 1134
29 1134
29 1134
29 1134
29 1134
29 1134
29 1134
29 1134
29 1134
32 1130
68 771
68 771
68 771
68 771
68 771
68 771
68 771
68 771
68 771
68 771
68 771
68 771
68 771
68 771
68 771
35 1159
35 1159
35 1159
35 1159
35 1159
35 1159
35 1159
35 1159
35 1159
35 1159
35 1159
35 1159
35 1159
35 1159
35 1159
35 1159
35 1159
35 1159
35 1159
35 1159
35 1159
35 1159
35 1159
35 1159
35 1159
35 1159
35 1159
35 1159
35 1159
36 1153
36 1153
36 1153
36 1153
36 1153
36 1153
37 1154
37 1154
37 1154
37 1154
37 1154
37 1154
37 1154
37 1154
37 1154
37 1154
37 1154
37 1154
37 1154
37 1154
37 1154
37 1154
37 1154
37 1154
37 1154
37 1154
37 1154
37 1154
37 1154
37 1154
37 1154
37 1154
37 1154
37 1154
38 1153
38 1153
38 1153
38 1153
38 1153
38 1153
38 1153
38 1153
38 1153
38 1153
38 1153
38 1153
38 1153
38 1153
38 1153
38 1153
38 1153
38 1153
38 1153
38 1153
38 1153
38 1153
73 815
73 815
73 815
73 815
73 815
73 815
73 815
73 815
73 815
73 815
73 815
73 815
73 815
73 815
73 815
73 815
73 815
73 815
73 815
73 815
73 815
73 815
73 815
73 815
73 815
73 815
73 815
39 1177
39 1177
39 1177
39 1177
39 1177
39 1177
39 1177
39 1177
39 1177
39 1177
39 1177
39 1177
39 1177
39 1177
39 1177
39 1177
39 1177
78 798
78 798
78 798
78 798
78 798
78 798
78 798
78 798
78 798
78 798
78 798
78 798
78 798
78 798
78 798
78 798
78 798
78 798
78 798
78 798
78 798
81 827
81 827
81 827
81 827
81 827
81 827
81 827
81 827
81 827
81 827
81 827
81 827
81 827
81 827
81 827
81 827
81 827
81 827
81 827
81 827
44 856
44 856
44 856
44 856
44 856
44 856
44 856
44 856
44 856
45 853
45 853
45 853
45 853
45 853
45 853
45 853
45 853
45 853
45 853
45 853
45 853
45 853
45 853
45 853
45 853
45 853
45 853
45 853
45 853
45 853
45 853
45 853
51 856
51 856
51 856
51 856
51 856
51 856
51 856
51 856
51 856
51 856
51 856
51 856
51 856
51 856
51 856
51 856
51 856
51 856
51 856
51 856
51 856
51 856
51 856
51 856
55 872
55 872
55 872
55 872
55 872
55 872
55 872
55 872
55 872
55 872
55 872
58 877
58 877
58 877
58 877
58 877
58 877
58 877
58 877
16 1312
16 1312
16 1312
61 895
61 895
61 895
61 895
61 895
61 895
61 895
61 895
61 895
61 895
61 895
61 895
61 895
61 895
61 895
61 895
61 895
61 895
61 895
61 895
61 895
61 895
61 895
61 895
61 895
19 1324
19 1324
19 1324
19 1324
19 1324
19 1324
19 1324
19 1324
19 1324
19 1324
19 1324
19 1324
19 1324
19 1324
19 1324
19 1324
19 1324
19 1324
19 1324
19 1324
19 1324
19 1324
19 1324
19 1324
19 1324
19 1324
27 1333
27 1333
27 1333
27 1333
27 1333
27 1333
27 1333
27 1333
27 1333
27 1333
27 1333
27 1333
27 1333
27 1333
27 1333
27 1333
27 1333
27 1333
68 925
68 925
68 925
68 925
68 925
68 925
68 925
68 925
68 925
68 925
68 925
68 925
68 925
68 925
68 925
73 906
73 906
73 906
73 906
73 906
73 906
73 906
73 906
73 906
73 906
73 906
73 906
73 906
73 906
73 906
73 906
73 906
73 906
73 906
73 906
73 906
73 906
73 906
73 906
73 906
73 906
73 906
29 1350
29 1350
29 1350
29 1350
29 1350
29 1350
29 1350
29 1350
29 1350
29 1350
29 1350
29 1350
32 1356
78 928
78 928
78 928
78 928
78 928
78 928
78 928
78 928
78 928
78 928
78 928
78 928
78 928
78 928
78 928
78 928
78 928
78 928
78 928
78 928
78 928
24 1987
24 1987
24 1987
24 1987
24 1987
24 1987
24 1987
35 1389
35 1389
35 1389
35 1389
35 1389
35 1389
35 1389
35 1389
35 1389
35 1389
35 1389
35 1389
35 1389
35 1389
35 1389
35 1389
35 1389
35 1389
35 1389
35 1389
35 1389
35 1389
35 1389
35 1389
35 1389
35 1389
35 1389
35 1389
35 1389
36 1392
36 1392
36 1392
36 1392
36 1392
36 1392
81 947
81 947
81 947
81 947
81 947
81 947
81 947
81 947
81 947
81 947
81 947
81 947
81 947
81 947
81 947
81 947
81 947
81 947
81 947
81 947
37 1396
37 1396
37 1396
37 1396
37 1396
37 1396
37 1396
37 1396
37 1396
37 1396
37 1396
37 1396
37 1396
37 1396
37 1396
37 1396
37 1396
37 1396
37 1396
37 1396
37 1396
37 1396
37 1396
37 1396
37 1396
37 1396
37 1396
37 1396
38 1406
38 1406
38 1406
38 1406
38 1406
38 1406
38 1406
38 1406
38 1406
38 1406
38 1406
38 1406
38 1406
38 1406
38 1406
38 1406
38 1406
38 1406
38 1406
38 1406
38 1406
38 1406
39 1404
39 1404
39 1404
39 1404
39 1404
39 1404
39 1404
39 1404
39 1404
39 1404
39 1404
39 1404
39 1404
39 1404
39 1404
39 1404
39 1404
71 1585
71 1585
71 1585
71 1585
71 1585
71 1585
71 1585
71 1585
71 1585
71 1585
71 1585
71 1585
71 1585
71 1585
71 1585
71 1585
71 1585
71 1585
71 1585
56 1761
56 1761
56 1761
56 1761
56 1761
56 1761
56 1761
56 1761
56 1761
56 1761
56 1761
56 1761
56 1761
56 1761
80 1524
80 1524
80 1524
80 1524
80 1524
80 1524
80 1524
80 1524
80 1524
80 1524
80 1524
80 1524
80 1524
80 1524
80 1524
80 1524
33 1497
33 1497
33 1497
33 1497
33 1497
44 961
44 961
44 961
44 961
44 961
44 961
44 961
44 961
44 961
45 967
45 967
45 967
45 967
45 967
45 967
45 967
45 967
45 967
45 967
45 967
45 967
45 967
45 967
45 967
45 967
45 967
45 967
45 967
45 967
45 967
45 967
45 967
69 1727
69 1727
69 1727
69 1727
69 1727
69 1727
69 1727
69 1727
69 1727
69 1727
69 1727
69 1727
69 1727
51 965
51 965
51 965
51 965
51 965
51 965
51 965
51 965
51 965
51 965
51 965
51 965
51 965
51 965
51 965
51 965
51 965
51 965
51 965
51 965
51 965
51 965
51 965
51 965
56 1421
56 1421
56 1421
56 1421
56 1421
56 1421
56 1421
56 1421
56 1421
56 1421
56 1421
56 1421
56 1421
56 1421
55 971
55 971
55 971
55 971
55 971
55 971
55 971
55 971
55 971
55 971
55 971
58 975
58 975
58 975
58 975
58 975
58 975
58 975
58 975
61 983
61 983
61 983
61 983
61 983
61 983
61 983
61 983
61 983
61 983
61 983
61 983
61 983
61 983
61 983
61 983
61 983
61 983
61 983
61 983
61 983
61 983
61 983
61 983
61 983
68 996
68 996
68 996
68 996
68 996
68 996
68 996
68 996
68 996
68 996
68 996
68 996
68 996
68 996
68 996
71 1494
71 1494
71 1494
71 1494
71 1494
71 1494
71 1494
71 1494
71 1494
71 1494
71 1494
71 1494
71 1494
71 1494
71 1494
71 1494
71 1494
71 1494
71 1494
