13 324
13 324
13 324
13 324
13 324
13 324
13 324
13 324
13 324
13 324
6 460
6 460
6 460
6 460
6 460
6 460
6 460
6 460
6 460
6 460
6 460
6 460
6 460
6 460
6 460
6 460
6 460
6 460
6 460
6 460
6 460
6 460
6 460
6 460
6 460
6 460
6 460
6 460
6 460
6 460
30 223
30 223
30 223
30 223
30 223
30 223
30 223
30 223
30 223
30 223
30 223
30 223
30 223
30 223
30 223
30 223
30 223
30 223
30 223
30 223
30 223
30 223
30 223
30 223
30 223
30 223
28 247
28 247
28 247
28 247
28 247
28 247
28 247
28 247
28 247
28 247
28 247
28 247
28 247
28 247
28 247
28 247
28 247
28 247
28 247
28 247
28 247
28 247
28 247
28 247
28 247
60 76
60 76
60 76
60 76
60 76
60 76
60 76
60 76
60 76
60 76
60 76
60 76
60 76
60 76
60 76
60 76
60 76
60 76
60 76
60 76
60 76
60 76
66 31
63 82
63 82
63 82
63 82
63 82
63 82
63 82
63 82
70 42
70 42
70 42
70 42
73 15
73 15
73 15
73 15
73 15
73 15
73 15
73 15
73 15
73 15
73 15
73 15
73 15
73 15
73 15
73 15
73 15
73 15
73 15
73 15
35 396
35 396
35 396
35 396
35 396
35 396
35 396
35 396
35 396
35 396
35 396
35 396
35 396
35 396
35 396
35 396
39 359
39 359
39 359
39 359
39 359
39 359
39 359
39 359
39 359
39 359
39 359
39 359
39 359
39 359
39 359
39 359
39 359
38 430
38 430
38 430
38 430
38 430
38 430
38 430
58 234
58 234
58 234
58 234
58 234
58 234
58 234
58 234
58 234
58 234
58 234
58 234
58 234
58 234
58 234
58 234
58 234
58 234
58 234
58 234
58 234
77 45
77 45
77 45
75 73
75 73
75 73
75 73
75 73
79 33
79 33
79 33
79 33
79 33
79 33
79 33
79 33
79 33
79 33
79 33
79 33
79 33
79 33
79 33
79 33
79 33
79 33
79 33
79 33
79 33
79 33
79 33
79 33
79 33
79 33
79 33
79 33
81 53
81 53
81 53
81 53
81 53
81 53
82 46
82 46
6 448
6 448
6 448
6 448
6 448
6 448
6 448
6 448
6 448
6 448
6 448
6 448
6 448
6 448
6 448
6 448
6 448
6 448
6 448
6 448
6 448
6 448
6 448
6 448
6 448
6 448
6 448
6 448
6 448
6 448
60 126
60 126
60 126
60 126
60 126
60 126
60 126
60 126
60 126
60 126
60 126
60 126
60 126
60 126
60 126
60 126
60 126
60 126
60 126
60 126
60 126
60 126
63 207
63 207
63 207
63 207
63 207
63 207
63 207
63 207
35 539
35 539
35 539
35 539
35 539
35 539
35 539
35 539
35 539
35 539
35 539
35 539
35 539
35 539
35 539
35 539
38 568
38 568
38 568
38 568
38 568
38 568
38 568
13 839
13 839
13 839
13 839
13 839
13 839
13 839
13 839
13 839
13 839
39 618
39 618
39 618
39 618
39 618
39 618
39 618
39 618
39 618
39 618
39 618
39 618
39 618
39 618
39 618
39 618
39 618
42 635
42 635
42 635
42 635
42 635
42 635
42 635
42 635
42 635
42 635
42 635
42 635
42 635
42 635
42 635
42 635
42 635
42 635
70 359
70 359
70 359
70 359
43 632
43 632
43 632
43 632
43 632
43 632
43 632
43 632
43 632
43 632
43 632
43 632
43 632
43 632
43 632
43 632
43 632
43 632
43 632
66 404
73 348
73 348
73 348
73 348
73 348
73 348
73 348
73 348
73 348
73 348
73 348
73 348
73 348
73 348
73 348
73 348
73 348
73 348
73 348
73 348
75 330
75 330
75 330
75 330
75 330
77 314
77 314
77 314
79 298
79 298
79 298
79 298
79 298
79 298
79 298
79 298
79 298
79 298
79 298
79 298
79 298
79 298
79 298
79 298
79 298
79 298
79 298
79 298
79 298
79 298
79 298
79 298
79 298
79 298
79 298
79 298
81 279
81 279
81 279
81 279
81 279
81 279
82 271
82 271
52 572
52 572
52 572
52 572
52 572
52 572
52 572
52 572
52 572
52 572
52 572
52 572
52 572
52 572
52 572
52 572
52 572
52 572
52 572
52 572
52 572
52 572
52 572
52 572
51 583
51 583
51 583
51 583
51 583
51 583
51 583
51 583
51 583
51 583
51 583
51 583
58 516
58 516
58 516
58 516
58 516
58 516
58 516
58 516
58 516
58 516
58 516
58 516
58 516
58 516
58 516
58 516
58 516
58 516
58 516
58 516
58 516
57 532
57 532
57 532
57 532
57 532
57 532
57 532
57 532
57 532
57 532
57 532
41 835
41 835
41 835
41 835
41 835
41 835
41 835
41 835
41 835
41 835
41 835
41 835
41 835
60 151
60 151
60 151
60 151
60 151
60 151
60 151
60 151
60 151
60 151
60 151
60 151
60 151
60 151
60 151
60 151
60 151
60 151
60 151
60 151
60 151
60 151
63 122
63 122
63 122
63 122
63 122
63 122
63 122
63 122
66 108
70 95
70 95
70 95
70 95
73 84
73 84
73 84
73 84
73 84
73 84
73 84
73 84
73 84
73 84
73 84
73 84
73 84
73 84
73 84
73 84
73 84
73 84
73 84
73 84
75 95
75 95
75 95
75 95
75 95
35 510
35 510
35 510
35 510
35 510
35 510
35 510
35 510
35 510
35 510
35 510
35 510
35 510
35 510
35 510
35 510
77 97
77 97
77 97
79 89
79 89
79 89
79 89
79 89
79 89
79 89
79 89
79 89
79 89
79 89
79 89
79 89
79 89
79 89
79 89
79 89
79 89
79 89
79 89
79 89
79 89
79 89
79 89
79 89
79 89
79 89
79 89
81 112
81 112
81 112
81 112
81 112
81 112
38 543
38 543
38 543
38 543
38 543
38 543
38 543
82 108
82 108
39 559
39 559
39 559
39 559
39 559
39 559
39 559
39 559
39 559
39 559
39 559
39 559
39 559
39 559
39 559
39 559
39 559
41 559
41 559
41 559
41 559
41 559
41 559
41 559
41 559
41 559
41 559
41 559
41 559
41 559
42 553
42 553
42 553
42 553
42 553
42 553
42 553
42 553
42 553
42 553
42 553
42 553
42 553
42 553
42 553
42 553
42 553
42 553
43 559
43 559
43 559
43 559
43 559
43 559
43 559
43 559
43 559
43 559
43 559
43 559
43 559
43 559
43 559
43 559
43 559
43 559
43 559
28 1274
28 1274
28 1274
28 1274
28 1274
28 1274
28 1274
28 1274
28 1274
28 1274
28 1274
28 1274
28 1274
28 1274
28 1274
28 1274
28 1274
28 1274
28 1274
28 1274
28 1274
28 1274
28 1274
28 1274
28 1274
30 1258
30 1258
30 1258
30 1258
30 1258
30 1258
30 1258
30 1258
30 1258
30 1258
30 1258
30 1258
30 1258
30 1258
30 1258
30 1258
30 1258
30 1258
30 1258
30 1258
30 1258
30 1258
30 1258
30 1258
30 1258
30 1258
14 1418
14 1418
14 1418
14 1418
14 1418
14 1418
14 1418
14 1418
14 1418
14 1418
14 1418
14 1418
14 1418
14 1418
14 1418
14 1418
14 1418
14 1418
14 1418
14 1418
14 1418
14 1418
14 1418
14 1418
14 1418
14 1418
14 1418
22 1343
22 1343
22 1343
22 1343
22 1343
22 1343
22 1343
22 1343
22 1343
22 1343
22 1343
22 1343
22 1343
22 1343
22 1343
17 1397
17 1397
17 1397
17 1397
17 1397
17 1397
17 1397
17 1397
17 1397
51 581
51 581
51 581
51 581
51 581
51 581
51 581
51 581
51 581
51 581
51 581
51 581
52 595
52 595
52 595
52 595
52 595
52 595
52 595
52 595
52 595
52 595
52 595
52 595
52 595
52 595
52 595
52 595
52 595
52 595
52 595
52 595
52 595
52 595
52 595
52 595
6 1059
6 1059
6 1059
6 1059
6 1059
6 1059
6 1059
6 1059
6 1059
6 1059
6 1059
6 1059
6 1059
6 1059
6 1059
6 1059
6 1059
6 1059
6 1059
6 1059
6 1059
6 1059
6 1059
6 1059
6 1059
6 1059
6 1059
6 1059
6 1059
6 1059
27 1363
27 1363
27 1363
27 1363
27 1363
27 1363
27 1363
27 1363
27 1363
27 1363
27 1363
27 1363
27 1363
27 1363
27 1363
27 1363
27 1363
27 1363
27 1363
27 1363
27 1363
27 1363
27 1363
27 1363
27 1363
27 1363
27 1363
27 1363
27 1363
60 85
60 85
60 85
60 85
60 85
60 85
60 85
60 85
60 85
60 85
60 85
60 85
60 85
60 85
60 85
60 85
60 85
60 85
60 85
60 85
60 85
60 85
57 621
57 621
57 621
57 621
57 621
57 621
57 621
57 621
57 621
57 621
57 621
58 624
58 624
58 624
58 624
58 624
58 624
58 624
58 624
58 624
58 624
58 624
58 624
58 624
58 624
58 624
58 624
58 624
58 624
58 624
58 624
58 624
63 91
63 91
63 91
63 91
63 91
63 91
63 91
63 91
66 67
13 1104
13 1104
13 1104
13 1104
13 1104
13 1104
13 1104
13 1104
13 1104
13 1104
70 97
70 97
70 97
70 97
73 107
73 107
73 107
73 107
73 107
73 107
73 107
73 107
73 107
73 107
73 107
73 107
73 107
73 107
73 107
73 107
73 107
73 107
73 107
73 107
75 88
75 88
75 88
75 88
75 88
77 78
77 78
77 78
79 101
79 101
79 101
79 101
79 101
79 101
79 101
79 101
79 101
79 101
79 101
79 101
79 101
79 101
79 101
79 101
79 101
79 101
79 101
79 101
79 101
79 101
79 101
79 101
79 101
79 101
79 101
79 101
81 105
81 105
81 105
81 105
81 105
81 105
82 97
82 97
7 2417
7 2417
7 2417
7 2417
7 2417
7 2417
7 2417
7 2417
7 2417
7 2417
7 2417
7 2417
7 2417
7 2417
7 1919
7 1919
7 1919
7 1919
7 1919
7 1919
7 1919
7 1919
7 1919
7 1919
7 1919
7 1919
7 1919
7 1919
7 1419
7 1419
7 1419
7 1419
7 1419
7 1419
7 1419
7 1419
7 1419
7 1419
7 1419
7 1419
7 1419
7 1419
17 1340
17 1340
17 1340
17 1340
17 1340
17 1340
17 1340
17 1340
17 1340
35 669
35 669
35 669
35 669
35 669
35 669
35 669
35 669
35 669
35 669
35 669
35 669
35 669
35 669
35 669
35 669
27 1267
27 1267
27 1267
27 1267
27 1267
27 1267
27 1267
27 1267
27 1267
27 1267
27 1267
27 1267
27 1267
27 1267
27 1267
27 1267
27 1267
27 1267
27 1267
27 1267
27 1267
27 1267
27 1267
27 1267
27 1267
27 1267
27 1267
27 1267
27 1267
28 1274
28 1274
28 1274
28 1274
28 1274
28 1274
28 1274
28 1274
28 1274
28 1274
28 1274
28 1274
28 1274
28 1274
28 1274
28 1274
28 1274
28 1274
28 1274
28 1274
28 1274
28 1274
28 1274
28 1274
28 1274
14 1427
14 1427
14 1427
14 1427
14 1427
14 1427
14 1427
14 1427
14 1427
14 1427
14 1427
14 1427
14 1427
14 1427
14 1427
14 1427
14 1427
14 1427
14 1427
14 1427
14 1427
14 1427
14 1427
14 1427
14 1427
14 1427
14 1427
39 697
39 697
39 697
39 697
39 697
39 697
39 697
39 697
39 697
39 697
39 697
39 697
39 697
39 697
39 697
39 697
39 697
38 723
38 723
38 723
38 723
38 723
38 723
38 723
41 718
41 718
41 718
41 718
41 718
41 718
41 718
41 718
41 718
41 718
41 718
41 718
41 718
42 723
42 723
42 723
42 723
42 723
42 723
42 723
42 723
42 723
42 723
42 723
42 723
42 723
42 723
42 723
42 723
42 723
42 723
43 718
43 718
43 718
43 718
43 718
43 718
43 718
43 718
43 718
43 718
43 718
43 718
43 718
43 718
43 718
43 718
43 718
43 718
43 718
60 57
60 57
60 57
60 57
60 57
60 57
60 57
60 57
60 57
60 57
60 57
60 57
60 57
60 57
60 57
60 57
60 57
60 57
60 57
60 57
60 57
60 57
30 1359
30 1359
30 1359
30 1359
30 1359
30 1359
30 1359
30 1359
30 1359
30 1359
30 1359
30 1359
30 1359
30 1359
30 1359
30 1359
30 1359
30 1359
30 1359
30 1359
30 1359
30 1359
30 1359
30 1359
30 1359
30 1359
22 1476
22 1476
22 1476
22 1476
22 1476
22 1476
22 1476
22 1476
22 1476
22 1476
22 1476
22 1476
22 1476
22 1476
22 1476
63 73
63 73
63 73
63 73
63 73
63 73
63 73
63 73
51 732
51 732
51 732
51 732
51 732
51 732
51 732
51 732
51 732
51 732
51 732
51 732
52 727
52 727
52 727
52 727
52 727
52 727
52 727
52 727
52 727
52 727
52 727
52 727
52 727
52 727
52 727
52 727
52 727
52 727
52 727
52 727
52 727
52 727
52 727
52 727
66 99
57 737
57 737
57 737
57 737
57 737
57 737
57 737
57 737
57 737
57 737
57 737
70 110
70 110
70 110
70 110
73 84
73 84
73 84
73 84
73 84
73 84
73 84
73 84
73 84
73 84
73 84
73 84
73 84
73 84
73 84
73 84
73 84
73 84
73 84
73 84
58 735
58 735
58 735
58 735
58 735
58 735
58 735
58 735
58 735
58 735
58 735
58 735
58 735
58 735
58 735
58 735
58 735
58 735
58 735
58 735
58 735
75 73
75 73
75 73
75 73
75 73
77 54
77 54
77 54
82 67
82 67
79 104
79 104
79 104
79 104
79 104
79 104
79 104
79 104
79 104
79 104
79 104
79 104
79 104
79 104
79 104
79 104
79 104
79 104
79 104
79 104
79 104
79 104
79 104
79 104
79 104
79 104
79 104
79 104
81 105
81 105
81 105
81 105
81 105
81 105
6 1564
6 1564
6 1564
6 1564
6 1564
6 1564
6 1564
6 1564
6 1564
6 1564
6 1564
6 1564
6 1564
6 1564
6 1564
6 1564
6 1564
6 1564
6 1564
6 1564
6 1564
6 1564
6 1564
6 1564
6 1564
6 1564
6 1564
6 1564
6 1564
6 1564
60 83
60 83
60 83
60 83
60 83
60 83
60 83
60 83
60 83
60 83
60 83
60 83
60 83
60 83
60 83
60 83
60 83
60 83
60 83
60 83
60 83
60 83
63 57
63 57
63 57
63 57
63 57
63 57
63 57
63 57
35 837
35 837
35 837
35 837
35 837
35 837
35 837
35 837
35 837
35 837
35 837
35 837
35 837
35 837
35 837
35 837
38 825
38 825
38 825
38 825
38 825
38 825
38 825
66 76
39 848
39 848
39 848
39 848
39 848
39 848
39 848
39 848
39 848
39 848
39 848
39 848
39 848
39 848
39 848
39 848
39 848
14 1612
14 1612
14 1612
14 1612
14 1612
14 1612
14 1612
14 1612
14 1612
14 1612
14 1612
14 1612
14 1612
14 1612
14 1612
14 1612
14 1612
14 1612
14 1612
14 1612
14 1612
14 1612
14 1612
14 1612
14 1612
14 1612
14 1612
41 842
41 842
41 842
41 842
41 842
41 842
41 842
41 842
41 842
41 842
41 842
41 842
41 842
42 841
42 841
42 841
42 841
42 841
42 841
42 841
42 841
42 841
42 841
42 841
42 841
42 841
42 841
42 841
42 841
42 841
42 841
70 65
70 65
70 65
70 65
73 36
73 36
73 36
73 36
73 36
73 36
73 36
73 36
73 36
73 36
73 36
73 36
73 36
73 36
73 36
73 36
73 36
73 36
73 36
73 36
75 34
75 34
75 34
75 34
75 34
13 1673
13 1673
13 1673
13 1673
13 1673
13 1673
13 1673
13 1673
13 1673
13 1673
43 898
43 898
43 898
43 898
43 898
43 898
43 898
43 898
43 898
43 898
43 898
43 898
43 898
43 898
43 898
43 898
43 898
43 898
43 898
82 26
82 26
81 36
81 36
81 36
81 36
81 36
81 36
17 1681
17 1681
17 1681
17 1681
17 1681
17 1681
17 1681
17 1681
17 1681
51 902
51 902
51 902
51 902
51 902
51 902
51 902
51 902
51 902
51 902
51 902
51 902
52 896
52 896
52 896
52 896
52 896
52 896
52 896
52 896
52 896
52 896
52 896
52 896
52 896
52 896
52 896
52 896
52 896
52 896
52 896
52 896
52 896
52 896
52 896
52 896
79 132
79 132
79 132
79 132
79 132
79 132
79 132
79 132
79 132
79 132
79 132
79 132
79 132
79 132
79 132
79 132
79 132
79 132
79 132
79 132
79 132
79 132
79 132
79 132
79 132
79 132
79 132
79 132
64 2805
64 2805
64 2805
64 2805
64 2805
64 2805
64 2805
64 2805
64 2805
64 2805
64 2805
64 2805
64 2805
64 2805
64 2805
64 2805
64 2805
64 2805
64 2805
64 2805
64 2805
64 2805
64 2805
64 2307
64 2307
64 2307
64 2307
64 2307
64 2307
64 2307
64 2307
64 2307
64 2307
64 2307
64 2307
64 2307
64 2307
64 2307
64 2307
64 2307
64 2307
64 2307
64 2307
64 2307
64 2307
64 2307
64 1807
64 1807
64 1807
64 1807
64 1807
64 1807
64 1807
64 1807
64 1807
64 1807
64 1807
64 1807
64 1807
64 1807
64 1807
64 1807
64 1807
64 1807
64 1807
64 1807
64 1807
64 1807
64 1807
58 908
58 908
58 908
58 908
58 908
58 908
58 908
58 908
58 908
58 908
58 908
58 908
58 908
58 908
58 908
58 908
58 908
58 908
58 908
58 908
58 908
57 927
57 927
57 927
57 927
57 927
57 927
57 927
57 927
57 927
57 927
57 927
77 230
77 230
77 230
28 1776
28 1776
28 1776
28 1776
28 1776
28 1776
28 1776
28 1776
28 1776
28 1776
28 1776
28 1776
28 1776
28 1776
28 1776
28 1776
28 1776
28 1776
28 1776
28 1776
28 1776
28 1776
28 1776
28 1776
28 1776
7 2007
7 2007
7 2007
7 2007
7 2007
7 2007
7 2007
7 2007
7 2007
7 2007
7 2007
7 2007
7 2007
7 2007
30 1793
30 1793
30 1793
30 1793
30 1793
30 1793
30 1793
30 1793
30 1793
30 1793
30 1793
30 1793
30 1793
30 1793
30 1793
30 1793
30 1793
30 1793
30 1793
30 1793
30 1793
30 1793
30 1793
30 1793
30 1793
30 1793
60 50
60 50
60 50
60 50
60 50
60 50
60 50
60 50
60 50
60 50
60 50
60 50
60 50
60 50
60 50
60 50
60 50
60 50
60 50
60 50
60 50
60 50
63 35
63 35
63 35
63 35
63 35
63 35
63 35
63 35
27 1920
27 1920
27 1920
27 1920
27 1920
27 1920
27 1920
27 1920
27 1920
27 1920
27 1920
27 1920
27 1920
27 1920
27 1920
27 1920
27 1920
27 1920
27 1920
27 1920
27 1920
27 1920
27 1920
27 1920
27 1920
27 1920
27 1920
27 1920
27 1920
22 2005
22 2005
22 2005
22 2005
22 2005
22 2005
22 2005
22 2005
22 2005
22 2005
22 2005
22 2005
22 2005
22 2005
22 2005
66 84
35 955
35 955
35 955
35 955
35 955
35 955
35 955
35 955
35 955
35 955
35 955
35 955
35 955
35 955
35 955
35 955
38 933
38 933
38 933
38 933
38 933
38 933
38 933
39 949
39 949
39 949
39 949
39 949
39 949
39 949
39 949
39 949
39 949
39 949
39 949
39 949
39 949
39 949
39 949
39 949
41 944
41 944
41 944
41 944
41 944
41 944
41 944
41 944
41 944
41 944
41 944
41 944
41 944
75 114
75 114
75 114
75 114
75 114
42 945
42 945
42 945
42 945
42 945
42 945
42 945
42 945
42 945
42 945
42 945
42 945
42 945
42 945
42 945
42 945
42 945
42 945
70 167
70 167
70 167
70 167
73 155
73 155
73 155
73 155
73 155
73 155
73 155
73 155
73 155
73 155
73 155
73 155
73 155
73 155
73 155
73 155
73 155
73 155
73 155
73 155
77 128
77 128
77 128
79 111
79 111
79 111
79 111
79 111
79 111
79 111
79 111
79 111
79 111
79 111
79 111
79 111
79 111
79 111
79 111
79 111
79 111
79 111
79 111
79 111
79 111
79 111
79 111
79 111
79 111
79 111
79 111
81 94
81 94
81 94
81 94
81 94
81 94
82 89
82 89
43 982
43 982
43 982
43 982
43 982
43 982
43 982
43 982
43 982
43 982
43 982
43 982
43 982
43 982
43 982
43 982
43 982
43 982
43 982
51 1013
51 1013
51 1013
51 1013
51 1013
51 1013
51 1013
51 1013
51 1013
51 1013
51 1013
51 1013
52 1004
52 1004
52 1004
52 1004
52 1004
52 1004
52 1004
52 1004
52 1004
52 1004
52 1004
52 1004
52 1004
52 1004
52 1004
52 1004
52 1004
52 1004
52 1004
52 1004
52 1004
52 1004
52 1004
52 1004
57 984
57 984
57 984
57 984
57 984
57 984
57 984
57 984
57 984
57 984
57 984
58 1009
58 1009
58 1009
58 1009
58 1009
58 1009
58 1009
58 1009
58 1009
58 1009
58 1009
58 1009
58 1009
58 1009
58 1009
58 1009
58 1009
58 1009
58 1009
58 1009
58 1009
60 107
60 107
60 107
60 107
60 107
60 107
60 107
60 107
60 107
60 107
60 107
60 107
60 107
60 107
60 107
60 107
60 107
60 107
60 107
60 107
60 107
60 107
63 79
63 79
63 79
63 79
63 79
63 79
63 79
63 79
66 98
70 58
70 58
70 58
70 58
73 42
73 42
73 42
73 42
73 42
73 42
73 42
73 42
73 42
73 42
73 42
73 42
73 42
73 42
73 42
73 42
73 42
73 42
73 42
73 42
64 2135
64 2135
64 2135
64 2135
64 2135
64 2135
64 2135
64 2135
64 2135
64 2135
64 2135
64 2135
64 2135
64 2135
64 2135
64 2135
64 2135
64 2135
64 2135
64 2135
64 2135
64 2135
64 2135
77 51
77 51
77 51
75 83
75 83
75 83
75 83
75 83
79 81
79 81
79 81
79 81
79 81
79 81
79 81
79 81
79 81
79 81
79 81
79 81
79 81
79 81
79 81
79 81
79 81
79 81
79 81
79 81
79 81
79 81
79 81
79 81
79 81
79 81
79 81
79 81
81 61
81 61
81 61
81 61
81 61
81 61
82 53
82 53
