1 2 2 -17.0841 -24.73
2 4 1 -94.6124 -93.4948
3 3 1 -63.76 -18.2216
4 3 1 -49.4096 -29.8638
5 3 1 -39.4731 64.9296
6 2 1 89.2281 10.5668
7 1 3 -67.2886 60.6206
8 3 2 96.9303 -11.0811
9 2 2 17.4777 58.5934
10 2 1 -37.6529 -60.2605
11 4 3 -81.1497 52.7118
12 3 3 -39.5256 46.6732
13 3 1 57.9858 36.7824
14 4 3 7.51378 49.6389
15 3 3 46.208 6.78566
16 1 2 -17.8244 4.86777
17 1 1 48.3336 -79.1699
18 1 3 -39.9651 22.7687
19 2 1 -76.8538 -74.7158
20 3 1 -71.0593 -19.2523
21 1 1 -59.3952 -48.7942
22 3 3 12.705 -37.1826
23 1 3 -60.0935 55.9022
24 3 3 -7.83412 -23.4617
25 2 3 -71.5374 -97.8562
26 4 1 -78.6941 -68.8192
27 4 3 24.2276 -96.8886
28 1 2 4.01601 64.1933
29 2 3 34.809 0.831154
30 2 1 -15.6334 91.6907
31 3 1 8.40589 21.5028
32 1 1 51.0012 73.3349
33 2 1 -41.2277 -45.9908
34 2 1 66.053 -68.9806
35 1 2 -75.252 -41.152
36 2 1 8.19197 -57.1059
37 4 2 2.47725 11.0835
38 1 3 -92.5135 -0.093778
39 4 2 -72.8681 14.6091
40 2 1 1.94945 -15.7606
41 1 1 -2.46889 85.9501
42 2 3 88.4613 -85.4591
43 1 3 -14.2262 5.44759
44 3 3 32.2326 -42.5579
45 3 1 -64.5563 6.44128
46 2 3 4.64318 82.2972
47 1 3 26.9837 -24.4488
48 4 2 75.2224 -82.4313
49 2 2 50.0697 -60.595
50 2 1 -35.0301 66.76
51 2 3 -90.8774 17.8531
52 3 2 71.1452 5.46775
53 4 2 -97.5665 29.954
54 3 1 -67.4779 16.0903
55 3 3 -13.4089 75.0056
56 2 2 95.5513 59.4424
57 3 3 65.9023 7.52483
58 2 3 94.339 -47.0035
59 4 1 -60.731 63.7094
60 4 2 -23.4871 23.7766
61 2 1 72.9115 5.31136
62 1 3 -60.4426 -85.9335
63 2 2 -46.111 39.6027
64 3 2 -56.1874 82.5452
65 1 3 -90.8892 47.6913
66 2 1 -86.2702 70.2149
67 3 1 77.483 69.5958
68 3 3 -23.778 -98.8055
69 3 2 -43.6545 61.9288
70 4 2 77.8043 13.7847
71 2 1 14.3322 -79.6882
72 1 1 97.7229 51.8119
73 3 1 72.7519 -16.5493
74 3 1 -21.2534 32.1439
75 4 1 -31.826 53.4225
76 2 1 25.9765 45.9033
77 2 2 91.694 97.9171
78 3 2 -42.6359 93.4397
79 4 2 69.9645 -84.5038
80 2 1 40.9551 -1.61283
81 4 2 -83.2143 -38.1455
