11 237
11 237
11 237
11 237
11 237
11 237
11 237
11 237
11 237
11 237
11 237
28 108
28 108
28 108
28 108
28 108
28 108
28 108
28 108
33 153
33 153
33 153
33 153
33 153
33 153
33 153
33 153
33 153
36 134
36 134
36 134
36 134
36 134
31 190
31 190
31 190
31 190
31 190
31 190
31 190
31 190
31 190
31 190
31 190
31 190
31 190
31 190
31 190
31 190
31 190
31 190
31 190
7 489
7 489
7 489
7 489
7 489
7 489
13 431
13 431
13 431
13 431
13 431
13 431
13 431
13 431
13 431
13 431
13 431
13 431
16 401
16 401
16 401
16 401
16 401
16 401
16 401
16 401
16 401
16 401
16 401
16 401
16 401
16 401
16 401
16 401
43 152
43 152
43 152
43 152
43 152
43 152
43 152
43 152
43 152
43 152
43 152
43 152
43 152
43 152
43 152
43 152
43 152
43 152
43 152
43 152
43 152
42 246
42 246
42 246
42 246
42 246
42 246
42 246
42 246
42 246
42 246
42 246
42 246
42 246
42 246
42 246
42 246
42 246
42 246
42 246
42 246
42 246
42 246
42 246
42 246
11 212
11 212
11 212
11 212
11 212
11 212
11 212
11 212
11 212
11 212
11 212
7 297
7 297
7 297
7 297
7 297
7 297
58 308
58 308
58 308
58 308
58 308
58 308
58 308
58 308
58 308
58 308
58 308
58 308
58 308
58 308
58 308
58 308
58 308
58 308
58 308
58 308
41 490
41 490
41 490
41 490
41 490
41 490
41 490
41 490
41 490
41 490
41 490
41 490
41 490
41 490
41 490
60 319
60 319
60 319
60 319
60 319
60 319
60 319
60 319
60 319
60 319
60 319
60 319
60 319
60 319
60 319
60 319
60 319
60 319
60 319
60 319
60 319
60 319
60 319
60 319
60 319
60 319
60 319
60 319
60 319
60 319
62 304
62 304
62 304
62 304
69 246
69 246
69 246
69 246
69 246
69 246
69 246
69 246
69 246
69 246
69 246
69 246
69 246
69 246
69 246
69 246
69 246
69 246
69 246
69 246
69 246
69 246
13 316
13 316
13 316
13 316
13 316
13 316
13 316
13 316
13 316
13 316
13 316
13 316
70 261
70 261
70 261
70 261
70 261
70 261
70 261
70 261
70 261
70 261
70 261
70 261
70 261
70 261
70 261
70 261
70 261
70 261
70 261
70 261
70 261
70 261
70 261
56 415
56 415
66 324
66 324
66 324
66 324
66 324
66 324
66 324
16 337
16 337
16 337
16 337
16 337
16 337
16 337
16 337
16 337
16 337
16 337
16 337
16 337
16 337
16 337
16 337
28 406
28 406
28 406
28 406
28 406
28 406
28 406
28 406
83 391
83 391
83 391
83 391
83 391
83 391
83 391
83 391
83 391
83 391
83 391
83 391
83 391
83 391
83 391
83 391
83 391
83 391
83 391
83 391
83 391
83 391
83 391
83 391
83 391
83 391
83 391
31 420
31 420
31 420
31 420
31 420
31 420
31 420
31 420
31 420
31 420
31 420
31 420
31 420
31 420
31 420
31 420
31 420
31 420
31 420
33 418
33 418
33 418
33 418
33 418
33 418
33 418
33 418
33 418
36 432
36 432
36 432
36 432
36 432
85 445
85 445
85 445
85 445
85 445
85 445
85 445
85 445
85 445
85 445
85 445
85 445
85 445
85 445
85 445
85 445
85 445
85 445
85 445
85 445
85 445
85 445
85 445
85 445
85 445
85 445
85 445
85 445
85 445
37 467
37 467
37 467
37 467
37 467
37 467
37 467
37 467
37 467
37 467
37 467
37 467
37 467
88 468
88 468
88 468
88 468
88 468
88 468
88 468
88 468
88 468
88 468
88 468
88 468
88 468
88 468
88 468
88 468
88 468
88 468
88 468
88 468
88 468
88 468
88 468
88 468
88 468
88 468
43 432
43 432
43 432
43 432
43 432
43 432
43 432
43 432
43 432
43 432
43 432
43 432
43 432
43 432
43 432
43 432
43 432
43 432
43 432
43 432
43 432
42 463
42 463
42 463
42 463
42 463
42 463
42 463
42 463
42 463
42 463
42 463
42 463
42 463
42 463
42 463
42 463
42 463
42 463
42 463
42 463
42 463
42 463
42 463
42 463
6 1365
6 1365
6 1365
6 1365
6 1365
6 1365
6 1365
6 1365
6 1365
6 1365
6 1365
6 1365
6 1365
6 1365
6 865
6 865
6 865
6 865
6 865
6 865
6 865
6 865
6 865
6 865
6 865
6 865
6 865
6 865
5 1386
5 1386
5 1386
5 1386
5 1386
5 1386
5 1386
5 1386
5 1386
5 1386
5 1386
5 1386
5 1386
5 1386
5 1386
5 1386
5 1386
5 1386
5 888
5 888
5 888
5 888
5 888
5 888
5 888
5 888
5 888
5 888
5 888
5 888
5 888
5 888
5 888
5 888
5 888
5 888
3 1436
3 1436
3 1436
3 937
3 937
3 937
52 947
52 947
52 947
52 947
52 947
52 947
52 947
52 947
52 947
52 947
52 947
52 947
52 947
52 947
52 947
52 947
52 947
52 947
52 947
52 947
52 947
52 947
52 947
52 947
52 947
52 947
52 947
52 947
73 738
73 738
73 738
73 738
73 738
73 738
73 738
73 738
73 738
73 738
73 738
73 738
73 738
73 738
73 738
73 738
73 738
73 738
73 738
73 738
73 738
73 738
73 738
73 738
73 738
7 470
7 470
7 470
7 470
7 470
7 470
58 466
58 466
58 466
58 466
58 466
58 466
58 466
58 466
58 466
58 466
58 466
58 466
58 466
58 466
58 466
58 466
58 466
58 466
58 466
58 466
60 468
60 468
60 468
60 468
60 468
60 468
60 468
60 468
60 468
60 468
60 468
60 468
60 468
60 468
60 468
60 468
60 468
60 468
60 468
60 468
60 468
60 468
60 468
60 468
60 468
60 468
60 468
60 468
60 468
60 468
11 472
11 472
11 472
11 472
11 472
11 472
11 472
11 472
11 472
11 472
11 472
62 465
62 465
62 465
62 465
41 736
41 736
41 736
41 736
41 736
41 736
41 736
41 736
41 736
41 736
41 736
41 736
41 736
41 736
41 736
66 488
66 488
66 488
66 488
66 488
66 488
66 488
16 524
16 524
16 524
16 524
16 524
16 524
16 524
16 524
16 524
16 524
16 524
16 524
16 524
16 524
16 524
16 524
13 576
13 576
13 576
13 576
13 576
13 576
13 576
13 576
13 576
13 576
13 576
13 576
70 602
70 602
70 602
70 602
70 602
70 602
70 602
70 602
70 602
70 602
70 602
70 602
70 602
70 602
70 602
70 602
70 602
70 602
70 602
70 602
70 602
70 602
70 602
69 619
69 619
69 619
69 619
69 619
69 619
69 619
69 619
69 619
69 619
69 619
69 619
69 619
69 619
69 619
69 619
69 619
69 619
69 619
69 619
69 619
69 619
3 867
3 867
3 867
28 646
28 646
28 646
28 646
28 646
28 646
28 646
28 646
5 891
5 891
5 891
5 891
5 891
5 891
5 891
5 891
5 891
5 891
5 891
5 891
5 891
5 891
5 891
5 891
5 891
5 891
56 883
56 883
88 573
88 573
88 573
88 573
88 573
88 573
88 573
88 573
88 573
88 573
88 573
88 573
88 573
88 573
88 573
88 573
88 573
88 573
88 573
88 573
88 573
88 573
88 573
88 573
88 573
88 573
31 652
31 652
31 652
31 652
31 652
31 652
31 652
31 652
31 652
31 652
31 652
31 652
31 652
31 652
31 652
31 652
31 652
31 652
31 652
33 648
33 648
33 648
33 648
33 648
33 648
33 648
33 648
33 648
52 963
52 963
52 963
52 963
52 963
52 963
52 963
52 963
52 963
52 963
52 963
52 963
52 963
52 963
52 963
52 963
52 963
52 963
52 963
52 963
52 963
52 963
52 963
52 963
52 963
52 963
52 963
52 963
6 930
6 930
6 930
6 930
6 930
6 930
6 930
6 930
6 930
6 930
6 930
6 930
6 930
6 930
83 666
83 666
83 666
83 666
83 666
83 666
83 666
83 666
83 666
83 666
83 666
83 666
83 666
83 666
83 666
83 666
83 666
83 666
83 666
83 666
83 666
83 666
83 666
83 666
83 666
83 666
83 666
37 629
37 629
37 629
37 629
37 629
37 629
37 629
37 629
37 629
37 629
37 629
37 629
37 629
85 663
85 663
85 663
85 663
85 663
85 663
85 663
85 663
85 663
85 663
85 663
85 663
85 663
85 663
85 663
85 663
85 663
85 663
85 663
85 663
85 663
85 663
85 663
85 663
85 663
85 663
85 663
85 663
85 663
42 609
42 609
42 609
42 609
42 609
42 609
42 609
42 609
42 609
42 609
42 609
42 609
42 609
42 609
42 609
42 609
42 609
42 609
42 609
42 609
42 609
42 609
42 609
42 609
36 695
36 695
36 695
36 695
36 695
27 1852
27 1852
27 1852
27 1852
27 1852
27 1852
27 1852
27 1852
27 1852
27 1852
27 1852
27 1852
27 1852
27 1852
27 1852
27 1852
27 1852
27 1353
27 1353
27 1353
27 1353
27 1353
27 1353
27 1353
27 1353
27 1353
27 1353
27 1353
27 1353
27 1353
27 1353
27 1353
27 1353
27 1353
43 696
43 696
43 696
43 696
43 696
43 696
43 696
43 696
43 696
43 696
43 696
43 696
43 696
43 696
43 696
43 696
43 696
43 696
43 696
43 696
43 696
84 1294
79 1377
79 1377
79 1377
79 1377
79 1377
79 1377
79 1377
79 1377
79 1377
79 1377
27 995
27 995
27 995
27 995
27 995
27 995
27 995
27 995
27 995
27 995
27 995
27 995
27 995
27 995
27 995
27 995
27 995
7 728
7 728
7 728
7 728
7 728
7 728
58 733
58 733
58 733
58 733
58 733
58 733
58 733
58 733
58 733
58 733
58 733
58 733
58 733
58 733
58 733
58 733
58 733
58 733
58 733
58 733
60 755
60 755
60 755
60 755
60 755
60 755
60 755
60 755
60 755
60 755
60 755
60 755
60 755
60 755
60 755
60 755
60 755
60 755
60 755
60 755
60 755
60 755
60 755
60 755
60 755
60 755
60 755
60 755
60 755
60 755
79 1076
79 1076
79 1076
79 1076
79 1076
79 1076
79 1076
79 1076
79 1076
79 1076
62 766
62 766
62 766
62 766
13 758
13 758
13 758
13 758
13 758
13 758
13 758
13 758
13 758
13 758
13 758
13 758
11 792
11 792
11 792
11 792
11 792
11 792
11 792
11 792
11 792
11 792
11 792
66 759
66 759
66 759
66 759
66 759
66 759
66 759
16 762
16 762
16 762
16 762
16 762
16 762
16 762
16 762
16 762
16 762
16 762
16 762
16 762
16 762
16 762
16 762
73 1228
73 1228
73 1228
73 1228
73 1228
73 1228
73 1228
73 1228
73 1228
73 1228
73 1228
73 1228
73 1228
73 1228
73 1228
73 1228
73 1228
73 1228
73 1228
73 1228
73 1228
73 1228
73 1228
73 1228
73 1228
84 1142
69 796
69 796
69 796
69 796
69 796
69 796
69 796
69 796
69 796
69 796
69 796
69 796
69 796
69 796
69 796
69 796
69 796
69 796
69 796
69 796
69 796
69 796
70 804
70 804
70 804
70 804
70 804
70 804
70 804
70 804
70 804
70 804
70 804
70 804
70 804
70 804
70 804
70 804
70 804
70 804
70 804
70 804
70 804
70 804
70 804
28 849
28 849
28 849
28 849
28 849
28 849
28 849
28 849
31 843
31 843
31 843
31 843
31 843
31 843
31 843
31 843
31 843
31 843
31 843
31 843
31 843
31 843
31 843
31 843
31 843
31 843
31 843
41 1275
41 1275
41 1275
41 1275
41 1275
41 1275
41 1275
41 1275
41 1275
41 1275
41 1275
41 1275
41 1275
41 1275
41 1275
83 862
83 862
83 862
83 862
83 862
83 862
83 862
83 862
83 862
83 862
83 862
83 862
83 862
83 862
83 862
83 862
83 862
83 862
83 862
83 862
83 862
83 862
83 862
83 862
83 862
83 862
83 862
37 832
37 832
37 832
37 832
37 832
37 832
37 832
37 832
37 832
37 832
37 832
37 832
37 832
85 867
85 867
85 867
85 867
85 867
85 867
85 867
85 867
85 867
85 867
85 867
85 867
85 867
85 867
85 867
85 867
85 867
85 867
85 867
85 867
85 867
85 867
85 867
85 867
85 867
85 867
85 867
85 867
85 867
33 892
33 892
33 892
33 892
33 892
33 892
33 892
33 892
33 892
88 847
88 847
88 847
88 847
88 847
88 847
88 847
88 847
88 847
88 847
88 847
88 847
88 847
88 847
88 847
88 847
88 847
88 847
88 847
88 847
88 847
88 847
88 847
88 847
88 847
88 847
52 1269
52 1269
52 1269
52 1269
52 1269
52 1269
52 1269
52 1269
52 1269
52 1269
52 1269
52 1269
52 1269
52 1269
52 1269
52 1269
52 1269
52 1269
52 1269
52 1269
52 1269
52 1269
52 1269
52 1269
52 1269
52 1269
52 1269
52 1269
42 888
42 888
42 888
42 888
42 888
42 888
42 888
42 888
42 888
42 888
42 888
42 888
42 888
42 888
42 888
42 888
42 888
42 888
42 888
42 888
42 888
42 888
42 888
42 888
6 1266
6 1266
6 1266
6 1266
6 1266
6 1266
6 1266
6 1266
6 1266
6 1266
6 1266
6 1266
6 1266
6 1266
43 950
43 950
43 950
43 950
43 950
43 950
43 950
43 950
43 950
43 950
43 950
43 950
43 950
43 950
43 950
43 950
43 950
43 950
43 950
43 950
43 950
5 1339
5 1339
5 1339
5 1339
5 1339
5 1339
5 1339
5 1339
5 1339
5 1339
5 1339
5 1339
5 1339
5 1339
5 1339
5 1339
5 1339
5 1339
36 1062
36 1062
36 1062
36 1062
36 1062
3 1466
3 1466
3 1466
7 931
7 931
7 931
7 931
7 931
7 931
58 940
58 940
58 940
58 940
58 940
58 940
58 940
58 940
58 940
58 940
58 940
58 940
58 940
58 940
58 940
58 940
58 940
58 940
58 940
58 940
62 934
62 934
62 934
62 934
60 959
60 959
60 959
60 959
60 959
60 959
60 959
60 959
60 959
60 959
60 959
60 959
60 959
60 959
60 959
60 959
60 959
60 959
60 959
60 959
60 959
60 959
60 959
60 959
60 959
60 959
60 959
60 959
60 959
60 959
13 961
13 961
13 961
13 961
13 961
13 961
13 961
13 961
13 961
13 961
13 961
13 961
66 953
66 953
66 953
66 953
66 953
66 953
66 953
16 953
16 953
16 953
16 953
16 953
16 953
16 953
16 953
16 953
16 953
16 953
16 953
16 953
16 953
16 953
16 953
11 1029
11 1029
11 1029
11 1029
11 1029
11 1029
11 1029
11 1029
11 1029
11 1029
11 1029
69 1034
69 1034
69 1034
69 1034
69 1034
69 1034
69 1034
69 1034
69 1034
69 1034
69 1034
69 1034
69 1034
69 1034
69 1034
69 1034
69 1034
69 1034
69 1034
69 1034
69 1034
69 1034
70 1102
70 1102
70 1102
70 1102
70 1102
70 1102
70 1102
70 1102
70 1102
70 1102
70 1102
70 1102
70 1102
70 1102
70 1102
70 1102
70 1102
70 1102
70 1102
70 1102
70 1102
70 1102
70 1102
27 1533
27 1533
27 1533
27 1533
27 1533
27 1533
27 1533
27 1533
27 1533
27 1533
27 1533
27 1533
27 1533
27 1533
27 1533
27 1533
27 1533
56 1756
56 1756
37 1045
37 1045
37 1045
37 1045
37 1045
37 1045
37 1045
37 1045
37 1045
37 1045
37 1045
37 1045
37 1045
88 1041
88 1041
88 1041
88 1041
88 1041
88 1041
88 1041
88 1041
88 1041
88 1041
88 1041
88 1041
88 1041
88 1041
88 1041
88 1041
88 1041
88 1041
88 1041
88 1041
88 1041
88 1041
88 1041
88 1041
88 1041
88 1041
28 1170
28 1170
28 1170
28 1170
28 1170
28 1170
28 1170
28 1170
42 1042
42 1042
42 1042
42 1042
42 1042
42 1042
42 1042
42 1042
42 1042
42 1042
42 1042
42 1042
42 1042
42 1042
42 1042
42 1042
42 1042
42 1042
42 1042
42 1042
42 1042
42 1042
42 1042
42 1042
31 1169
31 1169
31 1169
31 1169
31 1169
31 1169
31 1169
31 1169
31 1169
31 1169
31 1169
31 1169
31 1169
31 1169
31 1169
31 1169
31 1169
31 1169
31 1169
73 1774
73 1774
73 1774
73 1774
73 1774
73 1774
73 1774
73 1774
73 1774
73 1774
73 1774
73 1774
73 1774
73 1774
73 1774
73 1774
73 1774
73 1774
73 1774
73 1774
73 1774
73 1774
73 1774
73 1774
73 1774
79 1714
79 1714
79 1714
79 1714
79 1714
79 1714
79 1714
79 1714
79 1714
79 1714
84 1665
33 1190
33 1190
33 1190
33 1190
33 1190
33 1190
33 1190
33 1190
33 1190
83 1212
83 1212
83 1212
83 1212
83 1212
83 1212
83 1212
83 1212
83 1212
83 1212
83 1212
83 1212
83 1212
83 1212
83 1212
83 1212
83 1212
83 1212
83 1212
83 1212
83 1212
83 1212
83 1212
83 1212
83 1212
83 1212
83 1212
85 1204
85 1204
85 1204
85 1204
85 1204
85 1204
85 1204
85 1204
85 1204
85 1204
85 1204
85 1204
85 1204
85 1204
85 1204
85 1204
85 1204
85 1204
85 1204
85 1204
85 1204
85 1204
85 1204
85 1204
85 1204
85 1204
85 1204
85 1204
85 1204
36 1196
36 1196
36 1196
36 1196
36 1196
43 1178
43 1178
43 1178
43 1178
43 1178
43 1178
43 1178
43 1178
43 1178
43 1178
43 1178
43 1178
43 1178
43 1178
43 1178
43 1178
43 1178
43 1178
43 1178
43 1178
43 1178
58 1139
58 1139
58 1139
58 1139
58 1139
58 1139
58 1139
58 1139
58 1139
58 1139
58 1139
58 1139
58 1139
58 1139
58 1139
58 1139
58 1139
58 1139
58 1139
58 1139
60 1146
60 1146
60 1146
60 1146
60 1146
60 1146
60 1146
60 1146
60 1146
60 1146
60 1146
60 1146
60 1146
60 1146
60 1146
60 1146
60 1146
60 1146
60 1146
60 1146
60 1146
60 1146
60 1146
60 1146
60 1146
60 1146
60 1146
60 1146
60 1146
60 1146
41 1851
41 1851
41 1851
41 1851
41 1851
41 1851
41 1851
41 1851
41 1851
41 1851
41 1851
41 1851
41 1851
41 1851
41 1851
7 1198
7 1198
7 1198
7 1198
7 1198
7 1198
62 1163
62 1163
62 1163
62 1163
13 1181
13 1181
13 1181
13 1181
13 1181
13 1181
13 1181
13 1181
13 1181
13 1181
13 1181
13 1181
3 1799
3 1799
3 1799
52 1821
52 1821
52 1821
52 1821
52 1821
52 1821
52 1821
52 1821
52 1821
52 1821
52 1821
52 1821
52 1821
52 1821
52 1821
52 1821
52 1821
52 1821
52 1821
52 1821
52 1821
52 1821
52 1821
52 1821
52 1821
52 1821
52 1821
52 1821
5 1806
5 1806
5 1806
5 1806
5 1806
5 1806
5 1806
5 1806
5 1806
5 1806
5 1806
5 1806
5 1806
5 1806
5 1806
5 1806
5 1806
5 1806
16 1208
16 1208
16 1208
16 1208
16 1208
16 1208
16 1208
16 1208
16 1208
16 1208
16 1208
16 1208
16 1208
16 1208
16 1208
16 1208
66 1215
66 1215
66 1215
66 1215
66 1215
66 1215
66 1215
6 1827
6 1827
6 1827
6 1827
6 1827
6 1827
6 1827
6 1827
6 1827
6 1827
6 1827
6 1827
6 1827
6 1827
11 1284
11 1284
11 1284
11 1284
11 1284
11 1284
11 1284
11 1284
11 1284
11 1284
11 1284
56 1866
56 1866
69 1334
69 1334
69 1334
69 1334
69 1334
69 1334
69 1334
69 1334
69 1334
69 1334
69 1334
69 1334
69 1334
69 1334
69 1334
69 1334
69 1334
69 1334
69 1334
69 1334
69 1334
69 1334
70 1349
70 1349
70 1349
70 1349
70 1349
70 1349
70 1349
70 1349
70 1349
70 1349
70 1349
70 1349
70 1349
70 1349
70 1349
70 1349
70 1349
70 1349
70 1349
70 1349
70 1349
70 1349
70 1349
28 1325
28 1325
28 1325
28 1325
28 1325
28 1325
28 1325
28 1325
37 1245
37 1245
37 1245
37 1245
37 1245
37 1245
37 1245
37 1245
37 1245
37 1245
37 1245
37 1245
37 1245
88 1241
88 1241
88 1241
88 1241
88 1241
88 1241
88 1241
88 1241
88 1241
88 1241
88 1241
88 1241
88 1241
88 1241
88 1241
88 1241
88 1241
88 1241
88 1241
88 1241
88 1241
88 1241
88 1241
88 1241
88 1241
88 1241
42 1245
42 1245
42 1245
42 1245
42 1245
42 1245
42 1245
42 1245
42 1245
42 1245
42 1245
42 1245
42 1245
42 1245
42 1245
42 1245
42 1245
42 1245
42 1245
42 1245
42 1245
42 1245
42 1245
42 1245
31 1373
31 1373
31 1373
31 1373
31 1373
31 1373
31 1373
31 1373
31 1373
31 1373
31 1373
31 1373
31 1373
31 1373
31 1373
31 1373
31 1373
31 1373
31 1373
33 1374
33 1374
33 1374
33 1374
33 1374
33 1374
33 1374
33 1374
33 1374
83 1383
83 1383
83 1383
83 1383
83 1383
83 1383
83 1383
83 1383
83 1383
83 1383
83 1383
83 1383
83 1383
83 1383
83 1383
83 1383
83 1383
83 1383
83 1383
83 1383
83 1383
83 1383
83 1383
83 1383
83 1383
83 1383
83 1383
85 1424
85 1424
85 1424
85 1424
85 1424
85 1424
85 1424
85 1424
85 1424
85 1424
85 1424
85 1424
85 1424
85 1424
85 1424
85 1424
85 1424
85 1424
85 1424
85 1424
85 1424
85 1424
85 1424
85 1424
85 1424
85 1424
85 1424
85 1424
85 1424
36 1415
36 1415
36 1415
36 1415
36 1415
73 2090
73 2090
73 2090
73 2090
73 2090
73 2090
73 2090
73 2090
73 2090
73 2090
73 2090
73 2090
73 2090
73 2090
73 2090
73 2090
73 2090
73 2090
73 2090
73 2090
73 2090
73 2090
73 2090
73 2090
73 2090
58 1362
58 1362
58 1362
58 1362
58 1362
58 1362
58 1362
58 1362
58 1362
58 1362
58 1362
58 1362
58 1362
58 1362
58 1362
58 1362
58 1362
58 1362
58 1362
58 1362
79 2157
79 2157
79 2157
79 2157
79 2157
79 2157
79 2157
79 2157
79 2157
79 2157
60 1378
60 1378
60 1378
60 1378
60 1378
60 1378
60 1378
60 1378
60 1378
60 1378
60 1378
60 1378
60 1378
60 1378
60 1378
60 1378
60 1378
60 1378
60 1378
60 1378
60 1378
60 1378
60 1378
60 1378
60 1378
60 1378
60 1378
60 1378
60 1378
60 1378
62 1379
62 1379
62 1379
62 1379
66 1378
66 1378
66 1378
66 1378
66 1378
66 1378
66 1378
84 2217
