83 19
84 17
84 17
85 17
85 17
85 17
86 13
86 13
86 13
86 13
86 13
86 13
86 13
86 13
87 26
87 26
87 26
87 26
87 26
88 17
88 17
88 17
88 17
88 17
88 17
88 17
88 17
88 17
88 17
88 17
88 17
89 11
89 11
89 11
89 11
89 11
89 11
90 9
90 9
90 9
90 9
92 6
92 6
92 6
92 6
92 6
92 6
92 6
91 17
91 17
91 17
91 17
91 17
91 17
91 17
91 17
91 17
83 6
84 2
84 2
85 5
85 5
85 5
86 3
86 3
86 3
86 3
86 3
86 3
86 3
86 3
87 3
87 3
87 3
87 3
87 3
88 5
88 5
88 5
88 5
88 5
88 5
88 5
88 5
88 5
88 5
88 5
88 5
89 4
89 4
89 4
89 4
89 4
89 4
90 2
90 2
90 2
90 2
91 5
91 5
91 5
91 5
91 5
91 5
91 5
91 5
91 5
92 1
92 1
92 1
92 1
92 1
92 1
92 1
83 9
84 13
84 13
85 10
85 10
85 10
86 2
86 2
86 2
86 2
86 2
86 2
86 2
86 2
87 3
87 3
87 3
87 3
87 3
88 2
88 2
88 2
88 2
88 2
88 2
88 2
88 2
88 2
88 2
88 2
88 2
89 3
89 3
89 3
89 3
89 3
89 3
90 3
90 3
90 3
90 3
91 3
91 3
91 3
91 3
91 3
91 3
91 3
91 3
91 3
92 2
92 2
92 2
92 2
92 2
92 2
92 2
62 1435
62 1435
62 1435
62 1435
62 1435
62 1435
62 1435
62 1435
62 1435
62 1435
62 1435
62 1435
62 1435
62 1435
62 1435
62 1435
62 1435
62 1435
62 1435
62 1435
62 936
62 936
62 936
62 936
62 936
62 936
62 936
62 936
62 936
62 936
62 936
62 936
62 936
62 936
62 936
62 936
62 936
62 936
62 936
62 936
62 459
62 459
62 459
62 459
62 459
62 459
62 459
62 459
62 459
62 459
62 459
62 459
62 459
62 459
62 459
62 459
62 459
62 459
62 459
62 459
58 1501
58 1501
58 1501
58 1501
58 1501
58 1501
58 1501
58 1501
58 1501
58 1501
58 1160
58 1160
58 1160
58 1160
58 1160
58 1160
58 1160
58 1160
58 1160
58 1160
58 752
58 752
58 752
58 752
58 752
58 752
58 752
58 752
58 752
58 752
83 3
84 1
84 1
85 2
85 2
85 2
86 1
86 1
86 1
86 1
86 1
86 1
86 1
86 1
87 3
87 3
87 3
87 3
87 3
88 2
88 2
88 2
88 2
88 2
88 2
88 2
88 2
88 2
88 2
88 2
88 2
89 2
89 2
89 2
89 2
89 2
89 2
90 1
90 1
90 1
90 1
91 2
91 2
91 2
91 2
91 2
91 2
91 2
91 2
91 2
92 3
92 3
92 3
92 3
92 3
92 3
92 3
62 202
62 202
62 202
62 202
62 202
62 202
62 202
62 202
62 202
62 202
62 202
62 202
62 202
62 202
62 202
62 202
62 202
62 202
62 202
62 202
83 5
84 1
84 1
85 3
85 3
85 3
86 2
86 2
86 2
86 2
86 2
86 2
86 2
86 2
87 2
87 2
87 2
87 2
87 2
88 2
88 2
88 2
88 2
88 2
88 2
88 2
88 2
88 2
88 2
88 2
88 2
89 4
89 4
89 4
89 4
89 4
89 4
90 2
90 2
90 2
90 2
91 3
91 3
91 3
91 3
91 3
91 3
91 3
91 3
91 3
92 6
92 6
92 6
92 6
92 6
92 6
92 6
58 368
58 368
58 368
58 368
58 368
58 368
58 368
58 368
58 368
58 368
58 59
58 59
58 59
58 59
58 59
58 59
58 59
58 59
58 59
58 59
62 38
62 38
62 38
62 38
62 38
62 38
62 38
62 38
62 38
62 38
62 38
62 38
62 38
62 38
62 38
62 38
62 38
62 38
62 38
62 38
59 2741
59 2741
59 2741
59 2741
59 2741
59 2741
59 2741
59 2741
59 2741
59 2741
59 2741
59 2741
59 2741
59 2741
59 2741
83 3
84 4
84 4
59 1258
59 1258
59 1258
59 1258
59 1258
59 1258
59 1258
59 1258
59 1258
59 1258
59 1258
59 1258
59 1258
59 1258
59 1258
85 2
85 2
85 2
86 1
86 1
86 1
86 1
86 1
86 1
86 1
86 1
87 2
87 2
87 2
87 2
87 2
88 2
88 2
88 2
88 2
88 2
88 2
88 2
88 2
88 2
88 2
88 2
88 2
89 3
89 3
89 3
89 3
89 3
89 3
90 2
90 2
90 2
90 2
91 2
91 2
91 2
91 2
91 2
91 2
91 2
91 2
91 2
92 1
92 1
92 1
92 1
92 1
92 1
92 1
58 42
58 42
58 42
58 42
58 42
58 42
58 42
58 42
58 42
58 42
62 130
62 130
62 130
62 130
62 130
62 130
62 130
62 130
62 130
62 130
62 130
62 130
62 130
62 130
62 130
62 130
62 130
62 130
62 130
62 130
30 470
30 470
30 470
30 470
30 470
30 470
30 470
30 470
30 470
30 470
30 470
30 470
30 470
83 3
84 3
84 3
85 2
85 2
85 2
86 1
86 1
86 1
86 1
86 1
86 1
86 1
86 1
87 4
87 4
87 4
87 4
87 4
88 6
88 6
88 6
88 6
88 6
88 6
88 6
88 6
88 6
88 6
88 6
88 6
89 4
89 4
89 4
89 4
89 4
89 4
90 2
90 2
90 2
90 2
91 2
91 2
91 2
91 2
91 2
91 2
91 2
91 2
91 2
92 1
92 1
92 1
92 1
92 1
92 1
92 1
58 60
58 60
58 60
58 60
58 60
58 60
58 60
58 60
58 60
58 60
62 20
62 20
62 20
62 20
62 20
62 20
62 20
62 20
62 20
62 20
62 20
62 20
62 20
62 20
62 20
62 20
62 20
62 20
62 20
62 20
46 3805
46 3805
46 3805
46 3805
46 3805
46 3805
46 3805
46 3805
46 3805
46 3805
46 3805
46 3805
46 3805
46 3805
46 3805
46 3805
83 3
84 1
84 1
85 11
85 11
85 11
86 9
86 9
86 9
86 9
86 9
86 9
86 9
86 9
87 2
87 2
87 2
87 2
87 2
88 2
88 2
88 2
88 2
88 2
88 2
88 2
88 2
88 2
88 2
88 2
88 2
89 3
89 3
89 3
89 3
89 3
89 3
90 16
90 16
90 16
90 16
91 11
91 11
91 11
91 11
91 11
91 11
91 11
91 11
91 11
92 3
92 3
92 3
92 3
92 3
92 3
92 3
46 3484
46 3484
46 3484
46 3484
46 3484
46 3484
46 3484
46 3484
46 3484
46 3484
46 3484
46 3484
46 3484
46 3484
46 3484
46 3484
46 2987
46 2987
46 2987
46 2987
46 2987
46 2987
46 2987
46 2987
46 2987
46 2987
46 2987
46 2987
46 2987
46 2987
46 2987
46 2987
