20 234
20 234
20 234
20 234
20 234
20 234
20 234
20 234
20 234
20 234
20 234
20 234
20 234
20 234
20 234
20 234
20 234
20 234
20 234
20 234
35 302
35 302
35 302
35 302
35 302
35 302
35 302
35 302
35 302
35 302
35 302
35 302
35 302
35 302
35 302
35 302
35 302
35 302
35 302
84 18
84 18
84 18
84 18
84 18
84 18
84 18
84 18
84 18
84 18
84 18
84 18
84 18
84 18
84 18
84 18
84 18
84 18
83 35
83 35
83 35
83 35
83 35
83 35
85 19
85 19
85 19
85 19
85 19
85 19
85 19
85 19
85 19
86 11
86 11
87 13
87 13
87 13
87 13
87 13
87 13
87 13
88 13
88 13
88 13
88 13
88 13
88 13
88 13
88 13
88 13
88 13
88 13
88 13
88 13
88 13
88 13
88 13
88 13
88 13
88 13
88 13
88 13
88 13
88 13
88 13
88 13
88 13
88 13
88 13
88 13
89 7
89 7
89 7
48 428
48 428
48 428
48 428
48 428
48 428
48 428
48 428
48 428
48 428
48 428
48 428
48 428
48 428
48 428
48 428
48 428
48 428
48 428
48 428
48 428
48 428
48 428
48 428
48 428
90 14
90 14
90 14
90 14
92 18
91 30
91 30
91 30
91 30
91 30
20 272
20 272
20 272
20 272
20 272
20 272
20 272
20 272
20 272
20 272
20 272
20 272
20 272
20 272
20 272
20 272
20 272
20 272
20 272
20 272
35 429
35 429
35 429
35 429
35 429
35 429
35 429
35 429
35 429
35 429
35 429
35 429
35 429
35 429
35 429
35 429
35 429
35 429
35 429
83 4
83 4
83 4
83 4
83 4
83 4
84 3
84 3
84 3
84 3
84 3
84 3
84 3
84 3
84 3
84 3
84 3
84 3
84 3
84 3
84 3
84 3
84 3
84 3
85 11
85 11
85 11
85 11
85 11
85 11
85 11
85 11
85 11
86 19
86 19
87 14
87 14
87 14
87 14
87 14
87 14
87 14
88 11
88 11
88 11
88 11
88 11
88 11
88 11
88 11
88 11
88 11
88 11
88 11
88 11
88 11
88 11
88 11
88 11
88 11
88 11
88 11
88 11
88 11
88 11
88 11
88 11
88 11
88 11
88 11
88 11
89 5
89 5
89 5
90 1
90 1
90 1
90 1
91 6
91 6
91 6
91 6
91 6
92 6
48 540
48 540
48 540
48 540
48 540
48 540
48 540
48 540
48 540
48 540
48 540
48 540
48 540
48 540
48 540
48 540
48 540
48 540
48 540
48 540
48 540
48 540
48 540
48 540
48 540
7 1462
7 1462
7 1462
7 1462
7 1462
7 1462
7 1462
7 1462
7 1462
7 1462
7 1462
7 1462
7 1462
7 1462
7 1462
7 966
7 966
7 966
7 966
7 966
7 966
7 966
7 966
7 966
7 966
7 966
7 966
7 966
7 966
7 966
83 8
83 8
83 8
83 8
83 8
83 8
84 21
84 21
84 21
84 21
84 21
84 21
84 21
84 21
84 21
84 21
84 21
84 21
84 21
84 21
84 21
84 21
84 21
84 21
85 17
85 17
85 17
85 17
85 17
85 17
85 17
85 17
85 17
7 798
7 798
7 798
7 798
7 798
7 798
7 798
7 798
7 798
7 798
7 798
7 798
7 798
7 798
7 798
86 12
86 12
15 1726
15 1726
15 1726
15 1726
15 1726
15 1726
15 1726
15 1726
15 1726
15 1726
15 1726
15 1726
15 1726
15 1726
15 1726
15 1726
15 1726
15 1726
15 1726
15 1726
15 1726
15 1726
15 1726
15 1726
15 1228
15 1228
15 1228
15 1228
15 1228
15 1228
15 1228
15 1228
15 1228
15 1228
15 1228
15 1228
15 1228
15 1228
15 1228
15 1228
15 1228
15 1228
15 1228
15 1228
15 1228
15 1228
15 1228
15 1228
87 9
87 9
87 9
87 9
87 9
87 9
87 9
15 734
15 734
15 734
15 734
15 734
15 734
15 734
15 734
15 734
15 734
15 734
15 734
15 734
15 734
15 734
15 734
15 734
15 734
15 734
15 734
15 734
15 734
15 734
15 734
88 11
88 11
88 11
88 11
88 11
88 11
88 11
88 11
88 11
88 11
88 11
88 11
88 11
88 11
88 11
88 11
88 11
88 11
88 11
88 11
88 11
88 11
88 11
88 11
88 11
88 11
88 11
88 11
88 11
89 19
89 19
89 19
90 14
90 14
90 14
90 14
91 7
91 7
91 7
91 7
91 7
92 2
21 1581
21 1581
21 1581
21 1581
21 1581
21 1581
21 1581
21 1581
21 1581
21 1581
21 1581
21 1581
21 1581
21 1581
21 1581
21 1581
21 1581
21 1581
21 1581
21 1581
21 1581
21 1581
21 1581
7 726
7 726
7 726
7 726
7 726
7 726
7 726
7 726
7 726
7 726
7 726
7 726
7 726
7 726
7 726
15 653
15 653
15 653
15 653
15 653
15 653
15 653
15 653
15 653
15 653
15 653
15 653
15 653
15 653
15 653
15 653
15 653
15 653
15 653
15 653
15 653
15 653
15 653
15 653
48 823
48 823
48 823
48 823
48 823
48 823
48 823
48 823
48 823
48 823
48 823
48 823
48 823
48 823
48 823
48 823
48 823
48 823
48 823
48 823
48 823
48 823
48 823
48 823
48 823
35 961
35 961
35 961
35 961
35 961
35 961
35 961
35 961
35 961
35 961
35 961
35 961
35 961
35 961
35 961
35 961
35 961
35 961
35 961
83 3
83 3
83 3
83 3
83 3
83 3
84 1
84 1
84 1
84 1
84 1
84 1
84 1
84 1
84 1
84 1
84 1
84 1
84 1
84 1
84 1
84 1
84 1
84 1
85 2
85 2
85 2
85 2
85 2
85 2
85 2
85 2
85 2
86 2
86 2
20 663
20 663
20 663
20 663
20 663
20 663
20 663
20 663
20 663
20 663
20 663
20 663
20 663
20 663
20 663
20 663
20 663
20 663
20 663
20 663
87 2
87 2
87 2
87 2
87 2
87 2
87 2
88 3
88 3
88 3
88 3
88 3
88 3
88 3
88 3
88 3
88 3
88 3
88 3
88 3
88 3
88 3
88 3
88 3
88 3
88 3
88 3
88 3
88 3
88 3
88 3
88 3
88 3
88 3
88 3
88 3
89 15
89 15
89 15
90 7
90 7
90 7
90 7
91 3
91 3
91 3
91 3
91 3
92 2
27 1671
27 1671
27 1671
27 1671
27 1671
27 1671
27 1671
27 1671
27 1671
27 1671
27 1671
27 1671
27 1176
27 1176
27 1176
27 1176
27 1176
27 1176
27 1176
27 1176
27 1176
27 1176
27 1176
27 1176
27 847
27 847
27 847
27 847
27 847
27 847
27 847
27 847
27 847
27 847
27 847
27 847
24 1967
24 1967
24 1967
24 1967
24 1967
24 1967
24 1967
24 1967
24 1967
24 1967
24 1967
24 1967
24 1967
24 1473
24 1473
24 1473
24 1473
24 1473
24 1473
24 1473
24 1473
24 1473
24 1473
24 1473
24 1473
24 1473
83 5
83 5
83 5
83 5
83 5
83 5
24 1100
24 1100
24 1100
24 1100
24 1100
24 1100
24 1100
24 1100
24 1100
24 1100
24 1100
24 1100
24 1100
48 860
48 860
48 860
48 860
48 860
48 860
48 860
48 860
48 860
48 860
48 860
48 860
48 860
48 860
48 860
48 860
48 860
48 860
48 860
48 860
48 860
48 860
48 860
48 860
48 860
84 5
84 5
84 5
84 5
84 5
84 5
84 5
84 5
84 5
84 5
84 5
84 5
84 5
84 5
84 5
84 5
84 5
84 5
35 998
35 998
35 998
35 998
35 998
35 998
35 998
35 998
35 998
35 998
35 998
35 998
35 998
35 998
35 998
35 998
35 998
35 998
35 998
85 2
85 2
85 2
85 2
85 2
85 2
85 2
85 2
85 2
7 783
7 783
7 783
7 783
7 783
7 783
7 783
7 783
7 783
7 783
7 783
7 783
7 783
7 783
7 783
86 4
86 4
87 5
87 5
87 5
87 5
87 5
87 5
87 5
88 3
88 3
88 3
88 3
88 3
88 3
88 3
88 3
88 3
88 3
88 3
88 3
88 3
88 3
88 3
88 3
88 3
88 3
88 3
88 3
88 3
88 3
88 3
88 3
88 3
88 3
88 3
88 3
88 3
89 8
89 8
89 8
90 4
90 4
90 4
90 4
91 6
91 6
91 6
91 6
91 6
92 31
20 827
20 827
20 827
20 827
20 827
20 827
20 827
20 827
20 827
20 827
20 827
20 827
20 827
20 827
20 827
20 827
20 827
20 827
20 827
20 827
27 821
27 821
27 821
27 821
27 821
27 821
27 821
27 821
27 821
27 821
27 821
27 821
24 869
24 869
24 869
24 869
24 869
24 869
24 869
24 869
24 869
24 869
24 869
24 869
24 869
35 913
35 913
35 913
35 913
35 913
35 913
35 913
35 913
35 913
35 913
35 913
35 913
35 913
35 913
35 913
35 913
35 913
35 913
35 913
15 1117
15 1117
15 1117
15 1117
15 1117
15 1117
15 1117
15 1117
15 1117
15 1117
15 1117
15 1117
15 1117
15 1117
15 1117
15 1117
15 1117
15 1117
15 1117
15 1117
15 1117
15 1117
15 1117
15 1117
21 1064
21 1064
21 1064
21 1064
21 1064
21 1064
21 1064
21 1064
21 1064
21 1064
21 1064
21 1064
21 1064
21 1064
21 1064
21 1064
21 1064
21 1064
21 1064
21 1064
21 1064
21 1064
21 1064
83 12
83 12
83 12
83 12
83 12
83 12
84 6
84 6
84 6
84 6
84 6
84 6
84 6
84 6
84 6
84 6
84 6
84 6
84 6
84 6
84 6
84 6
84 6
84 6
85 4
85 4
85 4
85 4
85 4
85 4
85 4
85 4
85 4
86 2
86 2
87 5
87 5
87 5
87 5
87 5
87 5
87 5
88 3
88 3
88 3
88 3
88 3
88 3
88 3
88 3
88 3
88 3
88 3
88 3
88 3
88 3
88 3
88 3
88 3
88 3
88 3
88 3
88 3
88 3
88 3
88 3
88 3
88 3
88 3
88 3
88 3
89 2
89 2
89 2
90 3
90 3
90 3
90 3
91 13
91 13
91 13
91 13
91 13
92 7
7 937
7 937
7 937
7 937
7 937
7 937
7 937
7 937
7 937
7 937
7 937
7 937
7 937
7 937
7 937
15 970
15 970
15 970
15 970
15 970
15 970
15 970
15 970
15 970
15 970
15 970
15 970
15 970
15 970
15 970
15 970
15 970
15 970
15 970
15 970
15 970
15 970
15 970
15 970
20 973
20 973
20 973
20 973
20 973
20 973
20 973
20 973
20 973
20 973
20 973
20 973
20 973
20 973
20 973
20 973
20 973
20 973
20 973
20 973
83 4
83 4
83 4
83 4
83 4
83 4
27 1072
27 1072
27 1072
27 1072
27 1072
27 1072
27 1072
27 1072
27 1072
27 1072
27 1072
27 1072
84 12
84 12
84 12
84 12
84 12
84 12
84 12
84 12
84 12
84 12
84 12
84 12
84 12
84 12
84 12
84 12
84 12
84 12
85 4
85 4
85 4
85 4
85 4
85 4
85 4
85 4
85 4
86 2
86 2
87 14
87 14
87 14
87 14
87 14
87 14
87 14
61 3281
61 3281
61 3281
61 3281
61 3281
61 3281
61 3281
61 3281
61 3281
61 3281
61 3281
61 3281
61 3281
61 3281
61 3281
61 3281
61 3281
88 16
88 16
88 16
88 16
88 16
88 16
88 16
88 16
88 16
88 16
88 16
88 16
88 16
88 16
88 16
88 16
88 16
88 16
88 16
88 16
88 16
88 16
88 16
88 16
88 16
88 16
88 16
88 16
88 16
89 10
89 10
89 10
90 8
90 8
90 8
90 8
91 5
91 5
91 5
91 5
91 5
92 2
61 2824
61 2824
61 2824
61 2824
61 2824
61 2824
61 2824
61 2824
61 2824
61 2824
61 2824
61 2824
61 2824
61 2824
61 2824
61 2824
61 2824
21 1224
21 1224
21 1224
21 1224
21 1224
21 1224
21 1224
21 1224
21 1224
21 1224
21 1224
21 1224
21 1224
21 1224
21 1224
21 1224
21 1224
21 1224
21 1224
21 1224
21 1224
21 1224
21 1224
59 3346
59 3346
59 3346
59 3346
59 3346
59 3346
59 3346
59 3346
59 3346
59 3346
59 3346
59 3346
59 3346
59 3346
59 3346
59 3346
59 3346
59 3346
59 3346
59 3346
59 3346
59 3346
59 3346
59 3346
59 3346
59 3346
59 2864
59 2864
59 2864
59 2864
59 2864
59 2864
59 2864
59 2864
59 2864
59 2864
59 2864
59 2864
59 2864
59 2864
59 2864
59 2864
59 2864
59 2864
59 2864
59 2864
59 2864
59 2864
59 2864
59 2864
59 2864
59 2864
59 2398
59 2398
59 2398
59 2398
59 2398
59 2398
59 2398
59 2398
59 2398
59 2398
59 2398
59 2398
59 2398
59 2398
59 2398
59 2398
59 2398
59 2398
59 2398
59 2398
59 2398
59 2398
59 2398
59 2398
59 2398
59 2398
24 1377
24 1377
24 1377
24 1377
24 1377
24 1377
24 1377
24 1377
24 1377
24 1377
24 1377
24 1377
24 1377
59 1538
59 1538
59 1538
59 1538
59 1538
59 1538
59 1538
59 1538
59 1538
59 1538
59 1538
59 1538
59 1538
59 1538
59 1538
59 1538
59 1538
59 1538
59 1538
59 1538
59 1538
59 1538
59 1538
59 1538
59 1538
59 1538
35 1412
35 1412
35 1412
35 1412
35 1412
35 1412
35 1412
35 1412
35 1412
35 1412
35 1412
35 1412
35 1412
35 1412
35 1412
35 1412
35 1412
35 1412
35 1412
61 1702
61 1702
61 1702
61 1702
61 1702
61 1702
61 1702
61 1702
61 1702
61 1702
61 1702
61 1702
61 1702
61 1702
61 1702
61 1702
61 1702
83 6
83 6
83 6
83 6
83 6
83 6
84 2
84 2
84 2
84 2
84 2
84 2
84 2
84 2
84 2
84 2
84 2
84 2
84 2
84 2
84 2
84 2
84 2
84 2
85 22
85 22
85 22
85 22
85 22
85 22
85 22
85 22
85 22
86 18
86 18
87 17
87 17
87 17
87 17
87 17
87 17
87 17
88 20
88 20
88 20
88 20
88 20
88 20
88 20
88 20
88 20
88 20
88 20
88 20
88 20
88 20
88 20
88 20
88 20
88 20
88 20
88 20
88 20
88 20
88 20
88 20
88 20
88 20
88 20
88 20
88 20
59 1310
59 1310
59 1310
59 1310
59 1310
59 1310
59 1310
59 1310
59 1310
59 1310
59 1310
59 1310
59 1310
59 1310
59 1310
59 1310
59 1310
59 1310
59 1310
59 1310
59 1310
59 1310
59 1310
59 1310
59 1310
59 1310
89 15
89 15
89 15
90 35
90 35
90 35
90 35
91 29
91 29
91 29
91 29
91 29
92 21
