33 66
33 66
33 66
39 23
39 23
33 20
33 20
33 20
76 117
39 8
39 8
88 70
88 70
88 70
88 70
88 70
97 61
97 61
97 61
97 61
76 51
33 6
33 6
33 6
39 17
39 17
88 69
88 69
88 69
88 69
88 69
97 80
97 80
97 80
97 80
33 19
33 19
33 19
76 113
39 9
39 9
88 85
88 85
88 85
88 85
88 85
97 98
97 98
97 98
97 98
33 22
33 22
33 22
76 112
39 18
39 18
88 144
88 144
88 144
88 144
88 144
97 156
97 156
97 156
97 156
33 8
33 8
33 8
39 22
39 22
76 197
88 188
88 188
88 188
88 188
88 188
97 200
97 200
97 200
97 200
33 8
33 8
33 8
39 15
39 15
76 177
88 192
88 192
88 192
88 192
88 192
97 191
97 191
97 191
97 191
33 25
33 25
33 25
39 16
39 16
76 211
88 191
88 191
88 191
88 191
88 191
97 173
97 173
97 173
97 173
76 172
88 173
88 173
88 173
88 173
88 173
97 163
97 163
97 163
97 163
