0 129
0 129
0 129
0 163
0 163
0 163
67 190
67 190
67 190
67 190
67 190
67 190
67 135
67 135
67 135
67 135
67 135
67 135
0 307
0 307
0 307
67 43
67 43
67 43
67 43
67 43
67 43
86 1113
86 1113
86 1113
86 1113
29 1724
29 1724
29 1224
29 1224
29 725
29 725
0 523
0 523
0 523
86 799
86 799
86 799
86 799
67 143
67 143
67 143
67 143
67 143
67 143
67 75
67 75
67 75
67 75
67 75
67 75
29 966
29 966
0 835
0 835
0 835
86 1227
86 1227
86 1227
86 1227
67 179
67 179
67 179
67 179
67 179
67 179
67 119
67 119
67 119
67 119
67 119
67 119
86 1451
86 1451
86 1451
86 1451
67 80
67 80
67 80
67 80
67 80
67 80
86 1397
86 1397
86 1397
86 1397
86 1477
86 1477
86 1477
86 1477
