1 3 1
2 2 2
3 4 3
4 3 1
5 3 1
6 2 2
7 4 3
8 1 1
9 4 3
10 2 2
11 1 1
12 3 1
13 3 1
14 1 1
15 1 1
16 1 1
17 2 2
18 1 1
19 2 2
20 1 1
21 2 2
22 2 2
23 3 1
24 3 1
25 1 1
26 3 1
27 2 2
28 3 1
29 3 1
30 1 2
31 3 1
32 3 1
33 2 2
34 4 3
35 4 3
36 4 3
37 3 1
38 1 1
39 3 1
40 4 3
41 2 2
42 1 1
43 4 3
44 4 3
45 2 2
46 3 1
47 4 3
48 2 2
49 3 1
50 2 2
51 2 2
52 4 3
53 2 2
54 1 1
55 1 1
56 4 3
57 3 1
58 4 3
59 3 1
60 3 1
61 2 2
62 4 3
63 2 2
64 1 1
65 1 1
66 4 3
67 3 1
68 2 2
69 3 1
70 2 2
71 2 2
72 2 2
73 3 1
74 1 1
75 4 3
76 4 3
77 1 1
78 1 1
79 1 1
80 2 2
81 1 1
82 1 1
83 1 1
84 3 1
85 4 3
86 2 2
87 2 2
88 1 1
89 4 3
90 2 2
91 2 2
92 1 1
93 2 2
94 3 1
95 2 2
96 1 1
97 1 1
98 2 2
99 3 1
100 1 1
