1 3 3 -12.3708 23.9952
2 2 3 -32.5572 -41.6383
3 4 3 74.5215 -19.2883
4 3 3 18.0047 -85.2126
5 3 3 24.4157 -33.0619
6 2 3 -91.2292 20.3888
7 4 3 62.0793 6.19809
8 1 3 17.6011 35.7829
9 4 3 95.4475 -26.3369
10 2 2 98.1232 23.1742
11 1 2 -44.8853 -69.5441
12 3 3 -25.1326 78.6052
13 3 3 -48.8708 -15.4448
14 1 2 11.6256 44.0357
15 1 2 74.5751 83.765
16 1 2 -13.6268 -85.2139
17 2 2 -32.5934 -5.94909
18 1 2 66.8565 83.9158
19 2 2 42.2195 24.6194
20 1 2 88.501 9.79505
21 2 2 53.8 -36.1054
22 2 2 3.55308 -72.6027
23 3 3 -22.0967 65.2855
24 3 3 -54.4872 0.926859
25 1 2 -1.25968 -17.3232
26 3 3 -28.4398 91.6452
27 2 2 98.3192 -54.4373
28 3 3 -14.3941 80.7594
29 3 3 1.87184 35.9418
30 1 2 -14.4271 -33.1127
31 3 3 67.6561 -78.0396
32 3 3 -39.7388 96.567
33 2 2 69.2466 0.95674
34 4 2 -16.3319 -34.8666
35 4 2 -26.0552 -11.6984
36 4 2 84.8667 70.0953
37 3 3 39.8531 -13.5544
38 1 2 78.0007 -97.7922
39 3 3 15.092 -73.8762
40 4 2 -8.55093 -53.9284
41 2 2 36.3153 77.9684
42 1 2 -57.154 57.7541
43 4 2 -87.9852 -80.3199
44 4 2 -92.2801 92.8649
45 2 2 35.0736 -99.8223
46 3 3 45.1762 12.4851
47 4 2 -50.7029 -59.9554
48 2 2 25.344 81.3519
49 3 3 -84.5375 -91.9719
50 2 2 3.68133 -52.2345
51 2 2 -53.4121 74.9314
52 4 2 -77.4646 -14.6594
53 2 2 86.0017 -90.5492
54 1 1 47.1511 -87.6787
55 1 1 15.2457 -11.2039
56 4 1 -60.5865 -43.3349
57 3 3 5.58576 78.6406
58 4 1 43.8973 -20.7675
59 3 3 -18.8839 16.9313
60 3 3 -91.9888 99.6271
61 2 1 88.6703 -9.93309
62 4 1 -12.8189 -27.5999
63 2 1 50.0205 63.7552
64 1 1 -53.6417 -32.35
65 1 1 -61.3863 63.9774
66 4 1 -18.58 -40.5289
67 3 3 -42.6854 -14.4059
68 2 1 -9.43475 55.5031
69 3 3 9.3687 57.5266
70 2 1 -46.0815 -4.92473
71 2 1 -30.1295 60.2482
72 2 1 -13.1902 -19.2483
73 3 3 -79.5292 17.5959
74 1 1 -52.5123 -27.6955
75 4 1 -34.0551 90.1961
76 4 1 44.7094 -36.7703
77 1 1 -36.838 -6.0792
78 1 1 18.8123 39.6608
79 1 1 55.0996 -33.1298
80 2 1 -65.791 -61.5177
81 1 1 1.15676 -58.0858
82 1 1 -11.2564 -55.3351
83 1 1 72.552 23.4568
84 3 3 -22.7926 69.383
85 4 1 -30.4389 32.5514
86 2 1 90.8494 34.8643
87 2 1 -89.8621 32.5517
88 1 1 85.553 30.6562
89 4 1 -99.0129 67.1527
90 2 1 -51.9794 -82.9407
91 2 1 -32.081 -78.3496
92 1 1 34.763 96.8594
93 2 1 -97.5964 -42.6006
94 3 3 41.2922 -15.6251
95 2 1 26.1642 31.7551
96 1 1 -13.0577 -28.891
97 1 1 5.66565 81.7324
98 2 1 29.1515 2.82516
99 3 3 -70.7289 40.862
100 1 1 1.07466 8.07173
