11 139
11 139
11 139
11 139
11 139
11 139
11 139
11 139
11 139
11 139
11 139
11 139
11 139
11 139
11 139
11 139
11 139
11 139
11 139
11 139
11 139
11 139
11 139
11 139
11 139
11 139
11 139
11 139
11 139
7 309
7 309
7 309
7 309
7 309
7 309
7 309
7 309
7 309
7 309
28 278
28 278
28 278
28 278
28 278
28 278
28 278
28 278
28 278
28 278
28 278
28 278
28 278
28 278
28 278
28 278
28 278
28 278
28 278
28 278
28 278
28 278
28 278
28 278
28 278
28 278
47 458
47 458
47 458
47 458
58 584
58 584
58 584
58 584
58 584
58 584
58 584
58 584
58 584
58 584
58 584
58 584
58 584
58 584
58 584
58 584
58 584
58 584
58 584
58 584
58 584
11 596
11 596
11 596
11 596
11 596
11 596
11 596
11 596
11 596
11 596
11 596
11 596
11 596
11 596
11 596
11 596
11 596
11 596
11 596
11 596
11 596
11 596
11 596
11 596
11 596
11 596
11 596
11 596
11 596
4 1203
4 1203
4 1203
4 1203
4 1203
4 1203
4 1203
4 1203
4 1203
4 1203
4 1203
4 1203
4 1203
4 1203
4 1203
4 1203
4 1203
4 707
4 707
4 707
4 707
4 707
4 707
4 707
4 707
4 707
4 707
4 707
4 707
4 707
4 707
4 707
4 707
4 707
61 663
61 663
61 663
61 663
61 663
61 663
61 663
69 687
69 687
69 687
69 687
69 687
69 687
69 687
69 687
69 687
69 687
69 687
69 687
69 687
69 687
69 687
69 687
69 687
69 687
69 687
69 687
71 689
71 689
71 689
71 689
71 689
71 689
71 689
71 689
71 689
71 689
71 689
71 689
71 689
71 689
71 689
71 689
71 689
71 689
71 689
71 689
71 689
71 689
71 689
71 689
71 689
71 689
71 689
71 689
71 689
71 689
7 878
7 878
7 878
7 878
7 878
7 878
7 878
7 878
7 878
7 878
28 759
28 759
28 759
28 759
28 759
28 759
28 759
28 759
28 759
28 759
28 759
28 759
28 759
28 759
28 759
28 759
28 759
28 759
28 759
28 759
28 759
28 759
28 759
28 759
28 759
28 759
47 976
47 976
47 976
47 976
4 1079
4 1079
4 1079
4 1079
4 1079
4 1079
4 1079
4 1079
4 1079
4 1079
4 1079
4 1079
4 1079
4 1079
4 1079
4 1079
4 1079
58 1111
58 1111
58 1111
58 1111
58 1111
58 1111
58 1111
58 1111
58 1111
58 1111
58 1111
58 1111
58 1111
58 1111
58 1111
58 1111
58 1111
58 1111
58 1111
58 1111
58 1111
11 1168
11 1168
11 1168
11 1168
11 1168
11 1168
11 1168
11 1168
11 1168
11 1168
11 1168
11 1168
11 1168
11 1168
11 1168
11 1168
11 1168
11 1168
11 1168
11 1168
11 1168
11 1168
11 1168
11 1168
11 1168
11 1168
11 1168
11 1168
11 1168
113 1210
113 1210
113 1210
113 1210
113 1210
113 1210
61 1293
61 1293
61 1293
61 1293
61 1293
61 1293
61 1293
119 1328
119 1328
119 1328
119 1328
119 1328
119 1328
119 1328
119 1328
119 1328
119 1328
119 1328
71 1313
71 1313
71 1313
71 1313
71 1313
71 1313
71 1313
71 1313
71 1313
71 1313
71 1313
71 1313
71 1313
71 1313
71 1313
71 1313
71 1313
71 1313
71 1313
71 1313
71 1313
71 1313
71 1313
71 1313
71 1313
71 1313
71 1313
71 1313
71 1313
71 1313
69 1337
69 1337
69 1337
69 1337
69 1337
69 1337
69 1337
69 1337
69 1337
69 1337
69 1337
69 1337
69 1337
69 1337
69 1337
69 1337
69 1337
69 1337
69 1337
69 1337
124 1372
124 1372
124 1372
124 1372
124 1372
124 1372
124 1372
124 1372
124 1372
124 1372
124 1372
124 1372
124 1372
124 1372
124 1372
124 1372
124 1372
124 1372
124 1372
127 1384
127 1384
127 1384
127 1384
127 1384
127 1384
127 1384
127 1384
127 1384
127 1384
127 1384
127 1384
127 1384
127 1384
127 1384
127 1384
127 1384
127 1384
28 1413
28 1413
28 1413
28 1413
28 1413
28 1413
28 1413
28 1413
28 1413
28 1413
28 1413
28 1413
28 1413
28 1413
28 1413
28 1413
28 1413
28 1413
28 1413
28 1413
28 1413
28 1413
28 1413
28 1413
28 1413
28 1413
47 1604
47 1604
47 1604
47 1604
4 1668
4 1668
4 1668
4 1668
4 1668
4 1668
4 1668
4 1668
4 1668
4 1668
4 1668
4 1668
4 1668
4 1668
4 1668
4 1668
4 1668
58 1728
58 1728
58 1728
58 1728
58 1728
58 1728
58 1728
58 1728
58 1728
58 1728
58 1728
58 1728
58 1728
58 1728
58 1728
58 1728
58 1728
58 1728
58 1728
58 1728
58 1728
61 1745
61 1745
61 1745
61 1745
61 1745
61 1745
61 1745
18 3180
18 3180
18 3180
18 3180
18 3180
18 3180
18 3180
18 3180
18 3180
18 3180
18 3180
18 3180
18 3180
18 3180
18 3180
18 3180
18 3180
18 3180
18 3180
18 3180
18 3180
18 3180
18 3180
18 3180
18 3180
18 3180
18 3180
18 3180
33 1534
33 1534
33 1534
33 1534
33 1534
33 1534
33 1534
33 1534
33 1534
33 1534
33 1534
33 1534
33 1534
33 1534
33 1534
33 1534
33 1534
33 1534
33 1534
33 1534
33 1534
33 1534
33 1534
33 1534
33 1534
11 1755
11 1755
11 1755
11 1755
11 1755
11 1755
11 1755
11 1755
11 1755
11 1755
11 1755
11 1755
11 1755
11 1755
11 1755
11 1755
11 1755
11 1755
11 1755
11 1755
11 1755
11 1755
11 1755
11 1755
11 1755
11 1755
11 1755
11 1755
11 1755
113 1767
113 1767
113 1767
113 1767
113 1767
113 1767
122 2178
122 2178
89 1585
89 1585
89 1585
119 1813
119 1813
119 1813
119 1813
119 1813
119 1813
119 1813
119 1813
119 1813
119 1813
119 1813
69 1828
69 1828
69 1828
69 1828
69 1828
69 1828
69 1828
69 1828
69 1828
69 1828
69 1828
69 1828
69 1828
69 1828
69 1828
69 1828
69 1828
69 1828
69 1828
69 1828
71 1842
71 1842
71 1842
71 1842
71 1842
71 1842
71 1842
71 1842
71 1842
71 1842
71 1842
71 1842
71 1842
71 1842
71 1842
71 1842
71 1842
71 1842
71 1842
71 1842
71 1842
71 1842
71 1842
71 1842
71 1842
71 1842
71 1842
71 1842
71 1842
71 1842
124 1905
124 1905
124 1905
124 1905
124 1905
124 1905
124 1905
124 1905
124 1905
124 1905
124 1905
124 1905
124 1905
124 1905
124 1905
124 1905
124 1905
124 1905
124 1905
49 1713
49 1713
49 1713
49 1713
49 1713
49 1713
49 1713
49 1713
49 1713
49 1713
49 1713
49 1713
49 1713
49 1713
127 1955
127 1955
127 1955
127 1955
127 1955
127 1955
127 1955
127 1955
127 1955
127 1955
127 1955
127 1955
127 1955
127 1955
127 1955
127 1955
127 1955
127 1955
28 1967
28 1967
28 1967
28 1967
28 1967
28 1967
28 1967
28 1967
28 1967
28 1967
28 1967
28 1967
28 1967
28 1967
28 1967
28 1967
28 1967
28 1967
28 1967
28 1967
28 1967
28 1967
28 1967
28 1967
28 1967
28 1967
86 2998
86 2998
86 2998
86 2998
86 2998
86 2998
86 2998
86 2998
86 2998
86 2998
86 2998
86 2998
86 2998
86 2998
86 2998
86 2998
86 2998
86 2998
86 2998
86 2998
86 2998
86 2998
86 2998
86 2998
86 2498
86 2498
86 2498
86 2498
86 2498
86 2498
86 2498
86 2498
86 2498
86 2498
86 2498
86 2498
86 2498
86 2498
86 2498
86 2498
86 2498
86 2498
86 2498
86 2498
86 2498
86 2498
86 2498
86 2498
86 2015
86 2015
86 2015
86 2015
86 2015
86 2015
86 2015
86 2015
86 2015
86 2015
86 2015
86 2015
86 2015
86 2015
86 2015
86 2015
86 2015
86 2015
86 2015
86 2015
86 2015
86 2015
86 2015
86 2015
122 2172
122 2172
65 1817
65 1817
65 1817
65 1817
65 1817
65 1817
65 1817
65 1817
65 1817
100 3040
100 3040
100 3040
100 3040
100 3040
100 3040
100 3040
100 3040
100 3040
100 3040
100 3040
100 3040
100 3040
100 3040
100 3040
100 2547
100 2547
100 2547
100 2547
100 2547
100 2547
100 2547
100 2547
100 2547
100 2547
100 2547
100 2547
100 2547
100 2547
100 2547
18 1874
18 1874
18 1874
18 1874
18 1874
18 1874
18 1874
18 1874
18 1874
18 1874
18 1874
18 1874
18 1874
18 1874
18 1874
18 1874
18 1874
18 1874
18 1874
18 1874
18 1874
18 1874
18 1874
18 1874
18 1874
18 1874
18 1874
18 1874
68 1943
47 2184
47 2184
47 2184
47 2184
113 2184
113 2184
113 2184
113 2184
113 2184
113 2184
98 2363
98 2363
98 2363
98 2363
98 2363
71 2188
71 2188
71 2188
71 2188
71 2188
71 2188
71 2188
71 2188
71 2188
71 2188
71 2188
71 2188
71 2188
71 2188
71 2188
71 2188
71 2188
71 2188
71 2188
71 2188
71 2188
71 2188
71 2188
71 2188
71 2188
71 2188
71 2188
71 2188
71 2188
71 2188
89 2056
89 2056
89 2056
98 2112
98 2112
98 2112
98 2112
98 2112
86 2425
86 2425
86 2425
86 2425
86 2425
86 2425
86 2425
86 2425
86 2425
86 2425
86 2425
86 2425
86 2425
86 2425
86 2425
86 2425
86 2425
86 2425
86 2425
86 2425
86 2425
86 2425
86 2425
86 2425
124 2145
124 2145
124 2145
124 2145
124 2145
124 2145
124 2145
124 2145
124 2145
124 2145
124 2145
124 2145
124 2145
124 2145
124 2145
124 2145
124 2145
124 2145
124 2145
127 2138
127 2138
127 2138
127 2138
127 2138
127 2138
127 2138
127 2138
127 2138
127 2138
127 2138
127 2138
127 2138
127 2138
127 2138
127 2138
127 2138
127 2138
119 2239
119 2239
119 2239
119 2239
119 2239
119 2239
119 2239
119 2239
119 2239
119 2239
119 2239
