5 59
5 59
5 59
5 59
5 59
5 59
5 59
9 51
9 51
9 51
9 51
9 51
9 51
9 51
9 51
9 51
9 51
9 51
9 51
9 51
9 51
9 51
9 51
9 51
9 51
9 51
9 51
9 51
9 51
9 51
9 51
9 51
9 51
9 51
9 51
9 51
11 44
11 44
11 44
11 44
11 44
11 44
11 44
11 44
11 44
11 44
11 44
11 44
13 35
13 35
13 35
13 35
13 35
13 35
13 35
13 35
13 35
14 45
14 45
14 45
14 45
14 45
14 45
18 20
18 20
18 20
18 20
18 20
18 20
18 20
18 20
18 20
18 20
18 20
18 20
18 20
18 20
18 20
18 20
18 20
18 20
19 38
19 38
19 38
19 38
19 38
19 38
19 38
19 38
19 38
19 38
19 38
19 38
19 38
19 38
19 38
19 38
19 38
20 36
20 36
20 36
20 36
20 36
20 36
20 36
20 36
20 36
20 36
20 36
20 36
20 36
20 36
20 36
20 36
20 36
20 36
20 36
20 36
20 36
20 36
20 36
23 36
23 36
23 36
23 36
23 36
23 36
23 36
23 36
23 36
23 36
23 36
23 36
23 36
23 36
23 36
26 21
26 21
26 21
26 21
26 21
26 21
26 21
26 21
27 47
27 47
27 47
27 47
27 47
27 47
27 47
27 47
27 47
27 47
27 47
27 47
27 47
27 47
27 47
27 47
27 47
27 47
27 47
27 47
27 47
27 47
27 47
27 47
27 47
27 47
27 47
27 47
27 47
27 47
30 21
30 21
30 21
30 21
30 21
30 21
30 21
30 21
30 21
30 21
30 21
30 21
30 21
30 21
30 21
30 21
30 21
30 21
30 21
30 21
30 21
30 21
34 12
34 12
34 12
34 12
34 12
34 12
34 12
34 12
34 12
34 12
34 12
36 3
36 3
36 3
36 3
36 3
36 3
36 3
36 3
36 3
36 3
36 3
36 3
36 3
36 3
36 3
36 3
36 3
36 3
36 3
36 3
36 3
36 3
36 3
36 3
36 3
37 8
37 8
37 8
37 8
37 8
37 8
37 8
37 8
37 8
37 8
37 8
37 8
37 8
37 8
37 8
37 8
37 8
37 8
37 8
37 8
38 28
38 28
38 28
38 28
38 28
38 28
38 28
38 28
38 28
38 28
38 28
38 28
38 28
38 28
38 28
38 28
38 28
38 28
38 28
38 28
38 28
38 28
38 28
38 28
38 28
38 28
38 28
42 45
42 45
42 45
42 45
42 45
42 45
42 45
42 45
42 45
42 45
42 45
42 45
42 45
42 45
42 45
42 45
42 45
42 45
42 45
42 45
42 45
42 45
42 45
42 45
42 45
42 45
42 45
42 45
43 43
43 43
43 43
43 43
43 43
43 43
43 43
43 43
43 43
43 43
43 43
43 43
43 43
43 43
43 43
43 43
43 43
43 43
43 43
46 82
46 82
46 82
46 82
46 82
46 82
46 82
46 82
46 82
46 82
46 82
46 82
46 82
44 107
44 107
44 107
44 107
44 107
44 107
44 107
44 107
44 107
44 107
44 107
44 107
44 107
44 107
44 107
44 107
5 34
5 34
5 34
5 34
5 34
5 34
5 34
9 35
9 35
9 35
9 35
9 35
9 35
9 35
9 35
9 35
9 35
9 35
9 35
9 35
9 35
9 35
9 35
9 35
9 35
9 35
9 35
9 35
9 35
9 35
9 35
9 35
9 35
9 35
9 35
9 35
11 26
11 26
11 26
11 26
11 26
11 26
11 26
11 26
11 26
11 26
11 26
11 26
13 27
13 27
13 27
13 27
13 27
13 27
13 27
13 27
13 27
50 198
50 198
50 198
50 198
49 210
47 230
47 230
47 230
47 230
47 230
47 230
47 230
47 230
47 230
47 230
65 62
65 62
14 74
14 74
14 74
14 74
14 74
14 74
18 46
18 46
18 46
18 46
18 46
18 46
18 46
18 46
18 46
18 46
18 46
18 46
18 46
18 46
18 46
18 46
18 46
18 46
19 71
19 71
19 71
19 71
19 71
19 71
19 71
19 71
19 71
19 71
19 71
19 71
19 71
19 71
19 71
19 71
19 71
20 62
20 62
20 62
20 62
20 62
20 62
20 62
20 62
20 62
20 62
20 62
20 62
20 62
20 62
20 62
20 62
20 62
20 62
20 62
20 62
20 62
20 62
20 62
23 55
23 55
23 55
23 55
23 55
23 55
23 55
23 55
23 55
23 55
23 55
23 55
23 55
23 55
23 55
26 51
26 51
26 51
26 51
26 51
26 51
26 51
26 51
27 66
27 66
27 66
27 66
27 66
27 66
27 66
27 66
27 66
27 66
27 66
27 66
27 66
27 66
27 66
27 66
27 66
27 66
27 66
27 66
27 66
27 66
27 66
27 66
27 66
27 66
27 66
27 66
27 66
27 66
30 87
30 87
30 87
30 87
30 87
30 87
30 87
30 87
30 87
30 87
30 87
30 87
30 87
30 87
30 87
30 87
30 87
30 87
30 87
30 87
30 87
30 87
34 108
34 108
34 108
34 108
34 108
34 108
34 108
34 108
34 108
34 108
34 108
36 97
36 97
36 97
36 97
36 97
36 97
36 97
36 97
36 97
36 97
36 97
36 97
36 97
36 97
36 97
36 97
36 97
36 97
36 97
36 97
36 97
36 97
36 97
36 97
36 97
37 98
37 98
37 98
37 98
37 98
37 98
37 98
37 98
37 98
37 98
37 98
37 98
37 98
37 98
37 98
37 98
37 98
37 98
37 98
37 98
38 92
38 92
38 92
38 92
38 92
38 92
38 92
38 92
38 92
38 92
38 92
38 92
38 92
38 92
38 92
38 92
38 92
38 92
38 92
38 92
38 92
38 92
38 92
38 92
38 92
38 92
38 92
42 92
42 92
42 92
42 92
42 92
42 92
42 92
42 92
42 92
42 92
42 92
42 92
42 92
42 92
42 92
42 92
42 92
42 92
42 92
42 92
42 92
42 92
42 92
42 92
42 92
42 92
42 92
42 92
43 89
43 89
43 89
43 89
43 89
43 89
43 89
43 89
43 89
43 89
43 89
43 89
43 89
43 89
43 89
43 89
43 89
43 89
43 89
44 88
44 88
44 88
44 88
44 88
44 88
44 88
44 88
44 88
44 88
44 88
44 88
44 88
44 88
44 88
44 88
47 59
47 59
47 59
47 59
47 59
47 59
47 59
47 59
47 59
47 59
46 104
46 104
46 104
46 104
46 104
46 104
46 104
46 104
46 104
46 104
46 104
46 104
46 104
49 83
50 183
50 183
50 183
50 183
51 214
51 214
51 214
53 223
53 223
53 223
53 223
53 223
53 223
53 223
53 223
53 223
53 223
53 223
53 223
53 223
53 223
53 223
53 223
53 223
53 223
53 223
53 223
53 223
53 223
53 223
53 223
58 330
58 330
58 330
58 330
58 330
60 340
60 340
60 340
60 340
60 340
60 340
60 340
60 340
60 340
60 340
60 340
60 340
60 340
60 340
60 340
60 340
60 340
60 340
60 340
60 340
60 340
65 431
65 431
63 457
63 457
63 457
63 457
63 457
63 457
63 457
63 457
63 457
63 457
63 457
63 457
63 457
63 457
27 319
27 319
27 319
27 319
27 319
27 319
27 319
27 319
27 319
27 319
27 319
27 319
27 319
27 319
27 319
27 319
27 319
27 319
27 319
27 319
27 319
27 319
27 319
27 319
27 319
27 319
27 319
27 319
27 319
27 319
5 540
5 540
5 540
5 540
5 540
5 540
5 540
30 296
30 296
30 296
30 296
30 296
30 296
30 296
30 296
30 296
30 296
30 296
30 296
30 296
30 296
30 296
30 296
30 296
30 296
30 296
30 296
30 296
30 296
34 257
34 257
34 257
34 257
34 257
34 257
34 257
34 257
34 257
34 257
34 257
36 245
36 245
36 245
36 245
36 245
36 245
36 245
36 245
36 245
36 245
36 245
36 245
36 245
36 245
36 245
36 245
36 245
36 245
36 245
36 245
36 245
36 245
36 245
36 245
36 245
37 235
37 235
37 235
37 235
37 235
37 235
37 235
37 235
37 235
37 235
37 235
37 235
37 235
37 235
37 235
37 235
37 235
37 235
37 235
37 235
38 234
38 234
38 234
38 234
38 234
38 234
38 234
38 234
38 234
38 234
38 234
38 234
38 234
38 234
38 234
38 234
38 234
38 234
38 234
38 234
38 234
38 234
38 234
38 234
38 234
38 234
38 234
42 215
42 215
42 215
42 215
42 215
42 215
42 215
42 215
42 215
42 215
42 215
42 215
42 215
42 215
42 215
42 215
42 215
42 215
42 215
42 215
42 215
42 215
42 215
42 215
42 215
42 215
42 215
42 215
43 215
43 215
43 215
43 215
43 215
43 215
43 215
43 215
43 215
43 215
43 215
43 215
43 215
43 215
43 215
43 215
43 215
43 215
43 215
9 557
9 557
9 557
9 557
9 557
9 557
9 557
9 557
9 557
9 557
9 557
9 557
9 557
9 557
9 557
9 557
9 557
9 557
9 557
9 557
9 557
9 557
9 557
9 557
9 557
9 557
9 557
9 557
9 557
11 538
11 538
11 538
11 538
11 538
11 538
11 538
11 538
11 538
11 538
11 538
11 538
13 518
13 518
13 518
13 518
13 518
13 518
13 518
13 518
13 518
14 509
14 509
14 509
14 509
14 509
14 509
18 469
18 469
18 469
18 469
18 469
18 469
18 469
18 469
18 469
18 469
18 469
18 469
18 469
18 469
18 469
18 469
18 469
18 469
19 459
19 459
19 459
19 459
19 459
19 459
19 459
19 459
19 459
19 459
19 459
19 459
19 459
19 459
19 459
19 459
19 459
20 450
20 450
20 450
20 450
20 450
20 450
20 450
20 450
20 450
20 450
20 450
20 450
20 450
20 450
20 450
20 450
20 450
20 450
20 450
20 450
20 450
20 450
20 450
23 423
23 423
23 423
23 423
23 423
23 423
23 423
23 423
23 423
23 423
23 423
23 423
23 423
23 423
23 423
26 394
26 394
26 394
26 394
26 394
26 394
26 394
26 394
44 219
44 219
44 219
44 219
44 219
44 219
44 219
44 219
44 219
44 219
44 219
44 219
44 219
44 219
44 219
44 219
46 212
46 212
46 212
46 212
46 212
46 212
46 212
46 212
46 212
46 212
46 212
46 212
46 212
47 210
47 210
47 210
47 210
47 210
47 210
47 210
47 210
47 210
47 210
61 585
61 585
61 585
61 585
61 585
61 585
61 585
61 585
61 585
61 585
61 585
61 585
61 585
61 585
61 585
61 585
61 585
61 585
61 585
61 585
61 585
61 585
61 585
61 585
61 585
61 585
50 203
50 203
50 203
50 203
49 218
51 251
51 251
51 251
53 245
53 245
53 245
53 245
53 245
53 245
53 245
53 245
53 245
53 245
53 245
53 245
53 245
53 245
53 245
53 245
53 245
53 245
53 245
53 245
53 245
53 245
53 245
53 245
58 252
58 252
58 252
58 252
58 252
5 290
5 290
5 290
5 290
5 290
5 290
5 290
9 303
9 303
9 303
9 303
9 303
9 303
9 303
9 303
9 303
9 303
9 303
9 303
9 303
9 303
9 303
9 303
9 303
9 303
9 303
9 303
9 303
9 303
9 303
9 303
9 303
9 303
9 303
9 303
9 303
60 302
60 302
60 302
60 302
60 302
60 302
60 302
60 302
60 302
60 302
60 302
60 302
60 302
60 302
60 302
60 302
60 302
60 302
60 302
60 302
60 302
61 293
61 293
61 293
61 293
61 293
61 293
61 293
61 293
61 293
61 293
61 293
61 293
61 293
61 293
61 293
61 293
61 293
61 293
61 293
61 293
61 293
61 293
61 293
61 293
61 293
61 293
63 273
63 273
63 273
63 273
63 273
63 273
63 273
63 273
63 273
63 273
63 273
63 273
63 273
63 273
65 254
65 254
11 299
11 299
11 299
11 299
11 299
11 299
11 299
11 299
11 299
11 299
11 299
11 299
13 287
13 287
13 287
13 287
13 287
13 287
13 287
13 287
13 287
14 286
14 286
14 286
14 286
14 286
14 286
18 292
18 292
18 292
18 292
18 292
18 292
18 292
18 292
18 292
18 292
18 292
18 292
18 292
18 292
18 292
18 292
18 292
18 292
19 289
19 289
19 289
19 289
19 289
19 289
19 289
19 289
19 289
19 289
19 289
19 289
19 289
19 289
19 289
19 289
19 289
20 290
20 290
20 290
20 290
20 290
20 290
20 290
20 290
20 290
20 290
20 290
20 290
20 290
20 290
20 290
20 290
20 290
20 290
20 290
20 290
20 290
20 290
20 290
27 236
27 236
27 236
27 236
27 236
27 236
27 236
27 236
27 236
27 236
27 236
27 236
27 236
27 236
27 236
27 236
27 236
27 236
27 236
27 236
27 236
27 236
27 236
27 236
27 236
27 236
27 236
27 236
27 236
27 236
30 233
30 233
30 233
30 233
30 233
30 233
30 233
30 233
30 233
30 233
30 233
30 233
30 233
30 233
30 233
30 233
30 233
30 233
30 233
30 233
30 233
30 233
23 309
23 309
23 309
23 309
23 309
23 309
23 309
23 309
23 309
23 309
23 309
23 309
23 309
23 309
23 309
26 304
26 304
26 304
26 304
26 304
26 304
26 304
26 304
34 263
34 263
34 263
34 263
34 263
34 263
34 263
34 263
34 263
34 263
34 263
36 261
36 261
36 261
36 261
36 261
36 261
36 261
36 261
36 261
36 261
36 261
36 261
36 261
36 261
36 261
36 261
36 261
36 261
36 261
36 261
36 261
36 261
36 261
36 261
36 261
37 258
37 258
37 258
37 258
37 258
37 258
37 258
37 258
37 258
37 258
37 258
37 258
37 258
37 258
37 258
37 258
37 258
37 258
37 258
37 258
38 268
38 268
38 268
38 268
38 268
38 268
38 268
38 268
38 268
38 268
38 268
38 268
38 268
38 268
38 268
38 268
38 268
38 268
38 268
38 268
38 268
38 268
38 268
38 268
38 268
38 268
38 268
42 284
42 284
42 284
42 284
42 284
42 284
42 284
42 284
42 284
42 284
42 284
42 284
42 284
42 284
42 284
42 284
42 284
42 284
42 284
42 284
42 284
42 284
42 284
42 284
42 284
42 284
42 284
42 284
43 288
43 288
43 288
43 288
43 288
43 288
43 288
43 288
43 288
43 288
43 288
43 288
43 288
43 288
43 288
43 288
43 288
43 288
43 288
47 252
47 252
47 252
47 252
47 252
47 252
47 252
47 252
47 252
47 252
44 292
44 292
44 292
44 292
44 292
44 292
44 292
44 292
44 292
44 292
44 292
44 292
44 292
44 292
44 292
44 292
46 288
46 288
46 288
46 288
46 288
46 288
46 288
46 288
46 288
46 288
46 288
46 288
46 288
49 268
50 259
50 259
50 259
50 259
51 253
51 253
51 253
53 255
53 255
53 255
53 255
53 255
53 255
53 255
53 255
53 255
53 255
53 255
53 255
53 255
53 255
53 255
53 255
53 255
53 255
53 255
53 255
53 255
53 255
53 255
53 255
58 235
58 235
58 235
58 235
58 235
60 260
60 260
60 260
60 260
60 260
60 260
60 260
60 260
60 260
60 260
60 260
60 260
60 260
60 260
60 260
60 260
60 260
60 260
60 260
60 260
60 260
61 260
61 260
61 260
61 260
61 260
61 260
61 260
61 260
61 260
61 260
61 260
61 260
61 260
61 260
61 260
61 260
61 260
61 260
61 260
61 260
61 260
61 260
61 260
61 260
61 260
61 260
63 243
63 243
63 243
63 243
63 243
63 243
63 243
63 243
63 243
63 243
63 243
63 243
63 243
63 243
65 243
65 243
5 344
5 344
5 344
5 344
5 344
5 344
5 344
9 357
9 357
9 357
9 357
9 357
9 357
9 357
9 357
9 357
9 357
9 357
9 357
9 357
9 357
9 357
9 357
9 357
9 357
9 357
9 357
9 357
9 357
9 357
9 357
9 357
9 357
9 357
9 357
9 357
11 360
11 360
11 360
11 360
11 360
11 360
11 360
11 360
11 360
11 360
11 360
11 360
13 371
13 371
13 371
13 371
13 371
13 371
13 371
13 371
13 371
14 365
14 365
14 365
14 365
14 365
14 365
18 362
18 362
18 362
18 362
18 362
18 362
18 362
18 362
18 362
18 362
18 362
18 362
18 362
18 362
18 362
18 362
18 362
18 362
19 364
19 364
19 364
19 364
19 364
19 364
19 364
19 364
19 364
19 364
19 364
19 364
19 364
19 364
19 364
19 364
19 364
27 302
27 302
27 302
27 302
27 302
27 302
27 302
27 302
27 302
27 302
27 302
27 302
27 302
27 302
27 302
27 302
27 302
27 302
27 302
27 302
27 302
27 302
27 302
27 302
27 302
27 302
27 302
27 302
27 302
27 302
30 302
30 302
30 302
30 302
30 302
30 302
30 302
30 302
30 302
30 302
30 302
30 302
30 302
30 302
30 302
30 302
30 302
30 302
30 302
30 302
30 302
30 302
20 414
20 414
20 414
20 414
20 414
20 414
20 414
20 414
20 414
20 414
20 414
20 414
20 414
20 414
20 414
20 414
20 414
20 414
20 414
20 414
20 414
20 414
20 414
23 397
23 397
23 397
23 397
23 397
23 397
23 397
23 397
23 397
23 397
23 397
23 397
23 397
23 397
23 397
34 302
34 302
34 302
34 302
34 302
34 302
34 302
34 302
34 302
34 302
34 302
36 295
36 295
36 295
36 295
36 295
36 295
36 295
36 295
36 295
36 295
36 295
36 295
36 295
36 295
36 295
36 295
36 295
36 295
36 295
36 295
36 295
36 295
36 295
36 295
36 295
37 288
37 288
37 288
37 288
37 288
37 288
37 288
37 288
37 288
37 288
37 288
37 288
37 288
37 288
37 288
37 288
37 288
37 288
37 288
37 288
38 286
38 286
38 286
38 286
38 286
38 286
38 286
38 286
38 286
38 286
38 286
38 286
38 286
38 286
38 286
38 286
38 286
38 286
38 286
38 286
38 286
38 286
38 286
38 286
38 286
38 286
38 286
42 266
42 266
42 266
42 266
42 266
42 266
42 266
42 266
42 266
42 266
42 266
42 266
42 266
42 266
42 266
42 266
42 266
42 266
42 266
42 266
42 266
42 266
42 266
42 266
42 266
42 266
42 266
42 266
43 258
43 258
43 258
43 258
43 258
43 258
43 258
43 258
43 258
43 258
43 258
43 258
43 258
43 258
43 258
43 258
43 258
43 258
43 258
26 435
26 435
26 435
26 435
26 435
26 435
26 435
26 435
44 268
44 268
44 268
44 268
44 268
44 268
44 268
44 268
44 268
44 268
44 268
44 268
44 268
44 268
44 268
44 268
46 276
46 276
46 276
46 276
46 276
46 276
46 276
46 276
46 276
46 276
46 276
46 276
46 276
47 272
47 272
47 272
47 272
47 272
47 272
47 272
47 272
47 272
47 272
49 273
50 270
50 270
50 270
50 270
51 267
51 267
51 267
53 272
53 272
53 272
53 272
53 272
53 272
53 272
53 272
53 272
53 272
53 272
53 272
53 272
53 272
53 272
53 272
53 272
53 272
53 272
53 272
53 272
53 272
53 272
53 272
58 299
58 299
58 299
58 299
58 299
61 323
61 323
61 323
61 323
61 323
61 323
61 323
61 323
61 323
61 323
61 323
61 323
61 323
61 323
61 323
61 323
61 323
61 323
61 323
61 323
61 323
61 323
61 323
61 323
61 323
61 323
60 345
60 345
60 345
60 345
60 345
60 345
60 345
60 345
60 345
60 345
60 345
60 345
60 345
60 345
60 345
60 345
60 345
60 345
60 345
60 345
60 345
63 338
63 338
63 338
63 338
63 338
63 338
63 338
63 338
63 338
63 338
63 338
63 338
63 338
63 338
5 419
5 419
5 419
5 419
5 419
5 419
5 419
27 228
27 228
27 228
27 228
27 228
27 228
27 228
27 228
27 228
27 228
27 228
27 228
27 228
27 228
27 228
27 228
27 228
27 228
27 228
27 228
27 228
27 228
27 228
27 228
27 228
27 228
27 228
27 228
27 228
27 228
65 357
65 357
9 448
9 448
9 448
9 448
9 448
9 448
9 448
9 448
9 448
9 448
9 448
9 448
9 448
9 448
9 448
9 448
9 448
9 448
9 448
9 448
9 448
9 448
9 448
9 448
9 448
9 448
9 448
9 448
9 448
30 240
30 240
30 240
30 240
30 240
30 240
30 240
30 240
30 240
30 240
30 240
30 240
30 240
30 240
30 240
30 240
30 240
30 240
30 240
30 240
30 240
30 240
11 454
11 454
11 454
11 454
11 454
11 454
11 454
11 454
11 454
11 454
11 454
11 454
34 247
34 247
34 247
34 247
34 247
34 247
34 247
34 247
34 247
34 247
34 247
13 460
13 460
13 460
13 460
13 460
13 460
13 460
13 460
13 460
36 237
36 237
36 237
36 237
36 237
36 237
36 237
36 237
36 237
36 237
36 237
36 237
36 237
36 237
36 237
36 237
36 237
36 237
36 237
36 237
36 237
36 237
36 237
36 237
36 237
37 234
37 234
37 234
37 234
37 234
37 234
37 234
37 234
37 234
37 234
37 234
37 234
37 234
37 234
37 234
37 234
37 234
37 234
37 234
37 234
14 467
14 467
14 467
14 467
14 467
14 467
38 230
38 230
38 230
38 230
38 230
38 230
38 230
38 230
38 230
38 230
38 230
38 230
38 230
38 230
38 230
38 230
38 230
38 230
38 230
38 230
38 230
38 230
38 230
38 230
38 230
38 230
38 230
18 459
18 459
18 459
18 459
18 459
18 459
18 459
18 459
18 459
18 459
18 459
18 459
18 459
18 459
18 459
18 459
18 459
18 459
19 472
19 472
19 472
19 472
19 472
19 472
19 472
19 472
19 472
19 472
19 472
19 472
19 472
19 472
19 472
19 472
19 472
20 465
20 465
20 465
20 465
20 465
20 465
20 465
20 465
20 465
20 465
20 465
20 465
20 465
20 465
20 465
20 465
20 465
20 465
20 465
20 465
20 465
20 465
20 465
42 253
42 253
42 253
42 253
42 253
42 253
42 253
42 253
42 253
42 253
42 253
42 253
42 253
42 253
42 253
42 253
42 253
42 253
42 253
42 253
42 253
42 253
42 253
42 253
42 253
42 253
42 253
42 253
23 467
23 467
23 467
23 467
23 467
23 467
23 467
23 467
23 467
23 467
23 467
23 467
23 467
23 467
23 467
43 274
43 274
43 274
43 274
43 274
43 274
43 274
43 274
43 274
43 274
43 274
43 274
43 274
43 274
43 274
43 274
43 274
43 274
43 274
26 450
26 450
26 450
26 450
26 450
26 450
26 450
26 450
44 283
44 283
44 283
44 283
44 283
44 283
44 283
44 283
44 283
44 283
44 283
44 283
44 283
44 283
44 283
44 283
46 343
46 343
46 343
46 343
46 343
46 343
46 343
46 343
46 343
46 343
46 343
46 343
46 343
47 374
47 374
47 374
47 374
47 374
47 374
47 374
47 374
47 374
47 374
49 381
50 375
50 375
50 375
50 375
51 375
51 375
51 375
53 369
53 369
53 369
53 369
53 369
53 369
53 369
53 369
53 369
53 369
53 369
53 369
53 369
53 369
53 369
53 369
53 369
53 369
53 369
53 369
53 369
53 369
53 369
53 369
58 355
58 355
58 355
58 355
58 355
60 359
60 359
60 359
60 359
60 359
60 359
60 359
60 359
60 359
60 359
60 359
60 359
60 359
60 359
60 359
60 359
60 359
60 359
60 359
60 359
60 359
61 357
61 357
61 357
61 357
61 357
61 357
61 357
61 357
61 357
61 357
61 357
61 357
61 357
61 357
61 357
61 357
61 357
61 357
61 357
61 357
61 357
61 357
61 357
61 357
61 357
61 357
63 347
63 347
63 347
63 347
63 347
63 347
63 347
63 347
63 347
63 347
63 347
63 347
63 347
63 347
65 377
65 377
5 484
5 484
5 484
5 484
5 484
5 484
5 484
27 272
27 272
27 272
27 272
27 272
27 272
27 272
27 272
27 272
27 272
27 272
27 272
27 272
27 272
27 272
27 272
27 272
27 272
27 272
27 272
27 272
27 272
27 272
27 272
27 272
27 272
27 272
27 272
27 272
27 272
30 270
30 270
30 270
30 270
30 270
30 270
30 270
30 270
30 270
30 270
30 270
30 270
30 270
30 270
30 270
30 270
30 270
30 270
30 270
30 270
30 270
30 270
9 493
9 493
9 493
9 493
9 493
9 493
9 493
9 493
9 493
9 493
9 493
9 493
9 493
9 493
9 493
9 493
9 493
9 493
9 493
9 493
9 493
9 493
9 493
9 493
9 493
9 493
9 493
9 493
9 493
11 495
11 495
11 495
11 495
11 495
11 495
11 495
11 495
11 495
11 495
11 495
11 495
13 491
13 491
13 491
13 491
13 491
13 491
13 491
13 491
13 491
14 500
14 500
14 500
14 500
14 500
14 500
34 312
34 312
34 312
34 312
34 312
34 312
34 312
34 312
34 312
34 312
34 312
36 301
36 301
36 301
36 301
36 301
36 301
36 301
36 301
36 301
36 301
36 301
36 301
36 301
36 301
36 301
36 301
36 301
36 301
36 301
36 301
36 301
36 301
36 301
36 301
36 301
37 293
37 293
37 293
37 293
37 293
37 293
37 293
37 293
37 293
37 293
37 293
37 293
37 293
37 293
37 293
37 293
37 293
37 293
37 293
37 293
18 507
18 507
18 507
18 507
18 507
18 507
18 507
18 507
18 507
18 507
18 507
18 507
18 507
18 507
18 507
18 507
18 507
18 507
19 510
19 510
19 510
19 510
19 510
19 510
19 510
19 510
19 510
19 510
19 510
19 510
19 510
19 510
19 510
19 510
19 510
20 504
20 504
20 504
20 504
20 504
20 504
20 504
20 504
20 504
20 504
20 504
20 504
20 504
20 504
20 504
20 504
20 504
20 504
20 504
20 504
20 504
20 504
20 504
38 327
38 327
38 327
38 327
38 327
38 327
38 327
38 327
38 327
38 327
38 327
38 327
38 327
38 327
38 327
38 327
38 327
38 327
38 327
38 327
38 327
38 327
38 327
38 327
38 327
38 327
38 327
42 287
42 287
42 287
42 287
42 287
42 287
42 287
42 287
42 287
42 287
42 287
42 287
42 287
42 287
42 287
42 287
42 287
42 287
42 287
42 287
42 287
42 287
42 287
42 287
42 287
42 287
42 287
42 287
23 486
23 486
23 486
23 486
23 486
23 486
23 486
23 486
23 486
23 486
23 486
23 486
23 486
23 486
23 486
43 302
43 302
43 302
43 302
43 302
43 302
43 302
43 302
43 302
43 302
43 302
43 302
43 302
43 302
43 302
43 302
43 302
43 302
43 302
26 483
26 483
26 483
26 483
26 483
26 483
26 483
26 483
44 306
44 306
44 306
44 306
44 306
44 306
44 306
44 306
44 306
44 306
44 306
44 306
44 306
44 306
44 306
44 306
46 298
46 298
46 298
46 298
46 298
46 298
46 298
46 298
46 298
46 298
46 298
46 298
46 298
47 416
47 416
47 416
47 416
47 416
47 416
47 416
47 416
47 416
47 416
49 399
50 397
50 397
50 397
50 397
51 388
51 388
51 388
53 401
53 401
53 401
53 401
53 401
53 401
53 401
53 401
53 401
53 401
53 401
53 401
53 401
53 401
53 401
53 401
53 401
53 401
53 401
53 401
53 401
53 401
53 401
53 401
58 390
58 390
58 390
58 390
58 390
60 386
60 386
60 386
60 386
60 386
60 386
60 386
60 386
60 386
60 386
60 386
60 386
60 386
60 386
60 386
60 386
60 386
60 386
60 386
60 386
60 386
61 381
61 381
61 381
61 381
61 381
61 381
61 381
61 381
61 381
61 381
61 381
61 381
61 381
61 381
61 381
61 381
61 381
61 381
61 381
61 381
61 381
61 381
61 381
61 381
61 381
61 381
65 401
65 401
63 429
63 429
63 429
63 429
63 429
63 429
63 429
63 429
63 429
63 429
63 429
63 429
63 429
63 429
27 350
27 350
27 350
27 350
27 350
27 350
27 350
27 350
27 350
27 350
27 350
27 350
27 350
27 350
27 350
27 350
27 350
27 350
27 350
27 350
27 350
27 350
27 350
27 350
27 350
27 350
27 350
27 350
27 350
27 350
30 348
30 348
30 348
30 348
30 348
30 348
30 348
30 348
30 348
30 348
30 348
30 348
30 348
30 348
30 348
30 348
30 348
30 348
30 348
30 348
30 348
30 348
34 335
34 335
34 335
34 335
34 335
34 335
34 335
34 335
34 335
34 335
34 335
36 325
36 325
36 325
36 325
36 325
36 325
36 325
36 325
36 325
36 325
36 325
36 325
36 325
36 325
36 325
36 325
36 325
36 325
36 325
36 325
36 325
36 325
36 325
36 325
36 325
37 318
37 318
37 318
37 318
37 318
37 318
37 318
37 318
37 318
37 318
37 318
37 318
37 318
37 318
37 318
37 318
37 318
37 318
37 318
37 318
38 327
38 327
38 327
38 327
38 327
38 327
38 327
38 327
38 327
38 327
38 327
38 327
38 327
38 327
38 327
38 327
38 327
38 327
38 327
38 327
38 327
38 327
38 327
38 327
38 327
38 327
38 327
42 351
42 351
42 351
42 351
42 351
42 351
42 351
42 351
42 351
42 351
42 351
42 351
42 351
42 351
42 351
42 351
42 351
42 351
42 351
42 351
42 351
42 351
42 351
42 351
42 351
42 351
42 351
42 351
43 348
43 348
43 348
43 348
43 348
43 348
43 348
43 348
43 348
43 348
43 348
43 348
43 348
43 348
43 348
43 348
43 348
43 348
43 348
44 360
44 360
44 360
44 360
44 360
44 360
44 360
44 360
44 360
44 360
44 360
44 360
44 360
44 360
44 360
44 360
46 350
46 350
46 350
46 350
46 350
46 350
46 350
46 350
46 350
46 350
46 350
46 350
46 350
47 393
47 393
47 393
47 393
47 393
47 393
47 393
47 393
47 393
47 393
49 393
51 404
51 404
51 404
50 438
50 438
50 438
50 438
53 425
53 425
53 425
53 425
53 425
53 425
53 425
53 425
53 425
53 425
53 425
53 425
53 425
53 425
53 425
53 425
53 425
53 425
53 425
53 425
53 425
53 425
53 425
53 425
58 457
58 457
58 457
58 457
58 457
60 452
60 452
60 452
60 452
60 452
60 452
60 452
60 452
60 452
60 452
60 452
60 452
60 452
60 452
60 452
60 452
60 452
60 452
60 452
60 452
60 452
61 445
61 445
61 445
61 445
61 445
61 445
61 445
61 445
61 445
61 445
61 445
61 445
61 445
61 445
61 445
61 445
61 445
61 445
61 445
61 445
61 445
61 445
61 445
61 445
61 445
61 445
63 437
63 437
63 437
63 437
63 437
63 437
63 437
63 437
63 437
63 437
63 437
63 437
63 437
63 437
65 427
65 427
