20 1461
20 1461
20 1461
20 1461
20 1461
20 1461
20 1461
10 1569
10 1569
10 1569
10 1569
10 1569
45 1248
45 1248
45 1248
45 1248
45 1248
45 1248
45 1248
45 1248
45 1248
45 1248
45 1248
45 1248
45 1248
45 1248
45 1248
45 1248
45 1248
45 1248
45 1248
45 1248
45 1248
45 1248
54 1159
54 1159
54 1159
54 1159
54 1159
54 1159
54 1159
54 1159
54 1159
54 1159
54 1159
54 1159
54 1159
54 1159
54 1159
54 1159
54 1159
54 1159
54 1159
54 1159
54 1159
54 1159
54 1159
54 1159
54 1159
42 1280
42 1280
42 1280
42 1280
42 1280
42 1280
42 1280
42 1280
78 1015
78 1015
78 1015
78 1015
78 1015
78 1015
78 1015
78 1015
78 1015
78 1015
78 1015
78 1015
78 1015
78 1015
78 1015
78 1015
78 1015
78 1015
78 1015
78 1015
78 1015
78 1015
78 1015
78 1015
78 1015
78 1015
81 1111
81 1111
81 1111
81 1111
81 1111
81 1111
81 1111
81 1111
81 1111
81 1111
81 1111
81 1111
81 1111
81 1111
81 1111
81 1111
81 1111
81 1111
81 1111
81 1111
81 1111
81 1111
81 1111
42 1170
42 1170
42 1170
42 1170
42 1170
42 1170
42 1170
42 1170
45 1201
45 1201
45 1201
45 1201
45 1201
45 1201
45 1201
45 1201
45 1201
45 1201
45 1201
45 1201
45 1201
45 1201
45 1201
45 1201
45 1201
45 1201
45 1201
45 1201
45 1201
45 1201
10 1087
10 1087
10 1087
10 1087
10 1087
53 1333
53 1333
53 1333
53 1333
53 1333
53 1333
53 1333
53 1333
53 1333
53 1333
53 1333
53 1333
53 1333
53 1333
53 1333
53 1333
53 1333
53 1333
53 1333
53 1333
53 1333
65 1237
65 1237
65 1237
65 1237
65 1237
65 1237
54 1355
54 1355
54 1355
54 1355
54 1355
54 1355
54 1355
54 1355
54 1355
54 1355
54 1355
54 1355
54 1355
54 1355
54 1355
54 1355
54 1355
54 1355
54 1355
54 1355
54 1355
54 1355
54 1355
54 1355
54 1355
55 1371
55 1371
55 1371
55 1371
55 1371
55 1371
55 1371
55 1371
55 1371
55 1371
55 1371
55 1371
55 1371
55 1371
55 1371
55 1371
20 1260
20 1260
20 1260
20 1260
20 1260
20 1260
20 1260
25 1214
80 1896
80 1896
80 1896
80 1896
80 1896
80 1896
80 1896
80 1896
80 1896
80 1896
80 1896
80 1896
67 1545
67 1545
67 1545
67 1545
67 1545
67 1545
67 1545
67 1545
67 1545
67 1545
67 1545
67 1545
67 1545
67 1545
67 1545
67 1545
67 1545
67 1545
67 1545
67 1545
67 1545
67 1545
67 1545
67 1545
67 1545
67 1545
67 1545
23 1518
23 1518
78 1676
78 1676
78 1676
78 1676
78 1676
78 1676
78 1676
78 1676
78 1676
78 1676
78 1676
78 1676
78 1676
78 1676
78 1676
78 1676
78 1676
78 1676
78 1676
78 1676
78 1676
78 1676
78 1676
78 1676
78 1676
78 1676
80 1715
80 1715
80 1715
80 1715
80 1715
80 1715
80 1715
80 1715
80 1715
80 1715
80 1715
80 1715
81 1711
81 1711
81 1711
81 1711
81 1711
81 1711
81 1711
81 1711
81 1711
81 1711
81 1711
81 1711
81 1711
81 1711
81 1711
81 1711
81 1711
81 1711
81 1711
81 1711
81 1711
81 1711
81 1711
10 1520
10 1520
10 1520
10 1520
10 1520
65 1556
65 1556
65 1556
65 1556
65 1556
65 1556
42 1884
42 1884
42 1884
42 1884
42 1884
42 1884
42 1884
42 1884
45 1877
45 1877
45 1877
45 1877
45 1877
45 1877
45 1877
45 1877
45 1877
45 1877
45 1877
45 1877
45 1877
45 1877
45 1877
45 1877
45 1877
45 1877
45 1877
45 1877
45 1877
45 1877
20 1634
20 1634
20 1634
20 1634
20 1634
20 1634
20 1634
25 1728
53 1962
53 1962
53 1962
53 1962
53 1962
53 1962
53 1962
53 1962
53 1962
53 1962
53 1962
53 1962
53 1962
53 1962
53 1962
53 1962
53 1962
53 1962
53 1962
53 1962
53 1962
55 2000
55 2000
55 2000
55 2000
55 2000
55 2000
55 2000
55 2000
55 2000
55 2000
55 2000
55 2000
55 2000
55 2000
55 2000
55 2000
23 1825
23 1825
54 2029
54 2029
54 2029
54 2029
54 2029
54 2029
54 2029
54 2029
54 2029
54 2029
54 2029
54 2029
54 2029
54 2029
54 2029
54 2029
54 2029
54 2029
54 2029
54 2029
54 2029
54 2029
54 2029
54 2029
54 2029
72 2497
72 2497
72 2497
72 2497
72 2497
72 2497
72 2497
72 2497
72 2497
72 2497
72 2497
67 2125
67 2125
67 2125
67 2125
67 2125
67 2125
67 2125
67 2125
67 2125
67 2125
67 2125
67 2125
67 2125
67 2125
67 2125
67 2125
67 2125
67 2125
67 2125
67 2125
67 2125
67 2125
67 2125
67 2125
67 2125
67 2125
67 2125
14 3720
14 3720
14 3720
14 2720
14 2720
14 2720
14 2223
14 2223
14 2223
72 2181
72 2181
72 2181
72 2181
72 2181
72 2181
72 2181
72 2181
72 2181
72 2181
72 2181
78 2177
78 2177
78 2177
78 2177
78 2177
78 2177
78 2177
78 2177
78 2177
78 2177
78 2177
78 2177
78 2177
78 2177
78 2177
78 2177
78 2177
78 2177
78 2177
78 2177
78 2177
78 2177
78 2177
78 2177
78 2177
78 2177
81 2177
81 2177
81 2177
81 2177
81 2177
81 2177
81 2177
81 2177
81 2177
81 2177
81 2177
81 2177
81 2177
81 2177
81 2177
81 2177
81 2177
81 2177
81 2177
81 2177
81 2177
81 2177
81 2177
53 2216
53 2216
53 2216
53 2216
53 2216
53 2216
53 2216
53 2216
53 2216
53 2216
53 2216
53 2216
53 2216
53 2216
53 2216
53 2216
53 2216
53 2216
53 2216
53 2216
53 2216
55 2209
55 2209
55 2209
55 2209
55 2209
55 2209
55 2209
55 2209
55 2209
55 2209
55 2209
55 2209
55 2209
55 2209
55 2209
55 2209
67 2186
67 2186
67 2186
67 2186
67 2186
67 2186
67 2186
67 2186
67 2186
67 2186
67 2186
67 2186
67 2186
67 2186
67 2186
67 2186
67 2186
67 2186
67 2186
67 2186
67 2186
67 2186
67 2186
67 2186
67 2186
67 2186
67 2186
65 2394
65 2394
65 2394
65 2394
65 2394
65 2394
