1 1 1 25.3988 -5.85891
2 1 1 -33.9373 -71.1167
3 4 3 -30.1122 -43.1307
4 1 1 62.385 23.4994
5 4 2 86.2747 30.9133
6 2 1 88.9642 76.1252
7 2 1 -51.9885 -15.1457
8 4 1 -61.6525 -90.2245
9 1 2 16.6313 -37.1394
10 4 3 -16.9252 60.4284
11 2 1 89.6006 43.8596
12 3 1 -38.711 -25.9462
13 3 1 1.38838 65.1338
14 4 2 -76.6748 -0.513158
15 1 3 -96.0512 -50.4862
16 3 3 81.4584 -19.6706
17 2 3 -39.2084 -32.0606
18 4 1 -40.6003 -85.5405
19 3 2 60.3539 2.7379
20 1 1 -91.1488 95.665
21 4 3 41.6687 3.60026
22 2 1 -55.0944 -25.2474
23 1 1 -28.813 -94.9586
24 2 2 85.2154 33.8843
25 3 1 -98.7272 -76.8489
26 3 3 -62.8729 -46.7958
27 1 2 -31.3509 18.5304
28 4 3 -36.0926 99.5279
29 2 1 94.5861 94.7603
30 3 1 90.5363 -67.6726
31 4 2 -60.3637 -25.3964
32 3 2 -87.5612 25.1723
33 1 3 94.0823 88.8117
34 3 1 -40.2746 -22.2479
35 1 2 44.6879 29.0951
36 3 1 -26.8644 21.466
37 3 1 -78.4763 -4.92773
38 1 3 8.6685 -60.2118
39 2 1 -69.9383 77.2877
40 2 3 41.9369 -63.8704
41 4 2 92.6185 -69.6082
42 1 1 73.7789 -74.4996
43 4 2 46.0586 1.57902
44 3 2 8.70472 13.2278
45 1 1 -66.0779 -90.4763
46 2 3 26.6341 1.05709
47 3 1 36.2018 -19.9272
48 2 2 -50.9782 -43.5716
49 1 3 -14.8223 -83.2998
50 1 3 -82.0238 47.7804
51 3 2 74.3193 75.539
52 1 1 -91.1581 21.307
53 4 1 -87.3505 83.0682
54 1 2 -41.8607 -34.3492
55 3 2 -8.63583 -55.3961
56 4 3 81.5939 43.941
57 1 2 -8.48914 -94.073
58 2 1 33.8407 37.6152
59 4 2 -78.462 -3.79585
60 3 1 71.2285 -21.7379
61 4 3 -34.7656 46.6706
62 2 3 -20.3998 -32.6839
63 2 1 38.4814 -3.56467
64 1 1 -40.2721 -34.7568
65 1 3 -20.126 6.53924
