1 1 3 85.6859 46.2548
2 4 3 -14.6803 -0.841862
3 2 3 -25.4206 -47.7641
4 2 3 -75.7716 74.7325
5 4 3 -86.217 52.2422
6 3 3 -83.8541 64.1554
7 4 3 6.4074 9.81719
8 2 3 22.146 -86.0351
9 3 3 38.5349 -36.2029
10 1 3 -33.716 41.1427
11 3 3 61.352 89.3094
12 2 3 -57.0842 88.7435
13 1 2 -44.1316 -74.541
14 3 3 -21.4382 -58.6127
15 2 2 24.7726 81.3009
16 3 3 -41.4456 -64.2606
17 3 3 10.8851 32.1615
18 4 2 -48.9722 -50.5112
19 3 3 32.1518 -66.6694
20 1 2 -50.727 49.6319
21 1 2 -10.0048 -37.9146
22 4 2 -77.0266 -26.841
23 4 2 7.0335 -37.8104
24 3 3 27.3953 25.1902
25 2 2 -6.07129 80.7603
26 1 2 -69.1849 41.1623
27 1 2 -51.4811 -37.0609
28 1 2 56.367 33.9954
29 3 3 49.1851 71.4041
30 2 2 37.4962 99.0398
31 3 3 27.9444 40.8724
32 3 3 39.5018 -5.77251
33 1 2 -54.8672 -36.7254
34 1 2 -36.2343 -17.629
35 2 2 -2.78102 40.6873
36 4 2 36.7528 38.2709
37 2 2 26.7715 62.4459
38 4 2 -81.5894 1.71257
39 2 2 -17.5695 32.5982
40 1 2 90.737 83.9951
41 2 2 -80.9365 86.513
42 3 3 20.8165 1.01943
43 4 2 14.3055 33.7496
44 1 2 11.6974 98.3416
45 2 2 29.2174 9.83172
46 4 2 -85.655 73.2918
47 1 2 86.2264 37.7677
48 2 2 -55.3228 37.7989
49 3 3 -28.3837 -90.7674
50 4 2 51.8135 -59.394
51 4 2 18.3497 5.20912
52 2 2 -19.4692 99.0797
53 3 3 -16.8567 -65.0704
54 1 2 -88.656 -22.9689
55 2 1 -56.6889 76.6436
56 2 1 81.5634 89.2848
57 4 1 60.5802 -76.8888
58 1 1 99.8021 -50.6852
59 1 1 -58.5591 56.2652
60 4 1 86.7629 -40.0837
61 1 1 -63.5087 -78.1527
62 2 1 -50.5289 -41.3716
63 2 1 -6.14944 71.3623
64 3 3 -11.397 -81.8486
65 2 1 35.8135 92.2759
66 2 1 -8.64597 -14.6392
67 2 1 95.3408 -2.58656
68 4 1 22.3014 21.5212
69 1 1 -14.0619 -51.6995
70 3 3 -94.7381 -85.6158
71 2 1 -47.0965 43.8539
72 3 3 -32.8533 62.4547
73 2 1 -34.0868 79.683
74 4 1 43.3354 -80.7595
75 4 1 65.8529 47.4271
76 4 1 -52.7143 12.176
77 4 1 -51.0437 46.5255
78 3 3 77.1792 42.3292
79 1 1 76.0604 -18.3807
80 4 1 81.2396 -65.4543
81 4 1 74.3377 25.6609
82 4 1 -78.3305 -11.4585
83 1 1 94.2717 33.5456
84 3 3 -25.7807 -21.0137
85 2 1 35.5854 -71.5599
86 2 1 41.4727 -49.0326
87 1 1 -62.1423 93.597
88 1 1 -35.8834 4.10156
89 2 1 6.94486 -72.2456
90 2 1 -2.10239 -86.7153
91 4 1 22.653 -38.2745
92 4 1 -64.5273 96.4492
93 1 1 87.4586 -90.5409
94 3 3 38.9584 82.0299
95 4 1 75.7982 69.63
96 2 1 43.294 74.7312
97 1 1 67.7331 49.2557
98 3 3 -27.3259 -51.044
99 3 3 24.4951 -57.9352
100 4 1 38.6083 10.0413
