9 706
9 706
9 706
9 706
9 706
9 706
9 706
9 212
9 212
9 212
9 212
9 212
9 212
9 212
84 17
85 8
85 8
85 8
85 8
83 34
83 34
83 34
83 34
83 34
83 34
83 34
83 34
83 34
83 34
86 8
86 8
86 8
86 8
86 8
86 8
89 5
89 5
88 19
88 19
88 19
87 32
87 32
87 32
87 32
87 32
83 6
83 6
83 6
83 6
83 6
83 6
83 6
83 6
83 6
83 6
84 1
85 4
85 4
85 4
85 4
86 1
86 1
86 1
86 1
86 1
86 1
87 3
87 3
87 3
87 3
87 3
88 7
88 7
88 7
89 3
89 3
9 432
9 432
9 432
9 432
9 432
9 432
9 432
9 35
9 35
9 35
9 35
9 35
9 35
9 35
83 7
83 7
83 7
83 7
83 7
83 7
83 7
83 7
83 7
83 7
84 5
85 2
85 2
85 2
85 2
86 1
86 1
86 1
86 1
86 1
86 1
87 2
87 2
87 2
87 2
87 2
88 5
88 5
88 5
89 3
89 3
83 3
83 3
83 3
83 3
83 3
83 3
83 3
83 3
83 3
83 3
84 1
85 3
85 3
85 3
85 3
86 3
86 3
86 3
86 3
86 3
86 3
87 7
87 7
87 7
87 7
87 7
88 2
88 2
88 2
89 2
89 2
10 1476
10 1476
10 1476
10 1476
10 1476
10 1476
10 1476
10 1476
10 1476
10 528
10 528
10 528
10 528
10 528
10 528
10 528
10 528
10 528
9 684
9 684
9 684
9 684
9 684
9 684
9 684
83 6
83 6
83 6
83 6
83 6
83 6
83 6
83 6
83 6
83 6
84 2
85 1
85 1
85 1
85 1
86 1
86 1
86 1
86 1
86 1
86 1
87 2
87 2
87 2
87 2
87 2
88 2
88 2
88 2
89 2
89 2
10 313
10 313
10 313
10 313
10 313
10 313
10 313
10 313
10 313
9 533
9 533
9 533
9 533
9 533
9 533
9 533
4 3182
4 3182
4 3182
4 3182
4 3182
4 3182
4 3182
4 3182
4 3182
4 3182
4 3182
4 3182
4 3182
4 3182
4 2689
4 2689
4 2689
4 2689
4 2689
4 2689
4 2689
4 2689
4 2689
4 2689
4 2689
4 2689
4 2689
4 2689
4 696
4 696
4 696
4 696
4 696
4 696
4 696
4 696
4 696
4 696
4 696
4 696
4 696
4 696
83 4
83 4
83 4
83 4
83 4
83 4
83 4
83 4
83 4
83 4
9 250
9 250
9 250
9 250
9 250
9 250
9 250
84 2
67 2681
67 2681
67 2681
67 2681
67 2681
67 2681
67 2681
67 2681
67 2681
67 2681
67 2681
85 2
85 2
85 2
85 2
86 1
86 1
86 1
86 1
86 1
86 1
87 2
87 2
87 2
87 2
87 2
88 2
88 2
88 2
89 2
89 2
83 2
83 2
83 2
83 2
83 2
83 2
83 2
83 2
83 2
83 2
84 1
85 2
85 2
85 2
85 2
86 2
86 2
86 2
86 2
86 2
86 2
87 2
87 2
87 2
87 2
87 2
88 2
88 2
88 2
89 2
89 2
67 2549
67 2549
67 2549
67 2549
67 2549
67 2549
67 2549
67 2549
67 2549
67 2549
67 2549
83 3
83 3
83 3
83 3
83 3
83 3
83 3
83 3
83 3
83 3
84 1
85 10
85 10
85 10
85 10
86 2
86 2
86 2
86 2
86 2
86 2
87 2
87 2
87 2
87 2
87 2
88 2
88 2
88 2
89 7
89 7
