9 243
9 243
9 243
9 243
9 243
9 243
9 243
9 243
31 243
31 243
31 243
31 243
31 243
31 243
31 243
31 243
31 243
9 156
9 156
9 156
9 156
9 156
9 156
9 156
9 156
85 12
85 12
83 35
83 35
83 35
83 35
83 35
83 35
83 35
83 35
83 35
83 35
83 35
83 35
83 35
83 35
83 35
83 35
83 35
83 35
83 35
83 35
84 25
84 25
84 25
84 25
86 11
87 5
87 5
87 5
87 5
87 5
87 5
87 5
87 5
87 5
87 5
87 5
87 5
87 5
87 5
87 5
87 5
87 5
87 5
87 5
87 5
87 5
88 10
88 10
88 10
89 11
89 11
89 11
89 11
89 11
89 11
89 11
89 11
89 11
89 11
89 11
89 11
89 11
89 11
89 11
89 11
89 11
89 11
89 11
89 11
89 11
89 11
89 11
59 386
59 386
59 386
59 386
59 386
59 386
59 386
59 386
59 386
59 386
59 386
59 386
10 379
10 379
10 379
10 379
10 379
10 379
10 379
10 379
10 379
10 379
10 379
10 379
10 379
10 379
10 379
10 379
10 379
10 379
10 379
10 379
10 379
10 379
10 379
10 379
10 379
33 696
33 696
33 696
33 696
33 696
33 696
33 696
33 696
33 696
33 696
33 696
33 696
33 696
34 692
34 692
34 692
34 692
34 692
34 692
34 692
34 692
34 692
34 692
65 524
65 524
65 524
65 524
65 524
65 524
65 524
65 524
65 524
65 524
65 524
31 403
31 403
31 403
31 403
31 403
31 403
31 403
31 403
31 403
67 632
67 632
67 632
67 632
67 632
67 632
67 632
67 632
67 632
67 632
67 632
67 632
67 632
67 632
67 632
67 632
67 632
67 632
67 632
67 632
67 632
67 632
67 632
67 632
67 632
67 632
67 632
83 5
83 5
83 5
83 5
83 5
83 5
83 5
83 5
83 5
83 5
83 5
83 5
83 5
83 5
83 5
83 5
83 5
83 5
83 5
83 5
84 4
84 4
84 4
84 4
85 10
85 10
86 13
56 817
56 817
56 817
56 817
56 817
56 817
56 817
56 817
56 817
56 817
56 817
56 817
56 817
56 817
56 817
56 817
56 817
56 817
56 817
56 817
56 817
56 817
56 320
56 320
56 320
56 320
56 320
56 320
56 320
56 320
56 320
56 320
56 320
56 320
56 320
56 320
56 320
56 320
56 320
56 320
56 320
56 320
56 320
56 320
87 14
87 14
87 14
87 14
87 14
87 14
87 14
87 14
87 14
87 14
87 14
87 14
87 14
87 14
87 14
87 14
87 14
87 14
87 14
87 14
87 14
88 6
88 6
88 6
89 10
89 10
89 10
89 10
89 10
89 10
89 10
89 10
89 10
89 10
89 10
89 10
89 10
89 10
89 10
89 10
89 10
89 10
89 10
89 10
89 10
89 10
89 10
59 317
59 317
59 317
59 317
59 317
59 317
59 317
59 317
59 317
59 317
59 317
59 317
10 311
10 311
10 311
10 311
10 311
10 311
10 311
10 311
10 311
10 311
10 311
10 311
10 311
10 311
10 311
10 311
10 311
10 311
10 311
10 311
10 311
10 311
10 311
10 311
10 311
33 735
33 735
33 735
33 735
33 735
33 735
33 735
33 735
33 735
33 735
33 735
33 735
33 735
34 764
34 764
34 764
34 764
34 764
34 764
34 764
34 764
34 764
34 764
76 894
76 894
76 894
76 894
76 894
76 894
76 894
76 894
76 894
76 894
76 894
76 894
76 894
76 894
76 894
76 894
76 894
76 894
76 894
76 894
76 894
76 894
76 894
76 894
76 894
76 894
82 868
82 868
82 868
82 868
82 868
82 868
82 868
82 868
82 868
82 868
82 868
82 868
82 868
82 868
9 695
9 695
9 695
9 695
9 695
9 695
9 695
9 695
21 1098
21 1098
21 1098
21 1098
21 1098
21 1098
21 1098
21 1098
21 1098
21 1098
21 1098
21 1098
21 1098
21 1098
21 1098
21 1098
21 1098
21 1098
18 1629
18 1629
18 1629
18 1629
18 1629
18 1629
18 1629
18 1629
18 1629
18 1629
18 1629
18 1629
18 1629
18 1629
18 1629
18 1629
18 1629
18 1629
18 1629
18 1154
18 1154
18 1154
18 1154
18 1154
18 1154
18 1154
18 1154
18 1154
18 1154
18 1154
18 1154
18 1154
18 1154
18 1154
18 1154
18 1154
18 1154
18 1154
83 7
83 7
83 7
83 7
83 7
83 7
83 7
83 7
83 7
83 7
83 7
83 7
83 7
83 7
83 7
83 7
83 7
83 7
83 7
83 7
84 16
84 16
84 16
84 16
85 9
85 9
86 4
87 7
87 7
87 7
87 7
87 7
87 7
87 7
87 7
87 7
87 7
87 7
87 7
87 7
87 7
87 7
87 7
87 7
87 7
87 7
87 7
87 7
88 6
88 6
88 6
65 746
65 746
65 746
65 746
65 746
65 746
65 746
65 746
65 746
65 746
65 746
89 8
89 8
89 8
89 8
89 8
89 8
89 8
89 8
89 8
89 8
89 8
89 8
89 8
89 8
89 8
89 8
89 8
89 8
89 8
89 8
89 8
89 8
89 8
18 722
18 722
18 722
18 722
18 722
18 722
18 722
18 722
18 722
18 722
18 722
18 722
18 722
18 722
18 722
18 722
18 722
18 722
18 722
21 701
21 701
21 701
21 701
21 701
21 701
21 701
21 701
21 701
21 701
21 701
21 701
21 701
21 701
21 701
21 701
21 701
21 701
31 646
31 646
31 646
31 646
31 646
31 646
31 646
31 646
31 646
9 370
9 370
9 370
9 370
9 370
9 370
9 370
9 370
50 1017
50 1017
50 1017
50 1017
50 1017
50 1017
50 1017
50 1017
50 1017
50 1017
50 1017
50 1017
50 1017
50 1017
50 1017
80 1217
80 1217
80 1217
80 1217
80 1217
71 1308
71 1308
71 1308
71 1308
71 1308
71 1308
44 1579
44 1579
44 1579
44 1579
44 1579
44 1579
44 1579
44 1579
44 1579
44 1579
44 1579
44 1579
44 1579
44 1579
44 1579
44 1579
44 1079
44 1079
44 1079
44 1079
44 1079
44 1079
44 1079
44 1079
44 1079
44 1079
44 1079
44 1079
44 1079
44 1079
44 1079
44 1079
52 1020
52 1020
52 1020
52 1020
52 1020
52 1020
52 1020
10 501
10 501
10 501
10 501
10 501
10 501
10 501
10 501
10 501
10 501
10 501
10 501
10 501
10 501
10 501
10 501
10 501
10 501
10 501
10 501
10 501
10 501
10 501
10 501
10 501
21 398
21 398
21 398
21 398
21 398
21 398
21 398
21 398
21 398
21 398
21 398
21 398
21 398
21 398
21 398
21 398
21 398
21 398
67 1094
67 1094
67 1094
67 1094
67 1094
67 1094
67 1094
67 1094
67 1094
67 1094
67 1094
67 1094
67 1094
67 1094
67 1094
67 1094
67 1094
67 1094
67 1094
67 1094
67 1094
67 1094
67 1094
67 1094
67 1094
67 1094
67 1094
71 1088
71 1088
71 1088
71 1088
71 1088
71 1088
83 12
83 12
83 12
83 12
83 12
83 12
83 12
83 12
83 12
83 12
83 12
83 12
83 12
83 12
83 12
83 12
83 12
83 12
83 12
83 12
84 7
84 7
84 7
84 7
85 3
85 3
86 3
87 4
87 4
87 4
87 4
87 4
87 4
87 4
87 4
87 4
87 4
87 4
87 4
87 4
87 4
87 4
87 4
87 4
87 4
87 4
87 4
87 4
88 6
88 6
88 6
89 3
89 3
89 3
89 3
89 3
89 3
89 3
89 3
89 3
89 3
89 3
89 3
89 3
89 3
89 3
89 3
89 3
89 3
89 3
89 3
89 3
89 3
89 3
76 1184
76 1184
76 1184
76 1184
76 1184
76 1184
76 1184
76 1184
76 1184
76 1184
76 1184
76 1184
76 1184
76 1184
76 1184
76 1184
76 1184
76 1184
76 1184
76 1184
76 1184
76 1184
76 1184
76 1184
76 1184
76 1184
80 1221
80 1221
80 1221
80 1221
80 1221
82 1248
82 1248
82 1248
82 1248
82 1248
82 1248
82 1248
82 1248
82 1248
82 1248
82 1248
82 1248
82 1248
82 1248
33 1274
33 1274
33 1274
33 1274
33 1274
33 1274
33 1274
33 1274
33 1274
33 1274
33 1274
33 1274
33 1274
34 1280
34 1280
34 1280
34 1280
34 1280
34 1280
34 1280
34 1280
34 1280
34 1280
44 1339
44 1339
44 1339
44 1339
44 1339
44 1339
44 1339
44 1339
44 1339
44 1339
44 1339
44 1339
44 1339
44 1339
44 1339
44 1339
83 2
83 2
83 2
83 2
83 2
83 2
83 2
83 2
83 2
83 2
83 2
83 2
83 2
83 2
83 2
83 2
83 2
83 2
83 2
83 2
84 1
84 1
84 1
84 1
85 3
85 3
50 1355
50 1355
50 1355
50 1355
50 1355
50 1355
50 1355
50 1355
50 1355
50 1355
50 1355
50 1355
50 1355
50 1355
50 1355
86 2
87 3
87 3
87 3
87 3
87 3
87 3
87 3
87 3
87 3
87 3
87 3
87 3
87 3
87 3
87 3
87 3
87 3
87 3
87 3
87 3
87 3
88 2
88 2
88 2
52 1371
52 1371
52 1371
52 1371
52 1371
52 1371
52 1371
89 2
89 2
89 2
89 2
89 2
89 2
89 2
89 2
89 2
89 2
89 2
89 2
89 2
89 2
89 2
89 2
89 2
89 2
89 2
89 2
89 2
89 2
89 2
65 1255
65 1255
65 1255
65 1255
65 1255
65 1255
65 1255
65 1255
65 1255
65 1255
65 1255
59 1315
59 1315
59 1315
59 1315
59 1315
59 1315
59 1315
59 1315
59 1315
59 1315
59 1315
59 1315
56 857
56 857
56 857
56 857
56 857
56 857
56 857
56 857
56 857
56 857
56 857
56 857
56 857
56 857
56 857
56 857
56 857
56 857
56 857
56 857
56 857
56 857
65 871
65 871
65 871
65 871
65 871
65 871
65 871
65 871
65 871
65 871
65 871
67 1549
67 1549
67 1549
67 1549
67 1549
67 1549
67 1549
67 1549
67 1549
67 1549
67 1549
67 1549
67 1549
67 1549
67 1549
67 1549
67 1549
67 1549
67 1549
67 1549
67 1549
67 1549
67 1549
67 1549
67 1549
67 1549
67 1549
83 5
83 5
83 5
83 5
83 5
83 5
83 5
83 5
83 5
83 5
83 5
83 5
83 5
83 5
83 5
83 5
83 5
83 5
83 5
83 5
84 2
84 2
84 2
84 2
85 4
85 4
86 1
87 3
87 3
87 3
87 3
87 3
87 3
87 3
87 3
87 3
87 3
87 3
87 3
87 3
87 3
87 3
87 3
87 3
87 3
87 3
87 3
87 3
71 1670
71 1670
71 1670
71 1670
71 1670
71 1670
88 3
88 3
88 3
89 2
89 2
89 2
89 2
89 2
89 2
89 2
89 2
89 2
89 2
89 2
89 2
89 2
89 2
89 2
89 2
89 2
89 2
89 2
89 2
89 2
89 2
89 2
76 1634
76 1634
76 1634
76 1634
76 1634
76 1634
76 1634
76 1634
76 1634
76 1634
76 1634
76 1634
76 1634
76 1634
76 1634
76 1634
76 1634
76 1634
76 1634
76 1634
76 1634
76 1634
76 1634
76 1634
76 1634
76 1634
80 1651
80 1651
80 1651
80 1651
80 1651
82 1660
82 1660
82 1660
82 1660
82 1660
82 1660
82 1660
82 1660
82 1660
82 1660
82 1660
82 1660
82 1660
82 1660
33 1657
33 1657
33 1657
33 1657
33 1657
33 1657
33 1657
33 1657
33 1657
33 1657
33 1657
33 1657
33 1657
34 1657
34 1657
34 1657
34 1657
34 1657
34 1657
34 1657
34 1657
34 1657
34 1657
50 1697
50 1697
50 1697
50 1697
50 1697
50 1697
50 1697
50 1697
50 1697
50 1697
50 1697
50 1697
50 1697
50 1697
50 1697
83 3
83 3
83 3
83 3
83 3
83 3
83 3
83 3
83 3
83 3
83 3
83 3
83 3
83 3
83 3
83 3
83 3
83 3
83 3
83 3
84 1
84 1
84 1
84 1
85 2
85 2
86 4
87 9
87 9
87 9
87 9
87 9
87 9
87 9
87 9
87 9
87 9
87 9
87 9
87 9
87 9
87 9
87 9
87 9
87 9
87 9
87 9
87 9
88 15
88 15
88 15
89 6
89 6
89 6
89 6
89 6
89 6
89 6
89 6
89 6
89 6
89 6
89 6
89 6
89 6
89 6
89 6
89 6
89 6
89 6
89 6
89 6
89 6
89 6
10 1813
10 1813
10 1813
10 1813
10 1813
10 1813
10 1813
10 1813
10 1813
10 1813
10 1813
10 1813
10 1813
10 1813
10 1813
10 1813
10 1813
10 1813
10 1813
10 1813
10 1813
10 1813
10 1813
10 1813
10 1813
71 1735
71 1735
71 1735
71 1735
71 1735
71 1735
18 1299
18 1299
18 1299
18 1299
18 1299
18 1299
18 1299
18 1299
18 1299
18 1299
18 1299
18 1299
18 1299
18 1299
18 1299
18 1299
18 1299
18 1299
18 1299
65 1333
65 1333
65 1333
65 1333
65 1333
65 1333
65 1333
65 1333
65 1333
65 1333
65 1333
82 1707
82 1707
82 1707
82 1707
82 1707
82 1707
82 1707
82 1707
82 1707
82 1707
82 1707
82 1707
82 1707
82 1707
33 1714
33 1714
33 1714
33 1714
33 1714
33 1714
33 1714
33 1714
33 1714
33 1714
33 1714
33 1714
33 1714
83 3
83 3
83 3
83 3
83 3
83 3
83 3
83 3
83 3
83 3
83 3
83 3
83 3
83 3
83 3
83 3
83 3
83 3
83 3
83 3
84 1
84 1
84 1
84 1
56 1789
56 1789
56 1789
56 1789
56 1789
56 1789
56 1789
56 1789
56 1789
56 1789
56 1789
56 1789
56 1789
56 1789
56 1789
56 1789
56 1789
56 1789
56 1789
56 1789
56 1789
56 1789
85 6
85 6
86 3
65 1216
65 1216
65 1216
65 1216
65 1216
65 1216
65 1216
65 1216
65 1216
65 1216
65 1216
87 2
87 2
87 2
87 2
87 2
87 2
87 2
87 2
87 2
87 2
87 2
87 2
87 2
87 2
87 2
87 2
87 2
87 2
87 2
87 2
87 2
88 2
88 2
88 2
89 12
89 12
89 12
89 12
89 12
89 12
89 12
89 12
89 12
89 12
89 12
89 12
89 12
89 12
89 12
89 12
89 12
89 12
89 12
89 12
89 12
89 12
89 12
67 1781
67 1781
67 1781
67 1781
67 1781
67 1781
67 1781
67 1781
67 1781
67 1781
67 1781
67 1781
67 1781
67 1781
67 1781
67 1781
67 1781
67 1781
67 1781
67 1781
67 1781
67 1781
67 1781
67 1781
67 1781
67 1781
67 1781
80 1701
80 1701
80 1701
80 1701
80 1701
82 1746
82 1746
82 1746
82 1746
82 1746
82 1746
82 1746
82 1746
82 1746
82 1746
82 1746
82 1746
82 1746
82 1746
