10 156
10 156
10 156
10 156
10 156
10 156
10 156
10 156
10 156
10 156
10 156
10 156
10 156
10 156
10 156
10 156
10 156
10 156
10 156
10 156
10 156
10 156
10 156
10 156
10 156
10 156
10 156
7 187
7 187
7 187
16 98
16 98
16 98
16 98
16 98
16 98
19 113
19 113
19 113
19 113
19 113
19 113
19 113
5 308
5 308
5 308
5 308
5 308
5 308
5 308
5 308
5 308
5 308
5 308
5 308
5 308
5 308
5 308
5 308
22 157
22 157
22 157
22 157
22 157
22 157
22 157
22 157
22 157
22 157
22 157
22 157
22 157
22 157
22 157
22 157
22 157
22 157
22 157
9 292
9 292
9 292
9 292
9 292
9 292
9 292
9 292
9 292
9 292
9 292
9 292
9 292
9 292
9 292
9 292
9 292
9 292
9 292
9 292
9 292
9 292
9 292
9 292
9 292
9 292
9 292
9 292
12 262
12 262
12 262
12 262
12 262
12 262
12 262
12 262
12 262
12 262
12 262
12 262
33 159
33 159
33 159
33 159
33 159
33 159
33 159
33 159
33 159
34 154
34 154
34 154
34 154
34 154
34 154
34 154
34 154
34 154
34 154
34 154
41 298
41 298
41 298
41 298
41 298
41 298
41 298
41 298
41 298
41 298
41 298
41 298
41 298
41 298
41 298
41 298
41 298
41 298
41 298
41 298
41 298
41 298
41 298
41 298
41 298
41 298
41 298
41 298
41 298
50 227
51 310
51 310
51 310
51 310
51 310
51 310
51 310
51 310
51 310
51 310
51 310
51 310
51 310
7 263
7 263
7 263
58 276
58 276
58 276
58 276
58 276
10 264
10 264
10 264
10 264
10 264
10 264
10 264
10 264
10 264
10 264
10 264
10 264
10 264
10 264
10 264
10 264
10 264
10 264
10 264
10 264
10 264
10 264
10 264
10 264
10 264
10 264
10 264
5 321
5 321
5 321
5 321
5 321
5 321
5 321
5 321
5 321
5 321
5 321
5 321
5 321
5 321
5 321
5 321
9 309
9 309
9 309
9 309
9 309
9 309
9 309
9 309
9 309
9 309
9 309
9 309
9 309
9 309
9 309
9 309
9 309
9 309
9 309
9 309
9 309
9 309
9 309
9 309
9 309
9 309
9 309
9 309
12 308
12 308
12 308
12 308
12 308
12 308
12 308
12 308
12 308
12 308
12 308
12 308
16 295
16 295
16 295
16 295
16 295
16 295
56 409
56 409
56 409
56 409
56 409
56 409
56 409
56 409
56 409
56 409
56 409
56 409
56 409
56 409
56 409
69 329
69 329
69 329
69 329
69 329
69 329
69 329
69 329
69 329
69 329
69 329
69 329
69 329
69 329
69 329
69 329
69 329
69 329
69 329
69 329
69 329
69 329
70 325
70 325
70 325
70 325
70 325
70 325
70 325
70 325
70 325
70 325
19 346
19 346
19 346
19 346
19 346
19 346
19 346
22 323
22 323
22 323
22 323
22 323
22 323
22 323
22 323
22 323
22 323
22 323
22 323
22 323
22 323
22 323
22 323
22 323
22 323
22 323
80 389
80 389
80 389
80 389
80 389
80 389
80 389
80 389
80 389
80 389
80 389
80 389
80 389
80 389
33 406
33 406
33 406
33 406
33 406
33 406
33 406
33 406
33 406
42 829
42 829
42 829
42 829
42 829
42 829
42 829
42 829
42 829
42 829
42 829
42 829
42 829
42 829
42 829
42 829
42 829
42 829
42 829
42 829
42 829
42 829
42 829
42 829
42 829
23 1020
23 1020
23 1020
23 1020
23 520
23 520
23 520
23 520
34 432
34 432
34 432
34 432
34 432
34 432
34 432
34 432
34 432
34 432
34 432
78 492
78 492
78 492
78 492
78 492
78 492
78 492
78 492
78 492
78 492
78 492
78 492
78 492
78 492
78 492
78 492
78 492
85 443
85 443
85 443
85 443
85 443
85 443
85 443
85 443
85 443
85 443
85 443
85 443
85 443
85 443
85 443
85 443
85 443
85 443
85 443
85 443
85 443
77 558
77 558
77 558
77 558
77 558
77 558
77 558
77 558
71 619
71 619
71 619
71 619
71 619
71 619
71 619
71 619
71 619
71 619
71 619
71 619
71 619
71 619
71 619
71 619
71 619
71 619
71 619
71 619
71 619
71 619
71 619
59 739
59 739
59 739
59 739
59 739
59 739
59 739
59 739
59 739
59 739
59 739
59 739
59 739
59 739
59 739
59 739
59 739
59 739
59 739
59 739
59 739
59 739
59 739
59 739
59 739
59 739
59 739
59 739
59 739
59 739
27 1059
27 1059
27 1059
27 1059
27 1059
27 1059
27 1059
27 1059
27 1059
27 1059
27 1059
27 1059
27 1059
27 1059
27 1059
27 1059
27 1059
27 1059
27 1059
27 1059
74 606
74 606
74 606
74 606
74 606
74 606
74 606
74 606
74 606
74 606
74 606
74 606
74 606
74 606
74 606
74 606
74 606
74 606
74 606
74 606
74 606
74 606
74 606
74 606
74 606
74 606
87 479
87 479
42 468
42 468
42 468
42 468
42 468
42 468
42 468
42 468
42 468
42 468
42 468
42 468
42 468
42 468
42 468
42 468
42 468
42 468
42 468
42 468
42 468
42 468
42 468
42 468
42 468
89 548
89 548
89 548
89 548
89 548
89 548
89 548
89 548
89 548
89 548
89 548
89 548
89 548
89 548
89 548
89 548
89 548
89 548
41 549
41 549
41 549
41 549
41 549
41 549
41 549
41 549
41 549
41 549
41 549
41 549
41 549
41 549
41 549
41 549
41 549
41 549
41 549
41 549
41 549
41 549
41 549
41 549
41 549
41 549
41 549
41 549
41 549
51 475
51 475
51 475
51 475
51 475
51 475
51 475
51 475
51 475
51 475
51 475
51 475
51 475
50 496
27 781
27 781
27 781
27 781
27 781
27 781
27 781
27 781
27 781
27 781
27 781
27 781
27 781
27 781
27 781
27 781
27 781
27 781
27 781
27 781
9 492
9 492
9 492
9 492
9 492
9 492
9 492
9 492
9 492
9 492
9 492
9 492
9 492
9 492
9 492
9 492
9 492
9 492
9 492
9 492
9 492
9 492
9 492
9 492
9 492
9 492
9 492
9 492
12 482
12 482
12 482
12 482
12 482
12 482
12 482
12 482
12 482
12 482
12 482
12 482
7 537
7 537
7 537
58 536
58 536
58 536
58 536
58 536
10 535
10 535
10 535
10 535
10 535
10 535
10 535
10 535
10 535
10 535
10 535
10 535
10 535
10 535
10 535
10 535
10 535
10 535
10 535
10 535
10 535
10 535
10 535
10 535
10 535
10 535
10 535
5 696
5 696
5 696
5 696
5 696
5 696
5 696
5 696
5 696
5 696
5 696
5 696
5 696
5 696
5 696
5 696
56 703
56 703
56 703
56 703
56 703
56 703
56 703
56 703
56 703
56 703
56 703
56 703
56 703
56 703
56 703
19 596
19 596
19 596
19 596
19 596
19 596
19 596
59 713
59 713
59 713
59 713
59 713
59 713
59 713
59 713
59 713
59 713
59 713
59 713
59 713
59 713
59 713
59 713
59 713
59 713
59 713
59 713
59 713
59 713
59 713
59 713
59 713
59 713
59 713
59 713
59 713
59 713
70 615
70 615
70 615
70 615
70 615
70 615
70 615
70 615
70 615
70 615
69 626
69 626
69 626
69 626
69 626
69 626
69 626
69 626
69 626
69 626
69 626
69 626
69 626
69 626
69 626
69 626
69 626
69 626
69 626
69 626
69 626
69 626
16 657
16 657
16 657
16 657
16 657
16 657
22 626
22 626
22 626
22 626
22 626
22 626
22 626
22 626
22 626
22 626
22 626
22 626
22 626
22 626
22 626
22 626
22 626
22 626
22 626
80 626
80 626
80 626
80 626
80 626
80 626
80 626
80 626
80 626
80 626
80 626
80 626
80 626
80 626
23 716
23 716
23 716
23 716
33 620
33 620
33 620
33 620
33 620
33 620
33 620
33 620
33 620
78 672
78 672
78 672
78 672
78 672
78 672
78 672
78 672
78 672
78 672
78 672
78 672
78 672
78 672
78 672
78 672
78 672
71 764
71 764
71 764
71 764
71 764
71 764
71 764
71 764
71 764
71 764
71 764
71 764
71 764
71 764
71 764
71 764
71 764
71 764
71 764
71 764
71 764
71 764
71 764
34 638
34 638
34 638
34 638
34 638
34 638
34 638
34 638
34 638
34 638
34 638
85 658
85 658
85 658
85 658
85 658
85 658
85 658
85 658
85 658
85 658
85 658
85 658
85 658
85 658
85 658
85 658
85 658
85 658
85 658
85 658
85 658
87 670
87 670
27 820
27 820
27 820
27 820
27 820
27 820
27 820
27 820
27 820
27 820
27 820
27 820
27 820
27 820
27 820
27 820
27 820
27 820
27 820
27 820
42 696
42 696
42 696
42 696
42 696
42 696
42 696
42 696
42 696
42 696
42 696
42 696
42 696
42 696
42 696
42 696
42 696
42 696
42 696
42 696
42 696
42 696
42 696
42 696
42 696
77 865
77 865
77 865
77 865
77 865
77 865
77 865
77 865
50 715
51 714
51 714
51 714
51 714
51 714
51 714
51 714
51 714
51 714
51 714
51 714
51 714
51 714
74 1023
74 1023
74 1023
74 1023
74 1023
74 1023
74 1023
74 1023
74 1023
74 1023
74 1023
74 1023
74 1023
74 1023
74 1023
74 1023
74 1023
74 1023
74 1023
74 1023
74 1023
74 1023
74 1023
74 1023
74 1023
74 1023
7 767
7 767
7 767
89 958
89 958
89 958
89 958
89 958
89 958
89 958
89 958
89 958
89 958
89 958
89 958
89 958
89 958
89 958
89 958
89 958
89 958
9 774
9 774
9 774
9 774
9 774
9 774
9 774
9 774
9 774
9 774
9 774
9 774
9 774
9 774
9 774
9 774
9 774
9 774
9 774
9 774
9 774
9 774
9 774
9 774
9 774
9 774
9 774
9 774
58 792
58 792
58 792
58 792
58 792
41 964
41 964
41 964
41 964
41 964
41 964
41 964
41 964
41 964
41 964
41 964
41 964
41 964
41 964
41 964
41 964
41 964
41 964
41 964
41 964
41 964
41 964
41 964
41 964
41 964
41 964
41 964
41 964
41 964
12 777
12 777
12 777
12 777
12 777
12 777
12 777
12 777
12 777
12 777
12 777
12 777
10 801
10 801
10 801
10 801
10 801
10 801
10 801
10 801
10 801
10 801
10 801
10 801
10 801
10 801
10 801
10 801
10 801
10 801
10 801
10 801
10 801
10 801
10 801
10 801
10 801
10 801
10 801
16 805
16 805
16 805
16 805
16 805
16 805
69 793
69 793
69 793
69 793
69 793
69 793
69 793
69 793
69 793
69 793
69 793
69 793
69 793
69 793
69 793
69 793
69 793
69 793
69 793
69 793
69 793
69 793
19 802
19 802
19 802
19 802
19 802
19 802
19 802
70 799
70 799
70 799
70 799
70 799
70 799
70 799
70 799
70 799
70 799
23 815
23 815
23 815
23 815
22 849
22 849
22 849
22 849
22 849
22 849
22 849
22 849
22 849
22 849
22 849
22 849
22 849
22 849
22 849
22 849
22 849
22 849
22 849
78 839
78 839
78 839
78 839
78 839
78 839
78 839
78 839
78 839
78 839
78 839
78 839
78 839
78 839
78 839
78 839
78 839
80 843
80 843
80 843
80 843
80 843
80 843
80 843
80 843
80 843
80 843
80 843
80 843
80 843
80 843
5 1106
5 1106
5 1106
5 1106
5 1106
5 1106
5 1106
5 1106
5 1106
5 1106
5 1106
5 1106
5 1106
5 1106
5 1106
5 1106
33 858
33 858
33 858
33 858
33 858
33 858
33 858
33 858
33 858
85 853
85 853
85 853
85 853
85 853
85 853
85 853
85 853
85 853
85 853
85 853
85 853
85 853
85 853
85 853
85 853
85 853
85 853
85 853
85 853
85 853
34 875
34 875
34 875
34 875
34 875
34 875
34 875
34 875
34 875
34 875
34 875
56 1162
56 1162
56 1162
56 1162
56 1162
56 1162
56 1162
56 1162
56 1162
56 1162
56 1162
56 1162
56 1162
56 1162
56 1162
87 947
87 947
59 1243
59 1243
59 1243
59 1243
59 1243
59 1243
59 1243
59 1243
59 1243
59 1243
59 1243
59 1243
59 1243
59 1243
59 1243
59 1243
59 1243
59 1243
59 1243
59 1243
59 1243
59 1243
59 1243
59 1243
59 1243
59 1243
59 1243
59 1243
59 1243
59 1243
42 936
42 936
42 936
42 936
42 936
42 936
42 936
42 936
42 936
42 936
42 936
42 936
42 936
42 936
42 936
42 936
42 936
42 936
42 936
42 936
42 936
42 936
42 936
42 936
42 936
51 974
51 974
51 974
51 974
51 974
51 974
51 974
51 974
51 974
51 974
51 974
51 974
51 974
50 1016
71 1348
71 1348
71 1348
71 1348
71 1348
71 1348
71 1348
71 1348
71 1348
71 1348
71 1348
71 1348
71 1348
71 1348
71 1348
71 1348
71 1348
71 1348
71 1348
71 1348
71 1348
71 1348
71 1348
10 999
10 999
10 999
10 999
10 999
10 999
10 999
10 999
10 999
10 999
10 999
10 999
10 999
10 999
10 999
10 999
10 999
10 999
10 999
10 999
10 999
10 999
10 999
10 999
10 999
10 999
10 999
27 1338
27 1338
27 1338
27 1338
27 1338
27 1338
27 1338
27 1338
27 1338
27 1338
27 1338
27 1338
27 1338
27 1338
27 1338
27 1338
27 1338
27 1338
27 1338
27 1338
77 1338
77 1338
77 1338
77 1338
77 1338
77 1338
77 1338
77 1338
74 1371
74 1371
74 1371
74 1371
74 1371
74 1371
74 1371
74 1371
74 1371
74 1371
74 1371
74 1371
74 1371
74 1371
74 1371
74 1371
74 1371
74 1371
74 1371
74 1371
74 1371
74 1371
74 1371
74 1371
74 1371
74 1371
9 1032
9 1032
9 1032
9 1032
9 1032
9 1032
9 1032
9 1032
9 1032
9 1032
9 1032
9 1032
9 1032
9 1032
9 1032
9 1032
9 1032
9 1032
9 1032
9 1032
9 1032
9 1032
9 1032
9 1032
9 1032
9 1032
9 1032
9 1032
58 1043
58 1043
58 1043
58 1043
58 1043
7 1055
7 1055
7 1055
16 1007
16 1007
16 1007
16 1007
16 1007
16 1007
12 1060
12 1060
12 1060
12 1060
12 1060
12 1060
12 1060
12 1060
12 1060
12 1060
12 1060
12 1060
69 1024
69 1024
69 1024
69 1024
69 1024
69 1024
69 1024
69 1024
69 1024
69 1024
69 1024
69 1024
69 1024
69 1024
69 1024
69 1024
69 1024
69 1024
69 1024
69 1024
69 1024
69 1024
22 1037
22 1037
22 1037
22 1037
22 1037
22 1037
22 1037
22 1037
22 1037
22 1037
22 1037
22 1037
22 1037
22 1037
22 1037
22 1037
22 1037
22 1037
22 1037
70 1060
70 1060
70 1060
70 1060
70 1060
70 1060
70 1060
70 1060
70 1060
70 1060
19 1079
19 1079
19 1079
19 1079
19 1079
19 1079
19 1079
23 1090
23 1090
23 1090
23 1090
78 1129
78 1129
78 1129
78 1129
78 1129
78 1129
78 1129
78 1129
78 1129
78 1129
78 1129
78 1129
78 1129
78 1129
78 1129
78 1129
78 1129
80 1129
80 1129
80 1129
80 1129
80 1129
80 1129
80 1129
80 1129
80 1129
80 1129
80 1129
80 1129
80 1129
80 1129
41 1533
41 1533
41 1533
41 1533
41 1533
41 1533
41 1533
41 1533
41 1533
41 1533
41 1533
41 1533
41 1533
41 1533
41 1533
41 1533
41 1533
41 1533
41 1533
41 1533
41 1533
41 1533
41 1533
41 1533
41 1533
41 1533
41 1533
41 1533
41 1533
33 1124
33 1124
33 1124
33 1124
33 1124
33 1124
33 1124
33 1124
33 1124
89 1568
89 1568
89 1568
89 1568
89 1568
89 1568
89 1568
89 1568
89 1568
89 1568
89 1568
89 1568
89 1568
89 1568
89 1568
89 1568
89 1568
89 1568
34 1138
34 1138
34 1138
34 1138
34 1138
34 1138
34 1138
34 1138
34 1138
34 1138
34 1138
82 2669
82 2669
82 2669
82 2669
82 2669
82 2669
82 2669
82 2669
82 2669
82 2669
82 2669
82 2669
82 2669
82 2669
82 2669
82 2669
82 2669
82 2669
82 2669
82 2669
82 2669
82 2669
82 2669
82 2669
82 2173
82 2173
82 2173
82 2173
82 2173
82 2173
82 2173
82 2173
82 2173
82 2173
82 2173
82 2173
82 2173
82 2173
82 2173
82 2173
82 2173
82 2173
82 2173
82 2173
82 2173
82 2173
82 2173
82 2173
82 1675
82 1675
82 1675
82 1675
82 1675
82 1675
82 1675
82 1675
82 1675
82 1675
82 1675
82 1675
82 1675
82 1675
82 1675
82 1675
82 1675
82 1675
82 1675
82 1675
82 1675
82 1675
82 1675
82 1675
87 1131
87 1131
85 1157
85 1157
85 1157
85 1157
85 1157
85 1157
85 1157
85 1157
85 1157
85 1157
85 1157
85 1157
85 1157
85 1157
85 1157
85 1157
85 1157
85 1157
85 1157
85 1157
85 1157
42 1121
42 1121
42 1121
42 1121
42 1121
42 1121
42 1121
42 1121
42 1121
42 1121
42 1121
42 1121
42 1121
42 1121
42 1121
42 1121
42 1121
42 1121
42 1121
42 1121
42 1121
42 1121
42 1121
42 1121
42 1121
5 1529
5 1529
5 1529
5 1529
5 1529
5 1529
5 1529
5 1529
5 1529
5 1529
5 1529
5 1529
5 1529
5 1529
5 1529
5 1529
56 1549
56 1549
56 1549
56 1549
56 1549
56 1549
56 1549
56 1549
56 1549
56 1549
56 1549
56 1549
56 1549
56 1549
56 1549
50 1195
59 1629
59 1629
59 1629
59 1629
59 1629
59 1629
59 1629
59 1629
59 1629
59 1629
59 1629
59 1629
59 1629
59 1629
59 1629
59 1629
59 1629
59 1629
59 1629
59 1629
59 1629
59 1629
59 1629
59 1629
59 1629
59 1629
59 1629
59 1629
59 1629
59 1629
51 1213
51 1213
51 1213
51 1213
51 1213
51 1213
51 1213
51 1213
51 1213
51 1213
51 1213
51 1213
51 1213
7 1190
7 1190
7 1190
58 1216
58 1216
58 1216
58 1216
58 1216
9 1266
9 1266
9 1266
9 1266
9 1266
9 1266
9 1266
9 1266
9 1266
9 1266
9 1266
9 1266
9 1266
9 1266
9 1266
9 1266
9 1266
9 1266
9 1266
9 1266
9 1266
9 1266
9 1266
9 1266
9 1266
9 1266
9 1266
9 1266
77 1631
77 1631
77 1631
77 1631
77 1631
77 1631
77 1631
77 1631
27 1634
27 1634
27 1634
27 1634
27 1634
27 1634
27 1634
27 1634
27 1634
27 1634
27 1634
27 1634
27 1634
27 1634
27 1634
27 1634
27 1634
27 1634
27 1634
27 1634
12 1292
12 1292
12 1292
12 1292
12 1292
12 1292
12 1292
12 1292
12 1292
12 1292
12 1292
12 1292
10 1363
10 1363
10 1363
10 1363
10 1363
10 1363
10 1363
10 1363
10 1363
10 1363
10 1363
10 1363
10 1363
10 1363
10 1363
10 1363
10 1363
10 1363
10 1363
10 1363
10 1363
10 1363
10 1363
10 1363
10 1363
10 1363
10 1363
16 1310
16 1310
16 1310
16 1310
16 1310
16 1310
82 1725
82 1725
82 1725
82 1725
82 1725
82 1725
82 1725
82 1725
82 1725
82 1725
82 1725
82 1725
82 1725
82 1725
82 1725
82 1725
82 1725
82 1725
82 1725
82 1725
82 1725
82 1725
82 1725
82 1725
69 1357
69 1357
69 1357
69 1357
69 1357
69 1357
69 1357
69 1357
69 1357
69 1357
69 1357
69 1357
69 1357
69 1357
69 1357
69 1357
69 1357
69 1357
69 1357
69 1357
69 1357
69 1357
70 1358
70 1358
70 1358
70 1358
70 1358
70 1358
70 1358
70 1358
70 1358
70 1358
22 1341
22 1341
22 1341
22 1341
22 1341
22 1341
22 1341
22 1341
22 1341
22 1341
22 1341
22 1341
22 1341
22 1341
22 1341
22 1341
22 1341
22 1341
22 1341
19 1373
19 1373
19 1373
19 1373
19 1373
19 1373
19 1373
23 1353
23 1353
23 1353
23 1353
74 1860
74 1860
74 1860
74 1860
74 1860
74 1860
74 1860
74 1860
74 1860
74 1860
74 1860
74 1860
74 1860
74 1860
74 1860
74 1860
74 1860
74 1860
74 1860
74 1860
74 1860
74 1860
74 1860
74 1860
74 1860
74 1860
89 1714
89 1714
89 1714
89 1714
89 1714
89 1714
89 1714
89 1714
89 1714
89 1714
89 1714
89 1714
89 1714
89 1714
89 1714
89 1714
89 1714
89 1714
71 1906
71 1906
71 1906
71 1906
71 1906
71 1906
71 1906
71 1906
71 1906
71 1906
71 1906
71 1906
71 1906
71 1906
71 1906
71 1906
71 1906
71 1906
71 1906
71 1906
71 1906
71 1906
71 1906
78 1358
78 1358
78 1358
78 1358
78 1358
78 1358
78 1358
78 1358
78 1358
78 1358
78 1358
78 1358
78 1358
78 1358
78 1358
78 1358
78 1358
80 1373
80 1373
80 1373
80 1373
80 1373
80 1373
80 1373
80 1373
80 1373
80 1373
80 1373
80 1373
80 1373
80 1373
41 1794
41 1794
41 1794
41 1794
41 1794
41 1794
41 1794
41 1794
41 1794
41 1794
41 1794
41 1794
41 1794
41 1794
41 1794
41 1794
41 1794
41 1794
41 1794
41 1794
41 1794
41 1794
41 1794
41 1794
41 1794
41 1794
41 1794
41 1794
41 1794
33 1441
33 1441
33 1441
33 1441
33 1441
33 1441
33 1441
33 1441
33 1441
34 1434
34 1434
34 1434
34 1434
34 1434
34 1434
34 1434
34 1434
34 1434
34 1434
34 1434
85 1428
85 1428
85 1428
85 1428
85 1428
85 1428
85 1428
85 1428
85 1428
85 1428
85 1428
85 1428
85 1428
85 1428
85 1428
85 1428
85 1428
85 1428
85 1428
85 1428
85 1428
87 1435
87 1435
42 1468
42 1468
42 1468
42 1468
42 1468
42 1468
42 1468
42 1468
42 1468
42 1468
42 1468
42 1468
42 1468
42 1468
42 1468
42 1468
42 1468
42 1468
42 1468
42 1468
42 1468
42 1468
42 1468
42 1468
42 1468
50 1497
59 1933
59 1933
59 1933
59 1933
59 1933
59 1933
59 1933
59 1933
59 1933
59 1933
59 1933
59 1933
59 1933
59 1933
59 1933
59 1933
59 1933
59 1933
59 1933
59 1933
59 1933
59 1933
59 1933
59 1933
59 1933
59 1933
59 1933
59 1933
59 1933
59 1933
74 1944
74 1944
74 1944
74 1944
74 1944
74 1944
74 1944
74 1944
74 1944
74 1944
74 1944
74 1944
74 1944
74 1944
74 1944
74 1944
74 1944
74 1944
74 1944
74 1944
74 1944
74 1944
74 1944
74 1944
74 1944
74 1944
