3 63
3 63
3 63
3 63
3 63
3 63
3 63
14 12
14 12
14 12
14 12
14 12
17 15
17 15
17 15
17 15
8 335
8 335
8 335
8 335
8 335
8 335
8 335
8 335
8 335
8 335
8 335
8 335
8 335
3 6
3 6
3 6
3 6
3 6
3 6
3 6
14 18
14 18
14 18
14 18
14 18
17 6
17 6
17 6
17 6
3 17
3 17
3 17
3 17
3 17
3 17
3 17
8 472
8 472
8 472
8 472
8 472
8 472
8 472
8 472
8 472
8 472
8 472
8 472
8 472
14 44
14 44
14 44
14 44
14 44
17 64
17 64
17 64
17 64
127 31
127 31
127 31
127 31
127 31
127 31
127 31
127 31
127 31
127 31
127 31
127 31
127 31
127 31
127 31
127 31
127 31
127 31
127 31
127 31
127 31
127 31
131 38
131 38
131 38
131 38
131 38
131 38
132 46
132 46
133 37
133 37
133 37
134 32
134 32
134 32
134 32
134 32
134 32
134 32
134 32
134 32
134 32
134 32
134 32
134 32
134 32
134 32
134 32
134 32
134 32
134 32
134 32
134 32
134 32
134 32
134 32
134 32
134 32
134 32
134 32
135 49
135 49
135 49
135 49
135 49
135 49
135 49
135 49
135 49
135 49
135 49
135 49
135 49
135 49
135 49
135 49
135 49
135 49
135 49
135 49
135 49
135 49
135 49
136 48
8 461
8 461
8 461
8 461
8 461
8 461
8 461
8 461
8 461
8 461
8 461
8 461
8 461
3 36
3 36
3 36
3 36
3 36
3 36
3 36
14 2
14 2
14 2
14 2
14 2
17 5
17 5
17 5
17 5
100 745
100 745
100 745
100 745
100 745
100 745
100 745
100 745
100 745
100 745
123 540
123 540
123 540
123 540
123 540
123 540
123 540
123 540
123 540
123 540
123 540
123 540
123 540
123 540
127 15
127 15
127 15
127 15
127 15
127 15
127 15
127 15
127 15
127 15
127 15
127 15
127 15
127 15
127 15
127 15
127 15
127 15
127 15
127 15
127 15
127 15
131 2
131 2
131 2
131 2
131 2
131 2
132 9
132 9
133 13
133 13
133 13
134 27
134 27
134 27
134 27
134 27
134 27
134 27
134 27
134 27
134 27
134 27
134 27
134 27
134 27
134 27
134 27
134 27
134 27
134 27
134 27
134 27
134 27
134 27
134 27
134 27
134 27
134 27
134 27
135 31
135 31
135 31
135 31
135 31
135 31
135 31
135 31
135 31
135 31
135 31
135 31
135 31
135 31
135 31
135 31
135 31
135 31
135 31
135 31
135 31
135 31
135 31
136 33
3 8
3 8
3 8
3 8
3 8
3 8
3 8
14 6
14 6
14 6
14 6
14 6
17 3
17 3
17 3
17 3
127 56
127 56
127 56
127 56
127 56
127 56
127 56
127 56
127 56
127 56
127 56
127 56
127 56
127 56
127 56
127 56
127 56
127 56
127 56
127 56
127 56
127 56
100 829
100 829
100 829
100 829
100 829
100 829
100 829
100 829
100 829
100 829
131 43
131 43
131 43
131 43
131 43
131 43
132 43
132 43
133 44
133 44
133 44
134 37
134 37
134 37
134 37
134 37
134 37
134 37
134 37
134 37
134 37
134 37
134 37
134 37
134 37
134 37
134 37
134 37
134 37
134 37
134 37
134 37
134 37
134 37
134 37
134 37
134 37
134 37
134 37
135 29
135 29
135 29
135 29
135 29
135 29
135 29
135 29
135 29
135 29
135 29
135 29
135 29
135 29
135 29
135 29
135 29
135 29
135 29
135 29
135 29
135 29
135 29
136 29
115 1256
115 1256
115 1256
115 1256
115 1256
115 1256
115 1256
115 1256
115 1256
115 1256
115 1256
115 1256
121 1202
121 1202
121 1202
121 1202
121 1202
121 1202
121 1202
121 1202
121 1202
121 1202
121 1202
121 1202
121 1202
121 1202
121 1202
121 1202
121 1202
121 1202
83 1585
83 1585
83 1585
83 1585
83 1585
83 1585
83 1585
83 1585
83 1585
83 1585
83 1585
83 1121
83 1121
83 1121
83 1121
83 1121
83 1121
83 1121
83 1121
83 1121
83 1121
83 1121
4 2420
4 2420
4 2420
4 2420
4 2420
4 2420
4 2420
4 2420
4 2420
4 2420
4 2420
4 2420
4 2420
4 2420
4 2420
4 2420
4 2420
4 2420
4 2420
4 2420
4 2420
4 2420
4 2420
4 2420
4 2420
4 2420
4 2420
4 1923
4 1923
4 1923
4 1923
4 1923
4 1923
4 1923
4 1923
4 1923
4 1923
4 1923
4 1923
4 1923
4 1923
4 1923
4 1923
4 1923
4 1923
4 1923
4 1923
4 1923
4 1923
4 1923
4 1923
4 1923
4 1923
4 1923
4 1462
4 1462
4 1462
4 1462
4 1462
4 1462
4 1462
4 1462
4 1462
4 1462
4 1462
4 1462
4 1462
4 1462
4 1462
4 1462
4 1462
4 1462
4 1462
4 1462
4 1462
4 1462
4 1462
4 1462
4 1462
4 1462
4 1462
115 854
115 854
115 854
115 854
115 854
115 854
115 854
115 854
115 854
115 854
115 854
115 854
8 931
8 931
8 931
8 931
8 931
8 931
8 931
8 931
8 931
8 931
8 931
8 931
8 931
15 2365
15 2365
15 2365
15 2365
15 2365
15 2365
15 2365
15 2365
15 2365
15 1869
15 1869
15 1869
15 1869
15 1869
15 1869
15 1869
15 1869
15 1869
15 1371
15 1371
15 1371
15 1371
15 1371
15 1371
15 1371
15 1371
15 1371
121 812
121 812
121 812
121 812
121 812
121 812
121 812
121 812
121 812
121 812
121 812
121 812
121 812
121 812
121 812
121 812
121 812
121 812
3 7
3 7
3 7
3 7
3 7
3 7
3 7
123 818
123 818
123 818
123 818
123 818
123 818
123 818
123 818
123 818
123 818
123 818
123 818
123 818
123 818
15 937
15 937
15 937
15 937
15 937
15 937
15 937
15 937
15 937
25 2347
25 2347
25 2347
25 2347
25 2347
25 2347
25 2347
25 2347
25 2347
25 2347
25 2347
25 2347
25 2347
25 2347
25 2347
25 2347
25 2347
25 2347
25 2347
25 2347
65 1993
65 1993
65 1993
65 1993
65 1993
65 1993
65 1993
65 1993
65 1993
65 1993
65 1993
65 1993
65 1993
65 1993
65 1993
14 31
14 31
14 31
14 31
14 31
61 2073
61 2073
61 2073
61 2073
61 2073
61 2073
61 2073
61 2073
61 2073
61 2073
61 2073
61 2073
61 2073
61 2073
61 2073
61 2073
61 2073
61 2073
61 2073
61 2073
61 2073
61 2073
61 2073
61 2073
61 2073
61 2073
17 21
17 21
17 21
17 21
83 931
83 931
83 931
83 931
83 931
83 931
83 931
83 931
83 931
83 931
83 931
36 2412
36 2412
36 2412
36 2412
36 2412
36 2412
36 2412
36 2412
36 2412
36 2412
36 2412
36 2412
36 2412
36 2412
36 2412
36 2412
36 2412
36 2412
36 2412
36 2412
36 2412
36 2412
36 2412
36 2412
127 5
127 5
127 5
127 5
127 5
127 5
127 5
127 5
127 5
127 5
127 5
127 5
127 5
127 5
127 5
127 5
127 5
127 5
127 5
127 5
127 5
127 5
36 1921
36 1921
36 1921
36 1921
36 1921
36 1921
36 1921
36 1921
36 1921
36 1921
36 1921
36 1921
36 1921
36 1921
36 1921
36 1921
36 1921
36 1921
36 1921
36 1921
36 1921
36 1921
36 1921
36 1921
25 2048
25 2048
25 2048
25 2048
25 2048
25 2048
25 2048
25 2048
25 2048
25 2048
25 2048
25 2048
25 2048
25 2048
25 2048
25 2048
25 2048
25 2048
25 2048
25 2048
36 1477
36 1477
36 1477
36 1477
36 1477
36 1477
36 1477
36 1477
36 1477
36 1477
36 1477
36 1477
36 1477
36 1477
36 1477
36 1477
36 1477
36 1477
36 1477
36 1477
36 1477
36 1477
36 1477
36 1477
25 1594
25 1594
25 1594
25 1594
25 1594
25 1594
25 1594
25 1594
25 1594
25 1594
25 1594
25 1594
25 1594
25 1594
25 1594
25 1594
25 1594
25 1594
25 1594
25 1594
131 34
131 34
131 34
131 34
131 34
131 34
132 30
132 30
133 33
133 33
133 33
134 26
134 26
134 26
134 26
134 26
134 26
134 26
134 26
134 26
134 26
134 26
134 26
134 26
134 26
134 26
134 26
134 26
134 26
134 26
134 26
134 26
134 26
134 26
134 26
134 26
134 26
134 26
134 26
135 22
135 22
135 22
135 22
135 22
135 22
135 22
135 22
135 22
135 22
135 22
135 22
135 22
135 22
135 22
135 22
135 22
135 22
135 22
135 22
135 22
135 22
135 22
136 17
109 1829
109 1829
109 1829
109 1829
109 1829
109 1829
109 1829
109 1829
109 1829
109 1829
109 1829
109 1829
109 1829
109 1829
109 1829
109 1829
109 1829
109 1829
109 1829
61 1848
61 1848
61 1848
61 1848
61 1848
61 1848
61 1848
61 1848
61 1848
61 1848
61 1848
61 1848
61 1848
61 1848
61 1848
61 1848
61 1848
61 1848
61 1848
61 1848
61 1848
61 1848
61 1848
61 1848
61 1848
61 1848
4 987
4 987
4 987
4 987
4 987
4 987
4 987
4 987
4 987
4 987
4 987
4 987
4 987
4 987
4 987
4 987
4 987
4 987
4 987
4 987
4 987
4 987
4 987
4 987
4 987
4 987
4 987
3 13
3 13
3 13
3 13
3 13
3 13
3 13
8 1065
8 1065
8 1065
8 1065
8 1065
8 1065
8 1065
8 1065
8 1065
8 1065
8 1065
8 1065
8 1065
100 1152
100 1152
100 1152
100 1152
100 1152
100 1152
100 1152
100 1152
100 1152
100 1152
14 20
14 20
14 20
14 20
14 20
115 1038
115 1038
115 1038
115 1038
115 1038
115 1038
115 1038
115 1038
115 1038
115 1038
115 1038
115 1038
17 22
17 22
17 22
17 22
25 1467
25 1467
25 1467
25 1467
25 1467
25 1467
25 1467
25 1467
25 1467
25 1467
25 1467
25 1467
25 1467
25 1467
25 1467
25 1467
25 1467
25 1467
25 1467
25 1467
121 1087
121 1087
121 1087
121 1087
121 1087
121 1087
121 1087
121 1087
121 1087
121 1087
121 1087
121 1087
121 1087
121 1087
121 1087
121 1087
121 1087
121 1087
127 54
127 54
127 54
127 54
127 54
127 54
127 54
127 54
127 54
127 54
127 54
127 54
127 54
127 54
127 54
127 54
127 54
127 54
127 54
127 54
127 54
127 54
123 1119
123 1119
123 1119
123 1119
123 1119
123 1119
123 1119
123 1119
123 1119
123 1119
123 1119
123 1119
123 1119
123 1119
132 56
132 56
131 67
131 67
131 67
131 67
131 67
131 67
133 78
133 78
133 78
134 85
134 85
134 85
134 85
134 85
134 85
134 85
134 85
134 85
134 85
134 85
134 85
134 85
134 85
134 85
134 85
134 85
134 85
134 85
134 85
134 85
134 85
134 85
134 85
134 85
134 85
134 85
134 85
135 86
135 86
135 86
135 86
135 86
135 86
135 86
135 86
135 86
135 86
135 86
135 86
135 86
135 86
135 86
135 86
135 86
135 86
135 86
135 86
135 86
135 86
135 86
136 80
15 1315
15 1315
15 1315
15 1315
15 1315
15 1315
15 1315
15 1315
15 1315
83 1153
83 1153
83 1153
83 1153
83 1153
83 1153
83 1153
83 1153
83 1153
83 1153
83 1153
73 2756
73 2756
73 2756
73 2756
73 2756
73 2756
73 2756
73 2756
73 2756
73 2756
73 2756
73 2756
73 2756
73 2756
73 2756
73 2756
73 2756
73 2756
73 2756
73 2756
73 2756
73 2756
73 2756
73 2756
73 2756
73 2756
73 2756
73 2756
73 2756
3 31
3 31
3 31
3 31
3 31
3 31
3 31
14 14
14 14
14 14
14 14
14 14
17 33
17 33
17 33
17 33
109 2182
109 2182
109 2182
109 2182
109 2182
109 2182
109 2182
109 2182
109 2182
109 2182
109 2182
109 2182
109 2182
109 2182
109 2182
109 2182
109 2182
109 2182
109 2182
127 3
127 3
127 3
127 3
127 3
127 3
127 3
127 3
127 3
127 3
127 3
127 3
127 3
127 3
127 3
127 3
127 3
127 3
127 3
127 3
127 3
127 3
131 18
131 18
131 18
131 18
131 18
131 18
132 10
132 10
133 5
133 5
133 5
134 8
134 8
134 8
134 8
134 8
134 8
134 8
134 8
134 8
134 8
134 8
134 8
134 8
134 8
134 8
134 8
134 8
134 8
134 8
134 8
134 8
134 8
134 8
134 8
134 8
134 8
134 8
134 8
135 2
135 2
135 2
135 2
135 2
135 2
135 2
135 2
135 2
135 2
135 2
135 2
135 2
135 2
135 2
135 2
135 2
135 2
135 2
135 2
135 2
135 2
135 2
136 16
25 1847
25 1847
25 1847
25 1847
25 1847
25 1847
25 1847
25 1847
25 1847
25 1847
25 1847
25 1847
25 1847
25 1847
25 1847
25 1847
25 1847
25 1847
25 1847
25 1847
100 1723
100 1723
100 1723
100 1723
100 1723
100 1723
100 1723
100 1723
100 1723
100 1723
89 3373
89 3373
89 3373
89 3373
89 3373
89 3373
89 3373
89 3373
89 2889
89 2889
89 2889
89 2889
89 2889
89 2889
89 2889
89 2889
127 10
127 10
127 10
127 10
127 10
127 10
127 10
127 10
127 10
127 10
127 10
127 10
127 10
127 10
127 10
127 10
127 10
127 10
127 10
127 10
127 10
127 10
89 2402
89 2402
89 2402
89 2402
89 2402
89 2402
89 2402
89 2402
61 2687
61 2687
61 2687
61 2687
61 2687
61 2687
61 2687
61 2687
61 2687
61 2687
61 2687
61 2687
61 2687
61 2687
61 2687
61 2687
61 2687
61 2687
61 2687
61 2687
61 2687
61 2687
61 2687
61 2687
61 2687
61 2687
115 1658
115 1658
115 1658
115 1658
115 1658
115 1658
115 1658
115 1658
115 1658
115 1658
115 1658
115 1658
131 15
131 15
131 15
131 15
131 15
131 15
132 6
132 6
133 15
133 15
133 15
134 7
134 7
134 7
134 7
134 7
134 7
134 7
134 7
134 7
134 7
134 7
134 7
134 7
134 7
134 7
134 7
134 7
134 7
134 7
134 7
134 7
134 7
134 7
134 7
134 7
134 7
134 7
134 7
135 22
135 22
135 22
135 22
135 22
135 22
135 22
135 22
135 22
135 22
135 22
135 22
135 22
135 22
135 22
135 22
135 22
135 22
135 22
135 22
135 22
135 22
135 22
123 1645
123 1645
123 1645
123 1645
123 1645
123 1645
123 1645
123 1645
123 1645
123 1645
123 1645
123 1645
123 1645
123 1645
136 22
83 1634
83 1634
83 1634
83 1634
83 1634
83 1634
83 1634
83 1634
83 1634
83 1634
83 1634
121 1844
121 1844
121 1844
121 1844
121 1844
121 1844
121 1844
121 1844
121 1844
121 1844
121 1844
121 1844
121 1844
121 1844
121 1844
121 1844
121 1844
121 1844
100 1567
100 1567
100 1567
100 1567
100 1567
100 1567
100 1567
100 1567
100 1567
100 1567
123 1492
123 1492
123 1492
123 1492
123 1492
123 1492
123 1492
123 1492
123 1492
123 1492
123 1492
123 1492
123 1492
123 1492
127 66
127 66
127 66
127 66
127 66
127 66
127 66
127 66
127 66
127 66
127 66
127 66
127 66
127 66
127 66
127 66
127 66
127 66
127 66
127 66
127 66
127 66
121 1643
121 1643
121 1643
121 1643
121 1643
121 1643
121 1643
121 1643
121 1643
121 1643
121 1643
121 1643
121 1643
121 1643
121 1643
121 1643
121 1643
121 1643
131 60
131 60
131 60
131 60
131 60
131 60
132 53
132 53
133 46
133 46
133 46
134 48
134 48
134 48
134 48
134 48
134 48
134 48
134 48
134 48
134 48
134 48
134 48
134 48
134 48
134 48
134 48
134 48
134 48
134 48
134 48
134 48
134 48
134 48
134 48
134 48
134 48
134 48
134 48
135 54
135 54
135 54
135 54
135 54
135 54
135 54
135 54
135 54
135 54
135 54
135 54
135 54
135 54
135 54
135 54
135 54
135 54
135 54
135 54
135 54
135 54
135 54
136 56
