79 1490
79 1490
79 1490
79 1490
79 1490
79 1490
79 1490
79 1490
79 1490
79 1490
79 1490
79 1490
79 1490
79 1490
79 1490
79 1490
79 1490
79 1490
79 1490
79 1490
79 1490
79 1490
41 2387
41 2387
41 2387
39 2942
39 2942
39 2942
39 2942
39 2942
39 2942
39 2942
39 2942
39 2942
39 2942
39 2942
39 2942
39 2942
39 2942
39 2942
39 2942
39 2942
39 2942
39 2942
39 2942
39 2942
39 2942
39 2942
39 2942
39 2942
39 2942
39 2942
39 2942
41 1956
41 1956
41 1956
39 1976
39 1976
39 1976
39 1976
39 1976
39 1976
39 1976
39 1976
39 1976
39 1976
39 1976
39 1976
39 1976
39 1976
39 1976
39 1976
39 1976
39 1976
39 1976
39 1976
39 1976
39 1976
39 1976
39 1976
39 1976
39 1976
39 1976
39 1976
89 2481
89 2481
89 2481
89 2481
89 1985
89 1985
89 1985
89 1985
79 1603
79 1603
79 1603
79 1603
79 1603
79 1603
79 1603
79 1603
79 1603
79 1603
79 1603
79 1603
79 1603
79 1603
79 1603
79 1603
79 1603
79 1603
79 1603
79 1603
79 1603
79 1603
112 2375
112 2375
112 2375
112 2375
112 2375
89 1699
89 1699
89 1699
89 1699
101 2915
101 2915
101 2915
101 2915
101 2915
101 2915
101 2915
101 2915
101 2915
101 2915
101 2915
101 2915
101 2915
101 2417
101 2417
101 2417
101 2417
101 2417
101 2417
101 2417
101 2417
101 2417
101 2417
101 2417
101 2417
101 2417
39 2074
39 2074
39 2074
39 2074
39 2074
39 2074
39 2074
39 2074
39 2074
39 2074
39 2074
39 2074
39 2074
39 2074
39 2074
39 2074
39 2074
39 2074
39 2074
39 2074
39 2074
39 2074
39 2074
39 2074
39 2074
39 2074
39 2074
39 2074
112 2454
112 2454
112 2454
112 2454
112 2454
101 2261
101 2261
101 2261
101 2261
101 2261
101 2261
101 2261
101 2261
101 2261
101 2261
101 2261
101 2261
101 2261
79 2226
79 2226
79 2226
79 2226
79 2226
79 2226
79 2226
79 2226
79 2226
79 2226
79 2226
79 2226
79 2226
79 2226
79 2226
79 2226
79 2226
79 2226
79 2226
79 2226
79 2226
79 2226
112 2450
112 2450
112 2450
112 2450
112 2450
112 2392
112 2392
112 2392
112 2392
112 2392
