7 307
7 307
12 264
12 264
12 264
12 264
12 264
12 264
12 264
12 264
12 264
12 264
6 328
6 328
6 328
6 328
6 328
6 328
6 328
6 328
6 328
6 328
6 328
6 328
6 328
6 328
6 328
6 328
6 328
6 328
6 328
6 328
6 328
23 231
23 231
23 231
23 231
23 231
23 231
23 231
23 231
23 231
23 231
23 231
23 231
23 231
23 231
23 231
23 231
23 231
23 231
23 231
23 231
7 539
7 539
9 575
9 575
9 575
9 575
9 575
9 575
9 575
9 575
9 575
9 575
9 575
9 575
9 575
9 575
6 622
6 622
6 622
6 622
6 622
6 622
6 622
6 622
6 622
6 622
6 622
6 622
6 622
6 622
6 622
6 622
6 622
6 622
6 622
6 622
6 622
8 627
8 627
8 627
8 627
8 627
8 627
8 627
12 599
12 599
12 599
12 599
12 599
12 599
12 599
12 599
12 599
12 599
27 1208
24 1255
24 1255
24 1255
24 1255
24 1255
24 1255
24 1255
24 1255
24 1255
24 1255
24 1255
24 1255
24 1255
24 1255
24 1255
24 1255
24 1255
24 1255
24 1255
24 1255
24 1255
24 1255
24 1255
24 1255
24 1255
24 1255
24 1255
24 1255
23 836
23 836
23 836
23 836
23 836
23 836
23 836
23 836
23 836
23 836
23 836
23 836
23 836
23 836
23 836
23 836
23 836
23 836
23 836
23 836
24 830
24 830
24 830
24 830
24 830
24 830
24 830
24 830
24 830
24 830
24 830
24 830
24 830
24 830
24 830
24 830
24 830
24 830
24 830
24 830
24 830
24 830
24 830
24 830
24 830
24 830
24 830
24 830
27 877
6 1137
6 1137
6 1137
6 1137
6 1137
6 1137
6 1137
6 1137
6 1137
6 1137
6 1137
6 1137
6 1137
6 1137
6 1137
6 1137
6 1137
6 1137
6 1137
6 1137
6 1137
8 1200
8 1200
8 1200
8 1200
8 1200
8 1200
8 1200
9 1204
9 1204
9 1204
9 1204
9 1204
9 1204
9 1204
9 1204
9 1204
9 1204
9 1204
9 1204
9 1204
9 1204
12 1280
12 1280
12 1280
12 1280
12 1280
12 1280
12 1280
12 1280
12 1280
12 1280
24 1365
24 1365
24 1365
24 1365
24 1365
24 1365
24 1365
24 1365
24 1365
24 1365
24 1365
24 1365
24 1365
24 1365
24 1365
24 1365
24 1365
24 1365
24 1365
24 1365
24 1365
24 1365
24 1365
24 1365
24 1365
24 1365
24 1365
24 1365
27 1403
23 1459
23 1459
23 1459
23 1459
23 1459
23 1459
23 1459
23 1459
23 1459
23 1459
23 1459
23 1459
23 1459
23 1459
23 1459
23 1459
23 1459
23 1459
23 1459
23 1459
7 1926
7 1926
6 1631
6 1631
6 1631
6 1631
6 1631
6 1631
6 1631
6 1631
6 1631
6 1631
6 1631
6 1631
6 1631
6 1631
6 1631
6 1631
6 1631
6 1631
6 1631
6 1631
6 1631
9 1660
9 1660
9 1660
9 1660
9 1660
9 1660
9 1660
9 1660
9 1660
9 1660
9 1660
9 1660
9 1660
9 1660
7 1790
7 1790
12 1785
12 1785
12 1785
12 1785
12 1785
12 1785
12 1785
12 1785
12 1785
12 1785
29 3185
29 3185
29 3185
29 3185
29 3185
29 2686
29 2686
29 2686
29 2686
29 2686
29 2189
29 2189
29 2189
29 2189
29 2189
24 1849
24 1849
24 1849
24 1849
24 1849
24 1849
24 1849
24 1849
24 1849
24 1849
24 1849
24 1849
24 1849
24 1849
24 1849
24 1849
24 1849
24 1849
24 1849
24 1849
24 1849
24 1849
24 1849
24 1849
24 1849
24 1849
24 1849
24 1849
27 1839
23 1947
23 1947
23 1947
23 1947
23 1947
23 1947
23 1947
23 1947
23 1947
23 1947
23 1947
23 1947
23 1947
23 1947
23 1947
23 1947
23 1947
23 1947
23 1947
23 1947
29 1887
29 1887
29 1887
29 1887
29 1887
8 2167
8 2167
8 2167
8 2167
8 2167
8 2167
8 2167
