23 121
23 121
23 121
23 121
23 121
23 121
23 121
23 121
23 121
23 121
23 121
26 118
26 118
26 118
26 118
26 118
26 118
26 118
26 118
26 118
26 118
26 118
26 118
26 118
26 118
26 118
26 118
26 118
85 88
93 12
93 12
93 12
93 12
93 12
93 12
83 113
83 113
83 113
83 113
83 113
83 113
83 113
83 113
83 113
83 113
83 113
83 113
83 113
86 87
86 87
86 87
86 87
86 87
86 87
86 87
86 87
86 87
86 87
94 13
94 13
95 7
95 7
95 7
95 7
95 7
95 7
95 7
95 7
95 7
95 7
95 7
95 7
95 7
95 7
95 7
95 7
95 7
95 7
95 7
95 7
95 7
95 7
95 7
95 7
95 7
95 7
96 9
96 9
96 9
96 9
23 306
23 306
23 306
23 306
23 306
23 306
23 306
23 306
23 306
23 306
23 306
26 317
26 317
26 317
26 317
26 317
26 317
26 317
26 317
26 317
26 317
26 317
26 317
26 317
26 317
26 317
26 317
26 317
65 661
65 661
65 661
65 661
65 661
65 661
65 661
65 661
65 661
65 661
65 661
65 661
65 661
65 661
65 661
65 661
65 661
65 661
65 661
65 661
12 1193
12 1193
12 1193
12 1193
12 1193
12 1193
12 1193
12 695
12 695
12 695
12 695
12 695
12 695
12 695
83 12
83 12
83 12
83 12
83 12
83 12
83 12
83 12
83 12
83 12
83 12
83 12
83 12
85 22
86 27
86 27
86 27
86 27
86 27
86 27
86 27
86 27
86 27
86 27
89 29
89 29
89 29
89 29
89 29
90 24
90 24
90 24
91 25
91 25
91 25
91 25
91 25
91 25
91 25
91 25
91 25
91 25
91 25
91 25
91 25
91 25
91 25
91 25
93 10
93 10
93 10
93 10
93 10
93 10
94 10
94 10
95 2
95 2
95 2
95 2
95 2
95 2
95 2
95 2
95 2
95 2
95 2
95 2
95 2
95 2
95 2
95 2
95 2
95 2
95 2
95 2
95 2
95 2
95 2
95 2
95 2
95 2
96 2
96 2
96 2
96 2
30 1249
30 1249
30 1249
30 1249
30 1249
30 1249
30 1249
30 1249
30 1249
30 1249
30 1249
30 1249
30 1249
30 1249
30 1249
30 1249
30 1249
30 1249
30 1249
30 1249
30 1249
30 1249
30 1249
23 517
23 517
23 517
23 517
23 517
23 517
23 517
23 517
23 517
23 517
23 517
26 543
26 543
26 543
26 543
26 543
26 543
26 543
26 543
26 543
26 543
26 543
26 543
26 543
26 543
26 543
26 543
26 543
65 665
65 665
65 665
65 665
65 665
65 665
65 665
65 665
65 665
65 665
65 665
65 665
65 665
65 665
65 665
65 665
65 665
65 665
65 665
65 665
83 7
83 7
83 7
83 7
83 7
83 7
83 7
83 7
83 7
83 7
83 7
83 7
83 7
12 729
12 729
12 729
12 729
12 729
12 729
12 729
85 15
86 29
86 29
86 29
86 29
86 29
86 29
86 29
86 29
86 29
86 29
89 34
89 34
89 34
89 34
89 34
90 41
90 41
90 41
91 33
91 33
91 33
91 33
91 33
91 33
91 33
91 33
91 33
91 33
91 33
91 33
91 33
91 33
91 33
91 33
93 29
93 29
93 29
93 29
93 29
93 29
94 23
94 23
95 33
95 33
95 33
95 33
95 33
95 33
95 33
95 33
95 33
95 33
95 33
95 33
95 33
95 33
95 33
95 33
95 33
95 33
95 33
95 33
95 33
95 33
95 33
95 33
95 33
95 33
96 28
96 28
96 28
96 28
30 1324
30 1324
30 1324
30 1324
30 1324
30 1324
30 1324
30 1324
30 1324
30 1324
30 1324
30 1324
30 1324
30 1324
30 1324
30 1324
30 1324
30 1324
30 1324
30 1324
30 1324
30 1324
30 1324
83 4
83 4
83 4
83 4
83 4
83 4
83 4
83 4
83 4
83 4
83 4
83 4
83 4
30 1044
30 1044
30 1044
30 1044
30 1044
30 1044
30 1044
30 1044
30 1044
30 1044
30 1044
30 1044
30 1044
30 1044
30 1044
30 1044
30 1044
30 1044
30 1044
30 1044
30 1044
30 1044
30 1044
85 7
86 2
86 2
86 2
86 2
86 2
86 2
86 2
86 2
86 2
86 2
12 769
12 769
12 769
12 769
12 769
12 769
12 769
16 2230
16 2230
16 2230
16 2230
16 2230
16 2230
16 2230
16 2230
16 2230
16 2230
16 2230
16 2230
16 2230
16 2230
16 2230
16 2230
16 2230
16 2230
16 2230
16 2230
16 2230
16 2230
16 1736
16 1736
16 1736
16 1736
16 1736
16 1736
16 1736
16 1736
16 1736
16 1736
16 1736
16 1736
16 1736
16 1736
16 1736
16 1736
16 1736
16 1736
16 1736
16 1736
16 1736
16 1736
89 8
89 8
89 8
89 8
89 8
16 1240
16 1240
16 1240
16 1240
16 1240
16 1240
16 1240
16 1240
16 1240
16 1240
16 1240
16 1240
16 1240
16 1240
16 1240
16 1240
16 1240
16 1240
16 1240
16 1240
16 1240
16 1240
90 1
90 1
90 1
91 3
91 3
91 3
91 3
91 3
91 3
91 3
91 3
91 3
91 3
91 3
91 3
91 3
91 3
91 3
91 3
94 28
94 28
95 26
95 26
95 26
95 26
95 26
95 26
95 26
95 26
95 26
95 26
95 26
95 26
95 26
95 26
95 26
95 26
95 26
95 26
95 26
95 26
95 26
95 26
95 26
95 26
95 26
95 26
93 49
93 49
93 49
93 49
93 49
93 49
96 31
96 31
96 31
96 31
16 857
16 857
16 857
16 857
16 857
16 857
16 857
16 857
16 857
16 857
16 857
16 857
16 857
16 857
16 857
16 857
16 857
16 857
16 857
16 857
16 857
16 857
47 2053
47 2053
47 2053
47 2053
47 2053
47 2053
47 2053
47 2053
47 2053
47 1553
47 1553
47 1553
47 1553
47 1553
47 1553
47 1553
47 1553
47 1553
26 870
26 870
26 870
26 870
26 870
26 870
26 870
26 870
26 870
26 870
26 870
26 870
26 870
26 870
26 870
26 870
26 870
30 933
30 933
30 933
30 933
30 933
30 933
30 933
30 933
30 933
30 933
30 933
30 933
30 933
30 933
30 933
30 933
30 933
30 933
30 933
30 933
30 933
30 933
30 933
23 1011
23 1011
23 1011
23 1011
23 1011
23 1011
23 1011
23 1011
23 1011
23 1011
23 1011
83 12
83 12
83 12
83 12
83 12
83 12
83 12
83 12
83 12
83 12
83 12
83 12
83 12
47 1378
47 1378
47 1378
47 1378
47 1378
47 1378
47 1378
47 1378
47 1378
65 1206
65 1206
65 1206
65 1206
65 1206
65 1206
65 1206
65 1206
65 1206
65 1206
65 1206
65 1206
65 1206
65 1206
65 1206
65 1206
65 1206
65 1206
65 1206
65 1206
85 16
86 8
86 8
86 8
86 8
86 8
86 8
86 8
86 8
86 8
86 8
89 5
89 5
89 5
89 5
89 5
90 1
90 1
90 1
91 21
91 21
91 21
91 21
91 21
91 21
91 21
91 21
91 21
91 21
91 21
91 21
91 21
91 21
91 21
91 21
94 20
94 20
93 40
93 40
93 40
93 40
93 40
93 40
95 30
95 30
95 30
95 30
95 30
95 30
95 30
95 30
95 30
95 30
95 30
95 30
95 30
95 30
95 30
95 30
95 30
95 30
95 30
95 30
95 30
95 30
95 30
95 30
95 30
95 30
96 24
96 24
96 24
96 24
12 1021
12 1021
12 1021
12 1021
12 1021
12 1021
12 1021
16 1044
16 1044
16 1044
16 1044
16 1044
16 1044
16 1044
16 1044
16 1044
16 1044
16 1044
16 1044
16 1044
16 1044
16 1044
16 1044
16 1044
16 1044
16 1044
16 1044
16 1044
16 1044
47 1346
47 1346
47 1346
47 1346
47 1346
47 1346
47 1346
47 1346
47 1346
83 26
83 26
83 26
83 26
83 26
83 26
83 26
83 26
83 26
83 26
83 26
83 26
83 26
23 1132
23 1132
23 1132
23 1132
23 1132
23 1132
23 1132
23 1132
23 1132
23 1132
23 1132
85 19
86 11
86 11
86 11
86 11
86 11
86 11
86 11
86 11
86 11
86 11
89 4
89 4
89 4
89 4
89 4
90 1
90 1
90 1
26 1155
26 1155
26 1155
26 1155
26 1155
26 1155
26 1155
26 1155
26 1155
26 1155
26 1155
26 1155
26 1155
26 1155
26 1155
26 1155
26 1155
91 7
91 7
91 7
91 7
91 7
91 7
91 7
91 7
91 7
91 7
91 7
91 7
91 7
91 7
91 7
91 7
93 2
93 2
93 2
93 2
93 2
93 2
94 6
94 6
95 3
95 3
95 3
95 3
95 3
95 3
95 3
95 3
95 3
95 3
95 3
95 3
95 3
95 3
95 3
95 3
95 3
95 3
95 3
95 3
95 3
95 3
95 3
95 3
95 3
95 3
96 2
96 2
96 2
96 2
65 1555
65 1555
65 1555
65 1555
65 1555
65 1555
65 1555
65 1555
65 1555
65 1555
65 1555
65 1555
65 1555
65 1555
65 1555
65 1555
65 1555
65 1555
65 1555
65 1555
83 3
83 3
83 3
83 3
83 3
83 3
83 3
83 3
83 3
83 3
83 3
83 3
83 3
12 1236
12 1236
12 1236
12 1236
12 1236
12 1236
12 1236
85 8
86 3
86 3
86 3
86 3
86 3
86 3
86 3
86 3
86 3
86 3
89 31
89 31
89 31
89 31
89 31
90 26
90 26
90 26
91 22
91 22
91 22
91 22
91 22
91 22
91 22
91 22
91 22
91 22
91 22
91 22
91 22
91 22
91 22
91 22
93 20
93 20
93 20
93 20
93 20
93 20
94 25
94 25
95 19
95 19
95 19
95 19
95 19
95 19
95 19
95 19
95 19
95 19
95 19
95 19
95 19
95 19
95 19
95 19
95 19
95 19
95 19
95 19
95 19
95 19
95 19
95 19
95 19
95 19
96 14
96 14
96 14
96 14
65 1411
65 1411
65 1411
65 1411
65 1411
65 1411
65 1411
65 1411
65 1411
65 1411
65 1411
65 1411
65 1411
65 1411
65 1411
65 1411
65 1411
65 1411
65 1411
65 1411
23 1334
23 1334
23 1334
23 1334
23 1334
23 1334
23 1334
23 1334
23 1334
23 1334
23 1334
26 1326
26 1326
26 1326
26 1326
26 1326
26 1326
26 1326
26 1326
26 1326
26 1326
26 1326
26 1326
26 1326
26 1326
26 1326
26 1326
26 1326
47 1731
47 1731
47 1731
47 1731
47 1731
47 1731
47 1731
47 1731
47 1731
83 2
83 2
83 2
83 2
83 2
83 2
83 2
83 2
83 2
83 2
83 2
83 2
83 2
85 34
86 24
86 24
86 24
86 24
86 24
86 24
86 24
86 24
86 24
86 24
89 24
89 24
89 24
89 24
89 24
90 26
90 26
90 26
91 26
91 26
91 26
91 26
91 26
91 26
91 26
91 26
91 26
91 26
91 26
91 26
91 26
91 26
91 26
91 26
93 26
93 26
93 26
93 26
93 26
93 26
94 26
94 26
95 24
95 24
95 24
95 24
95 24
95 24
95 24
95 24
95 24
95 24
95 24
95 24
95 24
95 24
95 24
95 24
95 24
95 24
95 24
95 24
95 24
95 24
95 24
95 24
95 24
95 24
96 16
96 16
96 16
96 16
