5 125
5 125
5 125
5 125
5 125
5 125
5 125
5 125
5 125
5 125
5 125
5 125
5 125
5 125
3 218
3 218
3 218
3 218
3 218
3 218
3 218
3 218
3 218
3 218
3 218
3 218
3 218
3 218
3 218
3 218
3 218
3 218
19 151
19 151
19 151
19 151
19 151
19 151
19 151
19 151
19 151
19 151
19 151
19 151
19 151
19 151
19 151
19 151
19 151
19 151
19 151
19 151
19 151
19 151
19 151
19 151
19 151
8 262
8 262
8 262
8 262
8 262
8 262
29 89
29 89
29 89
29 89
29 89
29 89
29 89
29 89
29 89
29 89
29 89
25 212
25 212
25 212
25 212
25 212
25 212
25 212
25 212
25 212
25 212
37 156
37 156
37 156
37 156
37 156
37 156
37 156
37 156
37 156
37 156
37 156
37 156
37 156
37 156
37 156
37 156
37 156
37 156
37 156
37 156
37 156
37 156
37 156
37 156
37 156
37 156
37 156
37 156
40 163
40 163
40 163
40 163
40 163
40 163
40 163
40 163
40 163
40 163
40 163
40 163
40 163
40 163
40 163
40 163
40 163
40 163
40 163
40 163
40 163
40 163
40 163
40 163
24 348
24 348
24 348
24 348
24 348
24 348
24 348
24 348
24 348
24 348
24 348
24 348
24 348
24 348
24 348
24 348
12 474
12 474
12 474
12 474
12 474
31 295
31 295
31 295
31 295
31 295
31 295
31 295
31 295
39 297
39 297
39 297
39 297
39 297
39 297
39 297
39 297
39 297
39 297
39 297
39 297
39 297
39 297
39 297
39 297
39 297
39 297
39 297
43 276
43 276
43 276
50 240
50 240
50 240
50 240
50 240
50 240
50 240
50 240
50 240
5 322
5 322
5 322
5 322
5 322
5 322
5 322
5 322
5 322
5 322
5 322
5 322
5 322
5 322
8 315
8 315
8 315
8 315
8 315
8 315
12 337
12 337
12 337
12 337
12 337
66 334
66 334
66 334
66 334
66 334
66 334
66 334
66 334
66 334
66 334
66 334
66 334
66 334
66 334
66 334
66 334
66 334
66 334
66 334
66 334
66 334
67 357
67 357
67 357
67 357
67 357
67 357
67 357
67 357
67 357
67 357
67 357
67 357
67 357
3 516
3 516
3 516
3 516
3 516
3 516
3 516
3 516
3 516
3 516
3 516
3 516
3 516
3 516
3 516
3 516
3 516
3 516
19 364
19 364
19 364
19 364
19 364
19 364
19 364
19 364
19 364
19 364
19 364
19 364
19 364
19 364
19 364
19 364
19 364
19 364
19 364
19 364
19 364
19 364
19 364
19 364
19 364
47 598
47 598
47 598
47 598
47 598
47 598
47 598
47 598
47 598
47 598
47 598
47 598
47 598
47 598
47 598
47 598
47 598
47 598
47 598
47 598
47 598
47 598
47 598
47 598
47 598
47 598
47 598
69 385
69 385
69 385
69 385
69 385
69 385
69 385
69 385
69 385
69 385
69 385
69 385
24 401
24 401
24 401
24 401
24 401
24 401
24 401
24 401
24 401
24 401
24 401
24 401
24 401
24 401
24 401
24 401
75 441
75 441
75 441
75 441
75 441
75 441
75 441
75 441
75 441
75 441
75 441
75 441
75 441
75 441
75 441
75 441
75 441
75 441
75 441
75 441
75 441
75 441
75 441
29 455
29 455
29 455
29 455
29 455
29 455
29 455
29 455
29 455
29 455
29 455
76 516
59 693
59 693
59 693
59 693
59 693
59 693
59 693
59 693
59 693
59 693
59 693
59 693
59 693
59 693
59 693
59 693
59 693
59 693
59 693
59 693
59 693
59 693
59 693
59 693
59 693
59 693
83 460
83 460
25 558
25 558
25 558
25 558
25 558
25 558
25 558
25 558
25 558
25 558
31 499
31 499
31 499
31 499
31 499
31 499
31 499
31 499
60 740
60 740
60 740
60 740
60 740
60 740
60 740
60 740
60 740
60 740
60 740
60 740
60 740
60 740
60 740
37 531
37 531
37 531
37 531
37 531
37 531
37 531
37 531
37 531
37 531
37 531
37 531
37 531
37 531
37 531
37 531
37 531
37 531
37 531
37 531
37 531
37 531
37 531
37 531
37 531
37 531
37 531
37 531
88 525
88 525
88 525
88 525
88 525
88 525
88 525
88 525
88 525
88 525
88 525
88 525
88 525
88 525
88 525
88 525
88 525
88 525
88 525
88 525
88 525
88 525
88 525
88 525
88 525
88 525
88 525
88 525
88 525
88 525
91 521
91 521
91 521
91 521
91 521
91 521
91 521
91 521
91 521
91 521
91 521
91 521
91 521
91 521
91 521
91 521
91 521
91 521
91 521
91 521
91 521
91 521
43 509
43 509
43 509
92 522
92 522
92 522
92 522
92 522
92 522
92 522
92 522
92 522
92 522
92 522
92 522
92 522
92 522
92 522
92 522
92 522
92 522
92 522
92 522
92 522
92 522
92 522
92 522
92 522
92 522
92 522
92 522
92 522
40 544
40 544
40 544
40 544
40 544
40 544
40 544
40 544
40 544
40 544
40 544
40 544
40 544
40 544
40 544
40 544
40 544
40 544
40 544
40 544
40 544
40 544
40 544
40 544
30 1206
30 1206
30 1206
30 1206
30 1206
30 1206
30 1206
30 1206
30 1206
30 1206
30 1206
30 1206
30 1206
30 1206
30 1206
30 1206
30 1206
50 560
50 560
50 560
50 560
50 560
50 560
50 560
50 560
50 560
39 681
39 681
39 681
39 681
39 681
39 681
39 681
39 681
39 681
39 681
39 681
39 681
39 681
39 681
39 681
39 681
39 681
39 681
39 681
30 856
30 856
30 856
30 856
30 856
30 856
30 856
30 856
30 856
30 856
30 856
30 856
30 856
30 856
30 856
30 856
30 856
12 559
12 559
12 559
12 559
12 559
8 617
8 617
8 617
8 617
8 617
8 617
60 614
60 614
60 614
60 614
60 614
60 614
60 614
60 614
60 614
60 614
60 614
60 614
60 614
60 614
60 614
47 759
47 759
47 759
47 759
47 759
47 759
47 759
47 759
47 759
47 759
47 759
47 759
47 759
47 759
47 759
47 759
47 759
47 759
47 759
47 759
47 759
47 759
47 759
47 759
47 759
47 759
47 759
3 747
3 747
3 747
3 747
3 747
3 747
3 747
3 747
3 747
3 747
3 747
3 747
3 747
3 747
3 747
3 747
3 747
3 747
69 634
69 634
69 634
69 634
69 634
69 634
69 634
69 634
69 634
69 634
69 634
69 634
5 779
5 779
5 779
5 779
5 779
5 779
5 779
5 779
5 779
5 779
5 779
5 779
5 779
5 779
66 680
66 680
66 680
66 680
66 680
66 680
66 680
66 680
66 680
66 680
66 680
66 680
66 680
66 680
66 680
66 680
66 680
66 680
66 680
66 680
66 680
67 730
67 730
67 730
67 730
67 730
67 730
67 730
67 730
67 730
67 730
67 730
67 730
67 730
24 665
24 665
24 665
24 665
24 665
24 665
24 665
24 665
24 665
24 665
24 665
24 665
24 665
24 665
24 665
24 665
75 663
75 663
75 663
75 663
75 663
75 663
75 663
75 663
75 663
75 663
75 663
75 663
75 663
75 663
75 663
75 663
75 663
75 663
75 663
75 663
75 663
75 663
75 663
76 668
59 839
59 839
59 839
59 839
59 839
59 839
59 839
59 839
59 839
59 839
59 839
59 839
59 839
59 839
59 839
59 839
59 839
59 839
59 839
59 839
59 839
59 839
59 839
59 839
59 839
59 839
31 662
31 662
31 662
31 662
31 662
31 662
31 662
31 662
19 803
19 803
19 803
19 803
19 803
19 803
19 803
19 803
19 803
19 803
19 803
19 803
19 803
19 803
19 803
19 803
19 803
19 803
19 803
19 803
19 803
19 803
19 803
19 803
19 803
83 683
83 683
29 745
29 745
29 745
29 745
29 745
29 745
29 745
29 745
29 745
29 745
29 745
37 754
37 754
37 754
37 754
37 754
37 754
37 754
37 754
37 754
37 754
37 754
37 754
37 754
37 754
37 754
37 754
37 754
37 754
37 754
37 754
37 754
37 754
37 754
37 754
37 754
37 754
37 754
37 754
91 715
91 715
91 715
91 715
91 715
91 715
91 715
91 715
91 715
91 715
91 715
91 715
91 715
91 715
91 715
91 715
91 715
91 715
91 715
91 715
91 715
91 715
92 721
92 721
92 721
92 721
92 721
92 721
92 721
92 721
92 721
92 721
92 721
92 721
92 721
92 721
92 721
92 721
92 721
92 721
92 721
92 721
92 721
92 721
92 721
92 721
92 721
92 721
92 721
92 721
92 721
88 775
88 775
88 775
88 775
88 775
88 775
88 775
88 775
88 775
88 775
88 775
88 775
88 775
88 775
88 775
88 775
88 775
88 775
88 775
88 775
88 775
88 775
88 775
88 775
88 775
88 775
88 775
88 775
88 775
88 775
84 1316
84 1316
84 1316
84 1316
84 1316
84 1316
84 1316
84 1316
84 1316
84 1316
84 1316
84 1316
84 1316
84 1316
84 1316
84 1316
84 1316
84 1316
84 1316
84 1316
43 733
43 733
43 733
40 786
40 786
40 786
40 786
40 786
40 786
40 786
40 786
40 786
40 786
40 786
40 786
40 786
40 786
40 786
40 786
40 786
40 786
40 786
40 786
40 786
40 786
40 786
40 786
25 987
25 987
25 987
25 987
25 987
25 987
25 987
25 987
25 987
25 987
82 1436
82 1436
82 1436
82 1436
82 1436
82 1436
82 1436
93 1353
93 1353
93 1353
93 1353
50 810
50 810
50 810
50 810
50 810
50 810
50 810
50 810
50 810
82 1051
82 1051
82 1051
82 1051
82 1051
82 1051
82 1051
12 843
12 843
12 843
12 843
12 843
8 905
8 905
8 905
8 905
8 905
8 905
69 828
69 828
69 828
69 828
69 828
69 828
69 828
69 828
69 828
69 828
69 828
69 828
60 935
60 935
60 935
60 935
60 935
60 935
60 935
60 935
60 935
60 935
60 935
60 935
60 935
60 935
60 935
24 891
24 891
24 891
24 891
24 891
24 891
24 891
24 891
24 891
24 891
24 891
24 891
24 891
24 891
24 891
24 891
39 1251
39 1251
39 1251
39 1251
39 1251
39 1251
39 1251
39 1251
39 1251
39 1251
39 1251
39 1251
39 1251
39 1251
39 1251
39 1251
39 1251
39 1251
39 1251
75 902
75 902
75 902
75 902
75 902
75 902
75 902
75 902
75 902
75 902
75 902
75 902
75 902
75 902
75 902
75 902
75 902
75 902
75 902
75 902
75 902
75 902
75 902
76 895
66 1000
66 1000
66 1000
66 1000
66 1000
66 1000
66 1000
66 1000
66 1000
66 1000
66 1000
66 1000
66 1000
66 1000
66 1000
66 1000
66 1000
66 1000
66 1000
66 1000
66 1000
67 992
67 992
67 992
67 992
67 992
67 992
67 992
67 992
67 992
67 992
67 992
67 992
67 992
84 1347
84 1347
84 1347
84 1347
84 1347
84 1347
84 1347
84 1347
84 1347
84 1347
84 1347
84 1347
84 1347
84 1347
84 1347
84 1347
84 1347
84 1347
84 1347
84 1347
31 886
31 886
31 886
31 886
31 886
31 886
31 886
31 886
83 868
83 868
47 1233
47 1233
47 1233
47 1233
47 1233
47 1233
47 1233
47 1233
47 1233
47 1233
47 1233
47 1233
47 1233
47 1233
47 1233
47 1233
47 1233
47 1233
47 1233
47 1233
47 1233
47 1233
47 1233
47 1233
47 1233
47 1233
47 1233
19 1014
19 1014
19 1014
19 1014
19 1014
19 1014
19 1014
19 1014
19 1014
19 1014
19 1014
19 1014
19 1014
19 1014
19 1014
19 1014
19 1014
19 1014
19 1014
19 1014
19 1014
19 1014
19 1014
19 1014
19 1014
29 1083
29 1083
29 1083
29 1083
29 1083
29 1083
29 1083
29 1083
29 1083
29 1083
29 1083
91 970
91 970
91 970
91 970
91 970
91 970
91 970
91 970
91 970
91 970
91 970
91 970
91 970
91 970
91 970
91 970
91 970
91 970
91 970
91 970
91 970
91 970
5 1337
5 1337
5 1337
5 1337
5 1337
5 1337
5 1337
5 1337
5 1337
5 1337
5 1337
5 1337
5 1337
5 1337
30 1595
30 1595
30 1595
30 1595
30 1595
30 1595
30 1595
30 1595
30 1595
30 1595
30 1595
30 1595
30 1595
30 1595
30 1595
30 1595
30 1595
92 976
92 976
92 976
92 976
92 976
92 976
92 976
92 976
92 976
92 976
92 976
92 976
92 976
92 976
92 976
92 976
92 976
92 976
92 976
92 976
92 976
92 976
92 976
92 976
92 976
92 976
92 976
92 976
92 976
43 986
43 986
43 986
37 1107
37 1107
37 1107
37 1107
37 1107
37 1107
37 1107
37 1107
37 1107
37 1107
37 1107
37 1107
37 1107
37 1107
37 1107
37 1107
37 1107
37 1107
37 1107
37 1107
37 1107
37 1107
37 1107
37 1107
37 1107
37 1107
37 1107
37 1107
93 1556
93 1556
93 1556
93 1556
3 1502
3 1502
3 1502
3 1502
3 1502
3 1502
3 1502
3 1502
3 1502
3 1502
3 1502
3 1502
3 1502
3 1502
3 1502
3 1502
3 1502
3 1502
40 1181
40 1181
40 1181
40 1181
40 1181
40 1181
40 1181
40 1181
40 1181
40 1181
40 1181
40 1181
40 1181
40 1181
40 1181
40 1181
40 1181
40 1181
40 1181
40 1181
40 1181
40 1181
40 1181
40 1181
88 1238
88 1238
88 1238
88 1238
88 1238
88 1238
88 1238
88 1238
88 1238
88 1238
88 1238
88 1238
88 1238
88 1238
88 1238
88 1238
88 1238
88 1238
88 1238
88 1238
88 1238
88 1238
88 1238
88 1238
88 1238
88 1238
88 1238
88 1238
88 1238
88 1238
12 1071
12 1071
12 1071
12 1071
12 1071
50 1214
50 1214
50 1214
50 1214
50 1214
50 1214
50 1214
50 1214
50 1214
69 1071
69 1071
69 1071
69 1071
69 1071
69 1071
69 1071
69 1071
69 1071
69 1071
69 1071
69 1071
25 1540
25 1540
25 1540
25 1540
25 1540
25 1540
25 1540
25 1540
25 1540
25 1540
8 1216
8 1216
8 1216
8 1216
8 1216
8 1216
30 1528
30 1528
30 1528
30 1528
30 1528
30 1528
30 1528
30 1528
30 1528
30 1528
30 1528
30 1528
30 1528
30 1528
30 1528
30 1528
30 1528
60 1249
60 1249
60 1249
60 1249
60 1249
60 1249
60 1249
60 1249
60 1249
60 1249
60 1249
60 1249
60 1249
60 1249
60 1249
24 1134
24 1134
24 1134
24 1134
24 1134
24 1134
24 1134
24 1134
24 1134
24 1134
24 1134
24 1134
24 1134
24 1134
24 1134
24 1134
82 1559
82 1559
82 1559
82 1559
82 1559
82 1559
82 1559
76 1125
75 1169
75 1169
75 1169
75 1169
75 1169
75 1169
75 1169
75 1169
75 1169
75 1169
75 1169
75 1169
75 1169
75 1169
75 1169
75 1169
75 1169
75 1169
75 1169
75 1169
75 1169
75 1169
75 1169
66 1278
66 1278
66 1278
66 1278
66 1278
66 1278
66 1278
66 1278
66 1278
66 1278
66 1278
66 1278
66 1278
66 1278
66 1278
66 1278
66 1278
66 1278
66 1278
66 1278
66 1278
67 1269
67 1269
67 1269
67 1269
67 1269
67 1269
67 1269
67 1269
67 1269
67 1269
67 1269
67 1269
67 1269
19 1278
19 1278
19 1278
19 1278
19 1278
19 1278
19 1278
19 1278
19 1278
19 1278
19 1278
19 1278
19 1278
19 1278
19 1278
19 1278
19 1278
19 1278
19 1278
19 1278
19 1278
19 1278
19 1278
19 1278
19 1278
31 1178
31 1178
31 1178
31 1178
31 1178
31 1178
31 1178
31 1178
83 1185
83 1185
91 1184
91 1184
91 1184
91 1184
91 1184
91 1184
91 1184
91 1184
91 1184
91 1184
91 1184
91 1184
91 1184
91 1184
91 1184
91 1184
91 1184
91 1184
91 1184
91 1184
91 1184
91 1184
84 1756
84 1756
84 1756
84 1756
84 1756
84 1756
84 1756
84 1756
84 1756
84 1756
84 1756
84 1756
84 1756
84 1756
84 1756
84 1756
84 1756
84 1756
84 1756
84 1756
39 1708
39 1708
39 1708
39 1708
39 1708
39 1708
39 1708
39 1708
39 1708
39 1708
39 1708
39 1708
39 1708
39 1708
39 1708
39 1708
39 1708
39 1708
39 1708
47 1631
47 1631
47 1631
47 1631
47 1631
47 1631
47 1631
47 1631
47 1631
47 1631
47 1631
47 1631
47 1631
47 1631
47 1631
47 1631
47 1631
47 1631
47 1631
47 1631
47 1631
47 1631
47 1631
47 1631
47 1631
47 1631
47 1631
92 1192
92 1192
92 1192
92 1192
92 1192
92 1192
92 1192
92 1192
92 1192
92 1192
92 1192
92 1192
92 1192
92 1192
92 1192
92 1192
92 1192
92 1192
92 1192
92 1192
92 1192
92 1192
92 1192
92 1192
92 1192
92 1192
92 1192
92 1192
92 1192
43 1270
43 1270
43 1270
29 1428
29 1428
29 1428
29 1428
29 1428
29 1428
29 1428
29 1428
29 1428
29 1428
29 1428
3 1715
3 1715
3 1715
3 1715
3 1715
3 1715
3 1715
3 1715
3 1715
3 1715
3 1715
3 1715
3 1715
3 1715
3 1715
3 1715
3 1715
3 1715
5 1697
5 1697
5 1697
5 1697
5 1697
5 1697
5 1697
5 1697
5 1697
5 1697
5 1697
5 1697
5 1697
5 1697
59 2185
59 2185
59 2185
59 2185
59 2185
59 2185
59 2185
59 2185
59 2185
59 2185
59 2185
59 2185
59 2185
59 2185
59 2185
59 2185
59 2185
59 2185
59 2185
59 2185
59 2185
59 2185
59 2185
59 2185
59 2185
59 2185
37 1412
37 1412
37 1412
37 1412
37 1412
37 1412
37 1412
37 1412
37 1412
37 1412
37 1412
37 1412
37 1412
37 1412
37 1412
37 1412
37 1412
37 1412
37 1412
37 1412
37 1412
37 1412
37 1412
37 1412
37 1412
37 1412
37 1412
37 1412
88 1410
88 1410
88 1410
88 1410
88 1410
88 1410
88 1410
88 1410
88 1410
88 1410
88 1410
88 1410
88 1410
88 1410
88 1410
88 1410
88 1410
88 1410
88 1410
88 1410
88 1410
88 1410
88 1410
88 1410
88 1410
88 1410
88 1410
88 1410
88 1410
88 1410
40 1420
40 1420
40 1420
40 1420
40 1420
40 1420
40 1420
40 1420
40 1420
40 1420
40 1420
40 1420
40 1420
40 1420
40 1420
40 1420
40 1420
40 1420
40 1420
40 1420
40 1420
40 1420
40 1420
40 1420
50 1476
50 1476
50 1476
50 1476
50 1476
50 1476
50 1476
50 1476
50 1476
12 1393
12 1393
12 1393
12 1393
12 1393
69 1355
69 1355
69 1355
69 1355
69 1355
69 1355
69 1355
69 1355
69 1355
69 1355
69 1355
69 1355
93 2161
93 2161
93 2161
93 2161
24 1368
24 1368
24 1368
24 1368
24 1368
24 1368
24 1368
24 1368
24 1368
24 1368
24 1368
24 1368
24 1368
24 1368
24 1368
24 1368
75 1370
75 1370
75 1370
75 1370
75 1370
75 1370
75 1370
75 1370
75 1370
75 1370
75 1370
75 1370
75 1370
75 1370
75 1370
75 1370
75 1370
75 1370
75 1370
75 1370
75 1370
75 1370
75 1370
60 1527
60 1527
60 1527
60 1527
60 1527
60 1527
60 1527
60 1527
60 1527
60 1527
60 1527
60 1527
60 1527
60 1527
60 1527
25 1892
25 1892
25 1892
25 1892
25 1892
25 1892
25 1892
25 1892
25 1892
25 1892
76 1383
31 1418
31 1418
31 1418
31 1418
31 1418
31 1418
31 1418
31 1418
67 1566
67 1566
67 1566
67 1566
67 1566
67 1566
67 1566
67 1566
67 1566
67 1566
67 1566
67 1566
67 1566
83 1454
83 1454
66 1632
66 1632
66 1632
66 1632
66 1632
66 1632
66 1632
66 1632
66 1632
66 1632
66 1632
66 1632
66 1632
66 1632
66 1632
66 1632
66 1632
66 1632
66 1632
66 1632
66 1632
82 1979
82 1979
82 1979
82 1979
82 1979
82 1979
82 1979
59 2217
59 2217
59 2217
59 2217
59 2217
59 2217
59 2217
59 2217
59 2217
59 2217
59 2217
59 2217
59 2217
59 2217
59 2217
59 2217
59 2217
59 2217
59 2217
59 2217
59 2217
59 2217
59 2217
59 2217
59 2217
59 2217
84 2034
84 2034
84 2034
84 2034
84 2034
84 2034
84 2034
84 2034
84 2034
84 2034
84 2034
84 2034
84 2034
84 2034
84 2034
84 2034
84 2034
84 2034
84 2034
84 2034
91 1465
91 1465
91 1465
91 1465
91 1465
91 1465
91 1465
91 1465
91 1465
91 1465
91 1465
91 1465
91 1465
91 1465
91 1465
91 1465
91 1465
91 1465
91 1465
91 1465
91 1465
91 1465
43 1465
43 1465
43 1465
92 1484
92 1484
92 1484
92 1484
92 1484
92 1484
92 1484
92 1484
92 1484
92 1484
92 1484
92 1484
92 1484
92 1484
92 1484
92 1484
92 1484
92 1484
92 1484
92 1484
92 1484
92 1484
92 1484
92 1484
92 1484
92 1484
92 1484
92 1484
92 1484
88 1645
88 1645
88 1645
88 1645
88 1645
88 1645
88 1645
88 1645
88 1645
88 1645
88 1645
88 1645
88 1645
88 1645
88 1645
88 1645
88 1645
88 1645
88 1645
88 1645
88 1645
88 1645
88 1645
88 1645
88 1645
88 1645
88 1645
88 1645
88 1645
88 1645
