89 76
89 76
89 76
89 76
89 76
89 76
89 76
89 76
89 76
89 76
89 76
89 76
96 18
93 161
93 161
93 161
93 161
93 161
93 161
11 1121
11 1121
11 1121
11 1121
11 1121
11 1121
11 1121
11 1121
11 622
11 622
11 622
11 622
11 622
11 622
11 622
11 622
11 209
11 209
11 209
11 209
11 209
11 209
11 209
11 209
96 1
93 219
93 219
93 219
93 219
93 219
93 219
89 274
89 274
89 274
89 274
89 274
89 274
89 274
89 274
89 274
89 274
89 274
89 274
11 241
11 241
11 241
11 241
11 241
11 241
11 241
11 241
82 555
82 555
82 555
82 555
82 555
82 555
82 555
82 555
82 555
82 555
82 555
82 555
82 555
82 555
96 1
82 309
82 309
82 309
82 309
82 309
82 309
82 309
82 309
82 309
82 309
82 309
82 309
82 309
82 309
62 1621
62 1621
62 1621
62 1621
62 1621
62 1621
62 1621
62 1138
62 1138
62 1138
62 1138
62 1138
62 1138
62 1138
62 672
62 672
62 672
62 672
62 672
62 672
62 672
93 451
93 451
93 451
93 451
93 451
93 451
11 279
11 279
11 279
11 279
11 279
11 279
11 279
11 279
62 270
62 270
62 270
62 270
62 270
62 270
62 270
76 1640
76 1640
76 1640
76 1640
76 1640
76 1640
76 1640
76 1640
76 1640
76 1640
76 1640
76 1640
76 1640
96 1
76 1280
76 1280
76 1280
76 1280
76 1280
76 1280
76 1280
76 1280
76 1280
76 1280
76 1280
76 1280
76 1280
76 785
76 785
76 785
76 785
76 785
76 785
76 785
76 785
76 785
76 785
76 785
76 785
76 785
70 1996
70 1996
70 1996
70 1996
70 1996
70 1503
70 1503
70 1503
70 1503
70 1503
70 1004
70 1004
70 1004
70 1004
70 1004
93 308
93 308
93 308
93 308
93 308
93 308
76 527
76 527
76 527
76 527
76 527
76 527
76 527
76 527
76 527
76 527
76 527
76 527
76 527
82 477
82 477
82 477
82 477
82 477
82 477
82 477
82 477
82 477
82 477
82 477
82 477
82 477
82 477
89 441
89 441
89 441
89 441
89 441
89 441
89 441
89 441
89 441
89 441
89 441
89 441
96 2
96 1
11 1302
11 1302
11 1302
11 1302
11 1302
11 1302
11 1302
11 1302
11 802
11 802
11 802
11 802
11 802
11 802
11 802
11 802
62 800
62 800
62 800
62 800
62 800
62 800
62 800
70 721
70 721
70 721
70 721
70 721
89 550
89 550
89 550
89 550
89 550
89 550
89 550
89 550
89 550
89 550
89 550
89 550
76 681
76 681
76 681
76 681
76 681
76 681
76 681
76 681
76 681
76 681
76 681
76 681
76 681
11 342
11 342
11 342
11 342
11 342
11 342
11 342
11 342
96 3
93 595
93 595
93 595
93 595
93 595
93 595
62 432
62 432
62 432
62 432
62 432
62 432
62 432
83 3364
83 3364
83 3364
83 3364
83 3364
83 3364
83 3364
83 3364
83 3364
83 3364
83 3364
83 3364
83 3364
83 3364
83 3364
83 3364
83 3364
83 3364
83 3364
83 2870
83 2870
83 2870
83 2870
83 2870
83 2870
83 2870
83 2870
83 2870
83 2870
83 2870
83 2870
83 2870
83 2870
83 2870
83 2870
83 2870
83 2870
83 2870
83 1900
83 1900
83 1900
83 1900
83 1900
83 1900
83 1900
83 1900
83 1900
83 1900
83 1900
83 1900
83 1900
83 1900
83 1900
83 1900
83 1900
83 1900
83 1900
76 516
76 516
76 516
76 516
76 516
76 516
76 516
76 516
76 516
76 516
76 516
76 516
76 516
96 1
62 345
62 345
62 345
62 345
62 345
62 345
62 345
70 823
70 823
70 823
70 823
70 823
93 719
93 719
93 719
93 719
93 719
93 719
89 808
89 808
89 808
89 808
89 808
89 808
89 808
89 808
89 808
89 808
89 808
89 808
83 428
83 428
83 428
83 428
83 428
83 428
83 428
83 428
83 428
83 428
83 428
83 428
83 428
83 428
83 428
83 428
83 428
83 428
83 428
89 415
89 415
89 415
89 415
89 415
89 415
89 415
89 415
89 415
89 415
89 415
89 415
