12 148
12 148
12 148
12 148
12 148
12 148
12 148
12 148
12 148
12 148
12 148
12 148
12 148
12 148
12 148
12 148
12 148
12 148
12 148
12 148
12 148
12 148
12 148
12 148
12 148
12 148
12 148
12 148
12 148
6 230
6 230
6 230
6 230
6 230
6 230
6 230
6 230
6 230
6 230
6 230
6 230
6 230
6 230
6 230
6 230
6 230
6 230
6 230
6 230
6 230
7 226
7 226
7 226
7 226
7 226
7 226
7 226
7 226
7 226
7 226
7 226
7 226
7 226
7 226
7 226
7 226
30 158
33 129
33 129
33 129
33 129
33 129
33 129
33 129
33 129
33 129
33 129
33 129
33 129
33 129
33 129
33 129
33 129
33 129
33 129
33 129
33 129
33 129
33 129
33 129
33 129
33 129
33 129
33 129
33 129
33 129
33 129
31 155
31 155
31 155
31 155
31 155
31 155
31 155
31 155
31 155
31 155
31 155
31 155
31 155
31 155
31 155
31 155
31 155
31 155
31 155
31 155
31 155
31 155
31 155
31 155
31 155
31 155
40 69
40 69
40 69
40 69
40 69
40 69
40 69
40 69
40 69
40 69
40 69
40 69
40 69
40 69
40 69
40 69
40 69
40 69
42 117
42 117
42 117
42 117
42 117
42 117
42 117
42 117
42 117
42 117
42 117
42 117
42 117
42 117
42 117
42 117
42 117
42 117
42 117
42 117
42 117
42 117
42 117
42 117
42 117
28 261
28 261
28 261
28 261
28 261
28 261
28 261
28 261
28 261
28 261
28 261
28 261
28 261
28 261
28 261
28 261
28 261
28 261
28 261
28 261
28 261
28 261
28 261
28 261
51 81
51 81
51 81
51 81
51 81
51 81
51 81
51 81
51 81
51 81
51 81
51 81
51 81
51 81
51 81
51 81
51 81
51 81
51 81
49 104
49 104
49 104
49 104
52 89
52 89
52 89
52 89
52 89
52 89
52 89
52 89
52 89
52 89
52 89
52 89
52 89
52 89
52 89
52 89
52 89
52 89
52 89
52 89
52 89
52 89
52 89
52 89
52 89
52 89
52 89
56 88
56 88
56 88
56 88
56 88
56 88
56 88
48 211
48 211
48 211
48 211
48 211
48 211
48 211
48 211
48 211
48 211
48 211
48 211
48 211
6 154
6 154
6 154
6 154
6 154
6 154
6 154
6 154
6 154
6 154
6 154
6 154
6 154
6 154
6 154
6 154
6 154
6 154
6 154
6 154
6 154
7 148
7 148
7 148
7 148
7 148
7 148
7 148
7 148
7 148
7 148
7 148
7 148
7 148
7 148
7 148
7 148
9 154
9 154
9 154
9 154
9 154
9 154
9 154
9 154
9 154
12 130
12 130
12 130
12 130
12 130
12 130
12 130
12 130
12 130
12 130
12 130
12 130
12 130
12 130
12 130
12 130
12 130
12 130
12 130
12 130
12 130
12 130
12 130
12 130
12 130
12 130
12 130
12 130
12 130
58 223
58 223
58 223
61 205
61 205
61 205
61 205
61 205
61 205
61 205
61 205
61 205
61 205
61 205
61 205
61 205
61 205
61 205
61 205
61 205
65 165
65 165
65 165
65 165
65 165
65 165
65 165
65 165
65 165
65 165
65 165
65 165
65 165
65 165
65 165
65 165
65 165
65 165
65 165
65 165
65 165
65 165
65 165
65 165
65 165
65 165
65 165
65 165
18 184
18 184
18 184
18 184
18 184
18 184
18 184
18 184
18 184
18 184
18 184
57 296
57 296
57 296
57 296
57 296
57 296
30 96
64 269
64 269
64 269
64 269
64 269
64 269
64 269
64 269
64 269
64 269
64 269
64 269
64 269
64 269
64 269
64 269
64 269
64 269
64 269
64 269
31 105
31 105
31 105
31 105
31 105
31 105
31 105
31 105
31 105
31 105
31 105
31 105
31 105
31 105
31 105
31 105
31 105
31 105
31 105
31 105
31 105
31 105
31 105
31 105
31 105
31 105
33 87
33 87
33 87
33 87
33 87
33 87
33 87
33 87
33 87
33 87
33 87
33 87
33 87
33 87
33 87
33 87
33 87
33 87
33 87
33 87
33 87
33 87
33 87
33 87
33 87
33 87
33 87
33 87
33 87
33 87
36 99
36 99
36 99
36 99
36 99
36 99
36 99
36 99
36 99
36 99
36 99
36 99
36 99
36 99
40 87
40 87
40 87
40 87
40 87
40 87
40 87
40 87
40 87
40 87
40 87
40 87
40 87
40 87
40 87
40 87
40 87
40 87
39 105
39 105
39 105
39 105
39 105
39 105
39 105
39 105
39 105
39 105
39 105
39 105
39 105
39 105
39 105
39 105
39 105
39 105
39 105
39 105
39 105
39 105
28 309
28 309
28 309
28 309
28 309
28 309
28 309
28 309
28 309
28 309
28 309
28 309
28 309
28 309
28 309
28 309
28 309
28 309
28 309
28 309
28 309
28 309
28 309
28 309
49 235
49 235
49 235
49 235
80 466
80 466
80 466
80 466
80 466
80 466
80 466
80 466
80 466
80 466
80 466
80 466
80 466
80 466
80 466
66 608
66 608
66 608
66 608
66 608
66 608
66 608
66 608
66 608
66 608
66 608
66 608
66 608
66 608
66 608
66 608
66 608
66 608
66 608
66 608
66 608
66 608
66 608
23 1038
23 1038
23 1038
23 1038
23 1038
23 1038
23 1038
23 1038
23 1038
23 1038
23 539
23 539
23 539
23 539
23 539
23 539
23 539
23 539
23 539
23 539
51 266
51 266
51 266
51 266
51 266
51 266
51 266
51 266
51 266
51 266
51 266
51 266
51 266
51 266
51 266
51 266
51 266
51 266
51 266
52 268
52 268
52 268
52 268
52 268
52 268
52 268
52 268
52 268
52 268
52 268
52 268
52 268
52 268
52 268
52 268
52 268
52 268
52 268
52 268
52 268
52 268
52 268
52 268
52 268
52 268
52 268
56 325
56 325
56 325
56 325
56 325
56 325
56 325
42 477
42 477
42 477
42 477
42 477
42 477
42 477
42 477
42 477
42 477
42 477
42 477
42 477
42 477
42 477
42 477
42 477
42 477
42 477
42 477
42 477
42 477
42 477
42 477
42 477
48 511
48 511
48 511
48 511
48 511
48 511
48 511
48 511
48 511
48 511
48 511
48 511
48 511
6 549
6 549
6 549
6 549
6 549
6 549
6 549
6 549
6 549
6 549
6 549
6 549
6 549
6 549
6 549
6 549
6 549
6 549
6 549
6 549
6 549
7 540
7 540
7 540
7 540
7 540
7 540
7 540
7 540
7 540
7 540
7 540
7 540
7 540
7 540
7 540
7 540
9 521
9 521
9 521
9 521
9 521
9 521
9 521
9 521
9 521
12 491
12 491
12 491
12 491
12 491
12 491
12 491
12 491
12 491
12 491
12 491
12 491
12 491
12 491
12 491
12 491
12 491
12 491
12 491
12 491
12 491
12 491
12 491
12 491
12 491
12 491
12 491
12 491
12 491
30 313
31 304
31 304
31 304
31 304
31 304
31 304
31 304
31 304
31 304
31 304
31 304
31 304
31 304
31 304
31 304
31 304
31 304
31 304
31 304
31 304
31 304
31 304
31 304
31 304
31 304
31 304
33 287
33 287
33 287
33 287
33 287
33 287
33 287
33 287
33 287
33 287
33 287
33 287
33 287
33 287
33 287
33 287
33 287
33 287
33 287
33 287
33 287
33 287
33 287
33 287
33 287
33 287
33 287
33 287
33 287
33 287
36 261
36 261
36 261
36 261
36 261
36 261
36 261
36 261
36 261
36 261
36 261
36 261
36 261
36 261
66 464
66 464
66 464
66 464
66 464
66 464
66 464
66 464
66 464
66 464
66 464
66 464
66 464
66 464
66 464
66 464
66 464
66 464
66 464
66 464
66 464
66 464
66 464
18 447
18 447
18 447
18 447
18 447
18 447
18 447
18 447
18 447
18 447
18 447
39 239
39 239
39 239
39 239
39 239
39 239
39 239
39 239
39 239
39 239
39 239
39 239
39 239
39 239
39 239
39 239
39 239
39 239
39 239
39 239
39 239
39 239
40 238
40 238
40 238
40 238
40 238
40 238
40 238
40 238
40 238
40 238
40 238
40 238
40 238
40 238
40 238
40 238
40 238
40 238
65 493
65 493
65 493
65 493
65 493
65 493
65 493
65 493
65 493
65 493
65 493
65 493
65 493
65 493
65 493
65 493
65 493
65 493
65 493
65 493
65 493
65 493
65 493
65 493
65 493
65 493
65 493
65 493
23 447
23 447
23 447
23 447
23 447
23 447
23 447
23 447
23 447
23 447
49 205
49 205
49 205
49 205
52 223
52 223
52 223
52 223
52 223
52 223
52 223
52 223
52 223
52 223
52 223
52 223
52 223
52 223
52 223
52 223
52 223
52 223
52 223
52 223
52 223
52 223
52 223
52 223
52 223
52 223
52 223
51 235
51 235
51 235
51 235
51 235
51 235
51 235
51 235
51 235
51 235
51 235
51 235
51 235
51 235
51 235
51 235
51 235
51 235
51 235
57 697
57 697
57 697
57 697
57 697
57 697
58 687
58 687
58 687
61 667
61 667
61 667
61 667
61 667
61 667
61 667
61 667
61 667
61 667
61 667
61 667
61 667
61 667
61 667
61 667
61 667
74 1038
74 1038
63 1173
63 1173
63 1173
63 1173
63 1173
63 1173
63 1173
63 1173
63 1173
63 1173
63 1173
63 1173
37 1434
37 1434
37 1434
37 1434
37 1434
37 1434
37 1434
37 1434
37 934
37 934
37 934
37 934
37 934
37 934
37 934
37 934
63 677
63 677
63 677
63 677
63 677
63 677
63 677
63 677
63 677
63 677
63 677
63 677
64 667
64 667
64 667
64 667
64 667
64 667
64 667
64 667
64 667
64 667
64 667
64 667
64 667
64 667
64 667
64 667
64 667
64 667
64 667
64 667
56 252
56 252
56 252
56 252
56 252
56 252
56 252
74 621
74 621
42 445
42 445
42 445
42 445
42 445
42 445
42 445
42 445
42 445
42 445
42 445
42 445
42 445
42 445
42 445
42 445
42 445
42 445
42 445
42 445
42 445
42 445
42 445
42 445
42 445
28 606
28 606
28 606
28 606
28 606
28 606
28 606
28 606
28 606
28 606
28 606
28 606
28 606
28 606
28 606
28 606
28 606
28 606
28 606
28 606
28 606
28 606
28 606
28 606
80 619
80 619
80 619
80 619
80 619
80 619
80 619
80 619
80 619
80 619
80 619
80 619
80 619
80 619
80 619
37 618
37 618
37 618
37 618
37 618
37 618
37 618
37 618
30 203
31 198
31 198
31 198
31 198
31 198
31 198
31 198
31 198
31 198
31 198
31 198
31 198
31 198
31 198
31 198
31 198
31 198
31 198
31 198
31 198
31 198
31 198
31 198
31 198
31 198
31 198
33 186
33 186
33 186
33 186
33 186
33 186
33 186
33 186
33 186
33 186
33 186
33 186
33 186
33 186
33 186
33 186
33 186
33 186
33 186
33 186
33 186
33 186
33 186
33 186
33 186
33 186
33 186
33 186
33 186
33 186
6 500
6 500
6 500
6 500
6 500
6 500
6 500
6 500
6 500
6 500
6 500
6 500
6 500
6 500
6 500
6 500
6 500
6 500
6 500
6 500
6 500
7 498
7 498
7 498
7 498
7 498
7 498
7 498
7 498
7 498
7 498
7 498
7 498
7 498
7 498
7 498
7 498
36 223
36 223
36 223
36 223
36 223
36 223
36 223
36 223
36 223
36 223
36 223
36 223
36 223
36 223
48 638
48 638
48 638
48 638
48 638
48 638
48 638
48 638
48 638
48 638
48 638
48 638
48 638
39 253
39 253
39 253
39 253
39 253
39 253
39 253
39 253
39 253
39 253
39 253
39 253
39 253
39 253
39 253
39 253
39 253
39 253
39 253
39 253
39 253
39 253
9 561
9 561
9 561
9 561
9 561
9 561
9 561
9 561
9 561
12 536
12 536
12 536
12 536
12 536
12 536
12 536
12 536
12 536
12 536
12 536
12 536
12 536
12 536
12 536
12 536
12 536
12 536
12 536
12 536
12 536
12 536
12 536
12 536
12 536
12 536
12 536
12 536
12 536
40 260
40 260
40 260
40 260
40 260
40 260
40 260
40 260
40 260
40 260
40 260
40 260
40 260
40 260
40 260
40 260
40 260
40 260
65 537
65 537
65 537
65 537
65 537
65 537
65 537
65 537
65 537
65 537
65 537
65 537
65 537
65 537
65 537
65 537
65 537
65 537
65 537
65 537
65 537
65 537
65 537
65 537
65 537
65 537
65 537
65 537
66 527
66 527
66 527
66 527
66 527
66 527
66 527
66 527
66 527
66 527
66 527
66 527
66 527
66 527
66 527
66 527
66 527
66 527
66 527
66 527
66 527
66 527
66 527
18 540
18 540
18 540
18 540
18 540
18 540
18 540
18 540
18 540
18 540
18 540
49 259
49 259
49 259
49 259
51 239
51 239
51 239
51 239
51 239
51 239
51 239
51 239
51 239
51 239
51 239
51 239
51 239
51 239
51 239
51 239
51 239
51 239
51 239
52 241
52 241
52 241
52 241
52 241
52 241
52 241
52 241
52 241
52 241
52 241
52 241
52 241
52 241
52 241
52 241
52 241
52 241
52 241
52 241
52 241
52 241
52 241
52 241
52 241
52 241
52 241
57 696
57 696
57 696
57 696
57 696
57 696
56 238
56 238
56 238
56 238
56 238
56 238
56 238
23 572
23 572
23 572
23 572
23 572
23 572
23 572
23 572
23 572
23 572
58 729
58 729
58 729
61 710
61 710
61 710
61 710
61 710
61 710
61 710
61 710
61 710
61 710
61 710
61 710
61 710
61 710
61 710
61 710
61 710
63 707
63 707
63 707
63 707
63 707
63 707
63 707
63 707
63 707
63 707
63 707
63 707
64 704
64 704
64 704
64 704
64 704
64 704
64 704
64 704
64 704
64 704
64 704
64 704
64 704
64 704
64 704
64 704
64 704
64 704
64 704
64 704
74 758
74 758
79 1750
79 1750
79 1750
79 1750
79 1750
79 1251
79 1251
79 1251
79 1251
79 1251
28 766
28 766
28 766
28 766
28 766
28 766
28 766
28 766
28 766
28 766
28 766
28 766
28 766
28 766
28 766
28 766
28 766
28 766
28 766
28 766
28 766
28 766
28 766
28 766
79 758
79 758
79 758
79 758
79 758
42 634
42 634
42 634
42 634
42 634
42 634
42 634
42 634
42 634
42 634
42 634
42 634
42 634
42 634
42 634
42 634
42 634
42 634
42 634
42 634
42 634
42 634
42 634
42 634
42 634
30 287
80 788
80 788
80 788
80 788
80 788
80 788
80 788
80 788
80 788
80 788
80 788
80 788
80 788
80 788
80 788
31 294
31 294
31 294
31 294
31 294
31 294
31 294
31 294
31 294
31 294
31 294
31 294
31 294
31 294
31 294
31 294
31 294
31 294
31 294
31 294
31 294
31 294
31 294
31 294
31 294
31 294
48 629
48 629
48 629
48 629
48 629
48 629
48 629
48 629
48 629
48 629
48 629
48 629
48 629
33 282
33 282
33 282
33 282
33 282
33 282
33 282
33 282
33 282
33 282
33 282
33 282
33 282
33 282
33 282
33 282
33 282
33 282
33 282
33 282
33 282
33 282
33 282
33 282
33 282
33 282
33 282
33 282
33 282
33 282
6 581
6 581
6 581
6 581
6 581
6 581
6 581
6 581
6 581
6 581
6 581
6 581
6 581
6 581
6 581
6 581
6 581
6 581
6 581
6 581
6 581
7 573
7 573
7 573
7 573
7 573
7 573
7 573
7 573
7 573
7 573
7 573
7 573
7 573
7 573
7 573
7 573
36 289
36 289
36 289
36 289
36 289
36 289
36 289
36 289
36 289
36 289
36 289
36 289
36 289
36 289
39 293
39 293
39 293
39 293
39 293
39 293
39 293
39 293
39 293
39 293
39 293
39 293
39 293
39 293
39 293
39 293
39 293
39 293
39 293
39 293
39 293
39 293
40 287
40 287
40 287
40 287
40 287
40 287
40 287
40 287
40 287
40 287
40 287
40 287
40 287
40 287
40 287
40 287
40 287
40 287
37 822
37 822
37 822
37 822
37 822
37 822
37 822
37 822
9 670
9 670
9 670
9 670
9 670
9 670
9 670
9 670
9 670
12 644
12 644
12 644
12 644
12 644
12 644
12 644
12 644
12 644
12 644
12 644
12 644
12 644
12 644
12 644
12 644
12 644
12 644
12 644
12 644
12 644
12 644
12 644
12 644
12 644
12 644
12 644
12 644
12 644
49 289
49 289
49 289
49 289
65 646
65 646
65 646
65 646
65 646
65 646
65 646
65 646
65 646
65 646
65 646
65 646
65 646
65 646
65 646
65 646
65 646
65 646
65 646
65 646
65 646
65 646
65 646
65 646
65 646
65 646
65 646
65 646
51 292
51 292
51 292
51 292
51 292
51 292
51 292
51 292
51 292
51 292
51 292
51 292
51 292
51 292
51 292
51 292
51 292
51 292
51 292
52 282
52 282
52 282
52 282
52 282
52 282
52 282
52 282
52 282
52 282
52 282
52 282
52 282
52 282
52 282
52 282
52 282
52 282
52 282
52 282
52 282
52 282
52 282
52 282
52 282
52 282
52 282
66 642
66 642
66 642
66 642
66 642
66 642
66 642
66 642
66 642
66 642
66 642
66 642
66 642
66 642
66 642
66 642
66 642
66 642
66 642
66 642
66 642
66 642
66 642
18 630
18 630
18 630
18 630
18 630
18 630
18 630
18 630
18 630
18 630
18 630
56 286
56 286
56 286
56 286
56 286
56 286
56 286
23 661
23 661
23 661
23 661
23 661
23 661
23 661
23 661
23 661
23 661
57 845
57 845
57 845
57 845
57 845
57 845
58 848
58 848
58 848
61 886
61 886
61 886
61 886
61 886
61 886
61 886
61 886
61 886
61 886
61 886
61 886
61 886
61 886
61 886
61 886
61 886
63 910
63 910
63 910
63 910
63 910
63 910
63 910
63 910
63 910
63 910
63 910
63 910
64 906
64 906
64 906
64 906
64 906
64 906
64 906
64 906
64 906
64 906
64 906
64 906
64 906
64 906
64 906
64 906
64 906
64 906
64 906
64 906
30 299
42 689
42 689
42 689
42 689
42 689
42 689
42 689
42 689
42 689
42 689
42 689
42 689
42 689
42 689
42 689
42 689
42 689
42 689
42 689
42 689
42 689
42 689
42 689
42 689
42 689
31 316
31 316
31 316
31 316
31 316
31 316
31 316
31 316
31 316
31 316
31 316
31 316
31 316
31 316
31 316
31 316
31 316
31 316
31 316
31 316
31 316
31 316
31 316
31 316
31 316
31 316
33 305
33 305
33 305
33 305
33 305
33 305
33 305
33 305
33 305
33 305
33 305
33 305
33 305
33 305
33 305
33 305
33 305
33 305
33 305
33 305
33 305
33 305
33 305
33 305
33 305
33 305
33 305
33 305
33 305
33 305
36 311
36 311
36 311
36 311
36 311
36 311
36 311
36 311
36 311
36 311
36 311
36 311
36 311
36 311
74 938
74 938
48 701
48 701
48 701
48 701
48 701
48 701
48 701
48 701
48 701
48 701
48 701
48 701
48 701
39 307
39 307
39 307
39 307
39 307
39 307
39 307
39 307
39 307
39 307
39 307
39 307
39 307
39 307
39 307
39 307
39 307
39 307
39 307
39 307
39 307
39 307
40 304
40 304
40 304
40 304
40 304
40 304
40 304
40 304
40 304
40 304
40 304
40 304
40 304
40 304
40 304
40 304
40 304
40 304
6 695
6 695
6 695
6 695
6 695
6 695
6 695
6 695
6 695
6 695
6 695
6 695
6 695
6 695
6 695
6 695
6 695
6 695
6 695
6 695
6 695
28 979
28 979
28 979
28 979
28 979
28 979
28 979
28 979
28 979
28 979
28 979
28 979
28 979
28 979
28 979
28 979
28 979
28 979
28 979
28 979
28 979
28 979
28 979
28 979
7 699
7 699
7 699
7 699
7 699
7 699
7 699
7 699
7 699
7 699
7 699
7 699
7 699
7 699
7 699
7 699
79 1010
79 1010
79 1010
79 1010
79 1010
80 1023
80 1023
80 1023
80 1023
80 1023
80 1023
80 1023
80 1023
80 1023
80 1023
80 1023
80 1023
80 1023
80 1023
80 1023
49 355
49 355
49 355
49 355
51 354
51 354
51 354
51 354
51 354
51 354
51 354
51 354
51 354
51 354
51 354
51 354
51 354
51 354
51 354
51 354
51 354
51 354
51 354
52 347
52 347
52 347
52 347
52 347
52 347
52 347
52 347
52 347
52 347
52 347
52 347
52 347
52 347
52 347
52 347
52 347
52 347
52 347
52 347
52 347
52 347
52 347
52 347
52 347
52 347
52 347
37 1019
37 1019
37 1019
37 1019
37 1019
37 1019
37 1019
37 1019
56 336
56 336
56 336
56 336
56 336
56 336
56 336
65 785
65 785
65 785
65 785
65 785
65 785
65 785
65 785
65 785
65 785
65 785
65 785
65 785
65 785
65 785
65 785
65 785
65 785
65 785
65 785
65 785
65 785
65 785
65 785
65 785
65 785
65 785
65 785
12 816
12 816
12 816
12 816
12 816
12 816
12 816
12 816
12 816
12 816
12 816
12 816
12 816
12 816
12 816
12 816
12 816
12 816
12 816
12 816
12 816
12 816
12 816
12 816
12 816
12 816
12 816
12 816
12 816
66 784
66 784
66 784
66 784
66 784
66 784
66 784
66 784
66 784
66 784
66 784
66 784
66 784
66 784
66 784
66 784
66 784
66 784
66 784
66 784
66 784
66 784
66 784
9 865
9 865
9 865
9 865
9 865
9 865
9 865
9 865
9 865
18 788
18 788
18 788
18 788
18 788
18 788
18 788
18 788
18 788
18 788
18 788
23 773
23 773
23 773
23 773
23 773
23 773
23 773
23 773
23 773
23 773
30 327
31 321
31 321
31 321
31 321
31 321
31 321
31 321
31 321
31 321
31 321
31 321
31 321
31 321
31 321
31 321
31 321
31 321
31 321
31 321
31 321
31 321
31 321
31 321
31 321
31 321
31 321
33 354
33 354
33 354
33 354
33 354
33 354
33 354
33 354
33 354
33 354
33 354
33 354
33 354
33 354
33 354
33 354
33 354
33 354
33 354
33 354
33 354
33 354
33 354
33 354
33 354
33 354
33 354
33 354
33 354
33 354
57 1117
57 1117
57 1117
57 1117
57 1117
57 1117
61 1103
61 1103
61 1103
61 1103
61 1103
61 1103
61 1103
61 1103
61 1103
61 1103
61 1103
61 1103
61 1103
61 1103
61 1103
61 1103
61 1103
36 361
36 361
36 361
36 361
36 361
36 361
36 361
36 361
36 361
36 361
36 361
36 361
36 361
36 361
58 1144
58 1144
58 1144
42 808
42 808
42 808
42 808
42 808
42 808
42 808
42 808
42 808
42 808
42 808
42 808
42 808
42 808
42 808
42 808
42 808
42 808
42 808
42 808
42 808
42 808
42 808
42 808
42 808
39 366
39 366
39 366
39 366
39 366
39 366
39 366
39 366
39 366
39 366
39 366
39 366
39 366
39 366
39 366
39 366
39 366
39 366
39 366
39 366
39 366
39 366
40 368
40 368
40 368
40 368
40 368
40 368
40 368
40 368
40 368
40 368
40 368
40 368
40 368
40 368
40 368
40 368
40 368
40 368
64 1143
64 1143
64 1143
64 1143
64 1143
64 1143
64 1143
64 1143
64 1143
64 1143
64 1143
64 1143
64 1143
64 1143
64 1143
64 1143
64 1143
64 1143
64 1143
64 1143
63 1173
63 1173
63 1173
63 1173
63 1173
63 1173
63 1173
63 1173
63 1173
63 1173
63 1173
63 1173
48 840
48 840
48 840
48 840
48 840
48 840
48 840
48 840
48 840
48 840
48 840
48 840
48 840
49 377
49 377
49 377
49 377
51 378
51 378
51 378
51 378
51 378
51 378
51 378
51 378
51 378
51 378
51 378
51 378
51 378
51 378
51 378
51 378
51 378
51 378
51 378
52 374
52 374
52 374
52 374
52 374
52 374
52 374
52 374
52 374
52 374
52 374
52 374
52 374
52 374
52 374
52 374
52 374
52 374
52 374
52 374
52 374
52 374
52 374
52 374
52 374
52 374
52 374
6 847
6 847
6 847
6 847
6 847
6 847
6 847
6 847
6 847
6 847
6 847
6 847
6 847
6 847
6 847
6 847
6 847
6 847
6 847
6 847
6 847
7 840
7 840
7 840
7 840
7 840
7 840
7 840
7 840
7 840
7 840
7 840
7 840
7 840
7 840
7 840
7 840
74 1185
74 1185
9 848
9 848
9 848
9 848
9 848
9 848
9 848
9 848
9 848
56 381
56 381
56 381
56 381
56 381
56 381
56 381
12 823
12 823
12 823
12 823
12 823
12 823
12 823
12 823
12 823
12 823
12 823
12 823
12 823
12 823
12 823
12 823
12 823
12 823
12 823
12 823
12 823
12 823
12 823
12 823
12 823
12 823
12 823
12 823
12 823
28 1182
28 1182
28 1182
28 1182
28 1182
28 1182
28 1182
28 1182
28 1182
28 1182
28 1182
28 1182
28 1182
28 1182
28 1182
28 1182
28 1182
28 1182
28 1182
28 1182
28 1182
28 1182
28 1182
28 1182
65 860
65 860
65 860
65 860
65 860
65 860
65 860
65 860
65 860
65 860
65 860
65 860
65 860
65 860
65 860
65 860
65 860
65 860
65 860
65 860
65 860
65 860
65 860
65 860
65 860
65 860
65 860
65 860
66 855
66 855
66 855
66 855
66 855
66 855
66 855
66 855
66 855
66 855
66 855
66 855
66 855
66 855
66 855
66 855
66 855
66 855
66 855
66 855
66 855
66 855
66 855
18 862
18 862
18 862
18 862
18 862
18 862
18 862
18 862
18 862
18 862
18 862
79 1279
79 1279
79 1279
79 1279
79 1279
80 1274
80 1274
80 1274
80 1274
80 1274
80 1274
80 1274
80 1274
80 1274
80 1274
80 1274
80 1274
80 1274
80 1274
80 1274
23 847
23 847
23 847
23 847
23 847
23 847
23 847
23 847
23 847
23 847
37 1252
37 1252
37 1252
37 1252
37 1252
37 1252
37 1252
37 1252
30 396
31 389
31 389
31 389
31 389
31 389
31 389
31 389
31 389
31 389
31 389
31 389
31 389
31 389
31 389
31 389
31 389
31 389
31 389
31 389
31 389
31 389
31 389
31 389
31 389
31 389
31 389
33 394
33 394
33 394
33 394
33 394
33 394
33 394
33 394
33 394
33 394
33 394
33 394
33 394
33 394
33 394
33 394
33 394
33 394
33 394
33 394
33 394
33 394
33 394
33 394
33 394
33 394
33 394
33 394
33 394
33 394
36 377
36 377
36 377
36 377
36 377
36 377
36 377
36 377
36 377
36 377
36 377
36 377
36 377
36 377
39 410
39 410
39 410
39 410
39 410
39 410
39 410
39 410
39 410
39 410
39 410
39 410
39 410
39 410
39 410
39 410
39 410
39 410
39 410
39 410
39 410
39 410
40 408
40 408
40 408
40 408
40 408
40 408
40 408
40 408
40 408
40 408
40 408
40 408
40 408
40 408
40 408
40 408
40 408
40 408
42 897
42 897
42 897
42 897
42 897
42 897
42 897
42 897
42 897
42 897
42 897
42 897
42 897
42 897
42 897
42 897
42 897
42 897
42 897
42 897
42 897
42 897
42 897
42 897
42 897
48 879
48 879
48 879
48 879
48 879
48 879
48 879
48 879
48 879
48 879
48 879
48 879
48 879
49 386
49 386
49 386
49 386
57 1354
57 1354
57 1354
57 1354
57 1354
57 1354
51 416
51 416
51 416
51 416
51 416
51 416
51 416
51 416
51 416
51 416
51 416
51 416
51 416
51 416
51 416
51 416
51 416
51 416
51 416
58 1355
58 1355
58 1355
52 421
52 421
52 421
52 421
52 421
52 421
52 421
52 421
52 421
52 421
52 421
52 421
52 421
52 421
52 421
52 421
52 421
52 421
52 421
52 421
52 421
52 421
52 421
52 421
52 421
52 421
52 421
61 1356
61 1356
61 1356
61 1356
61 1356
61 1356
61 1356
61 1356
61 1356
61 1356
61 1356
61 1356
61 1356
61 1356
61 1356
61 1356
61 1356
63 1363
63 1363
63 1363
63 1363
63 1363
63 1363
63 1363
63 1363
63 1363
63 1363
63 1363
63 1363
64 1361
64 1361
64 1361
64 1361
64 1361
64 1361
64 1361
64 1361
64 1361
64 1361
64 1361
64 1361
64 1361
64 1361
64 1361
64 1361
64 1361
64 1361
64 1361
64 1361
56 462
56 462
56 462
56 462
56 462
56 462
56 462
66 895
66 895
66 895
66 895
66 895
66 895
66 895
66 895
66 895
66 895
66 895
66 895
66 895
66 895
66 895
66 895
66 895
66 895
66 895
66 895
66 895
66 895
66 895
65 926
65 926
65 926
65 926
65 926
65 926
65 926
65 926
65 926
65 926
65 926
65 926
65 926
65 926
65 926
65 926
65 926
65 926
65 926
65 926
65 926
65 926
65 926
65 926
65 926
65 926
65 926
65 926
74 1399
74 1399
80 1398
80 1398
80 1398
80 1398
80 1398
80 1398
80 1398
80 1398
80 1398
80 1398
80 1398
80 1398
80 1398
80 1398
80 1398
