3 192
3 192
3 192
13 94
13 94
13 94
13 94
13 94
13 94
13 94
13 94
13 94
13 94
13 94
13 94
13 94
13 94
13 94
13 94
13 94
13 94
13 94
13 94
13 94
13 94
13 94
13 94
13 94
13 94
13 94
13 94
13 94
13 94
4 197
4 197
4 197
4 197
4 197
4 197
4 197
4 197
11 141
11 141
11 141
11 141
11 141
11 141
11 141
11 141
11 141
11 141
11 141
11 141
11 141
11 141
11 141
15 107
15 107
15 107
15 107
15 107
15 107
15 107
15 107
15 107
15 107
10 159
10 159
10 159
10 159
10 159
10 159
10 159
10 159
10 159
10 159
10 159
10 159
10 159
10 159
10 159
10 159
10 159
10 159
10 159
10 159
10 159
10 159
10 159
10 159
10 159
10 159
28 63
28 63
28 63
28 63
28 63
28 63
28 63
28 63
28 63
28 63
28 63
28 63
28 63
28 63
28 63
28 63
28 63
28 63
28 63
28 63
28 63
33 104
33 104
33 104
33 104
33 104
33 104
33 104
33 104
33 104
33 104
33 104
33 104
37 76
37 76
37 76
37 76
37 76
37 76
37 76
37 76
37 76
37 76
37 76
37 76
37 76
37 76
37 76
37 76
37 76
37 76
37 76
37 76
37 76
37 76
37 76
37 76
37 76
37 76
37 76
34 132
34 132
34 132
34 132
34 132
34 132
34 132
34 132
34 132
34 132
34 132
34 132
34 132
34 132
34 132
34 132
38 103
38 103
38 103
38 103
38 103
38 103
38 103
38 103
38 103
38 103
38 103
38 103
38 103
38 103
38 103
38 103
38 103
38 103
38 103
38 103
38 103
38 103
38 103
38 103
38 103
38 103
38 103
38 103
38 103
42 117
42 117
42 117
42 117
42 117
42 117
44 184
44 184
44 184
44 184
44 184
44 184
44 184
44 184
44 184
44 184
44 184
45 217
45 217
49 183
10 83
10 83
10 83
10 83
10 83
10 83
10 83
10 83
10 83
10 83
10 83
10 83
10 83
10 83
10 83
10 83
10 83
10 83
10 83
10 83
10 83
10 83
10 83
10 83
10 83
10 83
11 76
11 76
11 76
11 76
11 76
11 76
11 76
11 76
11 76
11 76
11 76
11 76
11 76
11 76
11 76
46 227
46 227
46 227
46 227
46 227
51 184
51 184
51 184
51 184
51 184
51 184
51 184
3 175
3 175
3 175
4 178
4 178
4 178
4 178
4 178
4 178
4 178
4 178
15 85
15 85
15 85
15 85
15 85
15 85
15 85
15 85
15 85
15 85
17 78
17 78
17 78
17 78
17 78
17 78
17 78
17 78
17 78
17 78
17 78
17 78
17 78
17 78
17 78
17 78
17 78
17 78
17 78
17 78
17 78
17 78
17 78
17 78
17 78
17 78
17 78
17 78
57 210
57 210
57 210
57 210
28 62
28 62
28 62
28 62
28 62
28 62
28 62
28 62
28 62
28 62
28 62
28 62
28 62
28 62
28 62
28 62
28 62
28 62
28 62
28 62
28 62
13 223
13 223
13 223
13 223
13 223
13 223
13 223
13 223
13 223
13 223
13 223
13 223
13 223
13 223
13 223
13 223
13 223
13 223
13 223
13 223
13 223
13 223
13 223
13 223
13 223
13 223
13 223
13 223
13 223
13 223
33 108
33 108
33 108
33 108
33 108
33 108
33 108
33 108
33 108
33 108
33 108
33 108
34 101
34 101
34 101
34 101
34 101
34 101
34 101
34 101
34 101
34 101
34 101
34 101
34 101
34 101
34 101
34 101
37 105
37 105
37 105
37 105
37 105
37 105
37 105
37 105
37 105
37 105
37 105
37 105
37 105
37 105
37 105
37 105
37 105
37 105
37 105
37 105
37 105
37 105
37 105
37 105
37 105
37 105
37 105
38 96
38 96
38 96
38 96
38 96
38 96
38 96
38 96
38 96
38 96
38 96
38 96
38 96
38 96
38 96
38 96
38 96
38 96
38 96
38 96
38 96
38 96
38 96
38 96
38 96
38 96
38 96
38 96
38 96
36 899
36 899
36 899
36 899
36 899
36 899
36 899
36 899
36 899
36 899
36 899
36 899
36 899
36 899
36 899
36 899
36 899
36 400
36 400
36 400
36 400
36 400
36 400
36 400
36 400
36 400
36 400
36 400
36 400
36 400
36 400
36 400
36 400
36 400
10 262
10 262
10 262
10 262
10 262
10 262
10 262
10 262
10 262
10 262
10 262
10 262
10 262
10 262
10 262
10 262
10 262
10 262
10 262
10 262
10 262
10 262
10 262
10 262
10 262
10 262
11 300
11 300
11 300
11 300
11 300
11 300
11 300
11 300
11 300
11 300
11 300
11 300
11 300
11 300
11 300
42 588
42 588
42 588
42 588
42 588
42 588
44 571
44 571
44 571
44 571
44 571
44 571
44 571
44 571
44 571
44 571
44 571
45 564
45 564
46 564
46 564
46 564
46 564
46 564
49 537
51 524
51 524
51 524
51 524
51 524
51 524
51 524
3 533
3 533
3 533
4 535
4 535
4 535
4 535
4 535
4 535
4 535
4 535
57 529
57 529
57 529
57 529
13 527
13 527
13 527
13 527
13 527
13 527
13 527
13 527
13 527
13 527
13 527
13 527
13 527
13 527
13 527
13 527
13 527
13 527
13 527
13 527
13 527
13 527
13 527
13 527
13 527
13 527
13 527
13 527
13 527
13 527
17 524
17 524
17 524
17 524
17 524
17 524
17 524
17 524
17 524
17 524
17 524
17 524
17 524
17 524
17 524
17 524
17 524
17 524
17 524
17 524
17 524
17 524
17 524
17 524
17 524
17 524
17 524
17 524
15 545
15 545
15 545
15 545
15 545
15 545
15 545
15 545
15 545
15 545
28 416
28 416
28 416
28 416
28 416
28 416
28 416
28 416
28 416
28 416
28 416
28 416
28 416
28 416
28 416
28 416
28 416
28 416
28 416
28 416
28 416
33 366
33 366
33 366
33 366
33 366
33 366
33 366
33 366
33 366
33 366
33 366
33 366
34 357
34 357
34 357
34 357
34 357
34 357
34 357
34 357
34 357
34 357
34 357
34 357
34 357
34 357
34 357
34 357
36 337
36 337
36 337
36 337
36 337
36 337
36 337
36 337
36 337
36 337
36 337
36 337
36 337
36 337
36 337
36 337
36 337
37 327
37 327
37 327
37 327
37 327
37 327
37 327
37 327
37 327
37 327
37 327
37 327
37 327
37 327
37 327
37 327
37 327
37 327
37 327
37 327
37 327
37 327
37 327
37 327
37 327
37 327
37 327
38 318
38 318
38 318
38 318
38 318
38 318
38 318
38 318
38 318
38 318
38 318
38 318
38 318
38 318
38 318
38 318
38 318
38 318
38 318
38 318
38 318
38 318
38 318
38 318
38 318
38 318
38 318
38 318
38 318
10 151
10 151
10 151
10 151
10 151
10 151
10 151
10 151
10 151
10 151
10 151
10 151
10 151
10 151
10 151
10 151
10 151
10 151
10 151
10 151
10 151
10 151
10 151
10 151
10 151
10 151
11 176
11 176
11 176
11 176
11 176
11 176
11 176
11 176
11 176
11 176
11 176
11 176
11 176
11 176
11 176
15 159
15 159
15 159
15 159
15 159
15 159
15 159
15 159
15 159
15 159
17 146
17 146
17 146
17 146
17 146
17 146
17 146
17 146
17 146
17 146
17 146
17 146
17 146
17 146
17 146
17 146
17 146
17 146
17 146
17 146
17 146
17 146
17 146
17 146
17 146
17 146
17 146
17 146
28 135
28 135
28 135
28 135
28 135
28 135
28 135
28 135
28 135
28 135
28 135
28 135
28 135
28 135
28 135
28 135
28 135
28 135
28 135
28 135
28 135
33 132
33 132
33 132
33 132
33 132
33 132
33 132
33 132
33 132
33 132
33 132
33 132
36 143
36 143
36 143
36 143
36 143
36 143
36 143
36 143
36 143
36 143
36 143
36 143
36 143
36 143
36 143
36 143
36 143
34 172
34 172
34 172
34 172
34 172
34 172
34 172
34 172
34 172
34 172
34 172
34 172
34 172
34 172
34 172
34 172
38 136
38 136
38 136
38 136
38 136
38 136
38 136
38 136
38 136
38 136
38 136
38 136
38 136
38 136
38 136
38 136
38 136
38 136
38 136
38 136
38 136
38 136
38 136
38 136
38 136
38 136
38 136
38 136
38 136
37 164
37 164
37 164
37 164
37 164
37 164
37 164
37 164
37 164
37 164
37 164
37 164
37 164
37 164
37 164
37 164
37 164
37 164
37 164
37 164
37 164
37 164
37 164
37 164
37 164
37 164
37 164
42 621
42 621
42 621
42 621
42 621
42 621
44 624
44 624
44 624
44 624
44 624
44 624
44 624
44 624
44 624
44 624
44 624
45 620
45 620
46 621
46 621
46 621
46 621
46 621
49 626
51 642
51 642
51 642
51 642
51 642
51 642
51 642
3 684
3 684
3 684
4 717
4 717
4 717
4 717
4 717
4 717
4 717
4 717
57 697
57 697
57 697
57 697
11 177
11 177
11 177
11 177
11 177
11 177
11 177
11 177
11 177
11 177
11 177
11 177
11 177
11 177
11 177
10 197
10 197
10 197
10 197
10 197
10 197
10 197
10 197
10 197
10 197
10 197
10 197
10 197
10 197
10 197
10 197
10 197
10 197
10 197
10 197
10 197
10 197
10 197
10 197
10 197
10 197
15 167
15 167
15 167
15 167
15 167
15 167
15 167
15 167
15 167
15 167
17 150
17 150
17 150
17 150
17 150
17 150
17 150
17 150
17 150
17 150
17 150
17 150
17 150
17 150
17 150
17 150
17 150
17 150
17 150
17 150
17 150
17 150
17 150
17 150
17 150
17 150
17 150
17 150
13 724
13 724
13 724
13 724
13 724
13 724
13 724
13 724
13 724
13 724
13 724
13 724
13 724
13 724
13 724
13 724
13 724
13 724
13 724
13 724
13 724
13 724
13 724
13 724
13 724
13 724
13 724
13 724
13 724
13 724
65 1716
65 1716
65 1716
65 1716
65 1716
65 1716
65 1716
65 1716
65 1716
65 1716
65 1716
65 1716
65 1716
65 1716
65 1716
65 1716
65 1716
65 1716
65 1716
65 1716
65 1716
65 1716
65 1716
65 1716
60 1773
60 1773
60 1773
60 1773
60 1773
60 1773
60 1773
60 1773
60 1773
60 1773
60 1773
60 1773
60 1773
60 1773
60 1773
60 1773
60 1773
60 1773
60 1773
60 1773
60 1773
60 1773
60 1773
60 1773
60 1773
62 1753
62 1753
62 1753
62 1753
62 1753
62 1753
62 1753
62 1753
62 1753
62 1753
62 1753
62 1753
62 1753
62 1753
62 1753
62 1753
62 1753
62 1753
62 1753
62 1753
74 637
74 637
74 637
74 637
74 637
74 637
74 637
74 637
74 637
74 637
74 637
74 637
74 637
74 637
74 637
74 637
74 637
74 637
74 637
74 637
74 637
74 637
74 637
76 627
76 627
76 627
76 627
76 627
76 627
76 627
76 627
76 627
76 627
76 627
76 627
76 627
76 627
76 627
76 627
76 627
76 627
76 627
76 627
76 627
76 627
77 629
77 629
77 629
77 629
77 629
77 629
77 629
77 629
77 629
77 629
77 629
77 629
77 629
81 645
81 645
81 645
81 645
81 645
81 645
81 645
81 645
81 645
81 645
81 645
81 645
81 645
81 645
81 645
81 645
81 645
81 645
81 645
28 223
28 223
28 223
28 223
28 223
28 223
28 223
28 223
28 223
28 223
28 223
28 223
28 223
28 223
28 223
28 223
28 223
28 223
28 223
28 223
28 223
33 206
33 206
33 206
33 206
33 206
33 206
33 206
33 206
33 206
33 206
33 206
33 206
34 207
34 207
34 207
34 207
34 207
34 207
34 207
34 207
34 207
34 207
34 207
34 207
34 207
34 207
34 207
34 207
36 201
36 201
36 201
36 201
36 201
36 201
36 201
36 201
36 201
36 201
36 201
36 201
36 201
36 201
36 201
36 201
36 201
37 289
37 289
37 289
37 289
37 289
37 289
37 289
37 289
37 289
37 289
37 289
37 289
37 289
37 289
37 289
37 289
37 289
37 289
37 289
37 289
37 289
37 289
37 289
37 289
37 289
37 289
37 289
38 280
38 280
38 280
38 280
38 280
38 280
38 280
38 280
38 280
38 280
38 280
38 280
38 280
38 280
38 280
38 280
38 280
38 280
38 280
38 280
38 280
38 280
38 280
38 280
38 280
38 280
38 280
38 280
38 280
42 834
42 834
42 834
42 834
42 834
42 834
10 185
10 185
10 185
10 185
10 185
10 185
10 185
10 185
10 185
10 185
10 185
10 185
10 185
10 185
10 185
10 185
10 185
10 185
10 185
10 185
10 185
10 185
10 185
10 185
10 185
10 185
44 847
44 847
44 847
44 847
44 847
44 847
44 847
44 847
44 847
44 847
44 847
45 838
45 838
46 842
46 842
46 842
46 842
46 842
11 194
11 194
11 194
11 194
11 194
11 194
11 194
11 194
11 194
11 194
11 194
11 194
11 194
11 194
11 194
49 846
60 749
60 749
60 749
60 749
60 749
60 749
60 749
60 749
60 749
60 749
60 749
60 749
60 749
60 749
60 749
60 749
60 749
60 749
60 749
60 749
60 749
60 749
60 749
60 749
60 749
51 850
51 850
51 850
51 850
51 850
51 850
51 850
62 742
62 742
62 742
62 742
62 742
62 742
62 742
62 742
62 742
62 742
62 742
62 742
62 742
62 742
62 742
62 742
62 742
62 742
62 742
62 742
15 223
15 223
15 223
15 223
15 223
15 223
15 223
15 223
15 223
15 223
3 848
3 848
3 848
64 752
64 752
64 752
64 752
64 752
64 752
64 752
64 752
64 752
65 742
65 742
65 742
65 742
65 742
65 742
65 742
65 742
65 742
65 742
65 742
65 742
65 742
65 742
65 742
65 742
65 742
65 742
65 742
65 742
65 742
65 742
65 742
65 742
4 860
4 860
4 860
4 860
4 860
4 860
4 860
4 860
17 232
17 232
17 232
17 232
17 232
17 232
17 232
17 232
17 232
17 232
17 232
17 232
17 232
17 232
17 232
17 232
17 232
17 232
17 232
17 232
17 232
17 232
17 232
17 232
17 232
17 232
17 232
17 232
57 878
57 878
57 878
57 878
28 192
28 192
28 192
28 192
28 192
28 192
28 192
28 192
28 192
28 192
28 192
28 192
28 192
28 192
28 192
28 192
28 192
28 192
28 192
28 192
28 192
69 805
69 805
69 805
69 805
69 805
69 805
69 805
69 805
69 805
69 805
69 805
69 805
69 805
69 805
74 765
74 765
74 765
74 765
74 765
74 765
74 765
74 765
74 765
74 765
74 765
74 765
74 765
74 765
74 765
74 765
74 765
74 765
74 765
74 765
74 765
74 765
74 765
13 875
13 875
13 875
13 875
13 875
13 875
13 875
13 875
13 875
13 875
13 875
13 875
13 875
13 875
13 875
13 875
13 875
13 875
13 875
13 875
13 875
13 875
13 875
13 875
13 875
13 875
13 875
13 875
13 875
13 875
76 767
76 767
76 767
76 767
76 767
76 767
76 767
76 767
76 767
76 767
76 767
76 767
76 767
76 767
76 767
76 767
76 767
76 767
76 767
76 767
76 767
76 767
33 236
33 236
33 236
33 236
33 236
33 236
33 236
33 236
33 236
33 236
33 236
33 236
77 798
77 798
77 798
77 798
77 798
77 798
77 798
77 798
77 798
77 798
77 798
77 798
77 798
34 252
34 252
34 252
34 252
34 252
34 252
34 252
34 252
34 252
34 252
34 252
34 252
34 252
34 252
34 252
34 252
81 786
81 786
81 786
81 786
81 786
81 786
81 786
81 786
81 786
81 786
81 786
81 786
81 786
81 786
81 786
81 786
81 786
81 786
81 786
36 241
36 241
36 241
36 241
36 241
36 241
36 241
36 241
36 241
36 241
36 241
36 241
36 241
36 241
36 241
36 241
36 241
37 238
37 238
37 238
37 238
37 238
37 238
37 238
37 238
37 238
37 238
37 238
37 238
37 238
37 238
37 238
37 238
37 238
37 238
37 238
37 238
37 238
37 238
37 238
37 238
37 238
37 238
37 238
38 292
38 292
38 292
38 292
38 292
38 292
38 292
38 292
38 292
38 292
38 292
38 292
38 292
38 292
38 292
38 292
38 292
38 292
38 292
38 292
38 292
38 292
38 292
38 292
38 292
38 292
38 292
38 292
38 292
10 256
10 256
10 256
10 256
10 256
10 256
10 256
10 256
10 256
10 256
10 256
10 256
10 256
10 256
10 256
10 256
10 256
10 256
10 256
10 256
10 256
10 256
10 256
10 256
10 256
10 256
11 251
11 251
11 251
11 251
11 251
11 251
11 251
11 251
11 251
11 251
11 251
11 251
11 251
11 251
11 251
83 1535
83 1535
83 1535
83 1535
83 1535
83 1535
83 1535
83 1535
83 1535
83 1535
83 1535
83 1535
83 1535
83 1535
83 1535
83 1535
83 1535
83 1535
83 1036
83 1036
83 1036
83 1036
83 1036
83 1036
83 1036
83 1036
83 1036
83 1036
83 1036
83 1036
83 1036
83 1036
83 1036
83 1036
83 1036
83 1036
15 240
15 240
15 240
15 240
15 240
15 240
15 240
15 240
15 240
15 240
60 813
60 813
60 813
60 813
60 813
60 813
60 813
60 813
60 813
60 813
60 813
60 813
60 813
60 813
60 813
60 813
60 813
60 813
60 813
60 813
60 813
60 813
60 813
60 813
60 813
17 249
17 249
17 249
17 249
17 249
17 249
17 249
17 249
17 249
17 249
17 249
17 249
17 249
17 249
17 249
17 249
17 249
17 249
17 249
17 249
17 249
17 249
17 249
17 249
17 249
17 249
17 249
17 249
42 1017
42 1017
42 1017
42 1017
42 1017
42 1017
62 841
62 841
62 841
62 841
62 841
62 841
62 841
62 841
62 841
62 841
62 841
62 841
62 841
62 841
62 841
62 841
62 841
62 841
62 841
62 841
44 1038
44 1038
44 1038
44 1038
44 1038
44 1038
44 1038
44 1038
44 1038
44 1038
44 1038
64 851
64 851
64 851
64 851
64 851
64 851
64 851
64 851
64 851
65 853
65 853
65 853
65 853
65 853
65 853
65 853
65 853
65 853
65 853
65 853
65 853
65 853
65 853
65 853
65 853
65 853
65 853
65 853
65 853
65 853
65 853
65 853
65 853
28 224
28 224
28 224
28 224
28 224
28 224
28 224
28 224
28 224
28 224
28 224
28 224
28 224
28 224
28 224
28 224
28 224
28 224
28 224
28 224
28 224
46 1045
46 1045
46 1045
46 1045
46 1045
69 846
69 846
69 846
69 846
69 846
69 846
69 846
69 846
69 846
69 846
69 846
69 846
69 846
69 846
45 1089
45 1089
49 1072
74 836
74 836
74 836
74 836
74 836
74 836
74 836
74 836
74 836
74 836
74 836
74 836
74 836
74 836
74 836
74 836
74 836
74 836
74 836
74 836
74 836
74 836
74 836
51 1075
51 1075
51 1075
51 1075
51 1075
51 1075
51 1075
76 825
76 825
76 825
76 825
76 825
76 825
76 825
76 825
76 825
76 825
76 825
76 825
76 825
76 825
76 825
76 825
76 825
76 825
76 825
76 825
76 825
76 825
77 816
77 816
77 816
77 816
77 816
77 816
77 816
77 816
77 816
77 816
77 816
77 816
77 816
34 271
34 271
34 271
34 271
34 271
34 271
34 271
34 271
34 271
34 271
34 271
34 271
34 271
34 271
34 271
34 271
33 283
33 283
33 283
33 283
33 283
33 283
33 283
33 283
33 283
33 283
33 283
33 283
3 1091
3 1091
3 1091
4 1111
4 1111
4 1111
4 1111
4 1111
4 1111
4 1111
4 1111
81 850
81 850
81 850
81 850
81 850
81 850
81 850
81 850
81 850
81 850
81 850
81 850
81 850
81 850
81 850
81 850
81 850
81 850
81 850
36 304
36 304
36 304
36 304
36 304
36 304
36 304
36 304
36 304
36 304
36 304
36 304
36 304
36 304
36 304
36 304
36 304
37 296
37 296
37 296
37 296
37 296
37 296
37 296
37 296
37 296
37 296
37 296
37 296
37 296
37 296
37 296
37 296
37 296
37 296
37 296
37 296
37 296
37 296
37 296
37 296
37 296
37 296
37 296
38 293
38 293
38 293
38 293
38 293
38 293
38 293
38 293
38 293
38 293
38 293
38 293
38 293
38 293
38 293
38 293
38 293
38 293
38 293
38 293
38 293
38 293
38 293
38 293
38 293
38 293
38 293
38 293
38 293
83 853
83 853
83 853
83 853
83 853
83 853
83 853
83 853
83 853
83 853
83 853
83 853
83 853
83 853
83 853
83 853
83 853
83 853
57 1167
57 1167
57 1167
57 1167
13 1188
13 1188
13 1188
13 1188
13 1188
13 1188
13 1188
13 1188
13 1188
13 1188
13 1188
13 1188
13 1188
13 1188
13 1188
13 1188
13 1188
13 1188
13 1188
13 1188
13 1188
13 1188
13 1188
13 1188
13 1188
13 1188
13 1188
13 1188
13 1188
13 1188
10 249
10 249
10 249
10 249
10 249
10 249
10 249
10 249
10 249
10 249
10 249
10 249
10 249
10 249
10 249
10 249
10 249
10 249
10 249
10 249
10 249
10 249
10 249
10 249
10 249
10 249
11 242
11 242
11 242
11 242
11 242
11 242
11 242
11 242
11 242
11 242
11 242
11 242
11 242
11 242
11 242
15 253
15 253
15 253
15 253
15 253
15 253
15 253
15 253
15 253
15 253
60 894
60 894
60 894
60 894
60 894
60 894
60 894
60 894
60 894
60 894
60 894
60 894
60 894
60 894
60 894
60 894
60 894
60 894
60 894
60 894
60 894
60 894
60 894
60 894
60 894
62 887
62 887
62 887
62 887
62 887
62 887
62 887
62 887
62 887
62 887
62 887
62 887
62 887
62 887
62 887
62 887
62 887
62 887
62 887
62 887
64 895
64 895
64 895
64 895
64 895
64 895
64 895
64 895
64 895
17 402
17 402
17 402
17 402
17 402
17 402
17 402
17 402
17 402
17 402
17 402
17 402
17 402
17 402
17 402
17 402
17 402
17 402
17 402
17 402
17 402
17 402
17 402
17 402
17 402
17 402
17 402
17 402
28 294
28 294
28 294
28 294
28 294
28 294
28 294
28 294
28 294
28 294
28 294
28 294
28 294
28 294
28 294
28 294
28 294
28 294
28 294
28 294
28 294
65 927
65 927
65 927
65 927
65 927
65 927
65 927
65 927
65 927
65 927
65 927
65 927
65 927
65 927
65 927
65 927
65 927
65 927
65 927
65 927
65 927
65 927
65 927
65 927
69 930
69 930
69 930
69 930
69 930
69 930
69 930
69 930
69 930
69 930
69 930
69 930
69 930
69 930
33 295
33 295
33 295
33 295
33 295
33 295
33 295
33 295
33 295
33 295
33 295
33 295
34 287
34 287
34 287
34 287
34 287
34 287
34 287
34 287
34 287
34 287
34 287
34 287
34 287
34 287
34 287
34 287
36 278
36 278
36 278
36 278
36 278
36 278
36 278
36 278
36 278
36 278
36 278
36 278
36 278
36 278
36 278
36 278
36 278
37 281
37 281
37 281
37 281
37 281
37 281
37 281
37 281
37 281
37 281
37 281
37 281
37 281
37 281
37 281
37 281
37 281
37 281
37 281
37 281
37 281
37 281
37 281
37 281
37 281
37 281
37 281
74 920
74 920
74 920
74 920
74 920
74 920
74 920
74 920
74 920
74 920
74 920
74 920
74 920
74 920
74 920
74 920
74 920
74 920
74 920
74 920
74 920
74 920
74 920
76 910
76 910
76 910
76 910
76 910
76 910
76 910
76 910
76 910
76 910
76 910
76 910
76 910
76 910
76 910
76 910
76 910
76 910
76 910
76 910
76 910
76 910
38 313
38 313
38 313
38 313
38 313
38 313
38 313
38 313
38 313
38 313
38 313
38 313
38 313
38 313
38 313
38 313
38 313
38 313
38 313
38 313
38 313
38 313
38 313
38 313
38 313
38 313
38 313
38 313
38 313
77 973
77 973
77 973
77 973
77 973
77 973
77 973
77 973
77 973
77 973
77 973
77 973
77 973
81 955
81 955
81 955
81 955
81 955
81 955
81 955
81 955
81 955
81 955
81 955
81 955
81 955
81 955
81 955
81 955
81 955
81 955
81 955
83 942
83 942
83 942
83 942
83 942
83 942
83 942
83 942
83 942
83 942
83 942
83 942
83 942
83 942
83 942
83 942
83 942
83 942
45 1325
45 1325
42 1357
42 1357
42 1357
42 1357
42 1357
42 1357
49 1308
44 1393
44 1393
44 1393
44 1393
44 1393
44 1393
44 1393
44 1393
44 1393
44 1393
44 1393
46 1379
46 1379
46 1379
46 1379
46 1379
51 1352
51 1352
51 1352
51 1352
51 1352
51 1352
51 1352
57 1348
57 1348
57 1348
57 1348
