10 56
10 56
10 56
10 56
10 56
10 56
10 56
10 56
10 56
10 56
10 56
10 56
10 56
10 56
12 45
12 45
12 45
12 45
12 45
12 45
12 45
12 45
12 45
12 45
12 45
12 45
12 45
12 45
12 45
12 45
12 45
12 45
12 45
12 45
12 45
12 45
12 45
12 45
12 45
12 45
12 45
12 45
3 139
3 139
3 139
3 139
3 139
3 139
3 139
3 139
3 139
17 21
17 21
17 21
17 21
17 21
18 16
18 16
18 16
18 16
18 16
18 16
18 16
18 16
18 16
18 16
18 16
18 16
18 16
18 16
18 16
18 16
18 16
18 16
18 16
18 16
18 16
18 16
18 16
18 16
18 16
18 16
18 16
18 16
18 16
28 20
28 20
28 20
28 20
28 20
28 20
32 25
32 25
32 25
32 25
32 25
32 25
32 25
32 25
32 25
32 25
32 25
32 25
32 25
32 25
32 25
32 25
32 25
32 25
32 25
32 25
32 25
32 25
32 25
32 25
32 25
32 25
38 22
38 22
38 22
38 22
38 22
38 22
38 22
38 22
38 22
38 22
38 22
38 22
38 22
38 22
38 22
40 20
40 20
40 20
40 20
40 20
40 20
40 20
40 20
40 20
40 20
40 20
40 20
40 20
43 13
43 13
43 13
43 13
43 13
43 13
43 13
43 13
43 13
43 13
43 13
51 63
51 63
51 63
51 63
51 63
51 63
51 63
51 63
51 63
51 63
51 63
51 63
51 63
51 63
51 63
51 63
51 63
51 63
51 63
51 63
51 63
51 63
51 63
51 63
52 56
52 56
52 56
52 56
52 56
52 56
52 56
52 56
52 56
52 56
52 56
52 56
52 56
52 56
52 56
52 56
52 56
52 56
52 56
52 56
52 56
52 56
56 28
56 28
56 28
56 28
56 28
56 28
56 28
56 28
56 28
56 28
56 28
56 28
56 28
56 28
56 28
56 28
56 28
58 50
58 50
58 50
58 50
58 50
58 50
58 50
58 50
58 50
58 50
58 50
58 50
58 50
58 50
58 50
58 50
10 42
10 42
10 42
10 42
10 42
10 42
10 42
10 42
10 42
10 42
10 42
10 42
10 42
10 42
62 30
12 32
12 32
12 32
12 32
12 32
12 32
12 32
12 32
12 32
12 32
12 32
12 32
12 32
12 32
12 32
12 32
12 32
12 32
12 32
12 32
12 32
12 32
12 32
12 32
12 32
12 32
12 32
12 32
17 43
17 43
17 43
17 43
17 43
18 35
18 35
18 35
18 35
18 35
18 35
18 35
18 35
18 35
18 35
18 35
18 35
18 35
18 35
18 35
18 35
18 35
18 35
18 35
18 35
18 35
18 35
18 35
18 35
18 35
18 35
18 35
18 35
18 35
3 193
3 193
3 193
3 193
3 193
3 193
3 193
3 193
3 193
71 46
71 46
71 46
71 46
71 46
71 46
71 46
71 46
71 46
71 46
71 46
71 46
71 46
71 46
71 46
71 46
71 46
71 46
71 46
71 46
71 46
28 27
28 27
28 27
28 27
28 27
28 27
76 61
76 61
76 61
32 23
32 23
32 23
32 23
32 23
32 23
32 23
32 23
32 23
32 23
32 23
32 23
32 23
32 23
32 23
32 23
32 23
32 23
32 23
32 23
32 23
32 23
32 23
32 23
32 23
32 23
77 77
77 77
77 77
77 77
77 77
77 77
77 77
77 77
38 21
38 21
38 21
38 21
38 21
38 21
38 21
38 21
38 21
38 21
38 21
38 21
38 21
38 21
38 21
40 42
40 42
40 42
40 42
40 42
40 42
40 42
40 42
40 42
40 42
40 42
40 42
40 42
43 25
43 25
43 25
43 25
43 25
43 25
43 25
43 25
43 25
43 25
43 25
69 280
69 280
69 280
69 280
69 280
69 280
69 280
69 280
69 280
69 280
55 431
55 431
55 431
55 431
55 431
55 431
55 431
55 431
55 431
55 431
55 431
55 431
55 431
55 431
55 431
55 431
55 431
55 431
55 431
55 431
48 574
48 574
48 574
48 574
48 574
48 574
48 574
48 574
48 574
48 574
48 574
48 574
31 845
31 845
31 346
31 346
51 286
51 286
51 286
51 286
51 286
51 286
51 286
51 286
51 286
51 286
51 286
51 286
51 286
51 286
51 286
51 286
51 286
51 286
51 286
51 286
51 286
51 286
51 286
51 286
10 201
10 201
10 201
10 201
10 201
10 201
10 201
10 201
10 201
10 201
10 201
10 201
10 201
10 201
52 304
52 304
52 304
52 304
52 304
52 304
52 304
52 304
52 304
52 304
52 304
52 304
52 304
52 304
52 304
52 304
52 304
52 304
52 304
52 304
52 304
52 304
12 235
12 235
12 235
12 235
12 235
12 235
12 235
12 235
12 235
12 235
12 235
12 235
12 235
12 235
12 235
12 235
12 235
12 235
12 235
12 235
12 235
12 235
12 235
12 235
12 235
12 235
12 235
12 235
54 364
54 364
54 364
54 364
7 1343
7 1343
7 1343
7 1343
7 1343
7 1343
7 1343
7 1343
7 1343
7 1343
7 1343
7 1343
7 1343
7 1343
7 1343
7 1343
7 1343
7 1343
7 843
7 843
7 843
7 843
7 843
7 843
7 843
7 843
7 843
7 843
7 843
7 843
7 843
7 843
7 843
7 843
7 843
7 843
72 715
72 715
72 715
72 715
72 715
72 715
72 715
72 715
72 715
72 715
72 715
72 715
72 715
72 715
72 715
72 715
72 715
72 715
72 715
56 398
56 398
56 398
56 398
56 398
56 398
56 398
56 398
56 398
56 398
56 398
56 398
56 398
56 398
56 398
56 398
56 398
17 330
17 330
17 330
17 330
17 330
18 404
18 404
18 404
18 404
18 404
18 404
18 404
18 404
18 404
18 404
18 404
18 404
18 404
18 404
18 404
18 404
18 404
18 404
18 404
18 404
18 404
18 404
18 404
18 404
18 404
18 404
18 404
18 404
18 404
28 342
28 342
28 342
28 342
28 342
28 342
58 543
58 543
58 543
58 543
58 543
58 543
58 543
58 543
58 543
58 543
58 543
58 543
58 543
58 543
58 543
58 543
62 503
31 330
31 330
32 321
32 321
32 321
32 321
32 321
32 321
32 321
32 321
32 321
32 321
32 321
32 321
32 321
32 321
32 321
32 321
32 321
32 321
32 321
32 321
32 321
32 321
32 321
32 321
32 321
32 321
38 262
38 262
38 262
38 262
38 262
38 262
38 262
38 262
38 262
38 262
38 262
38 262
38 262
38 262
38 262
71 432
71 432
71 432
71 432
71 432
71 432
71 432
71 432
71 432
71 432
71 432
71 432
71 432
71 432
71 432
71 432
71 432
71 432
71 432
71 432
71 432
40 243
40 243
40 243
40 243
40 243
40 243
40 243
40 243
40 243
40 243
40 243
40 243
40 243
76 384
76 384
76 384
77 375
77 375
77 375
77 375
77 375
77 375
77 375
77 375
43 215
43 215
43 215
43 215
43 215
43 215
43 215
43 215
43 215
43 215
43 215
10 57
10 57
10 57
10 57
10 57
10 57
10 57
10 57
10 57
10 57
10 57
10 57
10 57
10 57
12 45
12 45
12 45
12 45
12 45
12 45
12 45
12 45
12 45
12 45
12 45
12 45
12 45
12 45
12 45
12 45
12 45
12 45
12 45
12 45
12 45
12 45
12 45
12 45
12 45
12 45
12 45
12 45
48 690
48 690
48 690
48 690
48 690
48 690
48 690
48 690
48 690
48 690
48 690
48 690
3 645
3 645
3 645
3 645
3 645
3 645
3 645
3 645
3 645
7 607
7 607
7 607
7 607
7 607
7 607
7 607
7 607
7 607
7 607
7 607
7 607
7 607
7 607
7 607
7 607
7 607
7 607
55 643
55 643
55 643
55 643
55 643
55 643
55 643
55 643
55 643
55 643
55 643
55 643
55 643
55 643
55 643
55 643
55 643
55 643
55 643
55 643
17 54
17 54
17 54
17 54
17 54
18 47
18 47
18 47
18 47
18 47
18 47
18 47
18 47
18 47
18 47
18 47
18 47
18 47
18 47
18 47
18 47
18 47
18 47
18 47
18 47
18 47
18 47
18 47
18 47
18 47
18 47
18 47
18 47
18 47
51 293
51 293
51 293
51 293
51 293
51 293
51 293
51 293
51 293
51 293
51 293
51 293
51 293
51 293
51 293
51 293
51 293
51 293
51 293
51 293
51 293
51 293
51 293
51 293
28 32
28 32
28 32
28 32
28 32
28 32
52 298
52 298
52 298
52 298
52 298
52 298
52 298
52 298
52 298
52 298
52 298
52 298
52 298
52 298
52 298
52 298
52 298
52 298
52 298
52 298
52 298
52 298
31 31
31 31
32 28
32 28
32 28
32 28
32 28
32 28
32 28
32 28
32 28
32 28
32 28
32 28
32 28
32 28
32 28
32 28
32 28
32 28
32 28
32 28
32 28
32 28
32 28
32 28
32 28
32 28
54 318
54 318
54 318
54 318
56 309
56 309
56 309
56 309
56 309
56 309
56 309
56 309
56 309
56 309
56 309
56 309
56 309
56 309
56 309
56 309
56 309
58 324
58 324
58 324
58 324
58 324
58 324
58 324
58 324
58 324
58 324
58 324
58 324
58 324
58 324
58 324
58 324
62 305
38 66
38 66
38 66
38 66
38 66
38 66
38 66
38 66
38 66
38 66
38 66
38 66
38 66
38 66
38 66
40 48
40 48
40 48
40 48
40 48
40 48
40 48
40 48
40 48
40 48
40 48
40 48
40 48
43 47
43 47
43 47
43 47
43 47
43 47
43 47
43 47
43 47
43 47
43 47
71 318
71 318
71 318
71 318
71 318
71 318
71 318
71 318
71 318
71 318
71 318
71 318
71 318
71 318
71 318
71 318
71 318
71 318
71 318
71 318
71 318
76 332
76 332
76 332
77 330
77 330
77 330
77 330
77 330
77 330
77 330
77 330
10 38
10 38
10 38
10 38
10 38
10 38
10 38
10 38
10 38
10 38
10 38
10 38
10 38
10 38
12 25
12 25
12 25
12 25
12 25
12 25
12 25
12 25
12 25
12 25
12 25
12 25
12 25
12 25
12 25
12 25
12 25
12 25
12 25
12 25
12 25
12 25
12 25
12 25
12 25
12 25
12 25
12 25
72 936
72 936
72 936
72 936
72 936
72 936
72 936
72 936
72 936
72 936
72 936
72 936
72 936
72 936
72 936
72 936
72 936
72 936
72 936
83 1329
83 1329
83 1329
83 1329
83 1329
83 1329
83 1329
83 1329
83 1329
83 1329
83 1329
83 1329
83 1329
83 1329
83 1329
83 1329
83 1329
83 1329
83 1329
83 1329
83 1329
83 1329
83 1329
83 1329
83 1329
83 833
83 833
83 833
83 833
83 833
83 833
83 833
83 833
83 833
83 833
83 833
83 833
83 833
83 833
83 833
83 833
83 833
83 833
83 833
83 833
83 833
83 833
83 833
83 833
83 833
46 1704
46 1704
46 1704
46 1704
46 1704
46 1704
46 1704
46 1704
46 1704
46 1704
46 1704
46 1704
46 1704
46 1704
46 1704
46 1704
46 1704
46 1704
46 1704
46 1704
46 1704
46 1704
46 1704
46 1209
46 1209
46 1209
46 1209
46 1209
46 1209
46 1209
46 1209
46 1209
46 1209
46 1209
46 1209
46 1209
46 1209
46 1209
46 1209
46 1209
46 1209
46 1209
46 1209
46 1209
46 1209
46 1209
75 1419
75 1419
75 1419
75 1419
75 1419
75 1419
75 1419
17 32
17 32
17 32
17 32
17 32
18 37
18 37
18 37
18 37
18 37
18 37
18 37
18 37
18 37
18 37
18 37
18 37
18 37
18 37
18 37
18 37
18 37
18 37
18 37
18 37
18 37
18 37
18 37
18 37
18 37
18 37
18 37
18 37
18 37
69 1033
69 1033
69 1033
69 1033
69 1033
69 1033
69 1033
69 1033
69 1033
69 1033
57 1675
57 1675
57 1675
57 1675
57 1675
57 1675
57 1675
57 1675
57 1675
57 1675
57 1675
57 1675
57 1675
57 1675
57 1675
57 1675
57 1675
57 1675
57 1675
57 1675
57 1675
57 1675
57 1675
57 1675
57 1675
57 1675
57 1675
57 1210
57 1210
57 1210
57 1210
57 1210
57 1210
57 1210
57 1210
57 1210
57 1210
57 1210
57 1210
57 1210
57 1210
57 1210
57 1210
57 1210
57 1210
57 1210
57 1210
57 1210
57 1210
57 1210
57 1210
57 1210
57 1210
57 1210
46 828
46 828
46 828
46 828
46 828
46 828
46 828
46 828
46 828
46 828
46 828
46 828
46 828
46 828
46 828
46 828
46 828
46 828
46 828
46 828
46 828
46 828
46 828
28 24
28 24
28 24
28 24
28 24
28 24
31 26
31 26
32 24
32 24
32 24
32 24
32 24
32 24
32 24
32 24
32 24
32 24
32 24
32 24
32 24
32 24
32 24
32 24
32 24
32 24
32 24
32 24
32 24
32 24
32 24
32 24
32 24
32 24
51 338
51 338
51 338
51 338
51 338
51 338
51 338
51 338
51 338
51 338
51 338
51 338
51 338
51 338
51 338
51 338
51 338
51 338
51 338
51 338
51 338
51 338
51 338
51 338
52 335
52 335
52 335
52 335
52 335
52 335
52 335
52 335
52 335
52 335
52 335
52 335
52 335
52 335
52 335
52 335
52 335
52 335
52 335
52 335
52 335
52 335
54 348
54 348
54 348
54 348
38 13
38 13
38 13
38 13
38 13
38 13
38 13
38 13
38 13
38 13
38 13
38 13
38 13
38 13
38 13
3 883
3 883
3 883
3 883
3 883
3 883
3 883
3 883
3 883
56 355
56 355
56 355
56 355
56 355
56 355
56 355
56 355
56 355
56 355
56 355
56 355
56 355
56 355
56 355
56 355
56 355
7 855
7 855
7 855
7 855
7 855
7 855
7 855
7 855
7 855
7 855
7 855
7 855
7 855
7 855
7 855
7 855
7 855
7 855
40 30
40 30
40 30
40 30
40 30
40 30
40 30
40 30
40 30
40 30
40 30
40 30
40 30
58 352
58 352
58 352
58 352
58 352
58 352
58 352
58 352
58 352
58 352
58 352
58 352
58 352
58 352
58 352
58 352
43 28
43 28
43 28
43 28
43 28
43 28
43 28
43 28
43 28
43 28
43 28
62 356
48 1055
48 1055
48 1055
48 1055
48 1055
48 1055
48 1055
48 1055
48 1055
48 1055
48 1055
48 1055
71 359
71 359
71 359
71 359
71 359
71 359
71 359
71 359
71 359
71 359
71 359
71 359
71 359
71 359
71 359
71 359
71 359
71 359
71 359
71 359
71 359
49 2083
49 2083
49 2083
49 2083
49 2083
49 2083
49 2083
49 2083
49 2083
49 2083
49 2083
49 2083
49 2083
49 2083
49 2083
49 2083
49 2083
49 2083
49 2083
49 2083
49 2083
49 2083
49 2083
49 2083
49 2083
49 2083
49 2083
49 2083
49 2083
49 2083
49 1583
49 1583
49 1583
49 1583
49 1583
49 1583
49 1583
49 1583
49 1583
49 1583
49 1583
49 1583
49 1583
49 1583
49 1583
49 1583
49 1583
49 1583
49 1583
49 1583
49 1583
49 1583
49 1583
49 1583
49 1583
49 1583
49 1583
49 1583
49 1583
49 1583
49 1083
49 1083
49 1083
49 1083
49 1083
49 1083
49 1083
49 1083
49 1083
49 1083
49 1083
49 1083
49 1083
49 1083
49 1083
49 1083
49 1083
49 1083
49 1083
49 1083
49 1083
49 1083
49 1083
49 1083
49 1083
49 1083
49 1083
49 1083
49 1083
49 1083
10 19
10 19
10 19
10 19
10 19
10 19
10 19
10 19
10 19
10 19
10 19
10 19
10 19
10 19
76 364
76 364
76 364
55 1081
55 1081
55 1081
55 1081
55 1081
55 1081
55 1081
55 1081
55 1081
55 1081
55 1081
55 1081
55 1081
55 1081
55 1081
55 1081
55 1081
55 1081
55 1081
55 1081
77 368
77 368
77 368
77 368
77 368
77 368
77 368
77 368
12 19
12 19
12 19
12 19
12 19
12 19
12 19
12 19
12 19
12 19
12 19
12 19
12 19
12 19
12 19
12 19
12 19
12 19
12 19
12 19
12 19
12 19
12 19
12 19
12 19
12 19
12 19
12 19
17 19
17 19
17 19
17 19
17 19
18 26
18 26
18 26
18 26
18 26
18 26
18 26
18 26
18 26
18 26
18 26
18 26
18 26
18 26
18 26
18 26
18 26
18 26
18 26
18 26
18 26
18 26
18 26
18 26
18 26
18 26
18 26
18 26
18 26
69 1057
69 1057
69 1057
69 1057
69 1057
69 1057
69 1057
69 1057
69 1057
69 1057
28 2
28 2
28 2
28 2
28 2
28 2
31 30
31 30
32 22
32 22
32 22
32 22
32 22
32 22
32 22
32 22
32 22
32 22
32 22
32 22
32 22
32 22
32 22
32 22
32 22
32 22
32 22
32 22
32 22
32 22
32 22
32 22
32 22
32 22
49 385
49 385
49 385
49 385
49 385
49 385
49 385
49 385
49 385
49 385
49 385
49 385
49 385
49 385
49 385
49 385
49 385
49 385
49 385
49 385
49 385
49 385
49 385
49 385
49 385
49 385
49 385
49 385
49 385
49 385
72 1166
72 1166
72 1166
72 1166
72 1166
72 1166
72 1166
72 1166
72 1166
72 1166
72 1166
72 1166
72 1166
72 1166
72 1166
72 1166
72 1166
72 1166
72 1166
51 377
51 377
51 377
51 377
51 377
51 377
51 377
51 377
51 377
51 377
51 377
51 377
51 377
51 377
51 377
51 377
51 377
51 377
51 377
51 377
51 377
51 377
51 377
51 377
83 1067
83 1067
83 1067
83 1067
83 1067
83 1067
83 1067
83 1067
83 1067
83 1067
83 1067
83 1067
83 1067
83 1067
83 1067
83 1067
83 1067
83 1067
83 1067
83 1067
83 1067
83 1067
83 1067
83 1067
83 1067
38 21
38 21
38 21
38 21
38 21
38 21
38 21
38 21
38 21
38 21
38 21
38 21
38 21
38 21
38 21
52 388
52 388
52 388
52 388
52 388
52 388
52 388
52 388
52 388
52 388
52 388
52 388
52 388
52 388
52 388
52 388
52 388
52 388
52 388
52 388
52 388
52 388
40 36
40 36
40 36
40 36
40 36
40 36
40 36
40 36
40 36
40 36
40 36
40 36
40 36
54 409
54 409
54 409
54 409
56 394
56 394
56 394
56 394
56 394
56 394
56 394
56 394
56 394
56 394
56 394
56 394
56 394
56 394
56 394
56 394
56 394
43 30
43 30
43 30
43 30
43 30
43 30
43 30
43 30
43 30
43 30
43 30
58 407
58 407
58 407
58 407
58 407
58 407
58 407
58 407
58 407
58 407
58 407
58 407
58 407
58 407
58 407
58 407
62 400
46 1066
46 1066
46 1066
46 1066
46 1066
46 1066
46 1066
46 1066
46 1066
46 1066
46 1066
46 1066
46 1066
46 1066
46 1066
46 1066
46 1066
46 1066
46 1066
46 1066
46 1066
46 1066
46 1066
48 1066
48 1066
48 1066
48 1066
48 1066
48 1066
48 1066
48 1066
48 1066
48 1066
48 1066
48 1066
10 21
10 21
10 21
10 21
10 21
10 21
10 21
10 21
10 21
10 21
10 21
10 21
10 21
10 21
71 416
71 416
71 416
71 416
71 416
71 416
71 416
71 416
71 416
71 416
71 416
71 416
71 416
71 416
71 416
71 416
71 416
71 416
71 416
71 416
71 416
12 13
12 13
12 13
12 13
12 13
12 13
12 13
12 13
12 13
12 13
12 13
12 13
12 13
12 13
12 13
12 13
12 13
12 13
12 13
12 13
12 13
12 13
12 13
12 13
12 13
12 13
12 13
12 13
3 1107
3 1107
3 1107
3 1107
3 1107
3 1107
3 1107
3 1107
3 1107
55 1130
55 1130
55 1130
55 1130
55 1130
55 1130
55 1130
55 1130
55 1130
55 1130
55 1130
55 1130
55 1130
55 1130
55 1130
55 1130
55 1130
55 1130
55 1130
55 1130
76 429
76 429
76 429
77 421
77 421
77 421
77 421
77 421
77 421
77 421
77 421
17 23
17 23
17 23
17 23
17 23
75 1453
75 1453
75 1453
75 1453
75 1453
75 1453
75 1453
18 30
18 30
18 30
18 30
18 30
18 30
18 30
18 30
18 30
18 30
18 30
18 30
18 30
18 30
18 30
18 30
18 30
18 30
18 30
18 30
18 30
18 30
18 30
18 30
18 30
18 30
18 30
18 30
18 30
57 1677
57 1677
57 1677
57 1677
57 1677
57 1677
57 1677
57 1677
57 1677
57 1677
57 1677
57 1677
57 1677
57 1677
57 1677
57 1677
57 1677
57 1677
57 1677
57 1677
57 1677
57 1677
57 1677
57 1677
57 1677
57 1677
57 1677
7 1180
7 1180
7 1180
7 1180
7 1180
7 1180
7 1180
7 1180
7 1180
7 1180
7 1180
7 1180
7 1180
7 1180
7 1180
7 1180
7 1180
7 1180
28 26
28 26
28 26
28 26
28 26
28 26
31 27
31 27
32 26
32 26
32 26
32 26
32 26
32 26
32 26
32 26
32 26
32 26
32 26
32 26
32 26
32 26
32 26
32 26
32 26
32 26
32 26
32 26
32 26
32 26
32 26
32 26
32 26
32 26
38 7
38 7
38 7
38 7
38 7
38 7
38 7
38 7
38 7
38 7
38 7
38 7
38 7
38 7
38 7
57 1340
57 1340
57 1340
57 1340
57 1340
57 1340
57 1340
57 1340
57 1340
57 1340
57 1340
57 1340
57 1340
57 1340
57 1340
57 1340
57 1340
57 1340
57 1340
57 1340
57 1340
57 1340
57 1340
57 1340
57 1340
57 1340
57 1340
40 13
40 13
40 13
40 13
40 13
40 13
40 13
40 13
40 13
40 13
40 13
40 13
40 13
43 6
43 6
43 6
43 6
43 6
43 6
43 6
43 6
43 6
43 6
43 6
49 457
49 457
49 457
49 457
49 457
49 457
49 457
49 457
49 457
49 457
49 457
49 457
49 457
49 457
49 457
49 457
49 457
49 457
49 457
49 457
49 457
49 457
49 457
49 457
49 457
49 457
49 457
49 457
49 457
49 457
69 1263
69 1263
69 1263
69 1263
69 1263
69 1263
69 1263
69 1263
69 1263
69 1263
51 452
51 452
51 452
51 452
51 452
51 452
51 452
51 452
51 452
51 452
51 452
51 452
51 452
51 452
51 452
51 452
51 452
51 452
51 452
51 452
51 452
51 452
51 452
51 452
52 443
52 443
52 443
52 443
52 443
52 443
52 443
52 443
52 443
52 443
52 443
52 443
52 443
52 443
52 443
52 443
52 443
52 443
52 443
52 443
52 443
52 443
54 474
54 474
54 474
54 474
72 1310
72 1310
72 1310
72 1310
72 1310
72 1310
72 1310
72 1310
72 1310
72 1310
72 1310
72 1310
72 1310
72 1310
72 1310
72 1310
72 1310
72 1310
72 1310
56 485
56 485
56 485
56 485
56 485
56 485
56 485
56 485
56 485
56 485
56 485
56 485
56 485
56 485
56 485
56 485
56 485
58 475
58 475
58 475
58 475
58 475
58 475
58 475
58 475
58 475
58 475
58 475
58 475
58 475
58 475
58 475
58 475
62 487
10 13
10 13
10 13
10 13
10 13
10 13
10 13
10 13
10 13
10 13
10 13
10 13
10 13
10 13
12 5
12 5
12 5
12 5
12 5
12 5
12 5
12 5
12 5
12 5
12 5
12 5
12 5
12 5
12 5
12 5
12 5
12 5
12 5
12 5
12 5
12 5
12 5
12 5
12 5
12 5
12 5
12 5
17 23
17 23
17 23
17 23
17 23
83 1364
83 1364
83 1364
83 1364
83 1364
83 1364
83 1364
83 1364
83 1364
83 1364
83 1364
83 1364
83 1364
83 1364
83 1364
83 1364
83 1364
83 1364
83 1364
83 1364
83 1364
83 1364
83 1364
83 1364
83 1364
18 19
18 19
18 19
18 19
18 19
18 19
18 19
18 19
18 19
18 19
18 19
18 19
18 19
18 19
18 19
18 19
18 19
18 19
18 19
18 19
18 19
18 19
18 19
18 19
18 19
18 19
18 19
18 19
18 19
71 511
71 511
71 511
71 511
71 511
71 511
71 511
71 511
71 511
71 511
71 511
71 511
71 511
71 511
71 511
71 511
71 511
71 511
71 511
71 511
71 511
76 503
76 503
76 503
46 1311
46 1311
46 1311
46 1311
46 1311
46 1311
46 1311
46 1311
46 1311
46 1311
46 1311
46 1311
46 1311
46 1311
46 1311
46 1311
46 1311
46 1311
46 1311
46 1311
46 1311
46 1311
46 1311
77 504
77 504
77 504
77 504
77 504
77 504
77 504
77 504
28 46
28 46
28 46
28 46
28 46
28 46
75 1587
75 1587
75 1587
75 1587
75 1587
75 1587
75 1587
31 36
31 36
32 35
32 35
32 35
32 35
32 35
32 35
32 35
32 35
32 35
32 35
32 35
32 35
32 35
32 35
32 35
32 35
32 35
32 35
32 35
32 35
32 35
32 35
32 35
32 35
32 35
32 35
38 37
38 37
38 37
38 37
38 37
38 37
38 37
38 37
38 37
38 37
38 37
38 37
38 37
38 37
38 37
48 1453
48 1453
48 1453
48 1453
48 1453
48 1453
48 1453
48 1453
48 1453
48 1453
48 1453
48 1453
3 1409
3 1409
3 1409
3 1409
3 1409
3 1409
3 1409
3 1409
3 1409
40 51
40 51
40 51
40 51
40 51
40 51
40 51
40 51
40 51
40 51
40 51
40 51
40 51
43 43
43 43
43 43
43 43
43 43
43 43
43 43
43 43
43 43
43 43
43 43
49 499
49 499
49 499
49 499
49 499
49 499
49 499
49 499
49 499
49 499
49 499
49 499
49 499
49 499
49 499
49 499
49 499
49 499
49 499
49 499
49 499
49 499
49 499
49 499
49 499
49 499
49 499
49 499
49 499
49 499
51 490
51 490
51 490
51 490
51 490
51 490
51 490
51 490
51 490
51 490
51 490
51 490
51 490
51 490
51 490
51 490
51 490
51 490
51 490
51 490
51 490
51 490
51 490
51 490
52 486
52 486
52 486
52 486
52 486
52 486
52 486
52 486
52 486
52 486
52 486
52 486
52 486
52 486
52 486
52 486
52 486
52 486
52 486
52 486
52 486
52 486
54 499
54 499
54 499
54 499
56 505
56 505
56 505
56 505
56 505
56 505
56 505
56 505
56 505
56 505
56 505
56 505
56 505
56 505
56 505
56 505
56 505
58 515
58 515
58 515
58 515
58 515
58 515
58 515
58 515
58 515
58 515
58 515
58 515
58 515
58 515
58 515
58 515
57 1525
57 1525
57 1525
57 1525
57 1525
57 1525
57 1525
57 1525
57 1525
57 1525
57 1525
57 1525
57 1525
57 1525
57 1525
57 1525
57 1525
57 1525
57 1525
57 1525
57 1525
57 1525
57 1525
57 1525
57 1525
57 1525
57 1525
55 1582
55 1582
55 1582
55 1582
55 1582
55 1582
55 1582
55 1582
55 1582
55 1582
55 1582
55 1582
55 1582
55 1582
55 1582
55 1582
55 1582
55 1582
55 1582
55 1582
62 516
75 1435
75 1435
75 1435
75 1435
75 1435
75 1435
75 1435
71 516
71 516
71 516
71 516
71 516
71 516
71 516
71 516
71 516
71 516
71 516
71 516
71 516
71 516
71 516
71 516
71 516
71 516
71 516
71 516
71 516
76 519
76 519
76 519
77 522
77 522
77 522
77 522
77 522
77 522
77 522
77 522
83 1488
83 1488
83 1488
83 1488
83 1488
83 1488
83 1488
83 1488
83 1488
83 1488
83 1488
83 1488
83 1488
83 1488
83 1488
83 1488
83 1488
83 1488
83 1488
83 1488
83 1488
83 1488
83 1488
83 1488
83 1488
72 1651
72 1651
72 1651
72 1651
72 1651
72 1651
72 1651
72 1651
72 1651
72 1651
72 1651
72 1651
72 1651
72 1651
72 1651
72 1651
72 1651
72 1651
72 1651
69 1739
69 1739
69 1739
69 1739
69 1739
69 1739
69 1739
69 1739
69 1739
69 1739
