1 1 2
2 1 2
3 2 1
4 4 1
5 4 1
6 1 2
7 3 1
8 2 1
9 4 1
10 2 1
11 1 2
12 2 1
13 3 1
14 3 1
15 2 1
16 2 1
17 2 1
18 3 1
19 1 2
20 2 1
21 3 1
22 4 1
23 2 1
24 3 1
25 4 1
26 4 1
27 2 1
28 3 1
29 4 1
30 1 2
31 4 1
32 3 1
33 2 1
34 4 1
35 2 1
36 4 1
37 2 1
38 4 2
39 3 2
40 3 2
41 2 2
42 2 2
43 3 2
44 3 2
45 2 2
46 3 2
47 4 2
48 4 2
49 2 2
50 4 2
51 4 2
52 2 2
53 3 2
54 4 2
55 3 2
56 1 2
57 2 3
58 1 3
59 4 3
60 2 3
61 1 3
62 2 3
63 2 3
64 1 3
65 2 3
66 2 3
67 3 3
68 3 3
69 4 3
70 3 3
71 1 3
72 4 3
73 3 3
74 4 3
75 4 3
76 3 3
77 2 3
78 4 3
79 2 3
80 1 3
81 3 3
