1 1 1 -23.8171 -69.6718
2 1 2 5.16336 -57.3712
3 2 2 -0.020022 22.2878
4 4 3 -2.9031 -95.2521
5 4 3 -9.39334 77.0894
6 1 2 -50.6783 -53.9163
7 3 3 -61.9796 85.5897
8 2 3 11.5956 -95.6678
9 4 3 16.1102 43.1145
10 2 3 31.022 -15.2321
11 1 3 31.0598 -72.5489
12 2 3 67.5918 95.9635
13 3 1 25.5913 -67.6473
14 3 2 18.2764 -57.6769
15 2 2 4.18802 -38.6907
16 2 3 -41.5905 85.6341
17 2 1 30.5049 67.3834
18 3 3 83.6771 -40.4042
19 1 1 72.5082 -28.9582
20 2 3 -5.02829 67.9206
21 3 3 13.8976 29.0612
22 4 2 43.0355 -74.748
23 2 2 25.5635 19.5486
24 3 2 12.9448 -79.6666
25 4 1 2.674 92.9783
26 4 1 9.19989 -61.9934
27 2 1 59.5641 -20.899
28 3 2 -55.7582 -66.8844
29 4 2 46.138 75.0693
30 1 2 -31.8556 -7.65974
31 4 2 50.3252 94.6553
32 3 2 -84.6739 -98.6189
33 2 2 15.0154 89.4214
34 4 2 -34.7539 -15.5463
35 2 1 -71.9772 26.0893
36 4 1 -39.6041 15.2101
37 2 2 7.14525 -71.6537
38 4 2 -4.14972 -28.7045
39 3 3 86.3533 -98.3101
40 3 3 85.2188 -45.9415
41 2 1 -35.5789 -37.4227
42 2 2 -8.83934 -29.3249
43 3 1 -95.5172 -13.5827
44 3 3 65.1074 37.7653
45 2 3 -35.2505 57.0012
46 3 3 2.58286 -27.5627
47 4 2 -41.9222 -73.7113
48 4 1 72.7856 58.7
49 2 2 -16.8704 84.6166
50 4 2 -18.6617 -1.64746
51 4 1 -92.1195 93.4352
52 2 1 30.635 -37.8668
53 3 1 29.3872 4.7282
54 4 2 57.1898 -43.5224
55 3 1 -74.5791 -11.3595
56 1 1 37.1727 -79.8087
57 2 1 -50.9209 70.7064
58 1 2 -79.5417 27.2376
59 4 1 51.9134 -58.3429
60 2 3 12.4664 14.6885
61 1 1 95.9906 -11.1619
62 2 1 25.7735 -13.5673
63 2 3 6.38741 -15.756
64 1 3 -86.3149 87.9823
65 2 3 16.269 -50.1021
66 2 3 92.4464 30.8663
67 3 1 18.0494 38.3709
68 3 3 -35.1799 4.41088
69 4 2 78.0577 70.6378
70 3 3 56.2634 38.2494
71 1 2 -43.55 -48.6199
72 4 1 -44.0221 82.0369
73 3 1 17.9326 56.0222
74 4 1 39.9948 51.5931
75 4 3 -40.9404 58.7065
76 3 1 -53.8897 -89.1626
77 2 1 29.8205 -22.2417
78 4 1 -12.4555 -88.8884
79 2 1 47.3106 -68.3275
80 1 1 -14.9528 -14.4796
81 3 1 10.2326 -17.73
