5 169
5 169
5 169
5 169
5 169
5 169
5 169
5 169
5 169
5 169
5 169
5 169
5 169
5 169
5 169
5 169
5 169
5 169
15 71
15 71
15 71
15 71
15 71
15 71
15 71
15 71
15 71
10 162
10 162
10 162
10 162
10 162
10 162
10 162
10 162
10 162
10 162
10 162
10 162
10 162
10 162
10 162
10 162
10 162
10 162
10 162
10 162
10 162
10 162
10 162
10 162
10 162
11 256
11 256
11 256
11 256
11 256
11 256
11 256
11 256
11 256
11 256
11 256
11 256
11 256
11 256
11 256
11 256
11 256
11 256
11 256
11 256
11 256
11 256
11 256
18 190
18 190
18 190
18 190
18 190
18 190
18 190
18 190
18 190
18 190
18 190
18 190
18 190
18 190
18 190
18 190
18 190
18 190
18 190
18 190
18 190
18 190
18 190
18 190
41 299
41 299
41 299
41 299
41 299
41 299
41 299
41 299
41 299
41 299
41 299
41 299
41 299
41 299
5 290
5 290
5 290
5 290
5 290
5 290
5 290
5 290
5 290
5 290
5 290
5 290
5 290
5 290
5 290
5 290
5 290
5 290
11 332
11 332
11 332
11 332
11 332
11 332
11 332
11 332
11 332
11 332
11 332
11 332
11 332
11 332
11 332
11 332
11 332
11 332
11 332
11 332
11 332
11 332
11 332
87 137
87 137
87 137
87 137
87 137
87 137
87 137
87 137
87 137
87 137
87 137
87 137
87 137
87 137
87 137
87 137
87 137
87 137
87 137
87 137
87 137
87 137
15 404
15 404
15 404
15 404
15 404
15 404
15 404
15 404
15 404
102 46
102 46
102 46
102 46
102 46
102 46
102 46
102 46
102 46
102 46
103 38
104 51
104 51
104 51
104 51
104 51
104 51
104 51
104 51
104 51
104 51
104 51
7 1036
7 1036
7 1036
7 1036
7 1036
7 1036
7 1036
7 1036
7 537
7 537
7 537
7 537
7 537
7 537
7 537
7 537
18 485
18 485
18 485
18 485
18 485
18 485
18 485
18 485
18 485
18 485
18 485
18 485
18 485
18 485
18 485
18 485
18 485
18 485
18 485
18 485
18 485
18 485
18 485
18 485
10 606
10 606
10 606
10 606
10 606
10 606
10 606
10 606
10 606
10 606
10 606
10 606
10 606
10 606
10 606
10 606
10 606
10 606
10 606
10 606
10 606
10 606
10 606
10 606
10 606
32 972
32 972
32 972
32 972
32 972
32 972
32 972
32 972
32 972
32 972
32 972
32 972
32 972
32 972
32 972
32 972
32 972
32 972
32 972
32 972
32 972
32 972
32 972
32 972
32 972
32 972
32 972
32 972
32 972
87 30
87 30
87 30
87 30
87 30
87 30
87 30
87 30
87 30
87 30
87 30
87 30
87 30
87 30
87 30
87 30
87 30
87 30
87 30
87 30
87 30
87 30
88 34
88 34
88 34
88 34
88 34
88 34
88 34
88 34
88 34
88 34
88 34
88 34
88 34
88 34
88 34
88 34
88 34
88 34
88 34
88 34
88 34
88 34
88 34
88 34
88 34
88 34
91 20
91 20
91 20
91 20
91 20
91 20
91 20
91 20
91 20
91 20
91 20
91 20
91 20
91 20
91 20
91 20
91 20
91 20
91 20
91 20
91 20
91 20
91 20
91 20
91 20
91 20
91 20
93 15
93 15
93 15
93 15
93 15
93 15
93 15
93 15
93 15
93 15
93 15
93 15
96 24
96 24
104 39
104 39
104 39
104 39
104 39
104 39
104 39
104 39
104 39
104 39
104 39
102 72
102 72
102 72
102 72
102 72
102 72
102 72
102 72
102 72
102 72
103 68
5 645
5 645
5 645
5 645
5 645
5 645
5 645
5 645
5 645
5 645
5 645
5 645
5 645
5 645
5 645
5 645
5 645
5 645
88 62
88 62
88 62
88 62
88 62
88 62
88 62
88 62
88 62
88 62
88 62
88 62
88 62
88 62
88 62
88 62
88 62
88 62
88 62
88 62
88 62
88 62
88 62
88 62
88 62
88 62
87 82
87 82
87 82
87 82
87 82
87 82
87 82
87 82
87 82
87 82
87 82
87 82
87 82
87 82
87 82
87 82
87 82
87 82
87 82
87 82
87 82
87 82
86 1133
86 1133
86 1133
86 1133
86 1133
86 1133
86 633
86 633
86 633
86 633
86 633
86 633
86 134
86 134
86 134
86 134
86 134
86 134
83 1164
83 1164
83 1164
83 1164
83 664
83 664
83 664
83 664
83 165
83 165
83 165
83 165
91 91
91 91
91 91
91 91
91 91
91 91
91 91
91 91
91 91
91 91
91 91
91 91
91 91
91 91
91 91
91 91
91 91
91 91
91 91
91 91
91 91
91 91
91 91
91 91
91 91
91 91
91 91
93 86
93 86
93 86
93 86
93 86
93 86
93 86
93 86
93 86
93 86
93 86
93 86
96 74
96 74
102 51
102 51
102 51
102 51
102 51
102 51
102 51
102 51
102 51
102 51
103 68
104 58
104 58
104 58
104 58
104 58
104 58
104 58
104 58
104 58
104 58
104 58
41 1488
41 1488
41 1488
41 1488
41 1488
41 1488
41 1488
41 1488
41 1488
41 1488
41 1488
41 1488
41 1488
41 1488
32 1584
32 1584
32 1584
32 1584
32 1584
32 1584
32 1584
32 1584
32 1584
32 1584
32 1584
32 1584
32 1584
32 1584
32 1584
32 1584
32 1584
32 1584
32 1584
32 1584
32 1584
32 1584
32 1584
32 1584
32 1584
32 1584
32 1584
32 1584
32 1584
18 1236
18 1236
18 1236
18 1236
18 1236
18 1236
18 1236
18 1236
18 1236
18 1236
18 1236
18 1236
18 1236
18 1236
18 1236
18 1236
18 1236
18 1236
18 1236
18 1236
18 1236
18 1236
18 1236
18 1236
23 2189
23 2189
23 2189
23 2189
23 2189
23 2189
23 2189
23 2189
23 2189
23 2189
23 2189
23 2189
23 2189
23 2189
23 2189
23 2189
23 2189
23 2189
23 2189
23 2189
83 96
83 96
83 96
83 96
86 103
86 103
86 103
86 103
86 103
86 103
87 94
87 94
87 94
87 94
87 94
87 94
87 94
87 94
87 94
87 94
87 94
87 94
87 94
87 94
87 94
87 94
87 94
87 94
87 94
87 94
87 94
87 94
88 84
88 84
88 84
88 84
88 84
88 84
88 84
88 84
88 84
88 84
88 84
88 84
88 84
88 84
88 84
88 84
88 84
88 84
88 84
88 84
88 84
88 84
88 84
88 84
88 84
88 84
91 67
91 67
91 67
91 67
91 67
91 67
91 67
91 67
91 67
91 67
91 67
91 67
91 67
91 67
91 67
91 67
91 67
91 67
91 67
91 67
91 67
91 67
91 67
91 67
91 67
91 67
91 67
93 66
93 66
93 66
93 66
93 66
93 66
93 66
93 66
93 66
93 66
93 66
93 66
96 75
96 75
102 55
102 55
102 55
102 55
102 55
102 55
102 55
102 55
102 55
102 55
103 48
104 48
104 48
104 48
104 48
104 48
104 48
104 48
104 48
104 48
104 48
104 48
83 65
83 65
83 65
83 65
86 41
86 41
86 41
86 41
86 41
86 41
87 33
87 33
87 33
87 33
87 33
87 33
87 33
87 33
87 33
87 33
87 33
87 33
87 33
87 33
87 33
87 33
87 33
87 33
87 33
87 33
87 33
87 33
88 40
88 40
88 40
88 40
88 40
88 40
88 40
88 40
88 40
88 40
88 40
88 40
88 40
88 40
88 40
88 40
88 40
88 40
88 40
88 40
88 40
88 40
88 40
88 40
88 40
88 40
91 19
91 19
91 19
91 19
91 19
91 19
91 19
91 19
91 19
91 19
91 19
91 19
91 19
91 19
91 19
91 19
91 19
91 19
91 19
91 19
91 19
91 19
91 19
91 19
91 19
91 19
91 19
93 57
93 57
93 57
93 57
93 57
93 57
93 57
93 57
93 57
93 57
93 57
93 57
96 67
96 67
41 1645
41 1645
41 1645
41 1645
41 1645
41 1645
41 1645
41 1645
41 1645
41 1645
41 1645
41 1645
41 1645
41 1645
102 80
102 80
102 80
102 80
102 80
102 80
102 80
102 80
102 80
102 80
7 1532
7 1532
7 1532
7 1532
7 1532
7 1532
7 1532
7 1532
11 1513
11 1513
11 1513
11 1513
11 1513
11 1513
11 1513
11 1513
11 1513
11 1513
11 1513
11 1513
11 1513
11 1513
11 1513
11 1513
11 1513
11 1513
11 1513
11 1513
11 1513
11 1513
11 1513
103 98
104 93
104 93
104 93
104 93
104 93
104 93
104 93
104 93
104 93
104 93
104 93
15 1483
15 1483
15 1483
15 1483
15 1483
15 1483
15 1483
15 1483
15 1483
18 1459
18 1459
18 1459
18 1459
18 1459
18 1459
18 1459
18 1459
18 1459
18 1459
18 1459
18 1459
18 1459
18 1459
18 1459
18 1459
18 1459
18 1459
18 1459
18 1459
18 1459
18 1459
18 1459
18 1459
5 1608
5 1608
5 1608
5 1608
5 1608
5 1608
5 1608
5 1608
5 1608
5 1608
5 1608
5 1608
5 1608
5 1608
5 1608
5 1608
5 1608
5 1608
23 1430
23 1430
23 1430
23 1430
23 1430
23 1430
23 1430
23 1430
23 1430
23 1430
23 1430
23 1430
23 1430
23 1430
23 1430
23 1430
23 1430
23 1430
23 1430
23 1430
10 1800
10 1800
10 1800
10 1800
10 1800
10 1800
10 1800
10 1800
10 1800
10 1800
10 1800
10 1800
10 1800
10 1800
10 1800
10 1800
10 1800
10 1800
10 1800
10 1800
10 1800
10 1800
10 1800
10 1800
10 1800
63 1801
63 1801
63 1801
63 1801
63 1801
63 1801
63 1801
63 1801
63 1801
63 1801
63 1801
63 1801
63 1801
5 1383
5 1383
5 1383
5 1383
5 1383
5 1383
5 1383
5 1383
5 1383
5 1383
5 1383
5 1383
5 1383
5 1383
5 1383
5 1383
5 1383
5 1383
83 122
83 122
83 122
83 122
86 98
86 98
86 98
86 98
86 98
86 98
87 94
87 94
87 94
87 94
87 94
87 94
87 94
87 94
87 94
87 94
87 94
87 94
87 94
87 94
87 94
87 94
87 94
87 94
87 94
87 94
87 94
87 94
88 100
88 100
88 100
88 100
88 100
88 100
88 100
88 100
88 100
88 100
88 100
88 100
88 100
88 100
88 100
88 100
88 100
88 100
88 100
88 100
88 100
88 100
88 100
88 100
88 100
88 100
91 85
91 85
91 85
91 85
91 85
91 85
91 85
91 85
91 85
91 85
91 85
91 85
91 85
91 85
91 85
91 85
91 85
91 85
91 85
91 85
91 85
91 85
91 85
91 85
91 85
91 85
91 85
7 1430
7 1430
7 1430
7 1430
7 1430
7 1430
7 1430
7 1430
93 98
93 98
93 98
93 98
93 98
93 98
93 98
93 98
93 98
93 98
93 98
93 98
11 1429
11 1429
11 1429
11 1429
11 1429
11 1429
11 1429
11 1429
11 1429
11 1429
11 1429
11 1429
11 1429
11 1429
11 1429
11 1429
11 1429
11 1429
11 1429
11 1429
11 1429
11 1429
11 1429
96 82
96 82
102 64
102 64
102 64
102 64
102 64
102 64
102 64
102 64
102 64
102 64
32 1765
32 1765
32 1765
32 1765
32 1765
32 1765
32 1765
32 1765
32 1765
32 1765
32 1765
32 1765
32 1765
32 1765
32 1765
32 1765
32 1765
32 1765
32 1765
32 1765
32 1765
32 1765
32 1765
32 1765
32 1765
32 1765
32 1765
32 1765
32 1765
18 1416
18 1416
18 1416
18 1416
18 1416
18 1416
18 1416
18 1416
18 1416
18 1416
18 1416
18 1416
18 1416
18 1416
18 1416
18 1416
18 1416
18 1416
18 1416
18 1416
18 1416
18 1416
18 1416
18 1416
10 1517
10 1517
10 1517
10 1517
10 1517
10 1517
10 1517
10 1517
10 1517
10 1517
10 1517
10 1517
10 1517
10 1517
10 1517
10 1517
10 1517
10 1517
10 1517
10 1517
10 1517
10 1517
10 1517
10 1517
10 1517
103 93
104 97
104 97
104 97
104 97
104 97
104 97
104 97
104 97
104 97
104 97
104 97
23 1508
23 1508
23 1508
23 1508
23 1508
23 1508
23 1508
23 1508
23 1508
23 1508
23 1508
23 1508
23 1508
23 1508
23 1508
23 1508
23 1508
23 1508
23 1508
23 1508
63 1722
63 1722
63 1722
63 1722
63 1722
63 1722
63 1722
63 1722
63 1722
63 1722
63 1722
63 1722
63 1722
83 56
83 56
83 56
83 56
86 45
86 45
86 45
86 45
86 45
86 45
87 48
87 48
87 48
87 48
87 48
87 48
87 48
87 48
87 48
87 48
87 48
87 48
87 48
87 48
87 48
87 48
87 48
87 48
87 48
87 48
87 48
87 48
88 63
88 63
88 63
88 63
88 63
88 63
88 63
88 63
88 63
88 63
88 63
88 63
88 63
88 63
88 63
88 63
88 63
88 63
88 63
88 63
88 63
88 63
88 63
88 63
88 63
88 63
15 1821
15 1821
15 1821
15 1821
15 1821
15 1821
15 1821
15 1821
15 1821
91 62
91 62
91 62
91 62
91 62
91 62
91 62
91 62
91 62
91 62
91 62
91 62
91 62
91 62
91 62
91 62
91 62
91 62
91 62
91 62
91 62
91 62
91 62
91 62
91 62
91 62
91 62
93 58
93 58
93 58
93 58
93 58
93 58
93 58
93 58
93 58
93 58
93 58
93 58
96 59
96 59
102 78
102 78
102 78
102 78
102 78
102 78
102 78
102 78
102 78
102 78
104 84
104 84
104 84
104 84
104 84
104 84
104 84
104 84
104 84
104 84
104 84
103 106
63 1742
63 1742
63 1742
63 1742
63 1742
63 1742
63 1742
63 1742
63 1742
63 1742
63 1742
63 1742
63 1742
83 48
83 48
83 48
83 48
86 53
86 53
86 53
86 53
86 53
86 53
87 67
87 67
87 67
87 67
87 67
87 67
87 67
87 67
87 67
87 67
87 67
87 67
87 67
87 67
87 67
87 67
87 67
87 67
87 67
87 67
87 67
87 67
88 75
88 75
88 75
88 75
88 75
88 75
88 75
88 75
88 75
88 75
88 75
88 75
88 75
88 75
88 75
88 75
88 75
88 75
88 75
88 75
88 75
88 75
88 75
88 75
88 75
88 75
91 132
91 132
91 132
91 132
91 132
91 132
91 132
91 132
91 132
91 132
91 132
91 132
91 132
91 132
91 132
91 132
91 132
91 132
91 132
91 132
91 132
91 132
91 132
91 132
91 132
91 132
91 132
93 133
93 133
93 133
93 133
93 133
93 133
93 133
93 133
93 133
93 133
93 133
93 133
96 115
96 115
102 92
102 92
102 92
102 92
102 92
102 92
102 92
102 92
102 92
102 92
103 87
104 94
104 94
104 94
104 94
104 94
104 94
104 94
104 94
104 94
104 94
104 94
