3 151
3 151
3 151
3 151
3 151
3 151
3 151
3 151
3 151
3 151
3 151
3 151
3 151
3 151
3 151
3 151
3 151
18 185
18 185
18 185
18 185
18 185
18 185
18 185
18 185
18 185
18 185
18 185
18 185
18 185
18 185
18 185
18 185
18 185
18 185
18 185
18 185
12 314
12 314
12 314
12 314
12 314
12 314
12 314
12 314
12 314
12 314
12 314
12 314
12 314
12 314
12 314
12 314
9 377
9 377
9 377
9 377
9 377
9 377
9 377
9 377
9 377
9 377
9 377
9 377
9 377
9 377
9 377
9 377
9 377
9 377
9 377
9 377
9 377
9 377
9 377
9 377
9 377
9 377
19 288
19 288
19 288
19 288
19 288
19 288
19 288
19 288
16 358
16 358
16 358
16 358
16 358
16 358
16 358
16 358
16 358
16 358
16 358
16 358
16 358
16 358
16 358
34 180
34 180
34 180
45 210
45 210
45 210
45 210
45 210
45 210
45 210
45 210
45 210
45 210
45 210
45 210
45 210
45 210
45 210
45 210
45 210
45 210
45 210
45 210
45 210
45 210
45 210
45 210
42 290
42 290
42 290
42 290
42 290
42 290
42 290
42 290
42 290
39 351
39 351
39 351
39 351
39 351
39 351
9 281
9 281
9 281
9 281
9 281
9 281
9 281
9 281
9 281
9 281
9 281
9 281
9 281
9 281
9 281
9 281
9 281
9 281
9 281
9 281
9 281
9 281
9 281
9 281
9 281
9 281
55 326
55 326
55 326
55 326
55 326
55 326
55 326
55 326
55 326
55 326
55 326
55 326
55 326
55 326
55 326
55 326
55 326
55 326
55 326
55 326
55 326
55 326
55 326
12 274
12 274
12 274
12 274
12 274
12 274
12 274
12 274
12 274
12 274
12 274
12 274
12 274
12 274
12 274
12 274
60 338
60 338
60 338
60 338
60 338
3 439
3 439
3 439
3 439
3 439
3 439
3 439
3 439
3 439
3 439
3 439
3 439
3 439
3 439
3 439
3 439
3 439
53 456
53 456
53 456
53 456
53 456
53 456
53 456
53 456
53 456
53 456
53 456
53 456
53 456
53 456
53 456
53 456
53 456
53 456
53 456
53 456
53 456
53 456
53 456
53 456
53 456
20 331
20 331
20 331
20 331
20 331
20 331
20 331
20 331
20 331
20 331
20 331
20 331
20 331
20 331
20 331
20 331
20 331
20 331
20 331
16 381
16 381
16 381
16 381
16 381
16 381
16 381
16 381
16 381
16 381
16 381
16 381
16 381
16 381
16 381
69 352
69 352
69 352
69 352
69 352
69 352
69 352
69 352
69 352
69 352
69 352
24 337
24 337
24 337
24 337
24 337
24 337
24 337
67 419
67 419
67 419
67 419
67 419
67 419
67 419
67 419
67 419
67 419
67 419
67 419
67 419
67 419
67 419
67 419
67 419
67 419
67 419
67 419
67 419
67 419
67 419
67 419
67 419
67 419
67 419
67 419
67 419
67 419
19 402
19 402
19 402
19 402
19 402
19 402
19 402
19 402
68 414
68 414
68 414
68 414
68 414
68 414
68 414
68 414
68 414
68 414
68 414
68 414
68 414
68 414
68 414
68 414
68 414
68 414
68 414
68 414
68 414
68 414
68 414
68 414
68 414
68 414
68 414
68 414
75 344
78 475
78 475
78 475
78 475
78 475
78 475
78 475
78 475
78 475
78 475
78 475
78 475
78 475
78 475
78 475
78 475
78 475
78 475
78 475
78 475
78 475
34 436
34 436
34 436
18 622
18 622
18 622
18 622
18 622
18 622
18 622
18 622
18 622
18 622
18 622
18 622
18 622
18 622
18 622
18 622
18 622
18 622
18 622
18 622
10 1300
10 1300
10 800
10 800
17 1246
17 1246
17 1246
17 1246
17 1246
17 1246
17 1246
17 1246
17 1246
17 1246
17 1246
17 1246
17 1246
17 1246
17 1246
17 1246
17 1246
17 1246
17 1246
17 1246
17 1246
17 1246
17 1246
17 1246
17 1246
17 1246
17 1246
17 746
17 746
17 746
17 746
17 746
17 746
17 746
17 746
17 746
17 746
17 746
17 746
17 746
17 746
17 746
17 746
17 746
17 746
17 746
17 746
17 746
17 746
17 746
17 746
17 746
17 746
17 746
42 524
42 524
42 524
42 524
42 524
42 524
42 524
42 524
42 524
45 504
45 504
45 504
45 504
45 504
45 504
45 504
45 504
45 504
45 504
45 504
45 504
45 504
45 504
45 504
45 504
45 504
45 504
45 504
45 504
45 504
45 504
45 504
45 504
98 602
98 602
98 602
98 602
98 602
98 602
98 602
98 602
98 602
98 602
63 955
63 955
63 955
63 955
63 955
63 955
63 955
63 955
63 955
63 955
63 955
63 955
63 955
63 955
63 955
63 955
63 955
63 955
63 955
63 955
63 955
63 955
63 955
63 955
63 955
63 955
63 955
63 955
63 955
103 590
103 590
103 590
103 590
103 590
103 590
103 590
103 590
103 590
103 590
103 590
103 590
9 539
9 539
9 539
9 539
9 539
9 539
9 539
9 539
9 539
9 539
9 539
9 539
9 539
9 539
9 539
9 539
9 539
9 539
9 539
9 539
9 539
9 539
9 539
9 539
9 539
9 539
55 605
55 605
55 605
55 605
55 605
55 605
55 605
55 605
55 605
55 605
55 605
55 605
55 605
55 605
55 605
55 605
55 605
55 605
55 605
55 605
55 605
55 605
55 605
12 542
12 542
12 542
12 542
12 542
12 542
12 542
12 542
12 542
12 542
12 542
12 542
12 542
12 542
12 542
12 542
10 598
10 598
60 599
60 599
60 599
60 599
60 599
17 599
17 599
17 599
17 599
17 599
17 599
17 599
17 599
17 599
17 599
17 599
17 599
17 599
17 599
17 599
17 599
17 599
17 599
17 599
17 599
17 599
17 599
17 599
17 599
17 599
17 599
17 599
68 628
68 628
68 628
68 628
68 628
68 628
68 628
68 628
68 628
68 628
68 628
68 628
68 628
68 628
68 628
68 628
68 628
68 628
68 628
68 628
68 628
68 628
68 628
68 628
68 628
68 628
68 628
68 628
69 635
69 635
69 635
69 635
69 635
69 635
69 635
69 635
69 635
69 635
69 635
19 639
19 639
19 639
19 639
19 639
19 639
19 639
19 639
20 648
20 648
20 648
20 648
20 648
20 648
20 648
20 648
20 648
20 648
20 648
20 648
20 648
20 648
20 648
20 648
20 648
20 648
20 648
67 744
67 744
67 744
67 744
67 744
67 744
67 744
67 744
67 744
67 744
67 744
67 744
67 744
67 744
67 744
67 744
67 744
67 744
67 744
67 744
67 744
67 744
67 744
67 744
67 744
67 744
67 744
67 744
67 744
67 744
24 706
24 706
24 706
24 706
24 706
24 706
24 706
75 697
16 800
16 800
16 800
16 800
16 800
16 800
16 800
16 800
16 800
16 800
16 800
16 800
16 800
16 800
16 800
78 706
78 706
78 706
78 706
78 706
78 706
78 706
78 706
78 706
78 706
78 706
78 706
78 706
78 706
78 706
78 706
78 706
78 706
78 706
78 706
78 706
93 1070
93 1070
93 1070
93 1070
93 1070
93 1070
93 1070
93 1070
93 1070
93 1070
93 1070
93 1070
93 1070
39 1145
39 1145
39 1145
39 1145
39 1145
39 1145
3 1006
3 1006
3 1006
3 1006
3 1006
3 1006
3 1006
3 1006
3 1006
3 1006
3 1006
3 1006
3 1006
3 1006
3 1006
3 1006
3 1006
34 722
34 722
34 722
53 1153
53 1153
53 1153
53 1153
53 1153
53 1153
53 1153
53 1153
53 1153
53 1153
53 1153
53 1153
53 1153
53 1153
53 1153
53 1153
53 1153
53 1153
53 1153
53 1153
53 1153
53 1153
53 1153
53 1153
53 1153
42 783
42 783
42 783
42 783
42 783
42 783
42 783
42 783
42 783
89 1381
89 1381
89 1381
89 1381
89 1381
89 1381
89 1381
89 1381
89 1381
89 1381
89 1381
89 1381
89 1381
89 1381
45 866
45 866
45 866
45 866
45 866
45 866
45 866
45 866
45 866
45 866
45 866
45 866
45 866
45 866
45 866
45 866
45 866
45 866
45 866
45 866
45 866
45 866
45 866
45 866
103 793
103 793
103 793
103 793
103 793
103 793
103 793
103 793
103 793
103 793
103 793
103 793
98 857
98 857
98 857
98 857
98 857
98 857
98 857
98 857
98 857
98 857
18 1185
18 1185
18 1185
18 1185
18 1185
18 1185
18 1185
18 1185
18 1185
18 1185
18 1185
18 1185
18 1185
18 1185
18 1185
18 1185
18 1185
18 1185
18 1185
18 1185
55 873
55 873
55 873
55 873
55 873
55 873
55 873
55 873
55 873
55 873
55 873
55 873
55 873
55 873
55 873
55 873
55 873
55 873
55 873
55 873
55 873
55 873
55 873
10 867
10 867
60 867
60 867
60 867
60 867
60 867
9 909
9 909
9 909
9 909
9 909
9 909
9 909
9 909
9 909
9 909
9 909
9 909
9 909
9 909
9 909
9 909
9 909
9 909
9 909
9 909
9 909
9 909
9 909
9 909
9 909
9 909
12 921
12 921
12 921
12 921
12 921
12 921
12 921
12 921
12 921
12 921
12 921
12 921
12 921
12 921
12 921
12 921
16 883
16 883
16 883
16 883
16 883
16 883
16 883
16 883
16 883
16 883
16 883
16 883
16 883
16 883
16 883
67 875
67 875
67 875
67 875
67 875
67 875
67 875
67 875
67 875
67 875
67 875
67 875
67 875
67 875
67 875
67 875
67 875
67 875
67 875
67 875
67 875
67 875
67 875
67 875
67 875
67 875
67 875
67 875
67 875
67 875
68 903
68 903
68 903
68 903
68 903
68 903
68 903
68 903
68 903
68 903
68 903
68 903
68 903
68 903
68 903
68 903
68 903
68 903
68 903
68 903
68 903
68 903
68 903
68 903
68 903
68 903
68 903
68 903
17 920
17 920
17 920
17 920
17 920
17 920
17 920
17 920
17 920
17 920
17 920
17 920
17 920
17 920
17 920
17 920
17 920
17 920
17 920
17 920
17 920
17 920
17 920
17 920
17 920
17 920
17 920
69 915
69 915
69 915
69 915
69 915
69 915
69 915
69 915
69 915
69 915
69 915
19 929
19 929
19 929
19 929
19 929
19 929
19 929
19 929
20 932
20 932
20 932
20 932
20 932
20 932
20 932
20 932
20 932
20 932
20 932
20 932
20 932
20 932
20 932
20 932
20 932
20 932
20 932
63 1594
63 1594
63 1594
63 1594
63 1594
63 1594
63 1594
63 1594
63 1594
63 1594
63 1594
63 1594
63 1594
63 1594
63 1594
63 1594
63 1594
63 1594
63 1594
63 1594
63 1594
63 1594
63 1594
63 1594
63 1594
63 1594
63 1594
63 1594
63 1594
78 945
78 945
78 945
78 945
78 945
78 945
78 945
78 945
78 945
78 945
78 945
78 945
78 945
78 945
78 945
78 945
78 945
78 945
78 945
78 945
78 945
24 998
24 998
24 998
24 998
24 998
24 998
24 998
75 1008
34 1013
34 1013
34 1013
42 996
42 996
42 996
42 996
42 996
42 996
42 996
42 996
42 996
93 1519
93 1519
93 1519
93 1519
93 1519
93 1519
93 1519
93 1519
93 1519
93 1519
93 1519
93 1519
93 1519
89 1606
89 1606
89 1606
89 1606
89 1606
89 1606
89 1606
89 1606
89 1606
89 1606
89 1606
89 1606
89 1606
89 1606
103 1079
103 1079
103 1079
103 1079
103 1079
103 1079
103 1079
103 1079
103 1079
103 1079
103 1079
103 1079
45 1173
45 1173
45 1173
45 1173
45 1173
45 1173
45 1173
45 1173
45 1173
45 1173
45 1173
45 1173
45 1173
45 1173
45 1173
45 1173
45 1173
45 1173
45 1173
45 1173
45 1173
45 1173
45 1173
45 1173
55 1076
55 1076
55 1076
55 1076
55 1076
55 1076
55 1076
55 1076
55 1076
55 1076
55 1076
55 1076
55 1076
55 1076
55 1076
55 1076
55 1076
55 1076
55 1076
55 1076
55 1076
55 1076
55 1076
98 1182
98 1182
98 1182
98 1182
98 1182
98 1182
98 1182
98 1182
98 1182
98 1182
53 1662
53 1662
53 1662
53 1662
53 1662
53 1662
53 1662
53 1662
53 1662
53 1662
53 1662
53 1662
53 1662
53 1662
53 1662
53 1662
53 1662
53 1662
53 1662
53 1662
53 1662
53 1662
53 1662
53 1662
53 1662
60 1142
60 1142
60 1142
60 1142
60 1142
10 1154
10 1154
9 1194
9 1194
9 1194
9 1194
9 1194
9 1194
9 1194
9 1194
9 1194
9 1194
9 1194
9 1194
9 1194
9 1194
9 1194
9 1194
9 1194
9 1194
9 1194
9 1194
9 1194
9 1194
9 1194
9 1194
9 1194
9 1194
16 1169
16 1169
16 1169
16 1169
16 1169
16 1169
16 1169
16 1169
16 1169
16 1169
16 1169
16 1169
16 1169
16 1169
16 1169
67 1165
67 1165
67 1165
67 1165
67 1165
67 1165
67 1165
67 1165
67 1165
67 1165
67 1165
67 1165
67 1165
67 1165
67 1165
67 1165
67 1165
67 1165
67 1165
67 1165
67 1165
67 1165
67 1165
67 1165
67 1165
67 1165
67 1165
67 1165
67 1165
67 1165
68 1164
68 1164
68 1164
68 1164
68 1164
68 1164
68 1164
68 1164
68 1164
68 1164
68 1164
68 1164
68 1164
68 1164
68 1164
68 1164
68 1164
68 1164
68 1164
68 1164
68 1164
68 1164
68 1164
68 1164
68 1164
68 1164
68 1164
68 1164
12 1246
12 1246
12 1246
12 1246
12 1246
12 1246
12 1246
12 1246
12 1246
12 1246
12 1246
12 1246
12 1246
12 1246
12 1246
12 1246
79 2593
79 2593
79 2593
79 2593
17 1227
17 1227
17 1227
17 1227
17 1227
17 1227
17 1227
17 1227
17 1227
17 1227
17 1227
17 1227
17 1227
17 1227
17 1227
17 1227
17 1227
17 1227
17 1227
17 1227
17 1227
17 1227
17 1227
17 1227
17 1227
17 1227
17 1227
69 1219
69 1219
69 1219
69 1219
69 1219
69 1219
69 1219
69 1219
69 1219
69 1219
69 1219
20 1228
20 1228
20 1228
20 1228
20 1228
20 1228
20 1228
20 1228
20 1228
20 1228
20 1228
20 1228
20 1228
20 1228
20 1228
20 1228
20 1228
20 1228
20 1228
79 2181
79 2181
79 2181
79 2181
19 1287
19 1287
19 1287
19 1287
19 1287
19 1287
19 1287
19 1287
63 1848
63 1848
63 1848
63 1848
63 1848
63 1848
63 1848
63 1848
63 1848
63 1848
63 1848
63 1848
63 1848
63 1848
63 1848
63 1848
63 1848
63 1848
63 1848
63 1848
63 1848
63 1848
63 1848
63 1848
63 1848
63 1848
63 1848
63 1848
63 1848
75 1267
79 1746
79 1746
79 1746
79 1746
24 1306
24 1306
24 1306
24 1306
24 1306
24 1306
24 1306
78 1312
78 1312
78 1312
78 1312
78 1312
78 1312
78 1312
78 1312
78 1312
78 1312
78 1312
78 1312
78 1312
78 1312
78 1312
78 1312
78 1312
78 1312
78 1312
78 1312
78 1312
18 1949
18 1949
18 1949
18 1949
18 1949
18 1949
18 1949
18 1949
18 1949
18 1949
18 1949
18 1949
18 1949
18 1949
18 1949
18 1949
18 1949
18 1949
18 1949
18 1949
34 1369
34 1369
34 1369
42 1325
42 1325
42 1325
42 1325
42 1325
42 1325
42 1325
42 1325
42 1325
45 1409
45 1409
45 1409
45 1409
45 1409
45 1409
45 1409
45 1409
45 1409
45 1409
45 1409
45 1409
45 1409
45 1409
45 1409
45 1409
45 1409
45 1409
45 1409
45 1409
45 1409
45 1409
45 1409
45 1409
93 1938
93 1938
93 1938
93 1938
93 1938
93 1938
93 1938
93 1938
93 1938
93 1938
93 1938
93 1938
93 1938
98 1420
98 1420
98 1420
98 1420
98 1420
98 1420
98 1420
98 1420
98 1420
98 1420
103 1387
103 1387
103 1387
103 1387
103 1387
103 1387
103 1387
103 1387
103 1387
103 1387
103 1387
103 1387
3 2422
3 2422
3 2422
3 2422
3 2422
3 2422
3 2422
3 2422
3 2422
3 2422
3 2422
3 2422
3 2422
3 2422
3 2422
3 2422
3 2422
55 1416
55 1416
55 1416
55 1416
55 1416
55 1416
55 1416
55 1416
55 1416
55 1416
55 1416
55 1416
55 1416
55 1416
55 1416
55 1416
55 1416
55 1416
55 1416
55 1416
55 1416
55 1416
55 1416
60 1461
60 1461
60 1461
60 1461
60 1461
53 2033
53 2033
53 2033
53 2033
53 2033
53 2033
53 2033
53 2033
53 2033
53 2033
53 2033
53 2033
53 2033
53 2033
53 2033
53 2033
53 2033
53 2033
53 2033
53 2033
53 2033
53 2033
53 2033
53 2033
53 2033
9 1488
9 1488
9 1488
9 1488
9 1488
9 1488
9 1488
9 1488
9 1488
9 1488
9 1488
9 1488
9 1488
9 1488
9 1488
9 1488
9 1488
9 1488
9 1488
9 1488
9 1488
9 1488
9 1488
9 1488
9 1488
9 1488
12 1463
12 1463
12 1463
12 1463
12 1463
12 1463
12 1463
12 1463
12 1463
12 1463
12 1463
12 1463
12 1463
12 1463
12 1463
12 1463
68 1478
68 1478
68 1478
68 1478
68 1478
68 1478
68 1478
68 1478
68 1478
68 1478
68 1478
68 1478
68 1478
68 1478
68 1478
68 1478
68 1478
68 1478
68 1478
68 1478
68 1478
68 1478
68 1478
68 1478
68 1478
68 1478
68 1478
68 1478
67 1491
67 1491
67 1491
67 1491
67 1491
67 1491
67 1491
67 1491
67 1491
67 1491
67 1491
67 1491
67 1491
67 1491
67 1491
67 1491
67 1491
67 1491
67 1491
67 1491
67 1491
67 1491
67 1491
67 1491
67 1491
67 1491
67 1491
67 1491
67 1491
67 1491
19 1495
19 1495
19 1495
19 1495
19 1495
19 1495
19 1495
19 1495
89 2315
89 2315
89 2315
89 2315
89 2315
89 2315
89 2315
89 2315
89 2315
89 2315
89 2315
89 2315
89 2315
89 2315
69 1555
69 1555
69 1555
69 1555
69 1555
69 1555
69 1555
69 1555
69 1555
69 1555
69 1555
78 1514
78 1514
78 1514
78 1514
78 1514
78 1514
78 1514
78 1514
78 1514
78 1514
78 1514
78 1514
78 1514
78 1514
78 1514
78 1514
78 1514
78 1514
78 1514
78 1514
78 1514
75 1577
79 2262
79 2262
79 2262
79 2262
98 1712
98 1712
98 1712
98 1712
98 1712
98 1712
98 1712
98 1712
98 1712
98 1712
93 2269
93 2269
93 2269
93 2269
93 2269
93 2269
93 2269
93 2269
93 2269
93 2269
93 2269
93 2269
93 2269
103 1737
103 1737
103 1737
103 1737
103 1737
103 1737
103 1737
103 1737
103 1737
103 1737
103 1737
103 1737
