5 149
5 149
5 149
5 149
5 149
5 149
5 149
5 149
5 149
5 149
5 149
5 149
5 149
5 149
5 149
5 149
5 149
5 149
5 149
5 149
5 149
5 149
5 149
5 149
5 149
5 149
5 149
5 149
5 149
8 130
8 130
8 130
8 130
8 130
8 130
8 130
8 130
8 130
8 130
8 130
8 130
8 130
8 130
8 130
8 130
8 130
8 130
8 130
7 191
7 191
7 191
7 191
7 191
7 191
7 191
7 191
7 191
7 191
7 191
7 191
7 191
7 191
7 191
7 191
7 107
7 107
7 107
7 107
7 107
7 107
7 107
7 107
7 107
7 107
7 107
7 107
7 107
7 107
7 107
7 107
8 114
8 114
8 114
8 114
8 114
8 114
8 114
8 114
8 114
8 114
8 114
8 114
8 114
8 114
8 114
8 114
8 114
8 114
8 114
5 181
5 181
5 181
5 181
5 181
5 181
5 181
5 181
5 181
5 181
5 181
5 181
5 181
5 181
5 181
5 181
5 181
5 181
5 181
5 181
5 181
5 181
5 181
5 181
5 181
5 181
5 181
5 181
5 181
74 147
74 147
74 147
74 147
74 147
74 147
74 147
74 147
74 147
74 147
74 147
74 147
74 147
74 147
74 147
97 9
97 9
96 28
98 17
98 17
98 17
98 17
98 17
98 17
98 17
99 14
99 14
99 14
99 14
99 14
99 14
101 9
101 9
101 9
100 22
100 22
100 22
100 22
102 8
102 8
102 8
102 8
102 8
102 8
102 8
102 8
102 8
102 8
102 8
102 8
102 8
102 8
102 8
102 8
102 8
102 8
102 8
102 8
102 8
102 8
102 8
102 8
102 8
102 8
103 10
103 10
103 10
103 10
103 10
103 10
103 10
103 10
104 11
104 11
104 11
104 11
104 11
7 214
7 214
7 214
7 214
7 214
7 214
7 214
7 214
7 214
7 214
7 214
7 214
7 214
7 214
7 214
7 214
78 540
78 540
78 540
78 540
78 540
78 540
78 540
78 540
78 540
78 540
78 540
78 540
78 540
78 540
78 540
78 540
78 540
78 540
78 540
78 540
78 540
78 540
78 540
78 540
78 540
78 540
78 540
78 540
8 247
8 247
8 247
8 247
8 247
8 247
8 247
8 247
8 247
8 247
8 247
8 247
8 247
8 247
8 247
8 247
8 247
8 247
8 247
96 2
94 525
94 525
94 525
94 525
94 525
94 525
94 525
94 525
94 525
94 525
94 525
94 525
94 525
94 525
97 7
97 7
98 9
98 9
98 9
98 9
98 9
98 9
98 9
99 8
99 8
99 8
99 8
99 8
99 8
100 1
100 1
100 1
100 1
101 7
101 7
101 7
102 5
102 5
102 5
102 5
102 5
102 5
102 5
102 5
102 5
102 5
102 5
102 5
102 5
102 5
102 5
102 5
102 5
102 5
102 5
102 5
102 5
102 5
102 5
102 5
102 5
102 5
103 8
103 8
103 8
103 8
103 8
103 8
103 8
103 8
104 2
104 2
104 2
104 2
104 2
96 3
97 2
97 2
98 11
98 11
98 11
98 11
98 11
98 11
98 11
99 15
99 15
99 15
99 15
99 15
99 15
100 9
100 9
100 9
100 9
101 2
101 2
101 2
102 2
102 2
102 2
102 2
102 2
102 2
102 2
102 2
102 2
102 2
102 2
102 2
102 2
102 2
102 2
102 2
102 2
102 2
102 2
102 2
102 2
102 2
102 2
102 2
102 2
102 2
103 9
103 9
103 9
103 9
103 9
103 9
103 9
103 9
104 10
104 10
104 10
104 10
104 10
78 843
78 843
78 843
78 843
78 843
78 843
78 843
78 843
78 843
78 843
78 843
78 843
78 843
78 843
78 843
78 843
78 843
78 843
78 843
78 843
78 843
78 843
78 843
78 843
78 843
78 843
78 843
78 843
5 585
5 585
5 585
5 585
5 585
5 585
5 585
5 585
5 585
5 585
5 585
5 585
5 585
5 585
5 585
5 585
5 585
5 585
5 585
5 585
5 585
5 585
5 585
5 585
5 585
5 585
5 585
5 585
5 585
7 578
7 578
7 578
7 578
7 578
7 578
7 578
7 578
7 578
7 578
7 578
7 578
7 578
7 578
7 578
7 578
74 909
74 909
74 909
74 909
74 909
74 909
74 909
74 909
74 909
74 909
74 909
74 909
74 909
74 909
74 909
8 572
8 572
8 572
8 572
8 572
8 572
8 572
8 572
8 572
8 572
8 572
8 572
8 572
8 572
8 572
8 572
8 572
8 572
8 572
94 713
94 713
94 713
94 713
94 713
94 713
94 713
94 713
94 713
94 713
94 713
94 713
94 713
94 713
84 1317
84 1317
84 1317
84 1317
84 1317
84 1317
84 1317
84 1317
84 1317
84 1317
84 1317
84 1317
84 1317
84 1317
84 1317
84 1317
84 1317
84 1317
84 1317
84 1317
84 1317
84 1317
84 1317
84 1317
84 1317
84 819
84 819
84 819
84 819
84 819
84 819
84 819
84 819
84 819
84 819
84 819
84 819
84 819
84 819
84 819
84 819
84 819
84 819
84 819
84 819
84 819
84 819
84 819
84 819
84 819
68 1481
68 1481
68 1481
68 1481
68 1481
68 1481
68 1481
68 1481
68 1481
68 1481
68 1481
68 1481
68 1481
68 1481
68 1481
68 1481
68 1481
68 1481
68 1481
68 1481
68 1481
68 1481
68 984
68 984
68 984
68 984
68 984
68 984
68 984
68 984
68 984
68 984
68 984
68 984
68 984
68 984
68 984
68 984
68 984
68 984
68 984
68 984
68 984
68 984
68 484
68 484
68 484
68 484
68 484
68 484
68 484
68 484
68 484
68 484
68 484
68 484
68 484
68 484
68 484
68 484
68 484
68 484
68 484
68 484
68 484
68 484
84 489
84 489
84 489
84 489
84 489
84 489
84 489
84 489
84 489
84 489
84 489
84 489
84 489
84 489
84 489
84 489
84 489
84 489
84 489
84 489
84 489
84 489
84 489
84 489
84 489
94 423
94 423
94 423
94 423
94 423
94 423
94 423
94 423
94 423
94 423
94 423
94 423
94 423
94 423
5 400
5 400
5 400
5 400
5 400
5 400
5 400
5 400
5 400
5 400
5 400
5 400
5 400
5 400
5 400
5 400
5 400
5 400
5 400
5 400
5 400
5 400
5 400
5 400
5 400
5 400
5 400
5 400
5 400
96 5
97 10
97 10
70 1782
70 1782
70 1782
70 1782
70 1782
70 1782
70 1782
70 1782
70 1782
70 1782
70 1782
70 1782
70 1782
70 1782
70 1782
70 1782
70 1782
70 1782
70 1782
70 1782
70 1782
98 9
98 9
98 9
98 9
98 9
98 9
98 9
70 1291
70 1291
70 1291
70 1291
70 1291
70 1291
70 1291
70 1291
70 1291
70 1291
70 1291
70 1291
70 1291
70 1291
70 1291
70 1291
70 1291
70 1291
70 1291
70 1291
70 1291
99 3
99 3
99 3
99 3
99 3
99 3
100 2
100 2
100 2
100 2
101 2
101 2
101 2
102 2
102 2
102 2
102 2
102 2
102 2
102 2
102 2
102 2
102 2
102 2
102 2
102 2
102 2
102 2
102 2
102 2
102 2
102 2
102 2
102 2
102 2
102 2
102 2
102 2
102 2
8 457
8 457
8 457
8 457
8 457
8 457
8 457
8 457
8 457
8 457
8 457
8 457
8 457
8 457
8 457
8 457
8 457
8 457
8 457
103 9
103 9
103 9
103 9
103 9
103 9
103 9
103 9
104 4
104 4
104 4
104 4
104 4
7 542
7 542
7 542
7 542
7 542
7 542
7 542
7 542
7 542
7 542
7 542
7 542
7 542
7 542
7 542
7 542
68 494
68 494
68 494
68 494
68 494
68 494
68 494
68 494
68 494
68 494
68 494
68 494
68 494
68 494
68 494
68 494
68 494
68 494
68 494
68 494
68 494
68 494
78 898
78 898
78 898
78 898
78 898
78 898
78 898
78 898
78 898
78 898
78 898
78 898
78 898
78 898
78 898
78 898
78 898
78 898
78 898
78 898
78 898
78 898
78 898
78 898
78 898
78 898
78 898
78 898
74 958
74 958
74 958
74 958
74 958
74 958
74 958
74 958
74 958
74 958
74 958
74 958
74 958
74 958
74 958
84 429
84 429
84 429
84 429
84 429
84 429
84 429
84 429
84 429
84 429
84 429
84 429
84 429
84 429
84 429
84 429
84 429
84 429
84 429
84 429
84 429
84 429
84 429
84 429
84 429
96 14
97 13
97 13
98 12
98 12
98 12
98 12
98 12
98 12
98 12
99 10
99 10
99 10
99 10
99 10
99 10
100 4
100 4
100 4
100 4
101 7
101 7
101 7
102 4
102 4
102 4
102 4
102 4
102 4
102 4
102 4
102 4
102 4
102 4
102 4
102 4
102 4
102 4
102 4
102 4
102 4
102 4
102 4
102 4
102 4
102 4
102 4
102 4
102 4
5 480
5 480
5 480
5 480
5 480
5 480
5 480
5 480
5 480
5 480
5 480
5 480
5 480
5 480
5 480
5 480
5 480
5 480
5 480
5 480
5 480
5 480
5 480
5 480
5 480
5 480
5 480
5 480
5 480
103 5
103 5
103 5
103 5
103 5
103 5
103 5
103 5
104 3
104 3
104 3
104 3
104 3
7 519
7 519
7 519
7 519
7 519
7 519
7 519
7 519
7 519
7 519
7 519
7 519
7 519
7 519
7 519
7 519
8 510
8 510
8 510
8 510
8 510
8 510
8 510
8 510
8 510
8 510
8 510
8 510
8 510
8 510
8 510
8 510
8 510
8 510
8 510
64 2481
64 2481
64 2481
64 2481
64 2481
64 2481
64 2481
64 2481
64 2481
64 2481
64 2481
64 2481
64 2481
64 2481
64 2481
64 2481
64 2481
64 2481
64 2481
64 2481
64 2481
64 2481
64 2481
64 2481
64 2481
64 2481
64 2481
64 1983
64 1983
64 1983
64 1983
64 1983
64 1983
64 1983
64 1983
64 1983
64 1983
64 1983
64 1983
64 1983
64 1983
64 1983
64 1983
64 1983
64 1983
64 1983
64 1983
64 1983
64 1983
64 1983
64 1983
64 1983
64 1983
64 1983
64 1501
64 1501
64 1501
64 1501
64 1501
64 1501
64 1501
64 1501
64 1501
64 1501
64 1501
64 1501
64 1501
64 1501
64 1501
64 1501
64 1501
64 1501
64 1501
64 1501
64 1501
64 1501
64 1501
64 1501
64 1501
64 1501
64 1501
64 501
64 501
64 501
64 501
64 501
64 501
64 501
64 501
64 501
64 501
64 501
64 501
64 501
64 501
64 501
64 501
64 501
64 501
64 501
64 501
64 501
64 501
64 501
64 501
64 501
64 501
64 501
68 497
68 497
68 497
68 497
68 497
68 497
68 497
68 497
68 497
68 497
68 497
68 497
68 497
68 497
68 497
68 497
68 497
68 497
68 497
68 497
68 497
68 497
78 955
78 955
78 955
78 955
78 955
78 955
78 955
78 955
78 955
78 955
78 955
78 955
78 955
78 955
78 955
78 955
78 955
78 955
78 955
78 955
78 955
78 955
78 955
78 955
78 955
78 955
78 955
78 955
16 3140
16 3140
16 3140
16 3140
16 3140
16 3140
16 3140
16 3140
16 3140
16 3140
16 3140
16 3140
16 3140
16 3140
16 3140
16 3140
16 3140
16 3140
16 3140
16 3140
16 3140
16 3140
16 3140
16 3140
84 529
84 529
84 529
84 529
84 529
84 529
84 529
84 529
84 529
84 529
84 529
84 529
84 529
84 529
84 529
84 529
84 529
84 529
84 529
84 529
84 529
84 529
84 529
84 529
84 529
94 974
94 974
94 974
94 974
94 974
94 974
94 974
94 974
94 974
94 974
94 974
94 974
94 974
94 974
96 1
34 1624
34 1624
34 1624
34 1624
34 1624
34 1624
34 1624
34 1624
34 1624
34 1624
34 1624
34 1624
34 1624
34 1624
34 1624
34 1624
34 1624
34 1624
78 692
78 692
78 692
78 692
78 692
78 692
78 692
78 692
78 692
78 692
78 692
78 692
78 692
78 692
78 692
78 692
78 692
78 692
78 692
78 692
78 692
78 692
78 692
78 692
78 692
78 692
78 692
78 692
97 9
97 9
98 5
98 5
98 5
98 5
98 5
98 5
98 5
99 3
99 3
99 3
99 3
99 3
99 3
100 2
100 2
100 2
100 2
101 11
101 11
101 11
102 14
102 14
102 14
102 14
102 14
102 14
102 14
102 14
102 14
102 14
102 14
102 14
102 14
102 14
102 14
102 14
102 14
102 14
102 14
102 14
102 14
102 14
102 14
102 14
102 14
102 14
103 6
103 6
103 6
103 6
103 6
103 6
103 6
103 6
104 8
104 8
104 8
104 8
104 8
5 593
5 593
5 593
5 593
5 593
5 593
5 593
5 593
5 593
5 593
5 593
5 593
5 593
5 593
5 593
5 593
5 593
5 593
5 593
5 593
5 593
5 593
5 593
5 593
5 593
5 593
5 593
5 593
5 593
7 600
7 600
7 600
7 600
7 600
7 600
7 600
7 600
7 600
7 600
7 600
7 600
7 600
7 600
7 600
7 600
16 2123
16 2123
16 2123
16 2123
16 2123
16 2123
16 2123
16 2123
16 2123
16 2123
16 2123
16 2123
16 2123
16 2123
16 2123
16 2123
16 2123
16 2123
16 2123
16 2123
16 2123
16 2123
16 2123
16 2123
96 2
97 8
97 8
98 2
98 2
98 2
98 2
98 2
98 2
98 2
99 4
99 4
99 4
99 4
99 4
99 4
100 3
100 3
100 3
100 3
101 2
101 2
101 2
102 1
102 1
102 1
102 1
102 1
102 1
102 1
102 1
102 1
102 1
102 1
102 1
102 1
102 1
102 1
102 1
102 1
102 1
102 1
102 1
102 1
102 1
102 1
102 1
102 1
102 1
103 5
103 5
103 5
103 5
103 5
103 5
103 5
103 5
104 6
104 6
104 6
104 6
104 6
46 2302
46 2302
46 2302
46 2302
46 2302
46 2302
46 2302
46 2302
46 2302
46 2302
46 2302
46 2302
46 2302
46 2302
46 2302
46 2302
46 2302
46 2302
46 2302
46 2302
33 3937
33 3937
33 3937
33 3937
33 3937
33 3937
33 3937
33 3937
33 3937
33 3937
33 3937
33 3937
33 3937
74 1088
74 1088
74 1088
74 1088
74 1088
74 1088
74 1088
74 1088
74 1088
74 1088
74 1088
74 1088
74 1088
74 1088
74 1088
94 899
94 899
94 899
94 899
94 899
94 899
94 899
94 899
94 899
94 899
94 899
94 899
94 899
94 899
70 1203
70 1203
70 1203
70 1203
70 1203
70 1203
70 1203
70 1203
70 1203
70 1203
70 1203
70 1203
70 1203
70 1203
70 1203
70 1203
70 1203
70 1203
70 1203
70 1203
70 1203
78 1152
78 1152
78 1152
78 1152
78 1152
78 1152
78 1152
78 1152
78 1152
78 1152
78 1152
78 1152
78 1152
78 1152
78 1152
78 1152
78 1152
78 1152
78 1152
78 1152
78 1152
78 1152
78 1152
78 1152
78 1152
78 1152
78 1152
78 1152
68 764
68 764
68 764
68 764
68 764
68 764
68 764
68 764
68 764
68 764
68 764
68 764
68 764
68 764
68 764
68 764
68 764
68 764
68 764
68 764
68 764
68 764
96 1
97 6
97 6
98 5
98 5
98 5
98 5
98 5
98 5
98 5
99 2
99 2
99 2
99 2
99 2
99 2
84 1158
84 1158
84 1158
84 1158
84 1158
84 1158
84 1158
84 1158
84 1158
84 1158
84 1158
84 1158
84 1158
84 1158
84 1158
84 1158
84 1158
84 1158
84 1158
84 1158
84 1158
84 1158
84 1158
84 1158
84 1158
100 2
100 2
100 2
100 2
101 2
101 2
101 2
102 1
102 1
102 1
102 1
102 1
102 1
102 1
102 1
102 1
102 1
102 1
102 1
102 1
102 1
102 1
102 1
102 1
102 1
102 1
102 1
102 1
102 1
102 1
102 1
102 1
102 1
103 9
103 9
103 9
103 9
103 9
103 9
103 9
103 9
104 8
104 8
104 8
104 8
104 8
74 844
74 844
74 844
74 844
74 844
74 844
74 844
74 844
74 844
74 844
74 844
74 844
74 844
74 844
74 844
