5 97
5 97
5 97
5 97
5 97
5 97
5 97
5 97
5 97
5 97
5 97
5 97
14 76
14 76
14 76
14 76
14 76
14 76
14 76
14 76
14 76
14 76
14 76
14 76
14 76
14 76
14 76
14 76
14 76
14 76
14 76
14 76
14 76
14 76
14 76
14 76
14 76
14 76
9 199
9 199
9 199
9 199
9 199
9 199
26 76
26 76
26 76
26 76
26 76
26 76
26 76
26 76
26 76
26 76
25 128
25 128
25 128
25 128
25 128
25 128
25 128
25 128
25 128
25 128
25 128
25 128
25 128
25 128
25 128
25 128
25 128
33 115
33 115
33 115
33 115
33 115
33 115
33 115
34 106
34 106
34 106
34 106
34 106
34 106
34 106
34 106
34 106
35 112
35 112
35 112
35 112
35 112
35 112
35 112
35 112
35 112
35 112
35 112
35 112
35 112
35 112
35 112
35 112
35 112
35 112
35 112
35 112
35 112
35 112
35 112
35 112
35 112
35 112
35 112
35 112
32 163
32 163
43 157
43 157
43 157
43 157
45 177
46 240
46 240
46 240
46 240
46 240
46 240
46 240
46 240
46 240
46 240
46 240
46 240
46 240
9 183
9 183
9 183
9 183
9 183
9 183
5 303
5 303
5 303
5 303
5 303
5 303
5 303
5 303
5 303
5 303
5 303
5 303
70 224
70 224
70 224
70 224
70 224
70 224
70 224
70 224
70 224
70 224
70 224
70 224
70 224
70 224
70 224
70 224
70 224
70 224
70 224
70 224
70 224
70 224
70 224
70 224
70 224
59 371
59 371
59 371
59 371
59 371
59 371
59 371
59 371
59 371
59 371
59 371
59 371
59 371
59 371
59 371
59 371
59 371
59 371
59 371
59 371
59 371
59 371
59 371
59 371
26 243
26 243
26 243
26 243
26 243
26 243
26 243
26 243
26 243
26 243
53 524
53 524
53 524
53 524
53 524
53 524
53 524
53 524
53 524
53 524
53 524
53 524
53 524
53 524
53 524
53 524
53 524
53 524
53 524
14 420
14 420
14 420
14 420
14 420
14 420
14 420
14 420
14 420
14 420
14 420
14 420
14 420
14 420
14 420
14 420
14 420
14 420
14 420
14 420
14 420
14 420
14 420
14 420
14 420
14 420
32 308
32 308
54 629
54 629
54 629
54 629
54 629
54 629
54 629
54 629
54 629
54 629
54 629
54 629
54 629
54 629
54 629
54 629
54 629
54 629
54 629
54 629
54 629
54 629
54 629
54 629
54 629
54 629
54 629
54 629
54 629
54 629
33 339
33 339
33 339
33 339
33 339
33 339
33 339
34 338
34 338
34 338
34 338
34 338
34 338
34 338
34 338
34 338
35 334
35 334
35 334
35 334
35 334
35 334
35 334
35 334
35 334
35 334
35 334
35 334
35 334
35 334
35 334
35 334
35 334
35 334
35 334
35 334
35 334
35 334
35 334
35 334
35 334
35 334
35 334
35 334
71 557
71 557
71 557
71 557
71 557
71 557
71 557
71 557
71 557
71 557
71 557
71 557
71 557
71 557
71 557
71 557
71 557
71 557
71 557
71 557
43 339
43 339
43 339
43 339
22 1052
22 1052
22 1052
22 553
22 553
22 553
45 337
25 550
25 550
25 550
25 550
25 550
25 550
25 550
25 550
25 550
25 550
25 550
25 550
25 550
25 550
25 550
25 550
25 550
9 415
9 415
9 415
9 415
9 415
9 415
46 656
46 656
46 656
46 656
46 656
46 656
46 656
46 656
46 656
46 656
46 656
46 656
46 656
70 498
70 498
70 498
70 498
70 498
70 498
70 498
70 498
70 498
70 498
70 498
70 498
70 498
70 498
70 498
70 498
70 498
70 498
70 498
70 498
70 498
70 498
70 498
70 498
70 498
22 524
22 524
22 524
26 509
26 509
26 509
26 509
26 509
26 509
26 509
26 509
26 509
26 509
54 732
54 732
54 732
54 732
54 732
54 732
54 732
54 732
54 732
54 732
54 732
54 732
54 732
54 732
54 732
54 732
54 732
54 732
54 732
54 732
54 732
54 732
54 732
54 732
54 732
54 732
54 732
54 732
54 732
54 732
5 743
5 743
5 743
5 743
5 743
5 743
5 743
5 743
5 743
5 743
5 743
5 743
53 777
53 777
53 777
53 777
53 777
53 777
53 777
53 777
53 777
53 777
53 777
53 777
53 777
53 777
53 777
53 777
53 777
53 777
53 777
59 790
59 790
59 790
59 790
59 790
59 790
59 790
59 790
59 790
59 790
59 790
59 790
59 790
59 790
59 790
59 790
59 790
59 790
59 790
59 790
59 790
59 790
59 790
59 790
32 578
32 578
33 579
33 579
33 579
33 579
33 579
33 579
33 579
34 584
34 584
34 584
34 584
34 584
34 584
34 584
34 584
34 584
35 574
35 574
35 574
35 574
35 574
35 574
35 574
35 574
35 574
35 574
35 574
35 574
35 574
35 574
35 574
35 574
35 574
35 574
35 574
35 574
35 574
35 574
35 574
35 574
35 574
35 574
35 574
35 574
43 553
43 553
43 553
43 553
45 557
14 874
14 874
14 874
14 874
14 874
14 874
14 874
14 874
14 874
14 874
14 874
14 874
14 874
14 874
14 874
14 874
14 874
14 874
14 874
14 874
14 874
14 874
14 874
14 874
14 874
14 874
25 856
25 856
25 856
25 856
25 856
25 856
25 856
25 856
25 856
25 856
25 856
25 856
25 856
25 856
25 856
25 856
25 856
71 903
71 903
71 903
71 903
71 903
71 903
71 903
71 903
71 903
71 903
71 903
71 903
71 903
71 903
71 903
71 903
71 903
71 903
71 903
71 903
27 1871
27 1871
27 1871
27 1871
27 1871
27 1871
27 1871
27 1871
27 1871
27 1871
27 1871
27 1871
27 1871
27 1871
27 1871
27 1871
27 1871
27 1871
27 1372
27 1372
27 1372
27 1372
27 1372
27 1372
27 1372
27 1372
27 1372
27 1372
27 1372
27 1372
27 1372
27 1372
27 1372
27 1372
27 1372
27 1372
27 883
27 883
27 883
27 883
27 883
27 883
27 883
27 883
27 883
27 883
27 883
27 883
27 883
27 883
27 883
27 883
27 883
27 883
9 667
9 667
9 667
9 667
9 667
9 667
70 671
70 671
70 671
70 671
70 671
70 671
70 671
70 671
70 671
70 671
70 671
70 671
70 671
70 671
70 671
70 671
70 671
70 671
70 671
70 671
70 671
70 671
70 671
70 671
70 671
22 708
22 708
22 708
26 709
26 709
26 709
26 709
26 709
26 709
26 709
26 709
26 709
26 709
46 1028
46 1028
46 1028
46 1028
46 1028
46 1028
46 1028
46 1028
46 1028
46 1028
46 1028
46 1028
46 1028
32 705
32 705
33 711
33 711
33 711
33 711
33 711
33 711
33 711
34 709
34 709
34 709
34 709
34 709
34 709
34 709
34 709
34 709
5 1078
5 1078
5 1078
5 1078
5 1078
5 1078
5 1078
5 1078
5 1078
5 1078
5 1078
5 1078
54 1094
54 1094
54 1094
54 1094
54 1094
54 1094
54 1094
54 1094
54 1094
54 1094
54 1094
54 1094
54 1094
54 1094
54 1094
54 1094
54 1094
54 1094
54 1094
54 1094
54 1094
54 1094
54 1094
54 1094
54 1094
54 1094
54 1094
54 1094
54 1094
54 1094
35 787
35 787
35 787
35 787
35 787
35 787
35 787
35 787
35 787
35 787
35 787
35 787
35 787
35 787
35 787
35 787
35 787
35 787
35 787
35 787
35 787
35 787
35 787
35 787
35 787
35 787
35 787
35 787
53 1132
53 1132
53 1132
53 1132
53 1132
53 1132
53 1132
53 1132
53 1132
53 1132
53 1132
53 1132
53 1132
53 1132
53 1132
53 1132
53 1132
53 1132
53 1132
43 796
43 796
43 796
43 796
45 813
14 1183
14 1183
14 1183
14 1183
14 1183
14 1183
14 1183
14 1183
14 1183
14 1183
14 1183
14 1183
14 1183
14 1183
14 1183
14 1183
14 1183
14 1183
14 1183
14 1183
14 1183
14 1183
14 1183
14 1183
14 1183
14 1183
59 1258
59 1258
59 1258
59 1258
59 1258
59 1258
59 1258
59 1258
59 1258
59 1258
59 1258
59 1258
59 1258
59 1258
59 1258
59 1258
59 1258
59 1258
59 1258
59 1258
59 1258
59 1258
59 1258
59 1258
9 854
9 854
9 854
9 854
9 854
9 854
25 1292
25 1292
25 1292
25 1292
25 1292
25 1292
25 1292
25 1292
25 1292
25 1292
25 1292
25 1292
25 1292
25 1292
25 1292
25 1292
25 1292
27 1315
27 1315
27 1315
27 1315
27 1315
27 1315
27 1315
27 1315
27 1315
27 1315
27 1315
27 1315
27 1315
27 1315
27 1315
27 1315
27 1315
27 1315
22 865
22 865
22 865
71 1381
71 1381
71 1381
71 1381
71 1381
71 1381
71 1381
71 1381
71 1381
71 1381
71 1381
71 1381
71 1381
71 1381
71 1381
71 1381
71 1381
71 1381
71 1381
71 1381
70 901
70 901
70 901
70 901
70 901
70 901
70 901
70 901
70 901
70 901
70 901
70 901
70 901
70 901
70 901
70 901
70 901
70 901
70 901
70 901
70 901
70 901
70 901
70 901
70 901
18 2957
18 2957
18 2957
18 2957
18 2957
18 2957
18 2957
18 2957
18 2957
18 2957
18 2957
18 2957
18 2957
18 2957
18 2957
18 2957
18 2957
18 2957
18 2957
18 2957
18 2957
18 2957
18 2957
18 2957
18 2957
18 2957
18 2957
18 2458
18 2458
18 2458
18 2458
18 2458
18 2458
18 2458
18 2458
18 2458
18 2458
18 2458
18 2458
18 2458
18 2458
18 2458
18 2458
18 2458
18 2458
18 2458
18 2458
18 2458
18 2458
18 2458
18 2458
18 2458
18 2458
18 2458
18 1958
18 1958
18 1958
18 1958
18 1958
18 1958
18 1958
18 1958
18 1958
18 1958
18 1958
18 1958
18 1958
18 1958
18 1958
18 1958
18 1958
18 1958
18 1958
18 1958
18 1958
18 1958
18 1958
18 1958
18 1958
18 1958
18 1958
26 926
26 926
26 926
26 926
26 926
26 926
26 926
26 926
26 926
26 926
32 934
32 934
33 960
33 960
33 960
33 960
33 960
33 960
33 960
34 951
34 951
34 951
34 951
34 951
34 951
34 951
34 951
34 951
35 944
35 944
35 944
35 944
35 944
35 944
35 944
35 944
35 944
35 944
35 944
35 944
35 944
35 944
35 944
35 944
35 944
35 944
35 944
35 944
35 944
35 944
35 944
35 944
35 944
35 944
35 944
35 944
21 3144
21 3144
21 3144
21 3144
21 3144
21 3144
21 3144
21 3144
21 3144
21 3144
21 3144
21 3144
21 3144
21 3144
21 3144
21 3144
21 1145
21 1145
21 1145
21 1145
21 1145
21 1145
21 1145
21 1145
21 1145
21 1145
21 1145
21 1145
21 1145
21 1145
21 1145
21 1145
43 933
43 933
43 933
43 933
46 1433
46 1433
46 1433
46 1433
46 1433
46 1433
46 1433
46 1433
46 1433
46 1433
46 1433
46 1433
46 1433
45 968
53 1538
53 1538
53 1538
53 1538
53 1538
53 1538
53 1538
53 1538
53 1538
53 1538
53 1538
53 1538
53 1538
53 1538
53 1538
53 1538
53 1538
53 1538
53 1538
54 1554
54 1554
54 1554
54 1554
54 1554
54 1554
54 1554
54 1554
54 1554
54 1554
54 1554
54 1554
54 1554
54 1554
54 1554
54 1554
54 1554
54 1554
54 1554
54 1554
54 1554
54 1554
54 1554
54 1554
54 1554
54 1554
54 1554
54 1554
54 1554
54 1554
5 1552
5 1552
5 1552
5 1552
5 1552
5 1552
5 1552
5 1552
5 1552
5 1552
5 1552
5 1552
42 1195
42 1195
42 1195
42 1195
42 1195
42 1195
42 1195
42 1195
9 1057
9 1057
9 1057
9 1057
9 1057
9 1057
14 1611
14 1611
14 1611
14 1611
14 1611
14 1611
14 1611
14 1611
14 1611
14 1611
14 1611
14 1611
14 1611
14 1611
14 1611
14 1611
14 1611
14 1611
14 1611
14 1611
14 1611
14 1611
14 1611
14 1611
14 1611
14 1611
50 1269
50 1269
50 1269
50 1269
50 1269
50 1269
50 1269
50 1269
50 1269
50 1269
50 1269
50 1269
50 1269
50 1269
50 1269
59 1684
59 1684
59 1684
59 1684
59 1684
59 1684
59 1684
59 1684
59 1684
59 1684
59 1684
59 1684
59 1684
59 1684
59 1684
59 1684
59 1684
59 1684
59 1684
59 1684
59 1684
59 1684
59 1684
59 1684
70 1082
70 1082
70 1082
70 1082
70 1082
70 1082
70 1082
70 1082
70 1082
70 1082
70 1082
70 1082
70 1082
70 1082
70 1082
70 1082
70 1082
70 1082
70 1082
70 1082
70 1082
70 1082
70 1082
70 1082
70 1082
22 1081
22 1081
22 1081
18 1657
18 1657
18 1657
18 1657
18 1657
18 1657
18 1657
18 1657
18 1657
18 1657
18 1657
18 1657
18 1657
18 1657
18 1657
18 1657
18 1657
18 1657
18 1657
18 1657
18 1657
18 1657
18 1657
18 1657
18 1657
18 1657
18 1657
26 1087
26 1087
26 1087
26 1087
26 1087
26 1087
26 1087
26 1087
26 1087
26 1087
25 1664
25 1664
25 1664
25 1664
25 1664
25 1664
25 1664
25 1664
25 1664
25 1664
25 1664
25 1664
25 1664
25 1664
25 1664
25 1664
25 1664
58 1336
58 1336
58 1336
58 1336
58 1336
58 1336
58 1336
58 1336
58 1336
58 1336
58 1336
58 1336
58 1336
58 1336
58 1336
58 1336
58 1336
58 1336
58 1336
58 1336
58 1336
58 1336
32 1106
32 1106
27 1689
27 1689
27 1689
27 1689
27 1689
27 1689
27 1689
27 1689
27 1689
27 1689
27 1689
27 1689
27 1689
27 1689
27 1689
27 1689
27 1689
27 1689
33 1143
33 1143
33 1143
33 1143
33 1143
33 1143
33 1143
60 1374
60 1374
60 1374
60 1374
60 1374
60 1374
60 1374
60 1374
60 1374
60 1374
60 1374
60 1374
60 1374
60 1374
60 1374
60 1374
60 1374
60 1374
60 1374
60 1374
60 1374
60 1374
60 1374
34 1141
34 1141
34 1141
34 1141
34 1141
34 1141
34 1141
34 1141
34 1141
35 1132
35 1132
35 1132
35 1132
35 1132
35 1132
35 1132
35 1132
35 1132
35 1132
35 1132
35 1132
35 1132
35 1132
35 1132
35 1132
35 1132
35 1132
35 1132
35 1132
35 1132
35 1132
35 1132
35 1132
35 1132
35 1132
35 1132
35 1132
66 1402
66 1402
66 1402
66 1402
66 1402
66 1402
66 1402
66 1402
66 1402
66 1402
66 1402
66 1402
66 1402
66 1402
66 1402
66 1402
66 1402
66 1402
66 1402
66 1402
66 1402
66 1402
66 1402
66 1402
66 1402
66 1402
66 1402
66 1402
66 1402
71 1872
71 1872
71 1872
71 1872
71 1872
71 1872
71 1872
71 1872
71 1872
71 1872
71 1872
71 1872
71 1872
71 1872
71 1872
71 1872
71 1872
71 1872
71 1872
71 1872
67 1434
67 1434
67 1434
67 1434
67 1434
67 1434
67 1434
67 1434
67 1434
67 1434
67 1434
68 1432
68 1432
68 1432
68 1432
68 1432
68 1432
68 1432
68 1432
68 1432
68 1432
68 1432
68 1432
68 1432
68 1432
68 1432
68 1432
68 1432
68 1432
68 1432
68 1432
68 1432
45 1176
21 1427
21 1427
21 1427
21 1427
21 1427
21 1427
21 1427
21 1427
21 1427
21 1427
21 1427
21 1427
21 1427
21 1427
21 1427
21 1427
43 1263
43 1263
43 1263
43 1263
46 1837
46 1837
46 1837
46 1837
46 1837
46 1837
46 1837
46 1837
46 1837
46 1837
46 1837
46 1837
46 1837
40 3906
40 3906
40 3906
40 3906
40 3906
40 1907
40 1907
40 1907
40 1907
40 1907
40 1459
40 1459
40 1459
40 1459
40 1459
42 1490
42 1490
42 1490
42 1490
42 1490
42 1490
42 1490
42 1490
53 1952
53 1952
53 1952
53 1952
53 1952
53 1952
53 1952
53 1952
53 1952
53 1952
53 1952
53 1952
53 1952
53 1952
53 1952
53 1952
53 1952
53 1952
53 1952
70 1284
70 1284
70 1284
70 1284
70 1284
70 1284
70 1284
70 1284
70 1284
70 1284
70 1284
70 1284
70 1284
70 1284
70 1284
70 1284
70 1284
70 1284
70 1284
70 1284
70 1284
70 1284
70 1284
70 1284
70 1284
54 1946
54 1946
54 1946
54 1946
54 1946
54 1946
54 1946
54 1946
54 1946
54 1946
54 1946
54 1946
54 1946
54 1946
54 1946
54 1946
54 1946
54 1946
54 1946
54 1946
54 1946
54 1946
54 1946
54 1946
54 1946
54 1946
54 1946
54 1946
54 1946
54 1946
