85 8
85 8
85 8
83 35
84 26
84 26
84 26
84 26
84 26
86 8
86 8
88 5
88 5
88 5
88 5
88 5
88 5
87 16
87 16
87 16
87 16
83 1
84 2
84 2
84 2
84 2
84 2
85 3
85 3
85 3
86 1
86 1
87 2
87 2
87 2
87 2
88 3
88 3
88 3
88 3
88 3
88 3
53 1053
53 1053
53 1053
53 1053
53 1053
53 1053
53 1053
53 1053
53 556
53 556
53 556
53 556
53 556
53 556
53 556
53 556
83 7
84 1
84 1
84 1
84 1
84 1
85 2
85 2
85 2
86 1
86 1
87 2
87 2
87 2
87 2
88 3
88 3
88 3
88 3
88 3
88 3
83 1
84 1
84 1
84 1
84 1
84 1
85 2
85 2
85 2
86 2
86 2
87 5
87 5
87 5
87 5
88 3
88 3
88 3
88 3
88 3
88 3
53 458
53 458
53 458
53 458
53 458
53 458
53 458
53 458
83 2
84 1
84 1
84 1
84 1
84 1
85 2
85 2
85 2
86 2
86 2
87 4
87 4
87 4
87 4
88 2
88 2
88 2
88 2
88 2
88 2
11 2889
11 2889
11 2889
11 2889
11 2889
11 2889
11 2889
11 2889
11 2889
11 2889
11 2889
11 2889
11 2889
11 2889
11 2889
11 2412
11 2412
11 2412
11 2412
11 2412
11 2412
11 2412
11 2412
11 2412
11 2412
11 2412
11 2412
11 2412
11 2412
11 2412
11 1917
11 1917
11 1917
11 1917
11 1917
11 1917
11 1917
11 1917
11 1917
11 1917
11 1917
11 1917
11 1917
11 1917
11 1917
11 471
11 471
11 471
11 471
11 471
11 471
11 471
11 471
11 471
11 471
11 471
11 471
11 471
11 471
11 471
47 2618
47 2618
47 2618
47 2618
47 2618
47 2618
47 2618
47 2618
47 2618
47 2618
47 2156
47 2156
47 2156
47 2156
47 2156
47 2156
47 2156
47 2156
47 2156
47 2156
47 696
47 696
47 696
47 696
47 696
47 696
47 696
47 696
47 696
47 696
11 58
11 58
11 58
11 58
11 58
11 58
11 58
11 58
11 58
11 58
11 58
11 58
11 58
11 58
11 58
83 1
84 2
84 2
84 2
84 2
84 2
85 2
85 2
85 2
86 2
86 2
87 2
87 2
87 2
87 2
88 3
88 3
88 3
88 3
88 3
88 3
53 363
53 363
53 363
53 363
53 363
53 363
53 363
53 363
19 1321
19 1321
19 1321
19 1321
19 1321
19 1321
19 1321
19 1321
19 1321
19 1321
19 1321
26 3359
26 3359
26 3359
26 3359
26 3359
26 3359
26 3359
26 3359
26 3359
26 2862
26 2862
26 2862
26 2862
26 2862
26 2862
26 2862
26 2862
26 2862
26 2402
26 2402
26 2402
26 2402
26 2402
26 2402
26 2402
26 2402
26 2402
11 98
11 98
11 98
11 98
11 98
11 98
11 98
11 98
11 98
11 98
11 98
11 98
11 98
11 98
11 98
26 7
26 7
26 7
26 7
26 7
26 7
26 7
26 7
26 7
83 1
84 1
84 1
84 1
84 1
84 1
85 2
85 2
85 2
86 1
86 1
87 2
87 2
87 2
87 2
88 3
88 3
88 3
88 3
88 3
88 3
47 427
47 427
47 427
47 427
47 427
47 427
47 427
47 427
47 427
47 427
53 373
53 373
53 373
53 373
53 373
53 373
53 373
53 373
83 1
84 2
84 2
84 2
84 2
84 2
85 6
85 6
85 6
86 4
86 4
87 2
87 2
87 2
87 2
88 3
88 3
88 3
88 3
88 3
88 3
