19 150
19 150
19 150
19 150
19 150
19 150
19 150
19 150
19 150
19 150
19 150
19 150
19 150
19 150
19 150
19 150
19 150
19 150
36 157
36 157
36 157
36 157
36 157
36 157
36 157
36 157
36 157
36 157
36 157
36 157
36 157
36 157
36 157
36 157
36 157
36 157
36 157
36 157
36 157
31 227
31 227
31 227
31 227
31 227
31 227
31 227
31 227
31 227
31 227
31 227
31 227
31 227
31 227
31 227
12 95
12 95
12 95
12 95
12 95
12 95
12 95
12 95
12 95
12 95
12 95
12 95
12 95
12 95
12 95
12 95
12 95
83 36
83 36
83 36
85 18
84 29
84 29
84 29
84 29
87 8
87 8
87 8
87 8
87 8
87 8
87 8
87 8
87 8
87 8
87 8
87 8
87 8
87 8
87 8
87 8
87 8
87 8
87 8
88 5
88 5
19 228
19 228
19 228
19 228
19 228
19 228
19 228
19 228
19 228
19 228
19 228
19 228
19 228
19 228
19 228
19 228
19 228
19 228
31 458
31 458
31 458
31 458
31 458
31 458
31 458
31 458
31 458
31 458
31 458
31 458
31 458
31 458
31 458
36 430
36 430
36 430
36 430
36 430
36 430
36 430
36 430
36 430
36 430
36 430
36 430
36 430
36 430
36 430
36 430
36 430
36 430
36 430
36 430
36 430
83 5
83 5
83 5
61 726
61 726
61 726
61 726
61 726
61 726
84 2
84 2
84 2
84 2
16 1182
16 1182
16 1182
16 1182
16 1182
16 1182
16 1182
16 1182
16 1182
16 1182
16 1182
16 1182
16 1182
16 1182
16 1182
16 1182
16 1182
16 1182
16 1182
16 1182
16 1182
16 1182
16 683
16 683
16 683
16 683
16 683
16 683
16 683
16 683
16 683
16 683
16 683
16 683
16 683
16 683
16 683
16 683
16 683
16 683
16 683
16 683
16 683
16 683
25 1104
25 1104
25 1104
25 1104
25 1104
25 1104
25 1104
25 1104
25 1104
25 1104
25 1104
25 1104
25 1104
25 1104
25 1104
25 1104
25 604
25 604
25 604
25 604
25 604
25 604
25 604
25 604
25 604
25 604
25 604
25 604
25 604
25 604
25 604
25 604
85 5
86 12
86 12
86 12
86 12
86 12
87 5
87 5
87 5
87 5
87 5
87 5
87 5
87 5
87 5
87 5
87 5
87 5
87 5
87 5
87 5
87 5
87 5
87 5
87 5
88 4
88 4
12 348
12 348
12 348
12 348
12 348
12 348
12 348
12 348
12 348
12 348
12 348
12 348
12 348
12 348
12 348
12 348
12 348
61 413
61 413
61 413
61 413
61 413
61 413
16 452
16 452
16 452
16 452
16 452
16 452
16 452
16 452
16 452
16 452
16 452
16 452
16 452
16 452
16 452
16 452
16 452
16 452
16 452
16 452
16 452
16 452
25 374
25 374
25 374
25 374
25 374
25 374
25 374
25 374
25 374
25 374
25 374
25 374
25 374
25 374
25 374
25 374
83 8
83 8
83 8
84 23
84 23
84 23
84 23
85 14
86 6
86 6
86 6
86 6
86 6
87 10
87 10
87 10
87 10
87 10
87 10
87 10
87 10
87 10
87 10
87 10
87 10
87 10
87 10
87 10
87 10
87 10
87 10
87 10
88 9
88 9
36 562
36 562
36 562
36 562
36 562
36 562
36 562
36 562
36 562
36 562
36 562
36 562
36 562
36 562
36 562
36 562
36 562
36 562
36 562
36 562
36 562
83 9
83 9
83 9
84 4
84 4
84 4
84 4
85 4
86 1
86 1
86 1
86 1
86 1
87 2
87 2
87 2
87 2
87 2
87 2
87 2
87 2
87 2
87 2
87 2
87 2
87 2
87 2
87 2
87 2
87 2
87 2
87 2
88 4
88 4
12 795
12 795
12 795
12 795
12 795
12 795
12 795
12 795
12 795
12 795
12 795
12 795
12 795
12 795
12 795
12 795
12 795
31 1106
31 1106
31 1106
31 1106
31 1106
31 1106
31 1106
31 1106
31 1106
31 1106
31 1106
31 1106
31 1106
31 1106
31 1106
25 666
25 666
25 666
25 666
25 666
25 666
25 666
25 666
25 666
25 666
25 666
25 666
25 666
25 666
25 666
25 666
61 812
61 812
61 812
61 812
61 812
61 812
21 2253
21 2253
21 2253
21 2253
21 2253
21 2253
21 2253
21 2253
21 2253
21 2253
21 2253
21 2253
21 1755
21 1755
21 1755
21 1755
21 1755
21 1755
21 1755
21 1755
21 1755
21 1755
21 1755
21 1755
21 1266
21 1266
21 1266
21 1266
21 1266
21 1266
21 1266
21 1266
21 1266
21 1266
21 1266
21 1266
36 719
36 719
36 719
36 719
36 719
36 719
36 719
36 719
36 719
36 719
36 719
36 719
36 719
36 719
36 719
36 719
36 719
36 719
36 719
36 719
36 719
16 928
16 928
16 928
16 928
16 928
16 928
16 928
16 928
16 928
16 928
16 928
16 928
16 928
16 928
16 928
16 928
16 928
16 928
16 928
16 928
16 928
16 928
31 787
31 787
31 787
31 787
31 787
31 787
31 787
31 787
31 787
31 787
31 787
31 787
31 787
31 787
31 787
12 553
12 553
12 553
12 553
12 553
12 553
12 553
12 553
12 553
12 553
12 553
12 553
12 553
12 553
12 553
12 553
12 553
61 600
61 600
61 600
61 600
61 600
61 600
24 2086
24 2086
24 2086
24 2086
24 2086
24 2086
24 2086
24 2086
24 2086
24 2086
24 2086
24 2086
24 2086
24 2086
24 2086
24 2086
24 2086
24 2086
24 2086
24 2086
24 2086
24 2086
24 2086
24 2086
24 2086
24 2086
24 1593
24 1593
24 1593
24 1593
24 1593
24 1593
24 1593
24 1593
24 1593
24 1593
24 1593
24 1593
24 1593
24 1593
24 1593
24 1593
24 1593
24 1593
24 1593
24 1593
24 1593
24 1593
24 1593
24 1593
24 1593
24 1593
83 4
83 4
83 4
84 5
84 5
84 5
84 5
24 1110
24 1110
24 1110
24 1110
24 1110
24 1110
24 1110
24 1110
24 1110
24 1110
24 1110
24 1110
24 1110
24 1110
24 1110
24 1110
24 1110
24 1110
24 1110
24 1110
24 1110
24 1110
24 1110
24 1110
24 1110
24 1110
85 6
86 2
86 2
86 2
86 2
86 2
87 3
87 3
87 3
87 3
87 3
87 3
87 3
87 3
87 3
87 3
87 3
87 3
87 3
87 3
87 3
87 3
87 3
87 3
87 3
88 3
88 3
25 726
25 726
25 726
25 726
25 726
25 726
25 726
25 726
25 726
25 726
25 726
25 726
25 726
25 726
25 726
25 726
21 769
21 769
21 769
21 769
21 769
21 769
21 769
21 769
21 769
21 769
21 769
21 769
16 827
16 827
16 827
16 827
16 827
16 827
16 827
16 827
16 827
16 827
16 827
16 827
16 827
16 827
16 827
16 827
16 827
16 827
16 827
16 827
16 827
16 827
19 805
19 805
19 805
19 805
19 805
19 805
19 805
19 805
19 805
19 805
19 805
19 805
19 805
19 805
19 805
19 805
19 805
19 805
12 700
12 700
12 700
12 700
12 700
12 700
12 700
12 700
12 700
12 700
12 700
12 700
12 700
12 700
12 700
12 700
12 700
80 1525
80 1525
80 1525
80 1525
80 1525
80 1525
80 1525
80 1525
83 3
83 3
83 3
24 1095
24 1095
24 1095
24 1095
24 1095
24 1095
24 1095
24 1095
24 1095
24 1095
24 1095
24 1095
24 1095
24 1095
24 1095
24 1095
24 1095
24 1095
24 1095
24 1095
24 1095
24 1095
24 1095
24 1095
24 1095
24 1095
84 2
84 2
84 2
84 2
85 2
86 2
86 2
86 2
86 2
86 2
81 1557
81 1557
81 1557
81 1557
81 1557
81 1557
81 1557
81 1557
81 1557
81 1557
81 1557
87 4
87 4
87 4
87 4
87 4
87 4
87 4
87 4
87 4
87 4
87 4
87 4
87 4
87 4
87 4
87 4
87 4
87 4
87 4
88 2
88 2
31 1103
31 1103
31 1103
31 1103
31 1103
31 1103
31 1103
31 1103
31 1103
31 1103
31 1103
31 1103
31 1103
31 1103
31 1103
21 724
21 724
21 724
21 724
21 724
21 724
21 724
21 724
21 724
21 724
21 724
21 724
25 723
25 723
25 723
25 723
25 723
25 723
25 723
25 723
25 723
25 723
25 723
25 723
25 723
25 723
25 723
25 723
16 817
16 817
16 817
16 817
16 817
16 817
16 817
16 817
16 817
16 817
16 817
16 817
16 817
16 817
16 817
16 817
16 817
16 817
16 817
16 817
16 817
16 817
36 1188
36 1188
36 1188
36 1188
36 1188
36 1188
36 1188
36 1188
36 1188
36 1188
36 1188
36 1188
36 1188
36 1188
36 1188
36 1188
36 1188
36 1188
36 1188
36 1188
36 1188
57 1731
57 1731
57 1731
57 1731
57 1731
57 1731
57 1731
57 1731
57 1731
57 1731
57 1731
57 1731
57 1731
57 1731
57 1731
57 1731
57 1731
57 1731
57 1731
57 1731
57 1731
57 1731
57 1731
57 1731
83 3
83 3
83 3
61 1230
61 1230
61 1230
61 1230
61 1230
61 1230
84 1
84 1
84 1
84 1
85 3
86 2
86 2
86 2
86 2
86 2
19 1180
19 1180
19 1180
19 1180
19 1180
19 1180
19 1180
19 1180
19 1180
19 1180
19 1180
19 1180
19 1180
19 1180
19 1180
19 1180
19 1180
19 1180
87 3
87 3
87 3
87 3
87 3
87 3
87 3
87 3
87 3
87 3
87 3
87 3
87 3
87 3
87 3
87 3
87 3
87 3
87 3
12 766
12 766
12 766
12 766
12 766
12 766
12 766
12 766
12 766
12 766
12 766
12 766
12 766
12 766
12 766
12 766
12 766
88 7
88 7
69 1739
69 1739
69 1739
69 1739
69 1739
69 1739
69 1739
69 1739
69 1739
69 1739
69 1739
69 1739
69 1739
69 1739
80 1708
80 1708
80 1708
80 1708
80 1708
80 1708
80 1708
80 1708
61 929
61 929
61 929
61 929
61 929
61 929
25 798
25 798
25 798
25 798
25 798
25 798
25 798
25 798
25 798
25 798
25 798
25 798
25 798
25 798
25 798
25 798
21 897
21 897
21 897
21 897
21 897
21 897
21 897
21 897
21 897
21 897
21 897
21 897
75 2046
75 2046
75 2046
75 2046
75 2046
75 2046
75 2046
75 2046
75 2046
75 2046
75 2046
75 2046
75 2046
75 2046
75 2046
75 2046
75 2046
75 2046
75 2046
75 2046
44 3859
44 3859
44 3859
44 3859
44 3859
44 3859
44 3859
44 3859
44 3859
44 3859
44 3859
44 3859
44 3859
44 3859
44 3859
44 3859
44 3859
44 3859
44 3859
44 3859
44 3859
44 3859
44 3859
44 2360
44 2360
44 2360
44 2360
44 2360
44 2360
44 2360
44 2360
44 2360
44 2360
44 2360
44 2360
44 2360
44 2360
44 2360
44 2360
44 2360
44 2360
44 2360
44 2360
44 2360
44 2360
44 2360
44 1861
44 1861
44 1861
44 1861
44 1861
44 1861
44 1861
44 1861
44 1861
44 1861
44 1861
44 1861
44 1861
44 1861
44 1861
44 1861
44 1861
44 1861
44 1861
44 1861
44 1861
44 1861
44 1861
38 3924
38 3924
38 3924
38 3924
38 3924
38 3924
38 3924
38 3924
38 3924
38 2442
38 2442
38 2442
38 2442
38 2442
38 2442
38 2442
38 2442
38 2442
38 1942
38 1942
38 1942
38 1942
38 1942
38 1942
38 1942
38 1942
38 1942
64 1686
64 1686
64 1686
64 1686
64 1686
64 1686
64 1686
64 1686
64 1686
64 1686
64 1686
64 1686
64 1686
64 1686
64 1686
64 1686
64 1686
64 1686
64 1686
64 1686
64 1686
64 1686
64 1686
64 1686
64 1686
83 2
83 2
83 2
84 2
84 2
84 2
84 2
85 8
86 6
86 6
86 6
86 6
86 6
87 3
87 3
87 3
87 3
87 3
87 3
87 3
87 3
87 3
87 3
87 3
87 3
87 3
87 3
87 3
87 3
87 3
87 3
87 3
88 7
88 7
80 1704
80 1704
80 1704
80 1704
80 1704
80 1704
80 1704
80 1704
81 1704
81 1704
81 1704
81 1704
81 1704
81 1704
81 1704
81 1704
81 1704
81 1704
81 1704
