9 125
9 125
9 125
9 125
9 125
9 125
9 125
6 160
6 160
6 160
6 160
6 160
6 160
6 160
6 160
6 160
6 160
6 160
6 160
6 160
6 160
6 160
6 160
6 160
6 160
6 160
6 160
13 120
13 120
13 120
13 120
13 120
13 120
13 120
13 120
13 120
13 120
13 120
13 120
13 120
13 120
13 120
22 40
22 40
22 40
22 40
22 40
22 40
22 40
22 40
22 40
22 40
22 40
22 40
22 40
22 40
22 40
22 40
38 65
38 65
38 65
38 65
38 65
38 65
38 65
38 65
38 65
29 157
29 157
29 157
29 157
29 157
29 157
29 157
29 157
29 157
29 157
29 157
29 157
29 157
29 157
29 157
29 157
29 157
42 62
42 62
42 62
42 62
42 62
42 62
42 62
42 62
42 62
42 62
42 62
42 62
45 68
45 68
45 68
50 75
50 75
51 83
51 83
51 83
51 83
51 83
51 83
51 83
51 83
51 83
51 83
55 66
55 66
55 66
55 66
55 66
55 66
55 66
55 66
55 66
55 66
55 66
55 66
55 66
55 66
62 63
62 63
62 63
62 63
62 63
62 63
62 63
62 63
62 63
62 63
62 63
6 179
6 179
6 179
6 179
6 179
6 179
6 179
6 179
6 179
6 179
6 179
6 179
6 179
6 179
6 179
6 179
6 179
6 179
6 179
6 179
70 66
70 66
70 66
70 66
71 71
9 232
9 232
9 232
9 232
9 232
9 232
9 232
13 203
13 203
13 203
13 203
13 203
13 203
13 203
13 203
13 203
13 203
13 203
13 203
13 203
13 203
13 203
29 71
29 71
29 71
29 71
29 71
29 71
29 71
29 71
29 71
29 71
29 71
29 71
29 71
29 71
29 71
29 71
29 71
22 220
22 220
22 220
22 220
22 220
22 220
22 220
22 220
22 220
22 220
22 220
22 220
22 220
22 220
22 220
22 220
38 98
38 98
38 98
38 98
38 98
38 98
38 98
38 98
38 98
65 343
65 343
65 343
65 343
65 343
65 343
42 95
42 95
42 95
42 95
42 95
42 95
42 95
42 95
42 95
42 95
42 95
42 95
45 98
45 98
45 98
50 98
50 98
51 107
51 107
51 107
51 107
51 107
51 107
51 107
51 107
51 107
51 107
55 99
55 99
55 99
55 99
55 99
55 99
55 99
55 99
55 99
55 99
55 99
55 99
55 99
55 99
48 682
48 682
48 682
48 682
48 682
48 682
48 682
48 682
48 682
48 682
48 682
48 682
48 682
48 682
48 682
48 682
48 682
48 682
48 682
16 543
16 543
16 543
16 543
16 543
16 543
16 543
16 543
16 543
16 543
16 543
16 543
16 543
16 543
16 543
16 543
16 543
16 543
48 242
48 242
48 242
48 242
48 242
48 242
48 242
48 242
48 242
48 242
48 242
48 242
48 242
48 242
48 242
48 242
48 242
48 242
48 242
62 128
62 128
62 128
62 128
62 128
62 128
62 128
62 128
62 128
62 128
62 128
70 155
70 155
70 155
70 155
13 232
13 232
13 232
13 232
13 232
13 232
13 232
13 232
13 232
13 232
13 232
13 232
13 232
13 232
13 232
71 156
6 321
6 321
6 321
6 321
6 321
6 321
6 321
6 321
6 321
6 321
6 321
6 321
6 321
6 321
6 321
6 321
6 321
6 321
6 321
6 321
29 156
29 156
29 156
29 156
29 156
29 156
29 156
29 156
29 156
29 156
29 156
29 156
29 156
29 156
29 156
29 156
29 156
38 167
38 167
38 167
38 167
38 167
38 167
38 167
38 167
38 167
22 334
22 334
22 334
22 334
22 334
22 334
22 334
22 334
22 334
22 334
22 334
22 334
22 334
22 334
22 334
22 334
9 493
9 493
9 493
9 493
9 493
9 493
9 493
42 175
42 175
42 175
42 175
42 175
42 175
42 175
42 175
42 175
42 175
42 175
42 175
45 178
45 178
45 178
50 185
50 185
51 179
51 179
51 179
51 179
51 179
51 179
51 179
51 179
51 179
51 179
55 207
55 207
55 207
55 207
55 207
55 207
55 207
55 207
55 207
55 207
55 207
55 207
55 207
55 207
62 194
62 194
62 194
62 194
62 194
62 194
62 194
62 194
62 194
62 194
62 194
70 195
70 195
70 195
70 195
6 355
6 355
6 355
6 355
6 355
6 355
6 355
6 355
6 355
6 355
6 355
6 355
6 355
6 355
6 355
6 355
6 355
6 355
6 355
6 355
71 216
48 457
48 457
48 457
48 457
48 457
48 457
48 457
48 457
48 457
48 457
48 457
48 457
48 457
48 457
48 457
48 457
48 457
48 457
48 457
9 378
9 378
9 378
9 378
9 378
9 378
9 378
29 208
29 208
29 208
29 208
29 208
29 208
29 208
29 208
29 208
29 208
29 208
29 208
29 208
29 208
29 208
29 208
29 208
13 388
13 388
13 388
13 388
13 388
13 388
13 388
13 388
13 388
13 388
13 388
13 388
13 388
13 388
13 388
16 876
16 876
16 876
16 876
16 876
16 876
16 876
16 876
16 876
16 876
16 876
16 876
16 876
16 876
16 876
16 876
16 876
16 876
38 230
38 230
38 230
38 230
38 230
38 230
38 230
38 230
38 230
22 432
22 432
22 432
22 432
22 432
22 432
22 432
22 432
22 432
22 432
22 432
22 432
22 432
22 432
22 432
22 432
42 240
42 240
42 240
42 240
42 240
42 240
42 240
42 240
42 240
42 240
42 240
42 240
45 250
45 250
45 250
50 256
50 256
51 276
51 276
51 276
51 276
51 276
51 276
51 276
51 276
51 276
51 276
55 271
55 271
55 271
55 271
55 271
55 271
55 271
55 271
55 271
55 271
55 271
55 271
55 271
55 271
62 286
62 286
62 286
62 286
62 286
62 286
62 286
62 286
62 286
62 286
62 286
65 802
65 802
65 802
65 802
65 802
65 802
70 294
70 294
70 294
70 294
71 299
29 313
29 313
29 313
29 313
29 313
29 313
29 313
29 313
29 313
29 313
29 313
29 313
29 313
29 313
29 313
29 313
29 313
6 601
6 601
6 601
6 601
6 601
6 601
6 601
6 601
6 601
6 601
6 601
6 601
6 601
6 601
6 601
6 601
6 601
6 601
6 601
6 601
9 571
9 571
9 571
9 571
9 571
9 571
9 571
13 546
13 546
13 546
13 546
13 546
13 546
13 546
13 546
13 546
13 546
13 546
13 546
13 546
13 546
13 546
65 535
65 535
65 535
65 535
65 535
65 535
38 308
38 308
38 308
38 308
38 308
38 308
38 308
38 308
38 308
42 321
42 321
42 321
42 321
42 321
42 321
42 321
42 321
42 321
42 321
42 321
42 321
22 538
22 538
22 538
22 538
22 538
22 538
22 538
22 538
22 538
22 538
22 538
22 538
22 538
22 538
22 538
22 538
45 334
45 334
45 334
50 336
50 336
51 340
51 340
51 340
51 340
51 340
51 340
51 340
51 340
51 340
51 340
55 344
55 344
55 344
55 344
55 344
55 344
55 344
55 344
55 344
55 344
55 344
55 344
55 344
55 344
62 354
62 354
62 354
62 354
62 354
62 354
62 354
62 354
62 354
62 354
62 354
16 826
16 826
16 826
16 826
16 826
16 826
16 826
16 826
16 826
16 826
16 826
16 826
16 826
16 826
16 826
16 826
16 826
16 826
48 1019
48 1019
48 1019
48 1019
48 1019
48 1019
48 1019
48 1019
48 1019
48 1019
48 1019
48 1019
48 1019
48 1019
48 1019
48 1019
48 1019
48 1019
48 1019
70 360
70 360
70 360
70 360
71 364
30 2825
30 2825
30 2825
30 2825
30 2825
30 2825
30 2825
30 2825
30 1827
30 1827
30 1827
30 1827
30 1827
30 1827
30 1827
30 1827
29 359
29 359
29 359
29 359
29 359
29 359
29 359
29 359
29 359
29 359
29 359
29 359
29 359
29 359
29 359
29 359
29 359
38 356
38 356
38 356
38 356
38 356
38 356
38 356
38 356
38 356
42 353
42 353
42 353
42 353
42 353
42 353
42 353
42 353
42 353
42 353
42 353
42 353
45 382
45 382
45 382
50 382
50 382
51 373
51 373
51 373
51 373
51 373
51 373
51 373
51 373
51 373
51 373
55 383
55 383
55 383
55 383
55 383
55 383
55 383
55 383
55 383
55 383
55 383
55 383
55 383
55 383
62 397
62 397
62 397
62 397
62 397
62 397
62 397
62 397
62 397
62 397
62 397
30 1749
30 1749
30 1749
30 1749
30 1749
30 1749
30 1749
30 1749
9 963
9 963
9 963
9 963
9 963
9 963
9 963
13 924
13 924
13 924
13 924
13 924
13 924
13 924
13 924
13 924
13 924
13 924
13 924
13 924
13 924
13 924
65 913
65 913
65 913
65 913
65 913
65 913
48 1085
48 1085
48 1085
48 1085
48 1085
48 1085
48 1085
48 1085
48 1085
48 1085
48 1085
48 1085
48 1085
48 1085
48 1085
48 1085
48 1085
48 1085
48 1085
22 852
22 852
22 852
22 852
22 852
22 852
22 852
22 852
22 852
22 852
22 852
22 852
22 852
22 852
22 852
22 852
6 1019
6 1019
6 1019
6 1019
6 1019
6 1019
6 1019
6 1019
6 1019
6 1019
6 1019
6 1019
6 1019
6 1019
6 1019
6 1019
6 1019
6 1019
6 1019
6 1019
70 418
70 418
70 418
70 418
16 963
16 963
16 963
16 963
16 963
16 963
16 963
16 963
16 963
16 963
16 963
16 963
16 963
16 963
16 963
16 963
16 963
16 963
30 823
30 823
30 823
30 823
30 823
30 823
30 823
30 823
71 434
29 451
29 451
29 451
29 451
29 451
29 451
29 451
29 451
29 451
29 451
29 451
29 451
29 451
29 451
29 451
29 451
29 451
9 747
9 747
9 747
9 747
9 747
9 747
9 747
38 468
38 468
38 468
38 468
38 468
38 468
38 468
38 468
38 468
42 466
42 466
42 466
42 466
42 466
42 466
42 466
42 466
42 466
42 466
42 466
42 466
45 466
45 466
45 466
50 460
50 460
51 461
51 461
51 461
51 461
51 461
51 461
51 461
51 461
51 461
51 461
65 825
65 825
65 825
65 825
65 825
65 825
48 1039
48 1039
48 1039
48 1039
48 1039
48 1039
48 1039
48 1039
48 1039
48 1039
48 1039
48 1039
48 1039
48 1039
48 1039
48 1039
48 1039
48 1039
48 1039
55 474
55 474
55 474
55 474
55 474
55 474
55 474
55 474
55 474
55 474
55 474
55 474
55 474
55 474
62 473
62 473
62 473
62 473
62 473
62 473
62 473
62 473
62 473
62 473
62 473
22 939
22 939
22 939
22 939
22 939
22 939
22 939
22 939
22 939
22 939
22 939
22 939
22 939
22 939
22 939
22 939
70 507
70 507
70 507
70 507
71 506
48 924
48 924
48 924
48 924
48 924
48 924
48 924
48 924
48 924
48 924
48 924
48 924
48 924
48 924
48 924
48 924
48 924
48 924
48 924
65 928
65 928
65 928
65 928
65 928
65 928
