6 72
6 72
6 72
6 72
6 72
6 72
6 72
6 72
6 72
14 73
14 73
14 73
14 73
14 73
14 73
14 73
14 73
18 54
18 54
18 54
18 54
18 54
18 54
18 54
18 54
18 54
18 54
18 54
18 54
16 142
16 142
16 142
16 142
16 142
16 142
16 142
16 142
16 142
16 142
16 142
8 225
8 225
8 225
8 225
8 225
8 225
8 225
8 225
8 225
8 225
8 225
8 225
8 225
8 225
8 225
8 225
8 225
8 225
8 225
8 225
30 36
30 36
30 36
30 36
30 36
30 36
30 36
30 36
30 36
30 36
30 36
30 36
30 36
30 36
30 36
30 36
30 36
30 36
30 36
30 36
30 36
30 36
30 36
30 36
30 36
30 36
30 36
30 36
17 169
17 169
12 224
24 106
24 106
24 106
24 106
24 106
24 106
24 106
24 106
24 106
24 106
24 106
24 106
24 106
24 106
24 106
24 106
24 106
24 106
28 72
28 72
28 72
28 72
28 72
29 87
29 87
29 87
29 87
29 87
29 87
29 87
29 87
29 87
29 87
29 87
29 87
29 87
29 87
29 87
29 87
29 87
29 87
29 87
29 87
29 87
36 68
36 68
36 68
36 68
36 68
36 68
36 68
36 68
36 68
36 68
36 68
36 68
36 68
36 68
36 68
36 68
36 68
36 68
36 68
36 68
36 68
36 68
36 68
36 68
36 68
38 67
38 67
38 67
38 67
38 67
38 67
38 67
38 67
38 67
38 67
38 67
38 67
38 67
38 67
43 104
43 104
43 104
43 104
43 104
43 104
43 104
43 104
43 104
43 104
43 104
43 104
43 104
43 104
43 104
43 104
43 104
43 104
43 104
43 104
43 104
43 104
43 104
43 104
43 104
43 104
43 104
43 104
43 104
44 118
44 118
44 118
44 118
44 118
44 118
44 118
44 118
44 118
44 118
44 118
44 118
44 118
44 118
44 118
44 118
44 118
44 118
44 118
44 118
44 118
44 118
44 118
44 118
44 118
44 118
44 118
49 117
49 117
49 117
49 117
49 117
49 117
49 117
49 117
49 117
49 117
49 117
49 117
49 117
49 117
49 117
49 117
49 117
49 117
49 117
49 117
49 117
49 117
49 117
49 117
49 117
49 117
48 140
48 140
48 140
48 140
48 140
48 140
48 140
48 140
48 140
48 140
48 140
48 140
48 140
48 140
48 140
48 140
48 140
48 140
48 140
48 140
48 140
48 140
48 140
53 133
53 133
53 133
53 133
53 133
53 133
53 133
53 133
53 133
53 133
6 114
6 114
6 114
6 114
6 114
6 114
6 114
6 114
6 114
50 195
50 195
50 195
59 118
59 118
59 118
59 118
59 118
59 118
59 118
59 118
59 118
59 118
59 118
59 118
59 118
59 118
59 118
59 118
12 107
55 196
55 196
55 196
55 196
14 108
14 108
14 108
14 108
14 108
14 108
14 108
14 108
8 173
8 173
8 173
8 173
8 173
8 173
8 173
8 173
8 173
8 173
8 173
8 173
8 173
8 173
8 173
8 173
8 173
8 173
8 173
8 173
62 173
62 173
62 173
62 173
62 173
62 173
62 173
62 173
62 173
62 173
62 173
62 173
62 173
62 173
62 173
62 173
62 173
62 173
62 173
62 173
62 173
62 173
62 173
62 173
17 148
17 148
70 141
70 141
70 141
70 141
70 141
70 141
18 175
18 175
18 175
18 175
18 175
18 175
18 175
18 175
18 175
18 175
18 175
18 175
71 148
71 148
71 148
71 148
71 148
71 148
71 148
71 148
71 148
71 148
71 148
71 148
71 148
71 148
71 148
71 148
71 148
16 203
16 203
16 203
16 203
16 203
16 203
16 203
16 203
16 203
16 203
16 203
66 206
66 206
66 206
66 206
66 206
66 206
66 206
24 129
24 129
24 129
24 129
24 129
24 129
24 129
24 129
24 129
24 129
24 129
24 129
24 129
24 129
24 129
24 129
24 129
24 129
67 214
67 214
67 214
67 214
67 214
67 214
67 214
67 214
67 214
67 214
67 214
67 214
67 214
67 214
67 214
67 214
67 214
67 214
67 214
67 214
67 214
67 214
68 237
68 237
68 237
68 237
68 237
68 237
68 237
68 237
68 237
68 237
68 237
68 237
68 237
28 144
28 144
28 144
28 144
28 144
29 235
29 235
29 235
29 235
29 235
29 235
29 235
29 235
29 235
29 235
29 235
29 235
29 235
29 235
29 235
29 235
29 235
29 235
29 235
29 235
29 235
36 185
36 185
36 185
36 185
36 185
36 185
36 185
36 185
36 185
36 185
36 185
36 185
36 185
36 185
36 185
36 185
36 185
36 185
36 185
36 185
36 185
36 185
36 185
36 185
36 185
38 184
38 184
38 184
38 184
38 184
38 184
38 184
38 184
38 184
38 184
38 184
38 184
38 184
38 184
43 157
43 157
43 157
43 157
43 157
43 157
43 157
43 157
43 157
43 157
43 157
43 157
43 157
43 157
43 157
43 157
43 157
43 157
43 157
43 157
43 157
43 157
43 157
43 157
43 157
43 157
43 157
43 157
43 157
44 182
44 182
44 182
44 182
44 182
44 182
44 182
44 182
44 182
44 182
44 182
44 182
44 182
44 182
44 182
44 182
44 182
44 182
44 182
44 182
44 182
44 182
44 182
44 182
44 182
44 182
44 182
30 324
30 324
30 324
30 324
30 324
30 324
30 324
30 324
30 324
30 324
30 324
30 324
30 324
30 324
30 324
30 324
30 324
30 324
30 324
30 324
30 324
30 324
30 324
30 324
30 324
30 324
30 324
30 324
25 891
25 891
25 891
25 891
25 891
25 891
25 891
25 891
25 891
25 891
25 891
25 891
25 891
25 891
25 891
25 891
25 891
25 891
25 891
25 891
25 891
25 891
25 891
25 891
25 891
25 891
25 891
25 891
25 891
25 891
25 396
25 396
25 396
25 396
25 396
25 396
25 396
25 396
25 396
25 396
25 396
25 396
25 396
25 396
25 396
25 396
25 396
25 396
25 396
25 396
25 396
25 396
25 396
25 396
25 396
25 396
25 396
25 396
25 396
25 396
48 220
48 220
48 220
48 220
48 220
48 220
48 220
48 220
48 220
48 220
48 220
48 220
48 220
48 220
48 220
48 220
48 220
48 220
48 220
48 220
48 220
48 220
48 220
50 225
50 225
50 225
49 302
49 302
49 302
49 302
49 302
49 302
49 302
49 302
49 302
49 302
49 302
49 302
49 302
49 302
49 302
49 302
49 302
49 302
49 302
49 302
49 302
49 302
49 302
49 302
49 302
49 302
60 694
60 694
60 694
60 694
60 694
60 694
60 694
60 694
60 694
60 694
60 694
60 694
60 694
60 694
60 694
55 246
55 246
55 246
55 246
12 177
53 270
53 270
53 270
53 270
53 270
53 270
53 270
53 270
53 270
53 270
8 238
8 238
8 238
8 238
8 238
8 238
8 238
8 238
8 238
8 238
8 238
8 238
8 238
8 238
8 238
8 238
8 238
8 238
8 238
8 238
33 1008
33 1008
33 1008
33 1008
33 1008
33 1008
33 1008
33 1008
33 1008
33 1008
33 1008
33 1008
33 1008
33 1008
33 1008
33 1008
33 1008
33 1008
33 1008
33 508
33 508
33 508
33 508
33 508
33 508
33 508
33 508
33 508
33 508
33 508
33 508
33 508
33 508
33 508
33 508
33 508
33 508
33 508
60 239
60 239
60 239
60 239
60 239
60 239
60 239
60 239
60 239
60 239
60 239
60 239
60 239
60 239
60 239
6 285
6 285
6 285
6 285
6 285
6 285
6 285
6 285
6 285
59 279
59 279
59 279
59 279
59 279
59 279
59 279
59 279
59 279
59 279
59 279
59 279
59 279
59 279
59 279
59 279
62 257
62 257
62 257
62 257
62 257
62 257
62 257
62 257
62 257
62 257
62 257
62 257
62 257
62 257
62 257
62 257
62 257
62 257
62 257
62 257
62 257
62 257
62 257
62 257
17 212
17 212
14 276
14 276
14 276
14 276
14 276
14 276
14 276
14 276
70 225
70 225
70 225
70 225
70 225
70 225
66 285
66 285
66 285
66 285
66 285
66 285
66 285
24 220
24 220
24 220
24 220
24 220
24 220
24 220
24 220
24 220
24 220
24 220
24 220
24 220
24 220
24 220
24 220
24 220
24 220
68 299
68 299
68 299
68 299
68 299
68 299
68 299
68 299
68 299
68 299
68 299
68 299
68 299
28 215
28 215
28 215
28 215
28 215
18 345
18 345
18 345
18 345
18 345
18 345
18 345
18 345
18 345
18 345
18 345
18 345
33 209
33 209
33 209
33 209
33 209
33 209
33 209
33 209
33 209
33 209
33 209
33 209
33 209
33 209
33 209
33 209
33 209
33 209
33 209
16 408
16 408
16 408
16 408
16 408
16 408
16 408
16 408
16 408
16 408
16 408
67 398
67 398
67 398
67 398
67 398
67 398
67 398
67 398
67 398
67 398
67 398
67 398
67 398
67 398
67 398
67 398
67 398
67 398
67 398
67 398
67 398
67 398
71 364
71 364
71 364
71 364
71 364
71 364
71 364
71 364
71 364
71 364
71 364
71 364
71 364
71 364
71 364
71 364
71 364
36 220
36 220
36 220
36 220
36 220
36 220
36 220
36 220
36 220
36 220
36 220
36 220
36 220
36 220
36 220
36 220
36 220
36 220
36 220
36 220
36 220
36 220
36 220
36 220
36 220
38 219
38 219
38 219
38 219
38 219
38 219
38 219
38 219
38 219
38 219
38 219
38 219
38 219
38 219
43 205
43 205
43 205
43 205
43 205
43 205
43 205
43 205
43 205
43 205
43 205
43 205
43 205
43 205
43 205
43 205
43 205
43 205
43 205
43 205
43 205
43 205
43 205
43 205
43 205
43 205
43 205
43 205
43 205
25 385
25 385
25 385
25 385
25 385
25 385
25 385
25 385
25 385
25 385
25 385
25 385
25 385
25 385
25 385
25 385
25 385
25 385
25 385
25 385
25 385
25 385
25 385
25 385
25 385
25 385
25 385
25 385
25 385
25 385
44 202
44 202
44 202
44 202
44 202
44 202
44 202
44 202
44 202
44 202
44 202
44 202
44 202
44 202
44 202
44 202
44 202
44 202
44 202
44 202
44 202
44 202
44 202
44 202
44 202
44 202
44 202
29 356
29 356
29 356
29 356
29 356
29 356
29 356
29 356
29 356
29 356
29 356
29 356
29 356
29 356
29 356
29 356
29 356
29 356
29 356
29 356
29 356
30 363
30 363
30 363
30 363
30 363
30 363
30 363
30 363
30 363
30 363
30 363
30 363
30 363
30 363
30 363
30 363
30 363
30 363
30 363
30 363
30 363
30 363
30 363
30 363
30 363
30 363
30 363
30 363
12 257
49 389
49 389
49 389
49 389
49 389
49 389
49 389
49 389
49 389
49 389
49 389
49 389
49 389
49 389
49 389
49 389
49 389
49 389
49 389
49 389
49 389
49 389
49 389
49 389
49 389
49 389
50 401
50 401
50 401
17 243
17 243
48 455
48 455
48 455
48 455
48 455
48 455
48 455
48 455
48 455
48 455
48 455
48 455
48 455
48 455
48 455
48 455
48 455
48 455
48 455
48 455
48 455
48 455
48 455
55 388
55 388
55 388
55 388
70 240
70 240
70 240
70 240
70 240
70 240
24 248
24 248
24 248
24 248
24 248
24 248
24 248
24 248
24 248
24 248
24 248
24 248
24 248
24 248
24 248
24 248
24 248
24 248
8 429
8 429
8 429
8 429
8 429
8 429
8 429
8 429
8 429
8 429
8 429
8 429
8 429
8 429
8 429
8 429
8 429
8 429
8 429
8 429
28 241
28 241
28 241
28 241
28 241
6 463
6 463
6 463
6 463
6 463
6 463
6 463
6 463
6 463
60 432
60 432
60 432
60 432
60 432
60 432
60 432
60 432
60 432
60 432
60 432
60 432
60 432
60 432
60 432
62 434
62 434
62 434
62 434
62 434
62 434
62 434
62 434
62 434
62 434
62 434
62 434
62 434
62 434
62 434
62 434
62 434
62 434
62 434
62 434
62 434
62 434
62 434
62 434
33 226
33 226
33 226
33 226
33 226
33 226
33 226
33 226
33 226
33 226
33 226
33 226
33 226
33 226
33 226
33 226
33 226
33 226
33 226
53 542
53 542
53 542
53 542
53 542
53 542
53 542
53 542
53 542
53 542
16 425
16 425
16 425
16 425
16 425
16 425
16 425
16 425
16 425
16 425
16 425
66 440
66 440
66 440
66 440
66 440
66 440
66 440
67 433
67 433
67 433
67 433
67 433
67 433
67 433
67 433
67 433
67 433
67 433
67 433
67 433
67 433
67 433
67 433
67 433
67 433
67 433
67 433
67 433
67 433
36 249
36 249
36 249
36 249
36 249
36 249
36 249
36 249
36 249
36 249
36 249
36 249
36 249
36 249
36 249
36 249
36 249
36 249
36 249
36 249
36 249
36 249
36 249
36 249
36 249
68 430
68 430
68 430
68 430
68 430
68 430
68 430
68 430
68 430
68 430
68 430
68 430
68 430
59 524
59 524
59 524
59 524
59 524
59 524
59 524
59 524
59 524
59 524
59 524
59 524
59 524
59 524
59 524
59 524
14 506
14 506
14 506
14 506
14 506
14 506
14 506
14 506
38 282
38 282
38 282
38 282
38 282
38 282
38 282
38 282
38 282
38 282
38 282
38 282
38 282
38 282
18 489
18 489
18 489
18 489
18 489
18 489
18 489
18 489
18 489
18 489
18 489
18 489
43 286
43 286
43 286
43 286
43 286
43 286
43 286
43 286
43 286
43 286
43 286
43 286
43 286
43 286
43 286
43 286
43 286
43 286
43 286
43 286
43 286
43 286
43 286
43 286
43 286
43 286
43 286
43 286
43 286
44 287
44 287
44 287
44 287
44 287
44 287
44 287
44 287
44 287
44 287
44 287
44 287
44 287
44 287
44 287
44 287
44 287
44 287
44 287
44 287
44 287
44 287
44 287
44 287
44 287
44 287
44 287
71 536
71 536
71 536
71 536
71 536
71 536
71 536
71 536
71 536
71 536
71 536
71 536
71 536
71 536
71 536
71 536
71 536
29 469
29 469
29 469
29 469
29 469
29 469
29 469
29 469
29 469
29 469
29 469
29 469
29 469
29 469
29 469
29 469
29 469
29 469
29 469
29 469
29 469
25 526
25 526
25 526
25 526
25 526
25 526
25 526
25 526
25 526
25 526
25 526
25 526
25 526
25 526
25 526
25 526
25 526
25 526
25 526
25 526
25 526
25 526
25 526
25 526
25 526
25 526
25 526
25 526
25 526
25 526
30 494
30 494
30 494
30 494
30 494
30 494
30 494
30 494
30 494
30 494
30 494
30 494
30 494
30 494
30 494
30 494
30 494
30 494
30 494
30 494
30 494
30 494
30 494
30 494
30 494
30 494
30 494
30 494
12 266
17 255
17 255
70 280
70 280
70 280
70 280
70 280
70 280
48 541
48 541
48 541
48 541
48 541
48 541
48 541
48 541
48 541
48 541
48 541
48 541
48 541
48 541
48 541
48 541
48 541
48 541
48 541
48 541
48 541
48 541
48 541
49 548
49 548
49 548
49 548
49 548
49 548
49 548
49 548
49 548
49 548
49 548
49 548
49 548
49 548
49 548
49 548
49 548
49 548
49 548
49 548
49 548
49 548
49 548
49 548
49 548
49 548
24 300
24 300
24 300
24 300
24 300
24 300
24 300
24 300
24 300
24 300
24 300
24 300
24 300
24 300
24 300
24 300
24 300
24 300
53 515
53 515
53 515
53 515
53 515
53 515
53 515
53 515
53 515
53 515
6 517
6 517
6 517
6 517
6 517
6 517
6 517
6 517
6 517
50 590
50 590
50 590
28 326
28 326
28 326
28 326
28 326
33 306
33 306
33 306
33 306
33 306
33 306
33 306
33 306
33 306
33 306
33 306
33 306
33 306
33 306
33 306
33 306
33 306
33 306
33 306
55 588
55 588
55 588
55 588
59 577
59 577
59 577
59 577
59 577
59 577
59 577
59 577
59 577
59 577
59 577
59 577
59 577
59 577
59 577
59 577
14 543
14 543
14 543
14 543
14 543
14 543
14 543
14 543
36 326
36 326
36 326
36 326
36 326
36 326
36 326
36 326
36 326
36 326
36 326
36 326
36 326
36 326
36 326
36 326
36 326
36 326
36 326
36 326
36 326
36 326
36 326
36 326
36 326
60 594
60 594
60 594
60 594
60 594
60 594
60 594
60 594
60 594
60 594
60 594
60 594
60 594
60 594
60 594
38 325
38 325
38 325
38 325
38 325
38 325
38 325
38 325
38 325
38 325
38 325
38 325
38 325
38 325
18 531
18 531
18 531
18 531
18 531
18 531
18 531
18 531
18 531
18 531
18 531
18 531
8 641
8 641
8 641
8 641
8 641
8 641
8 641
8 641
8 641
8 641
8 641
8 641
8 641
8 641
8 641
8 641
8 641
8 641
8 641
8 641
62 615
62 615
62 615
62 615
62 615
62 615
62 615
62 615
62 615
62 615
62 615
62 615
62 615
62 615
62 615
62 615
62 615
62 615
62 615
62 615
62 615
62 615
62 615
62 615
16 612
16 612
16 612
16 612
16 612
16 612
16 612
16 612
16 612
16 612
16 612
66 612
66 612
66 612
66 612
66 612
66 612
66 612
44 336
44 336
44 336
44 336
44 336
44 336
44 336
44 336
44 336
44 336
44 336
44 336
44 336
44 336
44 336
44 336
44 336
44 336
44 336
44 336
44 336
44 336
44 336
44 336
44 336
44 336
44 336
67 611
67 611
67 611
67 611
67 611
67 611
67 611
67 611
67 611
67 611
67 611
67 611
67 611
67 611
67 611
67 611
67 611
67 611
67 611
67 611
67 611
67 611
43 356
43 356
43 356
43 356
43 356
43 356
43 356
43 356
43 356
43 356
43 356
43 356
43 356
43 356
43 356
43 356
43 356
43 356
43 356
43 356
43 356
43 356
43 356
43 356
43 356
43 356
43 356
43 356
43 356
68 608
68 608
68 608
68 608
68 608
68 608
68 608
68 608
68 608
68 608
68 608
68 608
68 608
25 564
25 564
25 564
25 564
25 564
25 564
25 564
25 564
25 564
25 564
25 564
25 564
25 564
25 564
25 564
25 564
25 564
25 564
25 564
25 564
25 564
25 564
25 564
25 564
25 564
25 564
25 564
25 564
25 564
25 564
30 587
30 587
30 587
30 587
30 587
30 587
30 587
30 587
30 587
30 587
30 587
30 587
30 587
30 587
30 587
30 587
30 587
30 587
30 587
30 587
30 587
30 587
30 587
30 587
30 587
30 587
30 587
30 587
71 691
71 691
71 691
71 691
71 691
71 691
71 691
71 691
71 691
71 691
71 691
71 691
71 691
71 691
71 691
71 691
71 691
29 701
29 701
29 701
29 701
29 701
29 701
29 701
29 701
29 701
29 701
29 701
29 701
29 701
29 701
29 701
29 701
29 701
29 701
29 701
29 701
29 701
12 422
48 592
48 592
48 592
48 592
48 592
48 592
48 592
48 592
48 592
48 592
48 592
48 592
48 592
48 592
48 592
48 592
48 592
48 592
48 592
48 592
48 592
48 592
48 592
49 597
49 597
49 597
49 597
49 597
49 597
49 597
49 597
49 597
49 597
49 597
49 597
49 597
49 597
49 597
49 597
49 597
49 597
49 597
49 597
49 597
49 597
49 597
49 597
49 597
49 597
17 432
17 432
53 574
53 574
53 574
53 574
53 574
53 574
53 574
53 574
53 574
53 574
70 433
70 433
70 433
70 433
70 433
70 433
24 425
24 425
24 425
24 425
24 425
24 425
24 425
24 425
24 425
24 425
24 425
24 425
24 425
24 425
24 425
24 425
24 425
24 425
28 413
28 413
28 413
28 413
28 413
50 696
50 696
50 696
6 646
6 646
6 646
6 646
6 646
6 646
6 646
6 646
6 646
55 701
55 701
55 701
55 701
33 434
33 434
33 434
33 434
33 434
33 434
33 434
33 434
33 434
33 434
33 434
33 434
33 434
33 434
33 434
33 434
33 434
33 434
33 434
36 441
36 441
36 441
36 441
36 441
36 441
36 441
36 441
36 441
36 441
36 441
36 441
36 441
36 441
36 441
36 441
36 441
36 441
36 441
36 441
36 441
36 441
36 441
36 441
36 441
8 727
8 727
8 727
8 727
8 727
8 727
8 727
8 727
8 727
8 727
8 727
8 727
8 727
8 727
8 727
8 727
8 727
8 727
8 727
8 727
14 671
14 671
14 671
14 671
14 671
14 671
14 671
14 671
38 434
38 434
38 434
38 434
38 434
38 434
38 434
38 434
38 434
38 434
38 434
38 434
38 434
38 434
59 736
59 736
59 736
59 736
59 736
59 736
59 736
59 736
59 736
59 736
59 736
59 736
59 736
59 736
59 736
59 736
62 742
62 742
62 742
62 742
62 742
62 742
62 742
62 742
62 742
62 742
62 742
62 742
62 742
62 742
62 742
62 742
62 742
62 742
62 742
62 742
62 742
62 742
62 742
62 742
18 684
18 684
18 684
18 684
18 684
18 684
18 684
18 684
18 684
18 684
18 684
18 684
71 664
71 664
71 664
71 664
71 664
71 664
71 664
71 664
71 664
71 664
71 664
71 664
71 664
71 664
71 664
71 664
71 664
43 457
43 457
43 457
43 457
43 457
43 457
43 457
43 457
43 457
43 457
43 457
43 457
43 457
43 457
43 457
43 457
43 457
43 457
43 457
43 457
43 457
43 457
43 457
43 457
43 457
43 457
43 457
43 457
43 457
44 465
44 465
44 465
44 465
44 465
44 465
44 465
44 465
44 465
44 465
44 465
44 465
44 465
44 465
44 465
44 465
44 465
44 465
44 465
44 465
44 465
44 465
44 465
44 465
44 465
44 465
44 465
25 658
25 658
25 658
25 658
25 658
25 658
25 658
25 658
25 658
25 658
25 658
25 658
25 658
25 658
25 658
25 658
25 658
25 658
25 658
25 658
25 658
25 658
25 658
25 658
25 658
25 658
25 658
25 658
25 658
25 658
60 854
60 854
60 854
60 854
60 854
60 854
60 854
60 854
60 854
60 854
60 854
60 854
60 854
60 854
60 854
30 664
30 664
30 664
30 664
30 664
30 664
30 664
30 664
30 664
30 664
30 664
30 664
30 664
30 664
30 664
30 664
30 664
30 664
30 664
30 664
30 664
30 664
30 664
30 664
30 664
30 664
30 664
30 664
16 805
16 805
16 805
16 805
16 805
16 805
16 805
16 805
16 805
16 805
16 805
66 806
66 806
66 806
66 806
66 806
66 806
66 806
67 805
67 805
67 805
67 805
67 805
67 805
67 805
67 805
67 805
67 805
67 805
67 805
67 805
67 805
67 805
67 805
67 805
67 805
67 805
67 805
67 805
67 805
68 813
68 813
68 813
68 813
68 813
68 813
68 813
68 813
68 813
68 813
68 813
68 813
68 813
12 441
29 781
29 781
29 781
29 781
29 781
29 781
29 781
29 781
29 781
29 781
29 781
29 781
29 781
29 781
29 781
29 781
29 781
29 781
29 781
29 781
29 781
17 452
17 452
70 452
70 452
70 452
70 452
70 452
70 452
24 465
24 465
24 465
24 465
24 465
24 465
24 465
24 465
24 465
24 465
24 465
24 465
24 465
24 465
24 465
24 465
24 465
24 465
49 753
49 753
49 753
49 753
49 753
49 753
49 753
49 753
49 753
49 753
49 753
49 753
49 753
49 753
49 753
49 753
49 753
49 753
49 753
49 753
49 753
49 753
49 753
49 753
49 753
49 753
48 780
48 780
48 780
48 780
48 780
48 780
48 780
48 780
48 780
48 780
48 780
48 780
48 780
48 780
48 780
48 780
48 780
48 780
48 780
48 780
48 780
48 780
48 780
28 481
28 481
28 481
28 481
28 481
53 790
53 790
53 790
53 790
53 790
53 790
53 790
53 790
53 790
53 790
33 508
33 508
33 508
33 508
33 508
33 508
33 508
33 508
33 508
33 508
33 508
33 508
33 508
33 508
33 508
33 508
33 508
33 508
33 508
6 790
6 790
6 790
6 790
6 790
6 790
6 790
6 790
6 790
59 779
59 779
59 779
59 779
59 779
59 779
59 779
59 779
59 779
59 779
59 779
59 779
59 779
59 779
59 779
59 779
36 514
36 514
36 514
36 514
36 514
36 514
36 514
36 514
36 514
36 514
36 514
36 514
36 514
36 514
36 514
36 514
36 514
36 514
36 514
36 514
36 514
36 514
36 514
36 514
36 514
38 513
38 513
38 513
38 513
38 513
38 513
38 513
38 513
38 513
38 513
38 513
38 513
38 513
38 513
50 894
50 894
50 894
14 776
14 776
14 776
14 776
14 776
14 776
14 776
14 776
55 873
55 873
55 873
55 873
43 503
43 503
43 503
43 503
43 503
43 503
43 503
43 503
43 503
43 503
43 503
43 503
43 503
43 503
43 503
43 503
43 503
43 503
43 503
43 503
43 503
43 503
43 503
43 503
43 503
43 503
43 503
43 503
43 503
44 498
44 498
44 498
44 498
44 498
44 498
44 498
44 498
44 498
44 498
44 498
44 498
44 498
44 498
44 498
44 498
44 498
44 498
44 498
44 498
44 498
44 498
44 498
44 498
44 498
44 498
44 498
8 881
8 881
8 881
8 881
8 881
8 881
8 881
8 881
8 881
8 881
8 881
8 881
8 881
8 881
8 881
8 881
8 881
8 881
8 881
8 881
60 879
60 879
60 879
60 879
60 879
60 879
60 879
60 879
60 879
60 879
60 879
60 879
60 879
60 879
60 879
18 807
18 807
18 807
18 807
18 807
18 807
18 807
18 807
18 807
18 807
18 807
18 807
62 874
62 874
62 874
62 874
62 874
62 874
62 874
62 874
62 874
62 874
62 874
62 874
62 874
62 874
62 874
62 874
62 874
62 874
62 874
62 874
62 874
62 874
62 874
62 874
71 847
71 847
71 847
71 847
71 847
71 847
71 847
71 847
71 847
71 847
71 847
71 847
71 847
71 847
71 847
71 847
71 847
25 818
25 818
25 818
25 818
25 818
25 818
25 818
25 818
25 818
25 818
25 818
25 818
25 818
25 818
25 818
25 818
25 818
25 818
25 818
25 818
25 818
25 818
25 818
25 818
25 818
25 818
25 818
25 818
25 818
25 818
16 913
16 913
16 913
16 913
16 913
16 913
16 913
16 913
16 913
16 913
16 913
12 464
66 925
66 925
66 925
66 925
66 925
66 925
66 925
67 919
67 919
67 919
67 919
67 919
67 919
67 919
67 919
67 919
67 919
67 919
67 919
67 919
67 919
67 919
67 919
67 919
67 919
67 919
67 919
67 919
67 919
68 926
68 926
68 926
68 926
68 926
68 926
68 926
68 926
68 926
68 926
68 926
68 926
68 926
30 833
30 833
30 833
30 833
30 833
30 833
30 833
30 833
30 833
30 833
30 833
30 833
30 833
30 833
30 833
30 833
30 833
30 833
30 833
30 833
30 833
30 833
30 833
30 833
30 833
30 833
30 833
30 833
17 490
17 490
70 514
70 514
70 514
70 514
70 514
70 514
29 967
29 967
29 967
29 967
29 967
29 967
29 967
29 967
29 967
29 967
29 967
29 967
29 967
29 967
29 967
29 967
29 967
29 967
29 967
29 967
29 967
48 868
48 868
48 868
48 868
48 868
48 868
48 868
48 868
48 868
48 868
48 868
48 868
48 868
48 868
48 868
48 868
48 868
48 868
48 868
48 868
48 868
48 868
48 868
36 494
36 494
36 494
36 494
36 494
36 494
36 494
36 494
36 494
36 494
36 494
36 494
36 494
36 494
36 494
36 494
36 494
36 494
36 494
36 494
36 494
36 494
36 494
36 494
36 494
38 481
38 481
38 481
38 481
38 481
38 481
38 481
38 481
38 481
38 481
38 481
38 481
38 481
38 481
49 871
49 871
49 871
49 871
49 871
49 871
49 871
49 871
49 871
49 871
49 871
49 871
49 871
49 871
49 871
49 871
49 871
49 871
49 871
49 871
49 871
49 871
49 871
49 871
49 871
49 871
53 867
53 867
53 867
53 867
53 867
53 867
53 867
53 867
53 867
53 867
59 894
59 894
59 894
59 894
59 894
59 894
59 894
59 894
59 894
59 894
59 894
59 894
59 894
59 894
59 894
59 894
71 918
71 918
71 918
71 918
71 918
71 918
71 918
71 918
71 918
71 918
71 918
71 918
71 918
71 918
71 918
71 918
71 918
