7 65
7 65
7 65
6 78
6 78
6 78
6 78
6 78
6 78
6 78
6 78
6 78
5 90
5 90
5 90
5 90
13 63
14 61
14 61
14 61
14 61
14 61
14 61
16 52
16 52
16 52
16 52
16 52
16 52
16 52
16 52
16 52
16 52
16 52
16 52
16 52
16 52
16 52
16 52
16 52
16 52
22 28
22 28
22 28
22 28
22 28
22 28
22 28
22 28
22 28
22 28
22 28
22 28
22 28
24 43
24 43
24 43
24 43
24 43
24 43
24 43
24 43
24 43
24 43
24 43
24 43
24 43
24 43
24 43
24 43
24 43
5 33
5 33
5 33
5 33
6 29
6 29
6 29
6 29
6 29
6 29
6 29
6 29
6 29
7 37
7 37
7 37
13 16
14 24
14 24
14 24
14 24
14 24
14 24
16 28
16 28
16 28
16 28
16 28
16 28
16 28
16 28
16 28
16 28
16 28
16 28
16 28
16 28
16 28
16 28
16 28
16 28
67 23
67 23
36 341
36 341
36 341
36 341
36 341
36 341
36 341
36 341
35 357
35 357
35 357
35 357
35 357
35 357
35 357
35 357
35 357
35 357
35 357
35 357
35 357
35 357
53 192
53 192
53 192
53 192
53 192
53 192
53 192
53 192
53 192
53 192
53 192
53 192
53 192
53 192
53 192
53 192
53 192
53 192
53 192
22 7
22 7
22 7
22 7
22 7
22 7
22 7
22 7
22 7
22 7
22 7
22 7
22 7
71 19
71 19
71 19
71 19
71 19
24 23
24 23
24 23
24 23
24 23
24 23
24 23
24 23
24 23
24 23
24 23
24 23
24 23
24 23
24 23
24 23
24 23
56 315
56 315
56 315
56 315
56 315
56 315
56 315
56 315
56 315
56 315
56 315
56 315
56 315
56 315
56 315
5 29
5 29
5 29
5 29
6 23
6 23
6 23
6 23
6 23
6 23
6 23
6 23
6 23
7 29
7 29
7 29
13 37
14 33
14 33
14 33
14 33
14 33
14 33
16 60
16 60
16 60
16 60
16 60
16 60
16 60
16 60
16 60
16 60
16 60
16 60
16 60
16 60
16 60
16 60
16 60
16 60
35 378
35 378
35 378
35 378
35 378
35 378
35 378
35 378
35 378
35 378
35 378
35 378
35 378
35 378
67 100
67 100
36 417
36 417
36 417
36 417
36 417
36 417
36 417
36 417
43 357
43 357
43 357
43 357
43 357
43 357
43 357
43 357
43 357
43 357
43 357
71 93
71 93
71 93
71 93
71 93
22 92
22 92
22 92
22 92
22 92
22 92
22 92
22 92
22 92
22 92
22 92
22 92
22 92
24 94
24 94
24 94
24 94
24 94
24 94
24 94
24 94
24 94
24 94
24 94
24 94
24 94
24 94
24 94
24 94
24 94
53 533
53 533
53 533
53 533
53 533
53 533
53 533
53 533
53 533
53 533
53 533
53 533
53 533
53 533
53 533
53 533
53 533
53 533
53 533
56 512
56 512
56 512
56 512
56 512
56 512
56 512
56 512
56 512
56 512
56 512
56 512
56 512
56 512
56 512
5 68
5 68
5 68
5 68
6 75
6 75
6 75
6 75
6 75
6 75
6 75
6 75
6 75
7 94
7 94
7 94
37 820
37 820
37 820
37 820
37 820
37 820
37 820
37 820
37 820
37 820
37 820
37 820
37 820
37 820
37 820
37 820
37 820
37 820
37 820
37 820
32 1372
32 1372
32 1372
32 1372
32 1372
32 1372
32 1372
32 1372
32 1372
32 1372
32 875
32 875
32 875
32 875
32 875
32 875
32 875
32 875
32 875
32 875
13 78
14 70
14 70
14 70
14 70
14 70
14 70
16 85
16 85
16 85
16 85
16 85
16 85
16 85
16 85
16 85
16 85
16 85
16 85
16 85
16 85
16 85
16 85
16 85
16 85
67 76
67 76
22 52
22 52
22 52
22 52
22 52
22 52
22 52
22 52
22 52
22 52
22 52
22 52
22 52
71 63
71 63
71 63
71 63
71 63
24 66
24 66
24 66
24 66
24 66
24 66
24 66
24 66
24 66
24 66
24 66
24 66
24 66
24 66
24 66
24 66
24 66
32 668
32 668
32 668
32 668
32 668
32 668
32 668
32 668
32 668
32 668
35 663
35 663
35 663
35 663
35 663
35 663
35 663
35 663
35 663
35 663
35 663
35 663
35 663
35 663
5 41
5 41
5 41
5 41
6 38
6 38
6 38
6 38
6 38
6 38
6 38
6 38
6 38
7 46
7 46
7 46
36 765
36 765
36 765
36 765
36 765
36 765
36 765
36 765
43 698
43 698
43 698
43 698
43 698
43 698
43 698
43 698
43 698
43 698
43 698
37 780
37 780
37 780
37 780
37 780
37 780
37 780
37 780
37 780
37 780
37 780
37 780
37 780
37 780
37 780
37 780
37 780
37 780
37 780
37 780
13 55
14 45
14 45
14 45
14 45
14 45
14 45
16 43
16 43
16 43
16 43
16 43
16 43
16 43
16 43
16 43
16 43
16 43
16 43
16 43
16 43
16 43
16 43
16 43
16 43
67 39
67 39
71 46
71 46
71 46
71 46
71 46
22 85
22 85
22 85
22 85
22 85
22 85
22 85
22 85
22 85
22 85
22 85
22 85
22 85
24 73
24 73
24 73
24 73
24 73
24 73
24 73
24 73
24 73
24 73
24 73
24 73
24 73
24 73
24 73
24 73
24 73
56 834
56 834
56 834
56 834
56 834
56 834
56 834
56 834
56 834
56 834
56 834
56 834
56 834
56 834
56 834
7 54
7 54
7 54
6 87
6 87
6 87
6 87
6 87
6 87
6 87
6 87
6 87
13 57
14 62
14 62
14 62
14 62
14 62
14 62
5 159
5 159
5 159
5 159
52 2192
52 2192
52 2192
52 2192
52 2192
52 2192
52 2192
52 2192
52 2192
52 2192
52 2192
52 2192
52 2192
52 2192
52 2192
52 2192
52 1692
52 1692
52 1692
52 1692
52 1692
52 1692
52 1692
52 1692
52 1692
52 1692
52 1692
52 1692
52 1692
52 1692
52 1692
52 1692
52 1196
52 1196
52 1196
52 1196
52 1196
52 1196
52 1196
52 1196
52 1196
52 1196
52 1196
52 1196
52 1196
52 1196
52 1196
52 1196
16 58
16 58
16 58
16 58
16 58
16 58
16 58
16 58
16 58
16 58
16 58
16 58
16 58
16 58
16 58
16 58
16 58
16 58
67 54
67 54
71 47
71 47
71 47
71 47
71 47
22 48
22 48
22 48
22 48
22 48
22 48
22 48
22 48
22 48
22 48
22 48
22 48
22 48
32 948
32 948
32 948
32 948
32 948
32 948
32 948
32 948
32 948
32 948
53 1239
53 1239
53 1239
53 1239
53 1239
53 1239
53 1239
53 1239
53 1239
53 1239
53 1239
53 1239
53 1239
53 1239
53 1239
53 1239
53 1239
53 1239
53 1239
24 46
24 46
24 46
24 46
24 46
24 46
24 46
24 46
24 46
24 46
24 46
24 46
24 46
24 46
24 46
24 46
24 46
37 936
37 936
37 936
37 936
37 936
37 936
37 936
37 936
37 936
37 936
37 936
37 936
37 936
37 936
37 936
37 936
37 936
37 936
37 936
37 936
35 1045
35 1045
35 1045
35 1045
35 1045
35 1045
35 1045
35 1045
35 1045
35 1045
35 1045
35 1045
35 1045
35 1045
52 1018
52 1018
52 1018
52 1018
52 1018
52 1018
52 1018
52 1018
52 1018
52 1018
52 1018
52 1018
52 1018
52 1018
52 1018
52 1018
43 1126
43 1126
43 1126
43 1126
43 1126
43 1126
43 1126
43 1126
43 1126
43 1126
43 1126
5 35
5 35
5 35
5 35
6 26
6 26
6 26
6 26
6 26
6 26
6 26
6 26
6 26
7 19
7 19
7 19
36 1254
36 1254
36 1254
36 1254
36 1254
36 1254
36 1254
36 1254
53 1086
53 1086
53 1086
53 1086
53 1086
53 1086
53 1086
53 1086
53 1086
53 1086
53 1086
53 1086
53 1086
53 1086
53 1086
53 1086
53 1086
53 1086
53 1086
56 1069
56 1069
56 1069
56 1069
56 1069
56 1069
56 1069
56 1069
56 1069
56 1069
56 1069
56 1069
56 1069
56 1069
56 1069
13 21
14 29
14 29
14 29
14 29
14 29
14 29
16 24
16 24
16 24
16 24
16 24
16 24
16 24
16 24
16 24
16 24
16 24
16 24
16 24
16 24
16 24
16 24
16 24
16 24
67 22
67 22
71 19
71 19
71 19
71 19
71 19
22 17
22 17
22 17
22 17
22 17
22 17
22 17
22 17
22 17
22 17
22 17
22 17
22 17
24 18
24 18
24 18
24 18
24 18
24 18
24 18
24 18
24 18
24 18
24 18
24 18
24 18
24 18
24 18
24 18
24 18
36 1179
36 1179
36 1179
36 1179
36 1179
36 1179
36 1179
36 1179
5 23
5 23
5 23
5 23
37 1205
37 1205
37 1205
37 1205
37 1205
37 1205
37 1205
37 1205
37 1205
37 1205
37 1205
37 1205
37 1205
37 1205
37 1205
37 1205
37 1205
37 1205
37 1205
37 1205
6 20
6 20
6 20
6 20
6 20
6 20
6 20
6 20
6 20
7 16
7 16
7 16
14 25
14 25
14 25
14 25
14 25
14 25
43 1259
43 1259
43 1259
43 1259
43 1259
43 1259
43 1259
43 1259
43 1259
43 1259
43 1259
67 40
67 40
16 53
16 53
16 53
16 53
16 53
16 53
16 53
16 53
16 53
16 53
16 53
16 53
16 53
16 53
16 53
16 53
16 53
16 53
13 145
22 68
22 68
22 68
22 68
22 68
22 68
22 68
22 68
22 68
22 68
22 68
22 68
22 68
52 1293
52 1293
52 1293
52 1293
52 1293
52 1293
52 1293
52 1293
52 1293
52 1293
52 1293
52 1293
52 1293
52 1293
52 1293
52 1293
24 79
24 79
24 79
24 79
24 79
24 79
24 79
24 79
24 79
24 79
24 79
24 79
24 79
24 79
24 79
24 79
24 79
71 134
71 134
71 134
71 134
71 134
53 1326
53 1326
53 1326
53 1326
53 1326
53 1326
53 1326
53 1326
53 1326
53 1326
53 1326
53 1326
53 1326
53 1326
53 1326
53 1326
53 1326
53 1326
53 1326
32 1540
32 1540
32 1540
32 1540
32 1540
32 1540
32 1540
32 1540
32 1540
32 1540
56 1405
56 1405
56 1405
56 1405
56 1405
56 1405
56 1405
56 1405
56 1405
56 1405
56 1405
56 1405
56 1405
56 1405
56 1405
35 1792
35 1792
35 1792
35 1792
35 1792
35 1792
35 1792
35 1792
35 1792
35 1792
35 1792
35 1792
35 1792
35 1792
67 19
67 19
71 4
71 4
71 4
71 4
71 4
32 1484
32 1484
32 1484
32 1484
32 1484
32 1484
32 1484
32 1484
32 1484
32 1484
