1 4 3 90.898 83.4714
2 3 1 94.9281 -38.9322
3 1 2 10.6957 -55.8929
4 4 1 38.1715 -44.6319
5 3 1 41.6634 94.7644
6 3 2 -77.9198 -14.363
7 3 3 11.1805 -91.8006
8 2 1 46.1955 8.45429
9 4 3 36.636 58.2175
10 2 3 44.9734 -96.6828
11 3 3 8.59364 47.8726
12 1 2 -50.8352 -38.2477
13 4 3 -41.93 -35.2578
14 3 1 -47.4716 24.2931
15 4 3 -78.7013 -16.736
16 4 2 39.8716 -68.6475
17 4 1 -52.686 -10.5046
18 4 3 -23.068 -15.8855
19 4 1 -83.0668 39.1603
20 1 1 -55.9051 35.5351
21 2 1 87.9183 -49.8774
22 3 1 67.4583 12.4558
23 1 1 -64.5439 -47.2021
24 3 1 32.3308 1.57584
25 4 2 74.9259 -61.2538
26 4 2 84.5051 74.1879
27 3 2 18.9661 67.8679
28 4 1 -52.5921 76.8391
29 2 1 -89.5058 74.2996
30 3 2 61.1291 91.4431
31 2 3 15.6473 78.1586
32 3 2 -64.7637 -74.3698
33 3 2 37.7591 46.652
34 2 1 59.6331 43.768
35 3 2 -73.1679 49.4246
36 2 2 38.7089 -20.1776
37 4 1 36.8497 -59.2294
38 1 3 -91.7762 -79.0843
39 2 1 -11.8848 84.2726
40 4 3 -17.3833 -68.5204
41 3 3 23.4251 89.9253
42 4 1 -88.7386 10.3397
43 3 1 95.1919 49.7758
44 3 1 8.825 30.697
45 3 2 38.9337 44.4286
46 4 3 99.9922 85.1934
47 1 3 59.7011 -14.9329
48 1 1 6.29487 -50.9148
49 2 3 6.93462 0.0149372
50 3 3 57.4417 7.26417
51 4 2 -14.7685 -36.4086
52 2 2 -79.2768 -51.446
53 4 2 -53.2893 54.0979
54 4 3 0.241738 -1.19501
55 3 1 -69.0343 20.1715
56 4 3 69.6825 95.0942
57 2 3 -29.1678 -30.1391
58 1 2 3.49094 61.9073
59 4 2 97.688 9.93701
60 2 3 -36.0201 79.1571
61 3 1 28.9843 -4.21098
62 3 1 -52.7354 -36.7187
63 1 1 39.1545 -4.29025
64 4 2 -56.7389 83.9647
