13 138
13 138
13 138
13 138
13 138
13 138
13 138
13 138
13 138
13 138
13 138
13 138
13 138
20 114
20 114
20 114
20 114
20 114
20 114
29 60
29 60
29 60
29 60
29 60
29 60
29 60
29 60
29 60
29 60
29 60
29 60
29 60
29 60
29 60
29 60
29 60
29 60
29 60
32 109
32 109
32 109
32 109
32 109
32 109
32 109
32 109
32 109
32 109
32 109
32 109
32 109
32 109
32 109
32 109
32 109
34 116
34 116
34 116
34 116
34 116
34 116
34 116
34 116
34 116
34 116
34 116
34 116
34 116
34 116
34 116
34 116
34 116
34 116
34 116
34 116
34 116
34 116
34 116
34 116
34 116
34 116
43 176
43 176
43 176
48 189
48 189
48 189
48 189
48 189
48 189
48 189
48 189
48 189
48 189
48 189
49 189
49 189
49 189
49 189
49 189
49 189
49 189
49 189
49 189
49 189
49 189
49 189
49 189
49 189
49 189
49 189
49 189
49 189
49 189
49 189
51 180
51 180
51 180
51 180
51 180
53 172
53 172
53 172
53 172
55 177
55 177
55 177
55 177
55 177
55 177
55 177
55 177
55 177
55 177
55 177
55 177
55 177
55 177
55 177
13 149
13 149
13 149
13 149
13 149
13 149
13 149
13 149
13 149
13 149
13 149
13 149
13 149
16 150
16 150
16 150
16 150
16 150
16 150
16 150
16 150
20 200
20 200
20 200
20 200
20 200
20 200
34 147
34 147
34 147
34 147
34 147
34 147
34 147
34 147
34 147
34 147
34 147
34 147
34 147
34 147
34 147
34 147
34 147
34 147
34 147
34 147
34 147
34 147
34 147
34 147
34 147
34 147
29 220
29 220
29 220
29 220
29 220
29 220
29 220
29 220
29 220
29 220
29 220
29 220
29 220
29 220
29 220
29 220
29 220
29 220
29 220
32 448
32 448
32 448
32 448
32 448
32 448
32 448
32 448
32 448
32 448
32 448
32 448
32 448
32 448
32 448
32 448
32 448
58 706
47 816
47 816
37 917
37 917
37 917
37 917
37 917
37 917
37 917
37 917
37 917
37 917
37 917
37 917
37 917
37 917
37 917
37 917
37 917
37 917
37 917
37 917
37 917
37 917
37 917
37 917
37 917
37 917
37 917
37 917
37 917
37 917
19 1119
19 1119
19 1119
19 1119
19 1119
19 1119
19 1119
19 619
19 619
19 619
19 619
19 619
19 619
19 619
18 1129
18 1129
18 1129
18 1129
18 1129
18 1129
18 1129
18 1129
18 1129
18 630
18 630
18 630
18 630
18 630
18 630
18 630
18 630
18 630
4 1271
4 1271
4 1271
4 1271
4 1271
4 1271
4 1271
4 1271
4 1271
4 1271
4 1271
4 1271
4 1271
4 1271
4 1271
4 1271
4 1271
4 1271
4 1271
4 1271
4 1271
4 1271
4 1271
4 771
4 771
4 771
4 771
4 771
4 771
4 771
4 771
4 771
4 771
4 771
4 771
4 771
4 771
4 771
4 771
4 771
4 771
4 771
4 771
4 771
4 771
4 771
37 596
37 596
37 596
37 596
37 596
37 596
37 596
37 596
37 596
37 596
37 596
37 596
37 596
37 596
37 596
37 596
37 596
37 596
37 596
37 596
37 596
37 596
37 596
37 596
37 596
37 596
37 596
37 596
37 596
37 596
43 612
43 612
43 612
47 573
47 573
48 568
48 568
48 568
48 568
48 568
48 568
48 568
48 568
48 568
48 568
48 568
49 558
49 558
49 558
49 558
49 558
49 558
49 558
49 558
49 558
49 558
49 558
49 558
49 558
49 558
49 558
49 558
49 558
49 558
49 558
49 558
51 539
51 539
51 539
51 539
51 539
53 529
53 529
53 529
53 529
55 509
55 509
55 509
55 509
55 509
55 509
55 509
55 509
55 509
55 509
55 509
55 509
55 509
55 509
55 509
58 486
4 730
4 730
4 730
4 730
4 730
4 730
4 730
4 730
4 730
4 730
4 730
4 730
4 730
4 730
4 730
4 730
4 730
4 730
4 730
4 730
4 730
4 730
4 730
18 609
18 609
18 609
18 609
18 609
18 609
18 609
18 609
18 609
16 629
16 629
16 629
16 629
16 629
16 629
16 629
16 629
13 664
13 664
13 664
13 664
13 664
13 664
13 664
13 664
13 664
13 664
13 664
13 664
13 664
19 609
19 609
19 609
19 609
19 609
19 609
19 609
20 601
20 601
20 601
20 601
20 601
20 601
29 512
29 512
29 512
29 512
29 512
29 512
29 512
29 512
29 512
29 512
29 512
29 512
29 512
29 512
29 512
29 512
29 512
29 512
29 512
32 482
32 482
32 482
32 482
32 482
32 482
32 482
32 482
32 482
32 482
32 482
32 482
32 482
32 482
32 482
32 482
32 482
34 463
34 463
34 463
34 463
34 463
34 463
34 463
34 463
34 463
34 463
34 463
34 463
34 463
34 463
34 463
34 463
34 463
34 463
34 463
34 463
34 463
34 463
34 463
34 463
34 463
34 463
4 363
4 363
4 363
4 363
4 363
4 363
4 363
4 363
4 363
4 363
4 363
4 363
4 363
4 363
4 363
4 363
4 363
4 363
4 363
4 363
4 363
4 363
4 363
37 542
37 542
37 542
37 542
37 542
37 542
37 542
37 542
37 542
37 542
37 542
37 542
37 542
37 542
37 542
37 542
37 542
37 542
37 542
37 542
37 542
37 542
37 542
37 542
37 542
37 542
37 542
37 542
37 542
37 542
43 532
43 532
43 532
13 371
13 371
13 371
13 371
13 371
13 371
13 371
13 371
13 371
13 371
13 371
13 371
13 371
16 362
16 362
16 362
16 362
16 362
16 362
16 362
16 362
48 559
48 559
48 559
48 559
48 559
48 559
48 559
48 559
48 559
48 559
48 559
47 569
47 569
20 350
20 350
20 350
20 350
20 350
20 350
49 610
49 610
49 610
49 610
49 610
49 610
49 610
49 610
49 610
49 610
49 610
49 610
49 610
49 610
49 610
49 610
49 610
49 610
49 610
49 610
18 434
18 434
18 434
18 434
18 434
18 434
18 434
18 434
18 434
53 610
53 610
53 610
53 610
29 359
29 359
29 359
29 359
29 359
29 359
29 359
29 359
29 359
29 359
29 359
29 359
29 359
29 359
29 359
29 359
29 359
29 359
29 359
19 477
19 477
19 477
19 477
19 477
19 477
19 477
55 641
55 641
55 641
55 641
55 641
55 641
55 641
55 641
55 641
55 641
55 641
55 641
55 641
55 641
55 641
32 387
32 387
32 387
32 387
32 387
32 387
32 387
32 387
32 387
32 387
32 387
32 387
32 387
32 387
32 387
32 387
32 387
51 714
51 714
51 714
51 714
51 714
58 668
11 2174
11 2174
11 2174
11 2174
11 2174
11 2174
11 2174
11 2174
11 2174
11 2174
11 2174
11 2174
11 2174
11 2174
11 2174
11 2174
11 2174
11 2174
11 2174
11 2174
11 2174
11 1675
11 1675
11 1675
11 1675
11 1675
11 1675
11 1675
11 1675
11 1675
11 1675
11 1675
11 1675
11 1675
11 1675
11 1675
11 1675
11 1675
11 1675
11 1675
11 1675
11 1675
11 1176
11 1176
11 1176
11 1176
11 1176
11 1176
11 1176
11 1176
11 1176
11 1176
11 1176
11 1176
11 1176
11 1176
11 1176
11 1176
11 1176
11 1176
11 1176
11 1176
11 1176
34 449
34 449
34 449
34 449
34 449
34 449
34 449
34 449
34 449
34 449
34 449
34 449
34 449
34 449
34 449
34 449
34 449
34 449
34 449
34 449
34 449
34 449
34 449
34 449
34 449
34 449
4 437
4 437
4 437
4 437
4 437
4 437
4 437
4 437
4 437
4 437
4 437
4 437
4 437
4 437
4 437
4 437
4 437
4 437
4 437
4 437
4 437
4 437
4 437
13 420
13 420
13 420
13 420
13 420
13 420
13 420
13 420
13 420
13 420
13 420
13 420
13 420
16 448
16 448
16 448
16 448
16 448
16 448
16 448
16 448
37 739
37 739
37 739
37 739
37 739
37 739
37 739
37 739
37 739
37 739
37 739
37 739
37 739
37 739
37 739
37 739
37 739
37 739
37 739
37 739
37 739
37 739
37 739
37 739
37 739
37 739
37 739
37 739
37 739
37 739
18 432
18 432
18 432
18 432
18 432
18 432
18 432
18 432
18 432
19 485
19 485
19 485
19 485
19 485
19 485
19 485
43 760
43 760
43 760
20 514
20 514
20 514
20 514
20 514
20 514
47 774
47 774
48 771
48 771
48 771
48 771
48 771
48 771
48 771
48 771
48 771
48 771
48 771
49 779
49 779
49 779
49 779
49 779
49 779
49 779
49 779
49 779
49 779
49 779
49 779
49 779
49 779
49 779
49 779
49 779
49 779
49 779
49 779
29 484
29 484
29 484
29 484
29 484
29 484
29 484
29 484
29 484
29 484
29 484
29 484
29 484
29 484
29 484
29 484
29 484
29 484
29 484
51 772
51 772
51 772
51 772
51 772
53 782
53 782
53 782
53 782
32 495
32 495
32 495
32 495
32 495
32 495
32 495
32 495
32 495
32 495
32 495
32 495
32 495
32 495
32 495
32 495
32 495
55 783
55 783
55 783
55 783
55 783
55 783
55 783
55 783
55 783
55 783
55 783
55 783
55 783
55 783
55 783
58 779
34 531
34 531
34 531
34 531
34 531
34 531
34 531
34 531
34 531
34 531
34 531
34 531
34 531
34 531
34 531
34 531
34 531
34 531
34 531
34 531
34 531
34 531
34 531
34 531
34 531
34 531
11 799
11 799
11 799
11 799
11 799
11 799
11 799
11 799
11 799
11 799
11 799
11 799
11 799
11 799
11 799
11 799
11 799
11 799
11 799
11 799
11 799
4 478
4 478
4 478
4 478
4 478
4 478
4 478
4 478
4 478
4 478
4 478
4 478
4 478
4 478
4 478
4 478
4 478
4 478
4 478
4 478
4 478
4 478
4 478
13 527
13 527
13 527
13 527
13 527
13 527
13 527
13 527
13 527
13 527
13 527
13 527
13 527
16 544
16 544
16 544
16 544
16 544
16 544
16 544
16 544
18 572
18 572
18 572
18 572
18 572
18 572
18 572
18 572
18 572
20 557
20 557
20 557
20 557
20 557
20 557
37 889
37 889
37 889
37 889
37 889
37 889
37 889
37 889
37 889
37 889
37 889
37 889
37 889
37 889
37 889
37 889
37 889
37 889
37 889
37 889
37 889
37 889
37 889
37 889
37 889
37 889
37 889
37 889
37 889
37 889
14 3128
14 3128
14 3128
14 3128
14 3128
14 3128
14 3128
14 3128
14 3128
14 3128
14 3128
14 3128
14 3128
14 3128
14 3128
14 3128
14 2628
14 2628
14 2628
14 2628
14 2628
14 2628
14 2628
14 2628
14 2628
14 2628
14 2628
14 2628
14 2628
14 2628
14 2628
14 2628
14 2129
14 2129
14 2129
14 2129
14 2129
14 2129
14 2129
14 2129
14 2129
14 2129
14 2129
14 2129
14 2129
14 2129
14 2129
14 2129
19 579
19 579
19 579
19 579
19 579
19 579
19 579
29 542
29 542
29 542
29 542
29 542
29 542
29 542
29 542
29 542
29 542
29 542
29 542
29 542
29 542
29 542
29 542
29 542
29 542
29 542
43 914
43 914
43 914
32 534
32 534
32 534
32 534
32 534
32 534
32 534
32 534
32 534
32 534
32 534
32 534
32 534
32 534
32 534
32 534
32 534
47 912
47 912
48 923
48 923
48 923
48 923
48 923
48 923
48 923
48 923
48 923
48 923
48 923
34 565
34 565
34 565
34 565
34 565
34 565
34 565
34 565
34 565
34 565
34 565
34 565
34 565
34 565
34 565
34 565
34 565
34 565
34 565
34 565
34 565
34 565
34 565
34 565
34 565
34 565
49 926
49 926
49 926
49 926
49 926
49 926
49 926
49 926
49 926
49 926
49 926
49 926
49 926
49 926
49 926
49 926
49 926
49 926
49 926
49 926
51 924
51 924
51 924
51 924
51 924
53 916
53 916
53 916
53 916
55 903
55 903
55 903
55 903
55 903
55 903
55 903
55 903
55 903
55 903
55 903
55 903
55 903
55 903
55 903
58 984
4 606
4 606
4 606
4 606
4 606
4 606
4 606
4 606
4 606
4 606
4 606
4 606
4 606
4 606
4 606
4 606
4 606
4 606
4 606
4 606
4 606
4 606
4 606
11 1054
11 1054
11 1054
11 1054
11 1054
11 1054
11 1054
11 1054
11 1054
11 1054
11 1054
11 1054
11 1054
11 1054
11 1054
11 1054
11 1054
11 1054
11 1054
11 1054
11 1054
13 574
13 574
13 574
13 574
13 574
13 574
13 574
13 574
13 574
13 574
13 574
13 574
13 574
14 589
14 589
14 589
14 589
14 589
14 589
14 589
14 589
14 589
14 589
14 589
14 589
14 589
14 589
14 589
14 589
16 607
16 607
16 607
16 607
16 607
16 607
16 607
16 607
19 584
19 584
19 584
19 584
19 584
19 584
19 584
18 610
18 610
18 610
18 610
18 610
18 610
18 610
18 610
18 610
20 609
20 609
20 609
20 609
20 609
20 609
37 1028
37 1028
37 1028
37 1028
37 1028
37 1028
37 1028
37 1028
37 1028
37 1028
37 1028
37 1028
37 1028
37 1028
37 1028
37 1028
37 1028
37 1028
37 1028
37 1028
37 1028
37 1028
37 1028
37 1028
37 1028
37 1028
37 1028
37 1028
37 1028
37 1028
32 609
32 609
32 609
32 609
32 609
32 609
32 609
32 609
32 609
32 609
32 609
32 609
32 609
32 609
32 609
32 609
32 609
34 598
34 598
34 598
34 598
34 598
34 598
34 598
34 598
34 598
34 598
34 598
34 598
34 598
34 598
34 598
34 598
34 598
34 598
34 598
34 598
34 598
34 598
34 598
34 598
34 598
34 598
29 658
29 658
29 658
29 658
29 658
29 658
29 658
29 658
29 658
29 658
29 658
29 658
29 658
29 658
29 658
29 658
29 658
29 658
29 658
43 1031
43 1031
43 1031
47 1093
47 1093
48 1094
48 1094
48 1094
48 1094
48 1094
48 1094
48 1094
48 1094
48 1094
48 1094
48 1094
49 1106
49 1106
49 1106
49 1106
49 1106
49 1106
49 1106
49 1106
49 1106
49 1106
49 1106
49 1106
49 1106
49 1106
49 1106
49 1106
49 1106
49 1106
49 1106
49 1106
51 1128
51 1128
51 1128
51 1128
51 1128
53 1155
53 1155
53 1155
53 1155
55 1154
55 1154
55 1154
55 1154
55 1154
55 1154
55 1154
55 1154
55 1154
55 1154
55 1154
55 1154
55 1154
55 1154
55 1154
58 1142
