10 139
14 104
14 104
14 104
14 104
14 104
14 104
14 104
14 104
14 104
14 104
14 104
14 104
14 104
14 104
14 104
14 104
14 104
14 104
14 104
16 147
16 147
16 147
16 147
16 147
16 147
16 147
16 147
16 147
16 147
16 147
16 147
16 147
16 147
16 147
11 212
11 212
11 212
11 212
11 212
11 212
11 212
11 212
11 212
11 212
11 212
11 212
11 212
11 212
11 212
11 212
23 110
23 110
23 110
23 110
23 110
23 110
23 110
23 110
23 110
23 110
23 110
23 110
31 34
31 34
31 34
31 34
31 34
31 34
31 34
31 34
31 34
31 34
31 34
31 34
31 34
31 34
31 34
31 34
31 34
31 34
31 34
31 34
31 34
31 34
31 34
28 66
28 66
28 66
28 66
28 66
28 66
35 57
35 57
35 57
35 57
35 57
35 57
35 57
32 102
32 102
32 102
32 102
32 102
32 102
32 102
32 102
32 102
32 102
32 102
32 102
32 102
32 102
32 102
32 102
32 102
32 102
32 102
32 102
32 102
32 102
37 59
37 59
37 59
37 59
37 59
36 101
36 101
36 101
36 101
36 101
36 101
36 101
36 101
36 101
36 101
36 101
39 94
39 94
39 94
39 94
39 94
39 94
39 94
39 94
39 94
39 94
39 94
39 94
39 94
39 94
39 94
39 94
39 94
39 94
39 94
39 94
39 94
39 94
39 94
39 94
39 94
39 94
39 94
39 94
29 212
29 212
29 212
29 212
29 212
29 212
29 212
29 212
29 212
29 212
29 212
29 212
29 212
29 212
29 212
29 212
29 212
45 86
45 86
45 86
43 108
43 108
43 108
43 108
43 108
43 108
43 108
43 108
43 108
43 108
43 108
43 108
43 108
43 108
43 108
43 108
43 108
43 108
30 240
30 240
30 240
30 240
30 240
30 240
30 240
30 240
30 240
30 240
30 240
30 240
30 240
30 240
30 240
30 240
30 240
30 240
30 240
30 240
30 240
30 240
30 240
30 240
30 240
30 240
30 240
30 240
30 240
44 211
44 211
44 211
44 211
51 147
51 147
51 147
51 147
51 147
51 147
51 147
51 147
51 147
51 147
41 252
41 252
41 252
41 252
41 252
41 252
41 252
41 252
41 252
41 252
41 252
41 252
41 252
41 252
41 252
41 252
41 252
41 252
41 252
41 252
41 252
41 252
41 252
41 252
41 252
53 148
53 148
53 148
53 148
53 148
53 148
53 148
53 148
53 148
53 148
53 148
53 148
53 148
53 148
53 148
53 148
53 148
53 148
53 148
53 148
53 148
53 148
53 148
53 148
53 148
53 148
53 148
56 133
56 133
56 133
56 133
56 133
56 133
56 133
56 133
56 133
56 133
56 133
56 133
56 133
56 133
56 133
56 133
56 133
56 133
56 133
56 133
56 133
56 133
56 133
56 133
56 133
56 133
60 105
60 105
60 105
60 105
60 105
60 105
60 105
60 105
10 116
16 99
16 99
16 99
16 99
16 99
16 99
16 99
16 99
16 99
16 99
16 99
16 99
16 99
16 99
16 99
14 128
14 128
14 128
14 128
14 128
14 128
14 128
14 128
14 128
14 128
14 128
14 128
14 128
14 128
14 128
14 128
14 128
14 128
14 128
67 143
67 143
67 143
67 143
67 143
67 143
67 143
67 143
67 143
67 143
67 143
67 143
67 143
28 110
28 110
28 110
28 110
28 110
28 110
11 303
11 303
11 303
11 303
11 303
11 303
11 303
11 303
11 303
11 303
11 303
11 303
11 303
11 303
11 303
11 303
32 144
32 144
32 144
32 144
32 144
32 144
32 144
32 144
32 144
32 144
32 144
32 144
32 144
32 144
32 144
32 144
32 144
32 144
32 144
32 144
32 144
32 144
35 194
35 194
35 194
35 194
35 194
35 194
35 194
36 205
36 205
36 205
36 205
36 205
36 205
36 205
36 205
36 205
36 205
36 205
71 367
71 367
71 367
71 367
71 367
71 367
71 367
71 367
71 367
71 367
71 367
71 367
71 367
71 367
71 367
71 367
71 367
71 367
71 367
71 367
71 367
71 367
71 367
71 367
71 367
71 367
71 367
71 367
71 367
71 367
23 363
23 363
23 363
23 363
23 363
23 363
23 363
23 363
23 363
23 363
23 363
23 363
39 287
39 287
39 287
39 287
39 287
39 287
39 287
39 287
39 287
39 287
39 287
39 287
39 287
39 287
39 287
39 287
39 287
39 287
39 287
39 287
39 287
39 287
39 287
39 287
39 287
39 287
39 287
39 287
43 289
43 289
43 289
43 289
43 289
43 289
43 289
43 289
43 289
43 289
43 289
43 289
43 289
43 289
43 289
43 289
43 289
43 289
37 366
37 366
37 366
37 366
37 366
68 557
68 557
31 454
31 454
31 454
31 454
31 454
31 454
31 454
31 454
31 454
31 454
31 454
31 454
31 454
31 454
31 454
31 454
31 454
31 454
31 454
31 454
31 454
31 454
31 454
48 826
48 826
48 826
48 826
48 826
48 826
48 826
48 826
48 826
48 326
48 326
48 326
48 326
48 326
48 326
48 326
48 326
48 326
51 476
51 476
51 476
51 476
51 476
51 476
51 476
51 476
51 476
51 476
44 574
44 574
44 574
44 574
45 577
45 577
45 577
60 471
60 471
60 471
60 471
60 471
60 471
60 471
60 471
16 413
16 413
16 413
16 413
16 413
16 413
16 413
16 413
16 413
16 413
16 413
16 413
16 413
16 413
16 413
53 543
53 543
53 543
53 543
53 543
53 543
53 543
53 543
53 543
53 543
53 543
53 543
53 543
53 543
53 543
53 543
53 543
53 543
53 543
53 543
53 543
53 543
53 543
53 543
53 543
53 543
53 543
56 514
56 514
56 514
56 514
56 514
56 514
56 514
56 514
56 514
56 514
56 514
56 514
56 514
56 514
56 514
56 514
56 514
56 514
56 514
56 514
56 514
56 514
56 514
56 514
56 514
56 514
67 406
67 406
67 406
67 406
67 406
67 406
67 406
67 406
67 406
67 406
67 406
67 406
67 406
28 300
28 300
28 300
28 300
28 300
28 300
10 481
32 271
32 271
32 271
32 271
32 271
32 271
32 271
32 271
32 271
32 271
32 271
32 271
32 271
32 271
32 271
32 271
32 271
32 271
32 271
32 271
32 271
32 271
68 415
68 415
14 496
14 496
14 496
14 496
14 496
14 496
14 496
14 496
14 496
14 496
14 496
14 496
14 496
14 496
14 496
14 496
14 496
14 496
14 496
36 282
36 282
36 282
36 282
36 282
36 282
36 282
36 282
36 282
36 282
36 282
39 291
39 291
39 291
39 291
39 291
39 291
39 291
39 291
39 291
39 291
39 291
39 291
39 291
39 291
39 291
39 291
39 291
39 291
39 291
39 291
39 291
39 291
39 291
39 291
39 291
39 291
39 291
39 291
43 276
43 276
43 276
43 276
43 276
43 276
43 276
43 276
43 276
43 276
43 276
43 276
43 276
43 276
43 276
43 276
43 276
43 276
31 429
31 429
31 429
31 429
31 429
31 429
31 429
31 429
31 429
31 429
31 429
31 429
31 429
31 429
31 429
31 429
31 429
31 429
31 429
31 429
31 429
31 429
31 429
48 271
48 271
48 271
48 271
48 271
48 271
48 271
48 271
48 271
77 1041
77 1041
77 1041
77 1041
77 1041
77 1041
77 1041
77 1041
77 1041
77 1041
77 1041
77 1041
77 1041
77 1041
51 313
51 313
51 313
51 313
51 313
51 313
51 313
51 313
51 313
51 313
37 476
37 476
37 476
37 476
37 476
35 535
35 535
35 535
35 535
35 535
35 535
35 535
60 292
60 292
60 292
60 292
60 292
60 292
60 292
60 292
16 268
16 268
16 268
16 268
16 268
16 268
16 268
16 268
16 268
16 268
16 268
16 268
16 268
16 268
16 268
67 267
67 267
67 267
67 267
67 267
67 267
67 267
67 267
67 267
67 267
67 267
67 267
67 267
44 499
44 499
44 499
44 499
45 494
45 494
45 494
53 486
53 486
53 486
53 486
53 486
53 486
53 486
53 486
53 486
53 486
53 486
53 486
53 486
53 486
53 486
53 486
53 486
53 486
53 486
53 486
53 486
53 486
53 486
53 486
53 486
53 486
53 486
29 1238
29 1238
29 1238
29 1238
29 1238
29 1238
29 1238
29 1238
29 1238
29 1238
29 1238
29 1238
29 1238
29 1238
29 1238
29 1238
29 1238
30 1231
30 1231
30 1231
30 1231
30 1231
30 1231
30 1231
30 1231
30 1231
30 1231
30 1231
30 1231
30 1231
30 1231
30 1231
30 1231
30 1231
30 1231
30 1231
30 1231
30 1231
30 1231
30 1231
30 1231
30 1231
30 1231
30 1231
30 1231
30 1231
41 1122
41 1122
41 1122
41 1122
41 1122
41 1122
41 1122
41 1122
41 1122
41 1122
41 1122
41 1122
41 1122
41 1122
41 1122
41 1122
41 1122
41 1122
41 1122
41 1122
41 1122
41 1122
41 1122
41 1122
41 1122
79 1247
79 1247
79 1247
79 1247
79 1247
79 1247
79 1247
79 1247
79 1247
79 1247
79 1247
79 1247
79 1247
79 1247
79 1247
79 1247
79 1247
79 1247
79 1247
79 1247
79 1247
79 1247
79 1247
79 1247
11 931
11 931
11 931
11 931
11 931
11 931
11 931
11 931
11 931
11 931
11 931
11 931
11 931
11 931
11 931
11 931
80 1246
80 1246
80 1246
80 1246
80 1246
80 1246
80 1246
80 1246
80 1246
80 1246
80 1246
80 1246
80 1246
80 1246
80 1246
80 1246
80 1246
80 1246
80 1246
80 1246
28 273
28 273
28 273
28 273
28 273
28 273
23 828
23 828
23 828
23 828
23 828
23 828
23 828
23 828
23 828
23 828
23 828
23 828
82 1249
82 1249
82 1249
82 1249
82 1249
82 1249
82 1249
82 1249
82 1249
82 1249
82 1249
82 1249
82 1249
82 1249
82 1249
82 1249
82 1249
82 1249
82 1249
82 1249
82 1249
32 251
32 251
32 251
32 251
32 251
32 251
32 251
32 251
32 251
32 251
32 251
32 251
32 251
32 251
32 251
32 251
32 251
32 251
32 251
32 251
32 251
32 251
56 551
56 551
56 551
56 551
56 551
56 551
56 551
56 551
56 551
56 551
56 551
56 551
56 551
56 551
56 551
56 551
56 551
56 551
56 551
56 551
56 551
56 551
56 551
56 551
56 551
56 551
77 846
77 846
77 846
77 846
77 846
77 846
77 846
77 846
77 846
77 846
77 846
77 846
77 846
77 846
29 861
29 861
29 861
29 861
29 861
29 861
29 861
29 861
29 861
29 861
29 861
29 861
29 861
29 861
29 861
29 861
29 861
10 552
36 296
36 296
36 296
36 296
36 296
36 296
36 296
36 296
36 296
36 296
36 296
79 867
79 867
79 867
79 867
79 867
79 867
79 867
79 867
79 867
79 867
79 867
79 867
79 867
79 867
79 867
79 867
79 867
79 867
79 867
79 867
79 867
79 867
79 867
79 867
80 876
80 876
80 876
80 876
80 876
80 876
80 876
80 876
80 876
80 876
80 876
80 876
80 876
80 876
80 876
80 876
80 876
80 876
80 876
80 876
30 884
30 884
30 884
30 884
30 884
30 884
30 884
30 884
30 884
30 884
30 884
30 884
30 884
30 884
30 884
30 884
30 884
30 884
30 884
30 884
30 884
30 884
30 884
30 884
30 884
30 884
30 884
30 884
30 884
14 549
14 549
14 549
14 549
14 549
14 549
14 549
14 549
14 549
14 549
14 549
14 549
14 549
14 549
14 549
14 549
14 549
14 549
14 549
39 317
39 317
39 317
39 317
39 317
39 317
39 317
39 317
39 317
39 317
39 317
39 317
39 317
39 317
39 317
39 317
39 317
39 317
39 317
39 317
39 317
39 317
39 317
39 317
39 317
39 317
39 317
39 317
82 892
82 892
82 892
82 892
82 892
82 892
82 892
82 892
82 892
82 892
82 892
82 892
82 892
82 892
82 892
82 892
82 892
82 892
82 892
82 892
82 892
71 1018
71 1018
71 1018
71 1018
71 1018
71 1018
71 1018
71 1018
71 1018
71 1018
71 1018
71 1018
71 1018
71 1018
71 1018
71 1018
71 1018
71 1018
71 1018
71 1018
71 1018
71 1018
71 1018
71 1018
71 1018
71 1018
71 1018
71 1018
71 1018
71 1018
68 548
68 548
43 368
43 368
43 368
43 368
43 368
43 368
43 368
43 368
43 368
43 368
43 368
43 368
43 368
43 368
43 368
43 368
43 368
43 368
41 910
41 910
41 910
41 910
41 910
41 910
41 910
41 910
41 910
41 910
41 910
41 910
41 910
41 910
41 910
41 910
41 910
41 910
41 910
41 910
41 910
41 910
41 910
41 910
41 910
48 347
48 347
48 347
48 347
48 347
48 347
48 347
48 347
48 347
31 548
31 548
31 548
31 548
31 548
31 548
31 548
31 548
31 548
31 548
31 548
31 548
31 548
31 548
31 548
31 548
31 548
31 548
31 548
31 548
31 548
31 548
31 548
51 358
51 358
51 358
51 358
51 358
51 358
51 358
51 358
51 358
51 358
35 538
35 538
35 538
35 538
35 538
35 538
35 538
37 594
37 594
37 594
37 594
37 594
60 367
60 367
60 367
60 367
60 367
60 367
60 367
60 367
16 377
16 377
16 377
16 377
16 377
16 377
16 377
16 377
16 377
16 377
16 377
16 377
16 377
16 377
16 377
67 369
67 369
67 369
67 369
67 369
67 369
67 369
67 369
67 369
67 369
67 369
67 369
67 369
11 967
11 967
11 967
11 967
11 967
11 967
11 967
11 967
11 967
11 967
11 967
11 967
11 967
11 967
11 967
11 967
44 653
44 653
44 653
44 653
45 657
45 657
45 657
53 627
53 627
53 627
53 627
53 627
53 627
53 627
53 627
53 627
53 627
53 627
53 627
53 627
53 627
53 627
53 627
53 627
53 627
53 627
53 627
53 627
53 627
53 627
53 627
53 627
53 627
53 627
56 632
56 632
56 632
56 632
56 632
56 632
56 632
56 632
56 632
56 632
56 632
56 632
56 632
56 632
56 632
56 632
56 632
56 632
56 632
56 632
56 632
56 632
56 632
56 632
56 632
56 632
28 454
28 454
28 454
28 454
28 454
28 454
10 635
23 1027
23 1027
23 1027
23 1027
23 1027
23 1027
23 1027
23 1027
23 1027
23 1027
23 1027
23 1027
32 447
32 447
32 447
32 447
32 447
32 447
32 447
32 447
32 447
32 447
32 447
32 447
32 447
32 447
32 447
32 447
32 447
32 447
32 447
32 447
32 447
32 447
71 1076
71 1076
71 1076
71 1076
71 1076
71 1076
71 1076
71 1076
71 1076
71 1076
71 1076
71 1076
71 1076
71 1076
71 1076
71 1076
71 1076
71 1076
71 1076
71 1076
71 1076
71 1076
71 1076
71 1076
71 1076
71 1076
71 1076
71 1076
71 1076
71 1076
14 656
14 656
14 656
14 656
14 656
14 656
14 656
14 656
14 656
14 656
14 656
14 656
14 656
14 656
14 656
14 656
14 656
14 656
14 656
36 440
36 440
36 440
36 440
36 440
36 440
36 440
36 440
36 440
36 440
36 440
68 643
68 643
29 1035
29 1035
29 1035
29 1035
29 1035
29 1035
29 1035
29 1035
29 1035
29 1035
29 1035
29 1035
29 1035
29 1035
29 1035
29 1035
29 1035
30 1041
30 1041
30 1041
30 1041
30 1041
30 1041
30 1041
30 1041
30 1041
30 1041
30 1041
30 1041
30 1041
30 1041
30 1041
30 1041
30 1041
30 1041
30 1041
30 1041
30 1041
30 1041
30 1041
30 1041
30 1041
30 1041
30 1041
30 1041
30 1041
77 1079
77 1079
77 1079
77 1079
77 1079
77 1079
77 1079
77 1079
77 1079
77 1079
77 1079
77 1079
77 1079
77 1079
39 460
39 460
39 460
39 460
39 460
39 460
39 460
39 460
39 460
39 460
39 460
39 460
39 460
39 460
39 460
39 460
39 460
39 460
39 460
39 460
39 460
39 460
39 460
39 460
39 460
39 460
39 460
39 460
43 491
43 491
43 491
43 491
43 491
43 491
43 491
43 491
43 491
43 491
43 491
43 491
43 491
43 491
43 491
43 491
43 491
43 491
79 1147
79 1147
79 1147
79 1147
79 1147
79 1147
79 1147
79 1147
79 1147
79 1147
79 1147
79 1147
79 1147
79 1147
79 1147
79 1147
79 1147
79 1147
79 1147
79 1147
79 1147
79 1147
79 1147
79 1147
48 491
48 491
48 491
48 491
48 491
48 491
48 491
48 491
48 491
51 482
51 482
51 482
51 482
51 482
51 482
51 482
51 482
51 482
51 482
31 715
31 715
31 715
31 715
31 715
31 715
31 715
31 715
31 715
31 715
31 715
31 715
31 715
31 715
31 715
31 715
31 715
31 715
31 715
31 715
31 715
31 715
31 715
35 708
35 708
35 708
35 708
35 708
35 708
35 708
80 1265
80 1265
80 1265
80 1265
80 1265
80 1265
80 1265
80 1265
80 1265
80 1265
80 1265
80 1265
80 1265
80 1265
80 1265
80 1265
80 1265
80 1265
80 1265
80 1265
37 708
37 708
37 708
37 708
37 708
60 518
60 518
60 518
60 518
60 518
60 518
60 518
60 518
41 1223
41 1223
41 1223
41 1223
41 1223
41 1223
41 1223
41 1223
41 1223
41 1223
41 1223
41 1223
41 1223
41 1223
41 1223
41 1223
41 1223
41 1223
41 1223
41 1223
41 1223
41 1223
41 1223
41 1223
41 1223
45 752
45 752
45 752
16 548
16 548
16 548
16 548
16 548
16 548
16 548
16 548
16 548
16 548
16 548
16 548
16 548
16 548
16 548
67 542
67 542
67 542
67 542
67 542
67 542
67 542
67 542
67 542
67 542
67 542
67 542
67 542
44 775
44 775
44 775
44 775
82 1419
82 1419
82 1419
82 1419
82 1419
82 1419
82 1419
82 1419
82 1419
82 1419
82 1419
82 1419
82 1419
82 1419
82 1419
82 1419
82 1419
82 1419
82 1419
82 1419
82 1419
53 756
53 756
53 756
53 756
53 756
53 756
53 756
53 756
53 756
53 756
53 756
53 756
53 756
53 756
53 756
53 756
53 756
53 756
53 756
53 756
53 756
53 756
53 756
53 756
53 756
53 756
53 756
28 579
28 579
28 579
28 579
28 579
28 579
11 1251
11 1251
11 1251
11 1251
11 1251
11 1251
11 1251
11 1251
11 1251
11 1251
11 1251
11 1251
11 1251
11 1251
11 1251
11 1251
32 543
32 543
32 543
32 543
32 543
32 543
32 543
32 543
32 543
32 543
32 543
32 543
32 543
32 543
32 543
32 543
32 543
32 543
32 543
32 543
32 543
32 543
10 769
36 538
36 538
36 538
36 538
36 538
36 538
36 538
36 538
36 538
36 538
36 538
39 538
39 538
39 538
39 538
39 538
39 538
39 538
39 538
39 538
39 538
39 538
39 538
39 538
39 538
39 538
39 538
39 538
39 538
39 538
39 538
39 538
39 538
39 538
39 538
39 538
39 538
39 538
39 538
14 818
14 818
14 818
14 818
14 818
14 818
14 818
14 818
14 818
14 818
14 818
14 818
14 818
14 818
14 818
14 818
14 818
14 818
14 818
56 908
56 908
56 908
56 908
56 908
56 908
56 908
56 908
56 908
56 908
56 908
56 908
56 908
56 908
56 908
56 908
56 908
56 908
56 908
56 908
56 908
56 908
56 908
56 908
56 908
56 908
43 566
43 566
43 566
43 566
43 566
43 566
43 566
43 566
43 566
43 566
43 566
43 566
43 566
43 566
43 566
43 566
43 566
43 566
68 829
68 829
23 1339
23 1339
23 1339
23 1339
23 1339
23 1339
23 1339
23 1339
23 1339
23 1339
23 1339
23 1339
48 597
48 597
48 597
48 597
48 597
48 597
48 597
48 597
48 597
77 1308
77 1308
77 1308
77 1308
77 1308
77 1308
77 1308
77 1308
77 1308
77 1308
77 1308
77 1308
77 1308
77 1308
31 799
31 799
31 799
31 799
31 799
31 799
31 799
31 799
31 799
31 799
31 799
31 799
31 799
31 799
31 799
31 799
31 799
31 799
31 799
31 799
31 799
31 799
31 799
51 653
51 653
51 653
51 653
51 653
51 653
51 653
51 653
51 653
51 653
35 814
35 814
35 814
35 814
35 814
35 814
35 814
37 807
37 807
37 807
37 807
37 807
60 636
60 636
60 636
60 636
60 636
60 636
60 636
60 636
29 1466
29 1466
29 1466
29 1466
29 1466
29 1466
29 1466
29 1466
29 1466
29 1466
29 1466
29 1466
29 1466
29 1466
29 1466
29 1466
29 1466
79 1468
79 1468
79 1468
79 1468
79 1468
79 1468
79 1468
79 1468
79 1468
79 1468
79 1468
79 1468
79 1468
79 1468
79 1468
79 1468
79 1468
79 1468
79 1468
79 1468
79 1468
79 1468
79 1468
79 1468
71 1548
71 1548
71 1548
71 1548
71 1548
71 1548
71 1548
71 1548
71 1548
71 1548
71 1548
71 1548
71 1548
71 1548
71 1548
71 1548
71 1548
71 1548
71 1548
71 1548
71 1548
71 1548
71 1548
71 1548
71 1548
71 1548
71 1548
71 1548
71 1548
71 1548
80 1466
80 1466
80 1466
80 1466
80 1466
80 1466
80 1466
80 1466
80 1466
80 1466
80 1466
80 1466
80 1466
80 1466
80 1466
80 1466
80 1466
80 1466
80 1466
80 1466
45 817
45 817
45 817
30 1469
30 1469
30 1469
30 1469
30 1469
30 1469
30 1469
30 1469
30 1469
30 1469
30 1469
30 1469
30 1469
30 1469
30 1469
30 1469
30 1469
30 1469
30 1469
30 1469
30 1469
30 1469
30 1469
30 1469
30 1469
30 1469
30 1469
30 1469
30 1469
82 1457
82 1457
82 1457
82 1457
82 1457
82 1457
82 1457
82 1457
82 1457
82 1457
82 1457
82 1457
82 1457
82 1457
82 1457
82 1457
82 1457
82 1457
82 1457
82 1457
82 1457
16 645
16 645
16 645
16 645
16 645
16 645
16 645
16 645
16 645
16 645
16 645
16 645
16 645
16 645
16 645
44 868
44 868
44 868
44 868
41 1428
41 1428
41 1428
41 1428
41 1428
41 1428
41 1428
41 1428
41 1428
41 1428
41 1428
41 1428
41 1428
41 1428
41 1428
41 1428
41 1428
41 1428
41 1428
41 1428
41 1428
41 1428
41 1428
41 1428
41 1428
67 671
67 671
67 671
67 671
67 671
67 671
67 671
67 671
67 671
67 671
67 671
67 671
67 671
53 880
53 880
53 880
53 880
53 880
53 880
53 880
53 880
53 880
53 880
53 880
53 880
53 880
53 880
53 880
53 880
53 880
53 880
53 880
53 880
53 880
53 880
53 880
53 880
53 880
53 880
53 880
28 645
28 645
28 645
28 645
28 645
28 645
56 884
56 884
56 884
56 884
56 884
56 884
56 884
56 884
56 884
56 884
56 884
56 884
56 884
56 884
56 884
56 884
56 884
56 884
56 884
56 884
56 884
56 884
56 884
56 884
56 884
56 884
10 871
14 845
14 845
14 845
14 845
14 845
14 845
14 845
14 845
14 845
14 845
14 845
14 845
14 845
14 845
14 845
14 845
14 845
14 845
14 845
68 867
68 867
32 762
32 762
32 762
32 762
32 762
32 762
32 762
32 762
32 762
32 762
32 762
32 762
32 762
32 762
32 762
32 762
32 762
32 762
32 762
32 762
32 762
32 762
36 724
36 724
36 724
36 724
36 724
36 724
36 724
36 724
36 724
36 724
36 724
39 735
39 735
39 735
39 735
39 735
39 735
39 735
39 735
39 735
39 735
39 735
39 735
39 735
39 735
39 735
39 735
39 735
39 735
39 735
39 735
39 735
39 735
39 735
39 735
39 735
39 735
39 735
39 735
43 707
43 707
43 707
43 707
43 707
43 707
43 707
43 707
43 707
43 707
43 707
43 707
43 707
43 707
43 707
43 707
43 707
43 707
31 859
31 859
31 859
31 859
31 859
31 859
31 859
31 859
31 859
31 859
31 859
31 859
31 859
31 859
31 859
31 859
31 859
31 859
31 859
31 859
31 859
31 859
31 859
48 695
48 695
48 695
48 695
48 695
48 695
48 695
48 695
48 695
51 710
51 710
51 710
51 710
51 710
51 710
51 710
51 710
51 710
51 710
35 896
35 896
35 896
35 896
35 896
35 896
35 896
60 704
60 704
60 704
60 704
60 704
60 704
60 704
60 704
37 946
37 946
37 946
37 946
37 946
71 1628
71 1628
71 1628
71 1628
71 1628
71 1628
71 1628
71 1628
71 1628
71 1628
71 1628
71 1628
71 1628
71 1628
71 1628
71 1628
71 1628
71 1628
71 1628
71 1628
71 1628
71 1628
71 1628
71 1628
71 1628
71 1628
71 1628
71 1628
71 1628
71 1628
44 973
44 973
44 973
44 973
45 967
45 967
45 967
77 1658
77 1658
77 1658
77 1658
77 1658
77 1658
77 1658
77 1658
77 1658
77 1658
77 1658
77 1658
77 1658
77 1658
67 767
67 767
67 767
67 767
67 767
67 767
67 767
67 767
67 767
67 767
67 767
67 767
67 767
80 1663
80 1663
80 1663
80 1663
80 1663
80 1663
80 1663
80 1663
80 1663
80 1663
80 1663
80 1663
80 1663
80 1663
80 1663
80 1663
80 1663
80 1663
80 1663
80 1663
53 945
53 945
53 945
53 945
53 945
53 945
53 945
53 945
53 945
53 945
53 945
53 945
53 945
53 945
53 945
53 945
53 945
53 945
53 945
53 945
53 945
53 945
53 945
53 945
53 945
53 945
53 945
82 1685
82 1685
82 1685
82 1685
82 1685
82 1685
82 1685
82 1685
82 1685
82 1685
82 1685
82 1685
82 1685
82 1685
82 1685
82 1685
82 1685
82 1685
82 1685
82 1685
82 1685
56 957
56 957
56 957
56 957
56 957
56 957
56 957
56 957
56 957
56 957
56 957
56 957
56 957
56 957
56 957
56 957
56 957
56 957
56 957
56 957
56 957
56 957
56 957
56 957
56 957
56 957
79 1749
79 1749
79 1749
79 1749
79 1749
79 1749
79 1749
79 1749
79 1749
79 1749
79 1749
79 1749
79 1749
79 1749
79 1749
79 1749
79 1749
79 1749
79 1749
79 1749
79 1749
79 1749
79 1749
79 1749
