5 107
5 107
5 107
5 107
5 107
5 107
5 107
5 107
5 107
5 107
5 107
5 107
5 107
10 60
10 60
10 60
10 60
10 60
10 60
10 60
10 60
10 60
10 60
10 60
10 60
10 60
10 60
10 60
10 60
10 60
10 60
10 60
10 60
10 60
10 60
10 60
10 60
10 60
10 60
10 60
9 75
9 75
9 75
9 75
9 75
9 75
9 75
9 75
9 75
9 75
9 75
9 75
9 75
9 75
9 75
9 75
9 75
9 75
9 75
13 38
13 38
13 38
13 38
13 38
13 38
13 38
13 38
13 38
13 38
13 38
13 38
13 38
13 38
13 38
13 38
13 38
13 38
13 38
13 38
13 38
13 38
13 38
13 38
13 38
13 38
13 38
13 38
13 38
14 39
14 39
14 39
14 39
14 39
14 39
14 39
14 39
14 39
14 39
14 39
14 39
14 39
14 39
14 39
14 39
14 39
14 39
14 39
14 39
24 22
24 22
24 22
24 22
24 22
24 22
24 22
24 22
24 22
24 22
24 22
24 22
24 22
24 22
28 17
28 17
28 17
28 17
28 17
28 17
28 17
28 17
28 17
28 17
28 17
28 17
28 17
28 17
28 17
28 17
33 30
33 30
33 30
33 30
33 30
33 30
33 30
33 30
33 30
33 30
33 30
33 30
33 30
33 30
33 30
33 30
33 30
33 30
33 30
33 30
33 30
33 30
33 30
33 30
33 30
33 30
35 19
35 19
35 19
35 19
35 19
35 19
35 19
35 19
35 19
35 19
35 19
35 19
35 19
35 19
35 19
35 19
35 19
35 19
12 345
12 345
12 345
12 345
12 345
12 345
12 345
12 345
12 345
12 345
12 345
12 345
12 345
12 345
12 345
12 345
12 345
12 345
12 345
12 345
12 345
12 345
12 345
12 345
5 10
5 10
5 10
5 10
5 10
5 10
5 10
5 10
5 10
5 10
5 10
5 10
5 10
36 202
36 202
36 202
36 202
36 202
36 202
36 202
36 202
36 202
36 202
36 202
36 202
25 352
25 352
25 352
25 352
25 352
25 352
25 352
9 13
9 13
9 13
9 13
9 13
9 13
9 13
9 13
9 13
9 13
9 13
9 13
9 13
9 13
9 13
9 13
9 13
9 13
9 13
10 6
10 6
10 6
10 6
10 6
10 6
10 6
10 6
10 6
10 6
10 6
10 6
10 6
10 6
10 6
10 6
10 6
10 6
10 6
10 6
10 6
10 6
10 6
10 6
10 6
10 6
10 6
13 6
13 6
13 6
13 6
13 6
13 6
13 6
13 6
13 6
13 6
13 6
13 6
13 6
13 6
13 6
13 6
13 6
13 6
13 6
13 6
13 6
13 6
13 6
13 6
13 6
13 6
13 6
13 6
13 6
14 16
14 16
14 16
14 16
14 16
14 16
14 16
14 16
14 16
14 16
14 16
14 16
14 16
14 16
14 16
14 16
14 16
14 16
14 16
14 16
56 165
56 165
56 165
56 165
56 165
56 165
56 165
56 165
56 165
56 165
56 165
56 165
56 165
56 165
56 165
31 423
31 423
31 423
31 423
31 423
31 423
31 423
31 423
31 423
31 423
31 423
24 23
24 23
24 23
24 23
24 23
24 23
24 23
24 23
24 23
24 23
24 23
24 23
24 23
24 23
12 157
12 157
12 157
12 157
12 157
12 157
12 157
12 157
12 157
12 157
12 157
12 157
12 157
12 157
12 157
12 157
12 157
12 157
12 157
12 157
12 157
12 157
12 157
12 157
28 15
28 15
28 15
28 15
28 15
28 15
28 15
28 15
28 15
28 15
28 15
28 15
28 15
28 15
28 15
28 15
33 10
33 10
33 10
33 10
33 10
33 10
33 10
33 10
33 10
33 10
33 10
33 10
33 10
33 10
33 10
33 10
33 10
33 10
33 10
33 10
33 10
33 10
33 10
33 10
33 10
33 10
83 15
83 15
83 15
83 15
83 15
83 15
83 15
83 15
83 15
83 15
83 15
83 15
83 15
83 15
83 15
83 15
83 15
83 15
83 15
83 15
83 15
83 15
83 15
35 17
35 17
35 17
35 17
35 17
35 17
35 17
35 17
35 17
35 17
35 17
35 17
35 17
35 17
35 17
35 17
35 17
35 17
5 7
5 7
5 7
5 7
5 7
5 7
5 7
5 7
5 7
5 7
5 7
5 7
5 7
9 7
9 7
9 7
9 7
9 7
9 7
9 7
9 7
9 7
9 7
9 7
9 7
9 7
9 7
9 7
9 7
9 7
9 7
9 7
10 2
10 2
10 2
10 2
10 2
10 2
10 2
10 2
10 2
10 2
10 2
10 2
10 2
10 2
10 2
10 2
10 2
10 2
10 2
10 2
10 2
10 2
10 2
10 2
10 2
10 2
10 2
13 15
13 15
13 15
13 15
13 15
13 15
13 15
13 15
13 15
13 15
13 15
13 15
13 15
13 15
13 15
13 15
13 15
13 15
13 15
13 15
13 15
13 15
13 15
13 15
13 15
13 15
13 15
13 15
13 15
14 27
14 27
14 27
14 27
14 27
14 27
14 27
14 27
14 27
14 27
14 27
14 27
14 27
14 27
14 27
14 27
14 27
14 27
14 27
14 27
24 27
24 27
24 27
24 27
24 27
24 27
24 27
24 27
24 27
24 27
24 27
24 27
24 27
24 27
28 10
28 10
28 10
28 10
28 10
28 10
28 10
28 10
28 10
28 10
28 10
28 10
28 10
28 10
28 10
28 10
33 21
33 21
33 21
33 21
33 21
33 21
33 21
33 21
33 21
33 21
33 21
33 21
33 21
33 21
33 21
33 21
33 21
33 21
33 21
33 21
33 21
33 21
33 21
33 21
33 21
33 21
83 30
83 30
83 30
83 30
83 30
83 30
83 30
83 30
83 30
83 30
83 30
83 30
83 30
83 30
83 30
83 30
83 30
83 30
83 30
83 30
83 30
83 30
83 30
35 14
35 14
35 14
35 14
35 14
35 14
35 14
35 14
35 14
35 14
35 14
35 14
35 14
35 14
35 14
35 14
35 14
35 14
31 581
31 581
31 581
31 581
31 581
31 581
31 581
31 581
31 581
31 581
31 581
36 549
36 549
36 549
36 549
36 549
36 549
36 549
36 549
36 549
36 549
36 549
36 549
72 736
72 736
72 736
72 736
72 736
72 736
72 736
72 736
72 736
72 736
72 736
72 736
72 736
72 736
72 736
72 736
72 736
72 736
72 736
72 736
72 736
72 736
71 751
71 751
71 751
71 751
71 751
71 751
71 751
71 751
71 751
71 751
71 751
71 751
71 751
71 751
71 751
71 751
71 751
71 751
71 751
71 751
71 751
71 751
71 751
71 751
71 751
5 25
5 25
5 25
5 25
5 25
5 25
5 25
5 25
5 25
5 25
5 25
5 25
5 25
9 18
9 18
9 18
9 18
9 18
9 18
9 18
9 18
9 18
9 18
9 18
9 18
9 18
9 18
9 18
9 18
9 18
9 18
9 18
10 11
10 11
10 11
10 11
10 11
10 11
10 11
10 11
10 11
10 11
10 11
10 11
10 11
10 11
10 11
10 11
10 11
10 11
10 11
10 11
10 11
10 11
10 11
10 11
10 11
10 11
10 11
13 11
13 11
13 11
13 11
13 11
13 11
13 11
13 11
13 11
13 11
13 11
13 11
13 11
13 11
13 11
13 11
13 11
13 11
13 11
13 11
13 11
13 11
13 11
13 11
13 11
13 11
13 11
13 11
13 11
14 25
14 25
14 25
14 25
14 25
14 25
14 25
14 25
14 25
14 25
14 25
14 25
14 25
14 25
14 25
14 25
14 25
14 25
14 25
14 25
24 25
24 25
24 25
24 25
24 25
24 25
24 25
24 25
24 25
24 25
24 25
24 25
24 25
24 25
28 13
28 13
28 13
28 13
28 13
28 13
28 13
28 13
28 13
28 13
28 13
28 13
28 13
28 13
28 13
28 13
25 1076
25 1076
25 1076
25 1076
25 1076
25 1076
25 1076
12 707
12 707
12 707
12 707
12 707
12 707
12 707
12 707
12 707
12 707
12 707
12 707
12 707
12 707
12 707
12 707
12 707
12 707
12 707
12 707
12 707
12 707
12 707
12 707
33 5
33 5
33 5
33 5
33 5
33 5
33 5
33 5
33 5
33 5
33 5
33 5
33 5
33 5
33 5
33 5
33 5
33 5
33 5
33 5
33 5
33 5
33 5
33 5
33 5
33 5
72 621
72 621
72 621
72 621
72 621
72 621
72 621
72 621
72 621
72 621
72 621
72 621
72 621
72 621
72 621
72 621
72 621
72 621
72 621
72 621
72 621
72 621
83 17
83 17
83 17
83 17
83 17
83 17
83 17
83 17
83 17
83 17
83 17
83 17
83 17
83 17
83 17
83 17
83 17
83 17
83 17
83 17
83 17
83 17
83 17
35 25
35 25
35 25
35 25
35 25
35 25
35 25
35 25
35 25
35 25
35 25
35 25
35 25
35 25
35 25
35 25
35 25
35 25
71 700
71 700
71 700
71 700
71 700
71 700
71 700
71 700
71 700
71 700
71 700
71 700
71 700
71 700
71 700
71 700
71 700
71 700
71 700
71 700
71 700
71 700
71 700
71 700
71 700
36 553
36 553
36 553
36 553
36 553
36 553
36 553
36 553
36 553
36 553
36 553
36 553
52 961
52 961
52 961
52 961
52 961
52 961
52 961
52 961
52 961
52 961
52 961
52 961
52 961
52 961
52 961
52 961
52 961
52 961
52 961
52 961
52 961
52 961
52 961
52 961
52 961
52 961
52 961
52 961
5 21
5 21
5 21
5 21
5 21
5 21
5 21
5 21
5 21
5 21
5 21
5 21
5 21
9 17
9 17
9 17
9 17
9 17
9 17
9 17
9 17
9 17
9 17
9 17
9 17
9 17
9 17
9 17
9 17
9 17
9 17
9 17
10 9
10 9
10 9
10 9
10 9
10 9
10 9
10 9
10 9
10 9
10 9
10 9
10 9
10 9
10 9
10 9
10 9
10 9
10 9
10 9
10 9
10 9
10 9
10 9
10 9
10 9
10 9
14 32
14 32
14 32
14 32
14 32
14 32
14 32
14 32
14 32
14 32
14 32
14 32
14 32
14 32
14 32
14 32
14 32
14 32
14 32
14 32
13 43
13 43
13 43
13 43
13 43
13 43
13 43
13 43
13 43
13 43
13 43
13 43
13 43
13 43
13 43
13 43
13 43
13 43
13 43
13 43
13 43
13 43
13 43
13 43
13 43
13 43
13 43
13 43
13 43
24 15
24 15
24 15
24 15
24 15
24 15
24 15
24 15
24 15
24 15
24 15
24 15
24 15
24 15
28 21
28 21
28 21
28 21
28 21
28 21
28 21
28 21
28 21
28 21
28 21
28 21
28 21
28 21
28 21
28 21
56 1248
56 1248
56 1248
56 1248
56 1248
56 1248
56 1248
56 1248
56 1248
56 1248
56 1248
56 1248
56 1248
56 1248
56 1248
31 1013
31 1013
31 1013
31 1013
31 1013
31 1013
31 1013
31 1013
31 1013
31 1013
31 1013
52 806
52 806
52 806
52 806
52 806
52 806
52 806
52 806
52 806
52 806
52 806
52 806
52 806
52 806
52 806
52 806
52 806
52 806
52 806
52 806
52 806
52 806
52 806
52 806
52 806
52 806
52 806
52 806
48 1860
48 1860
48 1860
48 1860
48 1860
83 11
83 11
83 11
83 11
83 11
83 11
83 11
83 11
83 11
83 11
83 11
83 11
83 11
83 11
83 11
83 11
83 11
83 11
83 11
83 11
83 11
83 11
83 11
42 1924
42 1924
42 1924
42 1924
42 1924
42 1924
42 1924
42 1924
33 34
33 34
33 34
33 34
33 34
33 34
33 34
33 34
33 34
33 34
33 34
33 34
33 34
33 34
33 34
33 34
33 34
33 34
33 34
33 34
33 34
33 34
33 34
33 34
33 34
33 34
35 32
35 32
35 32
35 32
35 32
35 32
35 32
35 32
35 32
35 32
35 32
35 32
35 32
35 32
35 32
35 32
35 32
35 32
25 1232
25 1232
25 1232
25 1232
25 1232
25 1232
25 1232
71 788
71 788
71 788
71 788
71 788
71 788
71 788
71 788
71 788
71 788
71 788
71 788
71 788
71 788
71 788
71 788
71 788
71 788
71 788
71 788
71 788
71 788
71 788
71 788
71 788
31 695
31 695
31 695
31 695
31 695
31 695
31 695
31 695
31 695
31 695
31 695
56 950
56 950
56 950
56 950
56 950
56 950
56 950
56 950
56 950
56 950
56 950
56 950
56 950
56 950
56 950
81 1714
81 1714
81 1714
81 1214
81 1214
81 1214
81 719
81 719
81 719
5 8
5 8
5 8
5 8
5 8
5 8
5 8
5 8
5 8
5 8
5 8
5 8
5 8
52 564
52 564
52 564
52 564
52 564
52 564
52 564
52 564
52 564
52 564
52 564
52 564
52 564
52 564
52 564
52 564
52 564
52 564
52 564
52 564
52 564
52 564
52 564
52 564
52 564
52 564
52 564
52 564
42 671
42 671
42 671
42 671
42 671
42 671
42 671
42 671
25 856
25 856
25 856
25 856
25 856
25 856
25 856
9 23
9 23
9 23
9 23
9 23
9 23
9 23
9 23
9 23
9 23
9 23
9 23
9 23
9 23
9 23
9 23
9 23
9 23
9 23
10 15
10 15
10 15
10 15
10 15
10 15
10 15
10 15
10 15
10 15
10 15
10 15
10 15
10 15
10 15
10 15
10 15
10 15
10 15
10 15
10 15
10 15
10 15
10 15
10 15
10 15
10 15
13 8
13 8
13 8
13 8
13 8
13 8
13 8
13 8
13 8
13 8
13 8
13 8
13 8
13 8
13 8
13 8
13 8
13 8
13 8
13 8
13 8
13 8
13 8
13 8
13 8
13 8
13 8
13 8
13 8
14 12
14 12
14 12
14 12
14 12
14 12
14 12
14 12
14 12
14 12
14 12
14 12
14 12
14 12
14 12
14 12
14 12
14 12
14 12
14 12
48 717
48 717
48 717
48 717
48 717
56 652
56 652
56 652
56 652
56 652
56 652
56 652
56 652
56 652
56 652
56 652
56 652
56 652
56 652
56 652
24 11
24 11
24 11
24 11
24 11
24 11
24 11
24 11
24 11
24 11
24 11
24 11
24 11
24 11
28 6
28 6
28 6
28 6
28 6
28 6
28 6
28 6
28 6
28 6
28 6
28 6
28 6
28 6
28 6
28 6
36 938
36 938
36 938
36 938
36 938
36 938
36 938
36 938
36 938
36 938
36 938
36 938
55 772
55 772
55 772
55 772
55 772
55 772
55 772
55 772
55 772
55 772
55 772
55 772
55 772
55 772
55 772
55 772
55 772
55 772
55 772
55 772
55 772
55 772
55 772
55 772
55 772
55 772
55 772
55 772
55 772
55 772
33 25
33 25
33 25
33 25
33 25
33 25
33 25
33 25
33 25
33 25
33 25
33 25
33 25
33 25
33 25
33 25
33 25
33 25
33 25
33 25
33 25
33 25
33 25
33 25
33 25
33 25
83 35
83 35
83 35
83 35
83 35
83 35
83 35
83 35
83 35
83 35
83 35
83 35
83 35
83 35
83 35
83 35
83 35
83 35
83 35
83 35
83 35
83 35
83 35
58 794
58 794
58 794
58 794
58 794
58 794
58 794
58 794
58 794
58 794
35 25
35 25
35 25
35 25
35 25
35 25
35 25
35 25
35 25
35 25
35 25
35 25
35 25
35 25
35 25
35 25
35 25
35 25
59 810
59 810
81 629
81 629
81 629
62 820
62 820
62 820
62 820
62 820
62 820
62 820
62 820
62 820
62 820
62 820
62 820
62 820
62 820
62 820
62 820
62 820
62 820
62 820
62 820
62 820
65 846
65 846
65 846
65 846
65 846
65 846
65 846
65 846
65 846
65 846
65 846
65 846
65 846
65 846
65 846
65 846
65 846
25 805
25 805
25 805
25 805
25 805
25 805
25 805
73 849
73 849
73 849
73 849
73 849
73 849
73 849
73 849
73 849
5 34
5 34
5 34
5 34
5 34
5 34
5 34
5 34
5 34
5 34
5 34
5 34
5 34
9 24
9 24
9 24
9 24
9 24
9 24
9 24
9 24
9 24
9 24
9 24
9 24
9 24
9 24
9 24
9 24
9 24
9 24
9 24
10 24
10 24
10 24
10 24
10 24
10 24
10 24
10 24
10 24
10 24
10 24
10 24
10 24
10 24
10 24
10 24
10 24
10 24
10 24
10 24
10 24
10 24
10 24
10 24
10 24
10 24
10 24
13 22
13 22
13 22
13 22
13 22
13 22
13 22
13 22
13 22
13 22
13 22
13 22
13 22
13 22
13 22
13 22
13 22
13 22
13 22
13 22
13 22
13 22
13 22
13 22
13 22
13 22
13 22
13 22
13 22
14 26
14 26
14 26
14 26
14 26
14 26
14 26
14 26
14 26
14 26
14 26
14 26
14 26
14 26
14 26
14 26
14 26
14 26
14 26
14 26
24 13
24 13
24 13
24 13
24 13
24 13
24 13
24 13
24 13
24 13
24 13
24 13
24 13
24 13
36 908
36 908
36 908
36 908
36 908
36 908
36 908
36 908
36 908
36 908
36 908
36 908
12 1179
12 1179
12 1179
12 1179
12 1179
12 1179
12 1179
12 1179
12 1179
12 1179
12 1179
12 1179
12 1179
12 1179
12 1179
12 1179
12 1179
12 1179
12 1179
12 1179
12 1179
12 1179
12 1179
12 1179
28 38
28 38
28 38
28 38
28 38
28 38
28 38
28 38
28 38
28 38
28 38
28 38
28 38
28 38
28 38
28 38
54 2798
54 2798
54 2798
54 2798
54 2798
54 2798
54 1301
54 1301
54 1301
54 1301
54 1301
54 1301
56 784
56 784
56 784
56 784
56 784
56 784
56 784
56 784
56 784
56 784
56 784
56 784
56 784
56 784
56 784
33 18
33 18
33 18
33 18
33 18
33 18
33 18
33 18
33 18
33 18
33 18
33 18
33 18
33 18
33 18
33 18
33 18
33 18
33 18
33 18
33 18
33 18
33 18
33 18
33 18
33 18
71 1141
71 1141
71 1141
71 1141
71 1141
71 1141
71 1141
71 1141
71 1141
71 1141
71 1141
71 1141
71 1141
71 1141
71 1141
71 1141
71 1141
71 1141
71 1141
71 1141
71 1141
71 1141
71 1141
71 1141
71 1141
83 33
83 33
83 33
83 33
83 33
83 33
83 33
83 33
83 33
83 33
83 33
83 33
83 33
83 33
83 33
83 33
83 33
83 33
83 33
83 33
83 33
83 33
83 33
72 1154
72 1154
72 1154
72 1154
72 1154
72 1154
72 1154
72 1154
72 1154
72 1154
72 1154
72 1154
72 1154
72 1154
72 1154
72 1154
72 1154
72 1154
72 1154
72 1154
72 1154
72 1154
42 963
42 963
42 963
42 963
42 963
42 963
42 963
42 963
35 35
35 35
35 35
35 35
35 35
35 35
35 35
35 35
35 35
35 35
35 35
35 35
35 35
35 35
35 35
35 35
35 35
35 35
48 998
48 998
48 998
48 998
48 998
54 1013
54 1013
54 1013
54 1013
54 1013
54 1013
5 9
5 9
5 9
5 9
5 9
5 9
5 9
5 9
5 9
5 9
5 9
5 9
5 9
55 1026
55 1026
55 1026
55 1026
55 1026
55 1026
55 1026
55 1026
55 1026
55 1026
55 1026
55 1026
55 1026
55 1026
55 1026
55 1026
55 1026
55 1026
55 1026
55 1026
55 1026
55 1026
55 1026
55 1026
55 1026
55 1026
55 1026
55 1026
55 1026
55 1026
81 779
81 779
81 779
9 17
9 17
9 17
9 17
9 17
9 17
9 17
9 17
9 17
9 17
9 17
9 17
9 17
9 17
9 17
9 17
9 17
9 17
9 17
10 17
10 17
10 17
10 17
10 17
10 17
10 17
10 17
10 17
10 17
10 17
10 17
10 17
10 17
10 17
10 17
10 17
10 17
10 17
10 17
10 17
10 17
10 17
10 17
10 17
10 17
10 17
58 1047
58 1047
58 1047
58 1047
58 1047
58 1047
58 1047
58 1047
58 1047
58 1047
59 1068
59 1068
14 27
14 27
14 27
14 27
14 27
14 27
14 27
14 27
14 27
14 27
14 27
14 27
14 27
14 27
14 27
14 27
14 27
14 27
14 27
14 27
13 42
13 42
13 42
13 42
13 42
13 42
13 42
13 42
13 42
13 42
13 42
13 42
13 42
13 42
13 42
13 42
13 42
13 42
13 42
13 42
13 42
13 42
13 42
13 42
13 42
13 42
13 42
13 42
13 42
62 1070
62 1070
62 1070
62 1070
62 1070
62 1070
62 1070
62 1070
62 1070
62 1070
62 1070
62 1070
62 1070
62 1070
62 1070
62 1070
62 1070
62 1070
62 1070
62 1070
62 1070
65 1095
65 1095
65 1095
65 1095
65 1095
65 1095
65 1095
65 1095
65 1095
65 1095
65 1095
65 1095
65 1095
65 1095
65 1095
65 1095
65 1095
71 1063
71 1063
71 1063
71 1063
71 1063
71 1063
71 1063
71 1063
71 1063
71 1063
71 1063
71 1063
71 1063
71 1063
71 1063
71 1063
71 1063
71 1063
71 1063
71 1063
71 1063
71 1063
71 1063
71 1063
71 1063
72 1061
72 1061
72 1061
72 1061
72 1061
72 1061
72 1061
72 1061
72 1061
72 1061
72 1061
72 1061
72 1061
72 1061
72 1061
72 1061
72 1061
72 1061
72 1061
72 1061
72 1061
72 1061
24 64
24 64
24 64
24 64
24 64
24 64
24 64
24 64
24 64
24 64
24 64
24 64
24 64
24 64
28 44
28 44
28 44
28 44
28 44
28 44
28 44
28 44
28 44
28 44
28 44
28 44
28 44
28 44
28 44
28 44
56 776
56 776
56 776
56 776
56 776
56 776
56 776
56 776
56 776
56 776
56 776
56 776
56 776
56 776
56 776
73 1144
73 1144
73 1144
73 1144
73 1144
73 1144
73 1144
73 1144
73 1144
83 45
83 45
83 45
83 45
83 45
83 45
83 45
83 45
83 45
83 45
83 45
83 45
83 45
83 45
83 45
83 45
83 45
83 45
83 45
83 45
83 45
83 45
83 45
33 59
33 59
33 59
33 59
33 59
33 59
33 59
33 59
33 59
33 59
33 59
33 59
33 59
33 59
33 59
33 59
33 59
33 59
33 59
33 59
33 59
33 59
33 59
33 59
33 59
33 59
35 50
35 50
35 50
35 50
35 50
35 50
35 50
35 50
35 50
35 50
35 50
35 50
35 50
35 50
35 50
35 50
35 50
35 50
36 1158
36 1158
36 1158
36 1158
36 1158
36 1158
36 1158
36 1158
36 1158
36 1158
36 1158
36 1158
31 1247
31 1247
31 1247
31 1247
31 1247
31 1247
31 1247
31 1247
31 1247
31 1247
31 1247
42 1201
42 1201
42 1201
42 1201
42 1201
42 1201
42 1201
42 1201
48 1225
48 1225
48 1225
48 1225
48 1225
54 1255
54 1255
54 1255
54 1255
54 1255
54 1255
36 951
36 951
36 951
36 951
36 951
36 951
36 951
36 951
36 951
36 951
36 951
36 951
71 1109
71 1109
71 1109
71 1109
71 1109
71 1109
71 1109
71 1109
71 1109
71 1109
71 1109
71 1109
71 1109
71 1109
71 1109
71 1109
71 1109
71 1109
71 1109
71 1109
71 1109
71 1109
71 1109
71 1109
71 1109
55 1270
55 1270
55 1270
55 1270
55 1270
55 1270
55 1270
55 1270
55 1270
55 1270
55 1270
55 1270
55 1270
55 1270
55 1270
55 1270
55 1270
55 1270
55 1270
55 1270
55 1270
55 1270
55 1270
55 1270
55 1270
55 1270
55 1270
55 1270
55 1270
55 1270
58 1272
58 1272
58 1272
58 1272
58 1272
58 1272
58 1272
58 1272
58 1272
58 1272
83 31
83 31
83 31
83 31
83 31
83 31
83 31
83 31
83 31
83 31
83 31
83 31
83 31
83 31
83 31
83 31
83 31
83 31
83 31
83 31
83 31
83 31
83 31
59 1310
59 1310
62 1301
62 1301
62 1301
62 1301
62 1301
62 1301
62 1301
62 1301
62 1301
62 1301
62 1301
62 1301
62 1301
62 1301
62 1301
62 1301
62 1301
62 1301
62 1301
62 1301
62 1301
72 1234
72 1234
72 1234
72 1234
72 1234
72 1234
72 1234
72 1234
72 1234
72 1234
72 1234
72 1234
72 1234
72 1234
72 1234
72 1234
72 1234
72 1234
72 1234
72 1234
72 1234
72 1234
65 1329
65 1329
65 1329
65 1329
65 1329
65 1329
65 1329
65 1329
65 1329
65 1329
65 1329
65 1329
65 1329
65 1329
65 1329
65 1329
65 1329
73 1357
73 1357
73 1357
73 1357
73 1357
73 1357
73 1357
73 1357
73 1357
81 1438
81 1438
81 1438
