1 3 1
2 4 1
3 2 1
4 4 1
5 2 1
6 2 1
7 2 1
8 4 1
9 1 2
10 3 1
11 4 1
12 2 1
13 4 1
14 4 1
15 1 2
16 3 1
17 3 1
18 3 1
19 4 1
20 1 2
21 2 1
22 4 1
23 3 1
24 2 1
25 3 1
26 2 1
27 3 1
28 3 1
29 3 1
30 3 1
31 2 1
32 4 1
33 4 1
34 3 1
35 3 2
36 3 2
37 2 2
38 4 2
39 2 2
40 1 2
41 2 2
42 2 2
43 4 2
44 2 2
45 4 2
46 4 2
47 4 2
48 2 2
49 3 2
50 3 2
51 1 2
52 4 2
53 1 2
54 3 2
55 3 2
56 1 2
57 2 3
58 2 3
59 1 3
60 1 3
61 4 3
62 2 3
63 4 3
64 3 3
65 3 3
66 1 3
67 4 3
68 2 3
69 3 3
70 3 3
71 1 3
72 3 3
73 3 3
74 4 3
75 2 3
76 3 3
77 2 3
78 1 3
79 3 3
80 1 3
81 3 3
