1 3 2 83.047 -97.3128
2 4 2 -25.3002 -41.6595
3 2 1 42.3164 45.4331
4 4 1 41.07 3.55152
5 2 3 -72.2547 -6.12345
6 2 2 -91.4552 87.337
7 2 1 44.8885 -99.1099
8 4 3 -48.9211 -69.2122
9 1 1 36.4285 86.8363
10 3 3 -29.1055 13.12
11 4 2 -68.1057 -26.96
12 2 3 83.941 -72.7217
13 4 1 -11.149 -66.4463
14 4 2 -72.9016 92.2231
15 1 2 9.8151 -46.2053
16 3 3 65.8652 -30.8734
17 3 1 -50.3734 93.0874
18 3 3 71.1687 58.0979
19 4 3 -13.3413 -19.1267
20 1 3 62.4849 -92.1263
21 2 1 -75.3739 -58.0588
22 4 2 42.6348 -43.2132
23 3 2 25.1385 -14.049
24 2 2 -13.9285 -32.012
25 3 3 -1.3459 5.08043
26 2 2 90.381 90.2861
27 3 1 50.0312 7.88059
28 3 1 -61.915 -10.1198
29 3 3 -58.9549 -32.3118
30 3 2 49.9397 -42.8508
31 2 1 -68.3007 -37.377
32 4 1 -39.8148 -78.0145
33 4 3 -63.2473 -42.8302
34 3 2 -72.0517 56.5072
35 3 3 99.8047 -78.557
36 3 3 -3.9702 81.9283
37 2 2 3.15769 6.18513
38 4 1 -74.7014 -60.9544
39 2 1 -32.0282 16.7001
40 1 1 23.3764 60.9766
41 2 2 -69.8189 -73.7159
42 2 3 -20.163 -92.5038
43 4 3 20.8933 -38.0704
44 2 2 18.0557 77.2211
45 4 1 -9.03543 73.1235
46 4 2 -38.6192 -59.0205
47 4 2 -45.756 -62.6364
48 2 1 -15.2425 -76.9315
49 3 2 46.9523 -13.9216
50 3 2 -57.5893 -22.6018
51 1 3 -42.4647 31.2565
52 4 3 52.782 11.8356
53 1 3 -35.3993 35.6774
54 3 3 -9.77376 -66.7638
55 3 3 -25.2533 -48.5205
56 1 2 64.9713 -14.5334
57 2 3 2.42027 -75.8251
58 2 2 -59.8487 40.374
59 1 1 3.60464 2.70388
60 1 2 -58.9625 -98.5259
61 4 1 53.3688 -45.4249
62 2 3 -24.2008 -50.1763
63 4 3 -14.5429 -42.1236
64 3 1 81.6926 -80.1718
65 3 2 79.8159 -6.41097
66 1 3 -44.4917 15.0196
67 4 2 -92.278 -82.2544
68 2 3 -77.9717 29.6919
69 3 1 14.7733 -29.7593
70 3 1 -96.1346 26.4571
71 1 2 58.9961 44.1719
72 3 1 -12.2268 -29.4812
73 3 1 -72.9164 69.3234
74 4 1 -83.1144 -19.1843
75 2 1 64.8354 33.1426
76 3 1 -41.6959 4.33257
77 2 1 36.7678 -99.9104
78 1 1 -69.8855 76.7183
79 3 1 17.0326 -99.9321
80 1 1 -34.9638 92.8332
81 3 1 -11.8338 65.6288
