13 259
13 259
13 259
13 259
13 259
13 259
13 259
13 259
13 259
13 259
13 259
13 259
13 259
13 259
13 259
13 259
13 259
13 259
13 259
13 259
13 259
13 259
13 259
13 259
13 259
13 259
24 381
24 381
24 381
24 381
24 381
24 381
24 381
24 381
24 381
24 381
24 381
24 381
24 381
24 381
24 381
24 381
24 381
24 381
24 381
24 381
24 381
24 381
24 381
24 381
24 381
24 381
24 381
85 5
85 5
85 5
85 5
85 5
85 5
85 5
85 5
85 5
83 28
83 28
83 28
83 28
83 28
83 28
83 28
83 28
83 28
83 28
86 14
87 5
87 5
88 8
88 8
88 8
88 8
88 8
88 8
89 7
89 7
89 7
89 7
89 7
90 3
90 3
90 3
90 3
13 275
13 275
13 275
13 275
13 275
13 275
13 275
13 275
13 275
13 275
13 275
13 275
13 275
13 275
13 275
13 275
13 275
13 275
13 275
13 275
13 275
13 275
13 275
13 275
13 275
13 275
91 10
91 10
91 10
91 10
91 10
91 10
91 10
91 10
91 10
91 10
91 10
91 10
91 10
91 10
91 10
92 7
92 7
92 7
93 4
93 4
93 4
93 4
93 4
93 4
93 4
93 4
93 4
93 4
93 4
93 4
93 4
93 4
93 4
93 4
93 4
93 4
93 4
93 4
93 4
93 4
93 4
93 4
15 290
15 290
15 290
15 290
15 290
15 290
15 290
15 290
15 290
15 290
15 290
15 290
15 290
15 290
15 290
15 290
15 290
15 290
15 290
15 290
15 290
15 290
15 290
26 274
26 274
26 274
26 274
26 274
26 274
26 274
26 274
26 274
26 274
26 274
26 274
26 274
63 453
63 453
63 453
63 453
63 453
63 453
63 453
63 453
63 453
63 453
63 453
63 453
63 453
63 453
63 453
63 453
24 560
24 560
24 560
24 560
24 560
24 560
24 560
24 560
24 560
24 560
24 560
24 560
24 560
24 560
24 560
24 560
24 560
24 560
24 560
24 560
24 560
24 560
24 560
24 560
24 560
24 560
24 560
83 7
83 7
83 7
83 7
83 7
83 7
83 7
83 7
83 7
83 7
85 10
85 10
85 10
85 10
85 10
85 10
85 10
85 10
85 10
86 11
87 40
87 40
88 32
88 32
88 32
88 32
88 32
88 32
89 33
89 33
89 33
89 33
89 33
90 26
90 26
90 26
90 26
91 19
91 19
91 19
91 19
91 19
91 19
91 19
91 19
91 19
91 19
91 19
91 19
91 19
91 19
91 19
92 13
92 13
92 13
93 7
93 7
93 7
93 7
93 7
93 7
93 7
93 7
93 7
93 7
93 7
93 7
93 7
93 7
93 7
93 7
93 7
93 7
93 7
93 7
93 7
93 7
93 7
93 7
15 471
15 471
15 471
15 471
15 471
15 471
15 471
15 471
15 471
15 471
15 471
15 471
15 471
15 471
15 471
15 471
15 471
15 471
15 471
15 471
15 471
15 471
15 471
18 1454
18 1454
18 1454
18 1454
18 1454
18 1454
18 1454
18 1454
18 1454
18 1454
18 1454
18 1454
18 1454
18 1454
18 1454
18 1454
18 1454
18 1454
18 1454
18 1454
18 1454
18 1454
18 1454
18 1454
18 1454
18 1454
18 1454
18 1454
18 1454
18 1041
18 1041
18 1041
18 1041
18 1041
18 1041
18 1041
18 1041
18 1041
18 1041
18 1041
18 1041
18 1041
18 1041
18 1041
18 1041
18 1041
18 1041
18 1041
18 1041
18 1041
18 1041
18 1041
18 1041
18 1041
18 1041
18 1041
18 1041
18 1041
13 591
13 591
13 591
13 591
13 591
13 591
13 591
13 591
13 591
13 591
13 591
13 591
13 591
13 591
13 591
13 591
13 591
13 591
13 591
13 591
13 591
13 591
13 591
13 591
13 591
13 591
63 615
63 615
63 615
63 615
63 615
63 615
63 615
63 615
63 615
63 615
63 615
63 615
63 615
63 615
63 615
63 615
26 520
26 520
26 520
26 520
26 520
26 520
26 520
26 520
26 520
26 520
26 520
26 520
26 520
53 1319
53 1319
53 1319
53 1319
53 1319
53 1319
53 1319
53 1319
53 1319
53 1319
53 1319
53 1319
53 1319
53 1319
53 819
53 819
53 819
53 819
53 819
53 819
53 819
53 819
53 819
53 819
53 819
53 819
53 819
53 819
83 35
83 35
83 35
83 35
83 35
83 35
83 35
83 35
83 35
83 35
85 23
85 23
85 23
85 23
85 23
85 23
85 23
85 23
85 23
86 26
87 19
87 19
88 19
88 19
88 19
88 19
88 19
88 19
18 727
18 727
18 727
18 727
18 727
18 727
18 727
18 727
18 727
18 727
18 727
18 727
18 727
18 727
18 727
18 727
18 727
18 727
18 727
18 727
18 727
18 727
18 727
18 727
18 727
18 727
18 727
18 727
18 727
89 26
89 26
89 26
89 26
89 26
90 27
90 27
90 27
90 27
91 19
91 19
91 19
91 19
91 19
91 19
91 19
91 19
91 19
91 19
91 19
91 19
91 19
91 19
91 19
92 13
92 13
92 13
93 5
93 5
93 5
93 5
93 5
93 5
93 5
93 5
93 5
93 5
93 5
93 5
93 5
93 5
93 5
93 5
93 5
93 5
93 5
93 5
93 5
93 5
93 5
93 5
63 697
63 697
63 697
63 697
63 697
63 697
63 697
63 697
63 697
63 697
63 697
63 697
63 697
63 697
63 697
63 697
83 3
83 3
83 3
83 3
83 3
83 3
83 3
83 3
83 3
83 3
13 714
13 714
13 714
13 714
13 714
13 714
13 714
13 714
13 714
13 714
13 714
13 714
13 714
13 714
13 714
13 714
13 714
13 714
13 714
13 714
13 714
13 714
13 714
13 714
13 714
13 714
85 3
85 3
85 3
85 3
85 3
85 3
85 3
85 3
85 3
86 1
87 7
87 7
88 3
88 3
88 3
88 3
88 3
88 3
89 5
89 5
89 5
89 5
89 5
90 4
90 4
90 4
90 4
91 6
91 6
91 6
91 6
91 6
91 6
91 6
91 6
91 6
91 6
91 6
91 6
91 6
91 6
91 6
92 1
92 1
92 1
93 24
93 24
93 24
93 24
93 24
93 24
93 24
93 24
93 24
93 24
93 24
93 24
93 24
93 24
93 24
93 24
93 24
93 24
93 24
93 24
93 24
93 24
93 24
93 24
15 1060
15 1060
15 1060
15 1060
15 1060
15 1060
15 1060
15 1060
15 1060
15 1060
15 1060
15 1060
15 1060
15 1060
15 1060
15 1060
15 1060
15 1060
15 1060
15 1060
15 1060
15 1060
15 1060
18 1039
18 1039
18 1039
18 1039
18 1039
18 1039
18 1039
18 1039
18 1039
18 1039
18 1039
18 1039
18 1039
18 1039
18 1039
18 1039
18 1039
18 1039
18 1039
18 1039
18 1039
18 1039
18 1039
18 1039
18 1039
18 1039
18 1039
18 1039
18 1039
26 975
26 975
26 975
26 975
26 975
26 975
26 975
26 975
26 975
26 975
26 975
26 975
26 975
53 1216
53 1216
53 1216
53 1216
53 1216
53 1216
53 1216
53 1216
53 1216
53 1216
53 1216
53 1216
53 1216
53 1216
83 4
83 4
83 4
83 4
83 4
83 4
83 4
83 4
83 4
83 4
85 4
85 4
85 4
85 4
85 4
85 4
85 4
85 4
85 4
53 830
53 830
53 830
53 830
53 830
53 830
53 830
53 830
53 830
53 830
53 830
53 830
53 830
53 830
86 13
87 5
87 5
88 6
88 6
88 6
88 6
88 6
88 6
89 2
89 2
89 2
89 2
89 2
90 1
90 1
90 1
90 1
91 28
91 28
91 28
91 28
91 28
91 28
91 28
91 28
91 28
91 28
91 28
91 28
91 28
91 28
91 28
92 19
92 19
92 19
24 1199
24 1199
24 1199
24 1199
24 1199
24 1199
24 1199
24 1199
24 1199
24 1199
24 1199
24 1199
24 1199
24 1199
24 1199
24 1199
24 1199
24 1199
24 1199
24 1199
24 1199
24 1199
24 1199
24 1199
24 1199
24 1199
24 1199
28 2171
28 2171
28 2171
28 2171
28 2171
28 2171
28 2171
28 2171
28 2171
28 2171
28 2171
28 2171
28 2171
28 2171
28 2171
28 2171
28 2171
28 2171
28 2171
28 2171
28 2171
93 33
93 33
93 33
93 33
93 33
93 33
93 33
93 33
93 33
93 33
93 33
93 33
93 33
93 33
93 33
93 33
93 33
93 33
93 33
93 33
93 33
93 33
93 33
93 33
83 18
83 18
83 18
83 18
83 18
83 18
83 18
83 18
83 18
83 18
85 8
85 8
85 8
85 8
85 8
85 8
85 8
85 8
85 8
86 2
87 15
87 15
88 6
88 6
88 6
88 6
88 6
88 6
89 4
89 4
89 4
89 4
89 4
90 2
90 2
90 2
90 2
13 1275
13 1275
13 1275
13 1275
13 1275
13 1275
13 1275
13 1275
13 1275
13 1275
13 1275
13 1275
13 1275
13 1275
13 1275
13 1275
13 1275
13 1275
13 1275
13 1275
13 1275
13 1275
13 1275
13 1275
13 1275
13 1275
91 6
91 6
91 6
91 6
91 6
91 6
91 6
91 6
91 6
91 6
91 6
91 6
91 6
91 6
91 6
15 1267
15 1267
15 1267
15 1267
15 1267
15 1267
15 1267
15 1267
15 1267
15 1267
15 1267
15 1267
15 1267
15 1267
15 1267
15 1267
15 1267
15 1267
15 1267
15 1267
15 1267
15 1267
15 1267
92 2
92 2
92 2
18 1245
18 1245
18 1245
18 1245
18 1245
18 1245
18 1245
18 1245
18 1245
18 1245
18 1245
18 1245
18 1245
18 1245
18 1245
18 1245
18 1245
18 1245
18 1245
18 1245
18 1245
18 1245
18 1245
18 1245
18 1245
18 1245
18 1245
18 1245
18 1245
93 3
93 3
93 3
93 3
93 3
93 3
93 3
93 3
93 3
93 3
93 3
93 3
93 3
93 3
93 3
93 3
93 3
93 3
93 3
93 3
93 3
93 3
93 3
93 3
26 1175
26 1175
26 1175
26 1175
26 1175
26 1175
26 1175
26 1175
26 1175
26 1175
26 1175
26 1175
26 1175
53 1061
53 1061
53 1061
53 1061
53 1061
53 1061
53 1061
53 1061
53 1061
53 1061
53 1061
53 1061
53 1061
53 1061
28 1390
28 1390
28 1390
28 1390
28 1390
28 1390
28 1390
28 1390
28 1390
28 1390
28 1390
28 1390
28 1390
28 1390
28 1390
28 1390
28 1390
28 1390
28 1390
28 1390
28 1390
59 3109
59 3109
59 3109
59 3109
59 3109
59 3109
59 3109
59 3109
59 3109
59 3109
59 3109
59 3109
59 3109
59 3109
59 3109
59 3109
59 3109
59 3109
59 3109
59 3109
59 2613
59 2613
59 2613
59 2613
59 2613
59 2613
59 2613
59 2613
59 2613
59 2613
59 2613
59 2613
59 2613
59 2613
59 2613
59 2613
59 2613
59 2613
59 2613
59 2613
83 2
83 2
83 2
83 2
83 2
83 2
83 2
83 2
83 2
83 2
85 5
85 5
85 5
85 5
85 5
85 5
85 5
85 5
85 5
86 2
59 2277
59 2277
59 2277
59 2277
59 2277
59 2277
59 2277
59 2277
59 2277
59 2277
59 2277
59 2277
59 2277
59 2277
59 2277
59 2277
59 2277
59 2277
59 2277
59 2277
13 1243
13 1243
13 1243
13 1243
13 1243
13 1243
13 1243
13 1243
13 1243
13 1243
13 1243
13 1243
13 1243
13 1243
13 1243
13 1243
13 1243
13 1243
13 1243
13 1243
13 1243
13 1243
13 1243
13 1243
13 1243
13 1243
26 1117
26 1117
26 1117
26 1117
26 1117
26 1117
26 1117
26 1117
26 1117
26 1117
26 1117
26 1117
26 1117
87 8
87 8
88 11
88 11
88 11
88 11
88 11
88 11
89 14
89 14
89 14
89 14
89 14
90 12
90 12
90 12
90 12
91 3
91 3
91 3
91 3
91 3
91 3
91 3
91 3
91 3
91 3
91 3
91 3
91 3
91 3
91 3
92 1
92 1
92 1
93 14
93 14
93 14
93 14
93 14
93 14
93 14
93 14
93 14
93 14
93 14
93 14
93 14
93 14
93 14
93 14
93 14
93 14
93 14
93 14
93 14
93 14
93 14
93 14
83 3
83 3
83 3
83 3
83 3
83 3
83 3
83 3
83 3
83 3
85 23
85 23
85 23
85 23
85 23
85 23
85 23
85 23
85 23
87 19
87 19
86 45
88 27
88 27
88 27
88 27
88 27
88 27
89 22
89 22
89 22
89 22
89 22
90 22
90 22
90 22
90 22
91 23
91 23
91 23
91 23
91 23
91 23
91 23
91 23
91 23
91 23
91 23
91 23
91 23
91 23
91 23
92 16
92 16
92 16
93 16
93 16
93 16
93 16
93 16
93 16
93 16
93 16
93 16
93 16
93 16
93 16
93 16
93 16
93 16
93 16
93 16
93 16
93 16
93 16
93 16
93 16
93 16
93 16
