83 36
83 36
83 36
83 36
83 36
85 18
85 18
85 18
85 18
85 18
85 18
84 30
84 30
84 30
84 30
84 30
84 30
84 30
86 14
86 14
86 14
86 14
86 14
86 14
86 14
86 14
86 14
87 22
88 13
88 13
89 6
89 6
89 6
89 6
89 6
89 6
89 6
89 6
89 6
89 6
89 6
89 6
89 6
89 6
89 6
89 6
89 6
89 6
89 6
89 6
89 6
89 6
90 7
90 7
90 7
91 10
91 10
91 10
91 10
92 5
92 5
92 5
92 5
92 5
92 5
92 5
92 5
93 11
93 11
93 11
93 11
93 11
93 11
93 11
93 11
93 11
93 11
93 11
93 11
93 11
93 11
93 11
93 11
93 11
93 11
93 11
93 11
93 11
94 10
94 10
94 10
94 10
94 10
94 10
94 10
94 10
94 10
94 10
94 10
94 10
94 10
94 10
83 3
83 3
83 3
83 3
83 3
84 1
84 1
84 1
84 1
84 1
84 1
84 1
85 3
85 3
85 3
85 3
85 3
85 3
86 10
86 10
86 10
86 10
86 10
86 10
86 10
86 10
86 10
87 4
88 5
88 5
89 4
89 4
89 4
89 4
89 4
89 4
89 4
89 4
89 4
89 4
89 4
89 4
89 4
89 4
89 4
89 4
89 4
89 4
89 4
89 4
89 4
89 4
90 1
90 1
90 1
91 2
91 2
91 2
91 2
92 1
92 1
92 1
92 1
92 1
92 1
92 1
92 1
93 6
93 6
93 6
93 6
93 6
93 6
93 6
93 6
93 6
93 6
93 6
93 6
93 6
93 6
93 6
93 6
93 6
93 6
93 6
93 6
93 6
94 2
94 2
94 2
94 2
94 2
94 2
94 2
94 2
94 2
94 2
94 2
94 2
94 2
94 2
83 3
83 3
83 3
83 3
83 3
85 9
85 9
85 9
85 9
85 9
85 9
84 35
84 35
84 35
84 35
84 35
84 35
84 35
86 17
86 17
86 17
86 17
86 17
86 17
86 17
86 17
86 17
87 11
88 3
88 3
89 18
89 18
89 18
89 18
89 18
89 18
89 18
89 18
89 18
89 18
89 18
89 18
89 18
89 18
89 18
89 18
89 18
89 18
89 18
89 18
89 18
89 18
90 10
90 10
90 10
91 3
91 3
91 3
91 3
92 4
92 4
92 4
92 4
92 4
92 4
92 4
92 4
93 3
93 3
93 3
93 3
93 3
93 3
93 3
93 3
93 3
93 3
93 3
93 3
93 3
93 3
93 3
93 3
93 3
93 3
93 3
93 3
93 3
94 1
94 1
94 1
94 1
94 1
94 1
94 1
94 1
94 1
94 1
94 1
94 1
94 1
94 1
83 5
83 5
83 5
83 5
83 5
84 1
84 1
84 1
84 1
84 1
84 1
84 1
85 1
85 1
85 1
85 1
85 1
85 1
86 1
86 1
86 1
86 1
86 1
86 1
86 1
86 1
86 1
87 2
88 2
88 2
89 2
89 2
89 2
89 2
89 2
89 2
89 2
89 2
89 2
89 2
89 2
89 2
89 2
89 2
89 2
89 2
89 2
89 2
89 2
89 2
89 2
89 2
90 1
90 1
90 1
91 5
91 5
91 5
91 5
92 2
92 2
92 2
92 2
92 2
92 2
92 2
92 2
93 12
93 12
93 12
93 12
93 12
93 12
93 12
93 12
93 12
93 12
93 12
93 12
93 12
93 12
93 12
93 12
93 12
93 12
93 12
93 12
93 12
94 20
94 20
94 20
94 20
94 20
94 20
94 20
94 20
94 20
94 20
94 20
94 20
94 20
94 20
83 5
83 5
83 5
83 5
83 5
84 4
84 4
84 4
84 4
84 4
84 4
84 4
85 2
85 2
85 2
85 2
85 2
85 2
86 1
86 1
86 1
86 1
86 1
86 1
86 1
86 1
86 1
87 2
88 2
88 2
89 2
89 2
89 2
89 2
89 2
89 2
89 2
89 2
89 2
89 2
89 2
89 2
89 2
89 2
89 2
89 2
89 2
89 2
89 2
89 2
89 2
89 2
90 1
90 1
90 1
91 12
91 12
91 12
91 12
92 16
92 16
92 16
92 16
92 16
92 16
92 16
92 16
93 8
93 8
93 8
93 8
93 8
93 8
93 8
93 8
93 8
93 8
93 8
93 8
93 8
93 8
93 8
93 8
93 8
93 8
93 8
93 8
93 8
94 4
94 4
94 4
94 4
94 4
94 4
94 4
94 4
94 4
94 4
94 4
94 4
94 4
94 4
27 2969
27 2969
27 2969
27 2969
27 2969
27 2969
27 2969
27 2969
27 2969
27 2969
27 2969
27 2969
27 2969
27 2969
27 2969
27 2474
27 2474
27 2474
27 2474
27 2474
27 2474
27 2474
27 2474
27 2474
27 2474
27 2474
27 2474
27 2474
27 2474
27 2474
27 1981
27 1981
27 1981
27 1981
27 1981
27 1981
27 1981
27 1981
27 1981
27 1981
27 1981
27 1981
27 1981
27 1981
27 1981
20 3064
20 3064
20 3064
20 3064
20 3064
20 3064
20 3064
20 3064
20 3064
20 3064
20 3064
20 2586
20 2586
20 2586
20 2586
20 2586
20 2586
20 2586
20 2586
20 2586
20 2586
20 2586
20 2087
20 2087
20 2087
20 2087
20 2087
20 2087
20 2087
20 2087
20 2087
20 2087
20 2087
58 763
58 763
58 763
58 763
58 763
58 763
58 763
58 763
58 763
58 763
58 763
58 763
58 763
83 23
83 23
83 23
83 23
83 23
58 280
58 280
58 280
58 280
58 280
58 280
58 280
58 280
58 280
58 280
58 280
58 280
58 280
84 28
84 28
84 28
84 28
84 28
84 28
84 28
85 19
85 19
85 19
85 19
85 19
85 19
86 10
86 10
86 10
86 10
86 10
86 10
86 10
86 10
86 10
87 2
88 2
88 2
89 2
89 2
89 2
89 2
89 2
89 2
89 2
89 2
89 2
89 2
89 2
89 2
89 2
89 2
89 2
89 2
89 2
89 2
89 2
89 2
89 2
89 2
90 1
90 1
90 1
91 2
91 2
91 2
91 2
92 1
92 1
92 1
92 1
92 1
92 1
92 1
92 1
93 2
93 2
93 2
93 2
93 2
93 2
93 2
93 2
93 2
93 2
93 2
93 2
93 2
93 2
93 2
93 2
93 2
93 2
93 2
93 2
93 2
94 1
94 1
94 1
94 1
94 1
94 1
94 1
94 1
94 1
94 1
94 1
94 1
94 1
94 1
83 3
83 3
83 3
83 3
83 3
84 1
84 1
84 1
84 1
84 1
84 1
84 1
85 3
85 3
85 3
85 3
85 3
85 3
86 2
86 2
86 2
86 2
86 2
86 2
86 2
86 2
86 2
87 3
88 2
88 2
89 12
89 12
89 12
89 12
89 12
89 12
89 12
89 12
89 12
89 12
89 12
89 12
89 12
89 12
89 12
89 12
89 12
89 12
89 12
89 12
89 12
89 12
90 4
90 4
90 4
91 2
91 2
91 2
91 2
92 1
92 1
92 1
92 1
92 1
92 1
92 1
92 1
93 4
93 4
93 4
93 4
93 4
93 4
93 4
93 4
93 4
93 4
93 4
93 4
93 4
93 4
93 4
93 4
93 4
93 4
93 4
93 4
93 4
94 2
94 2
94 2
94 2
94 2
94 2
94 2
94 2
94 2
94 2
94 2
94 2
94 2
94 2
58 511
58 511
58 511
58 511
58 511
58 511
58 511
58 511
58 511
58 511
58 511
58 511
58 511
20 391
20 391
20 391
20 391
20 391
20 391
20 391
20 391
20 391
20 391
20 391
83 3
83 3
83 3
83 3
83 3
84 1
84 1
84 1
84 1
84 1
84 1
84 1
85 16
85 16
85 16
85 16
85 16
85 16
87 2
86 17
86 17
86 17
86 17
86 17
86 17
86 17
86 17
86 17
88 2
88 2
89 25
89 25
89 25
89 25
89 25
89 25
89 25
89 25
89 25
89 25
89 25
89 25
89 25
89 25
89 25
89 25
89 25
89 25
89 25
89 25
89 25
89 25
91 19
91 19
91 19
91 19
90 36
90 36
90 36
92 17
92 17
92 17
92 17
92 17
92 17
92 17
92 17
93 8
93 8
93 8
93 8
93 8
93 8
93 8
93 8
93 8
93 8
93 8
93 8
93 8
93 8
93 8
93 8
93 8
93 8
93 8
93 8
93 8
94 5
94 5
94 5
94 5
94 5
94 5
94 5
94 5
94 5
94 5
94 5
94 5
94 5
94 5
