11 244
11 244
11 244
11 244
11 244
11 244
11 244
11 244
11 244
11 244
11 244
11 244
11 244
11 244
11 244
11 244
11 244
11 244
11 244
11 244
11 244
11 244
11 244
11 244
11 244
15 280
15 280
15 280
15 280
15 280
15 280
15 280
31 176
31 176
31 176
31 176
31 176
31 176
31 176
31 176
32 169
32 169
32 169
32 169
32 169
32 169
32 169
32 169
32 169
32 169
32 169
32 169
32 169
32 169
32 169
32 169
32 169
33 162
33 162
33 162
33 162
33 162
33 162
33 162
33 162
33 162
33 162
33 162
33 162
33 162
33 162
33 162
33 162
33 162
33 162
33 162
33 162
33 162
34 155
34 155
34 155
34 155
34 155
37 154
37 154
37 154
37 154
11 246
11 246
11 246
11 246
11 246
11 246
11 246
11 246
11 246
11 246
11 246
11 246
11 246
11 246
11 246
11 246
11 246
11 246
11 246
11 246
11 246
11 246
11 246
11 246
11 246
60 353
60 353
60 353
60 353
60 353
60 353
60 353
60 353
60 353
60 353
60 353
60 353
61 352
61 352
61 352
61 352
61 352
61 352
61 352
61 352
61 352
61 352
61 352
61 352
61 352
61 352
61 352
61 352
61 352
61 352
61 352
61 352
61 352
61 352
61 352
61 352
61 352
61 352
62 348
62 348
62 348
62 348
62 348
62 348
62 348
62 348
62 348
62 348
62 348
62 348
62 348
15 354
15 354
15 354
15 354
15 354
15 354
15 354
76 388
76 388
76 388
76 388
76 388
76 388
76 388
76 388
76 388
76 388
76 388
76 388
76 388
76 388
76 388
76 388
76 388
76 388
76 388
76 388
76 388
76 388
21 476
34 352
34 352
34 352
34 352
34 352
33 372
33 372
33 372
33 372
33 372
33 372
33 372
33 372
33 372
33 372
33 372
33 372
33 372
33 372
33 372
33 372
33 372
33 372
33 372
33 372
33 372
32 384
32 384
32 384
32 384
32 384
32 384
32 384
32 384
32 384
32 384
32 384
32 384
32 384
32 384
32 384
32 384
32 384
83 386
83 386
83 386
83 386
83 386
83 386
83 386
83 386
83 386
83 386
83 386
83 386
83 386
83 386
83 386
83 386
83 386
83 386
83 386
83 386
31 464
31 464
31 464
31 464
31 464
31 464
31 464
31 464
78 499
78 499
78 499
91 425
91 425
91 425
91 425
91 425
91 425
91 425
91 425
91 425
57 775
57 775
57 775
57 775
57 775
57 775
57 775
57 775
57 775
57 775
57 775
57 775
57 775
57 775
57 775
57 775
57 775
57 775
57 775
57 775
57 775
57 775
57 775
28 1066
28 1066
28 1066
28 1066
28 1066
28 1066
28 1066
28 1066
28 1066
28 1066
28 1066
28 1066
28 1066
28 1066
28 1066
28 1066
28 1066
28 1066
28 1066
28 566
28 566
28 566
28 566
28 566
28 566
28 566
28 566
28 566
28 566
28 566
28 566
28 566
28 566
28 566
28 566
28 566
28 566
28 566
37 490
37 490
37 490
37 490
88 519
88 519
88 519
88 519
88 519
88 519
88 519
88 519
88 519
88 519
88 519
88 519
88 519
88 519
88 519
88 519
88 519
88 519
88 519
88 519
88 519
88 519
88 519
88 519
19 1222
19 1222
19 723
19 723
10 1314
10 1314
10 1314
10 1314
10 1314
10 1314
10 1314
10 1314
10 1314
10 1314
10 1314
10 1314
10 1314
10 1314
10 1314
10 1314
10 1314
10 1314
10 1314
10 1314
10 1314
10 1314
10 1314
10 1314
10 1314
10 1314
10 1314
10 1314
10 1314
10 1314
10 814
10 814
10 814
10 814
10 814
10 814
10 814
10 814
10 814
10 814
10 814
10 814
10 814
10 814
10 814
10 814
10 814
10 814
10 814
10 814
10 814
10 814
10 814
10 814
10 814
10 814
10 814
10 814
10 814
10 814
57 486
57 486
57 486
57 486
57 486
57 486
57 486
57 486
57 486
57 486
57 486
57 486
57 486
57 486
57 486
57 486
57 486
57 486
57 486
57 486
57 486
57 486
57 486
60 564
60 564
60 564
60 564
60 564
60 564
60 564
60 564
60 564
60 564
60 564
60 564
10 566
10 566
10 566
10 566
10 566
10 566
10 566
10 566
10 566
10 566
10 566
10 566
10 566
10 566
10 566
10 566
10 566
10 566
10 566
10 566
10 566
10 566
10 566
10 566
10 566
10 566
10 566
10 566
10 566
10 566
15 562
15 562
15 562
15 562
15 562
15 562
15 562
62 619
62 619
62 619
62 619
62 619
62 619
62 619
62 619
62 619
62 619
62 619
62 619
62 619
61 643
61 643
61 643
61 643
61 643
61 643
61 643
61 643
61 643
61 643
61 643
61 643
61 643
61 643
61 643
61 643
61 643
61 643
61 643
61 643
61 643
61 643
61 643
61 643
61 643
61 643
19 613
19 613
11 703
11 703
11 703
11 703
11 703
11 703
11 703
11 703
11 703
11 703
11 703
11 703
11 703
11 703
11 703
11 703
11 703
11 703
11 703
11 703
11 703
11 703
11 703
11 703
11 703
21 616
76 653
76 653
76 653
76 653
76 653
76 653
76 653
76 653
76 653
76 653
76 653
76 653
76 653
76 653
76 653
76 653
76 653
76 653
76 653
76 653
76 653
76 653
28 656
28 656
28 656
28 656
28 656
28 656
28 656
28 656
28 656
28 656
28 656
28 656
28 656
28 656
28 656
28 656
28 656
28 656
28 656
78 691
78 691
78 691
31 663
31 663
31 663
31 663
31 663
31 663
31 663
31 663
32 657
32 657
32 657
32 657
32 657
32 657
32 657
32 657
32 657
32 657
32 657
32 657
32 657
32 657
32 657
32 657
32 657
33 648
33 648
33 648
33 648
33 648
33 648
33 648
33 648
33 648
33 648
33 648
33 648
33 648
33 648
33 648
33 648
33 648
33 648
33 648
33 648
33 648
83 661
83 661
83 661
83 661
83 661
83 661
83 661
83 661
83 661
83 661
83 661
83 661
83 661
83 661
83 661
83 661
83 661
83 661
83 661
83 661
34 660
34 660
34 660
34 660
34 660
37 709
37 709
37 709
37 709
91 702
91 702
91 702
91 702
91 702
91 702
91 702
91 702
91 702
88 755
88 755
88 755
88 755
88 755
88 755
88 755
88 755
88 755
88 755
88 755
88 755
88 755
88 755
88 755
88 755
88 755
88 755
88 755
88 755
88 755
88 755
88 755
88 755
57 830
57 830
57 830
57 830
57 830
57 830
57 830
57 830
57 830
57 830
57 830
57 830
57 830
57 830
57 830
57 830
57 830
57 830
57 830
57 830
57 830
57 830
57 830
11 827
11 827
11 827
11 827
11 827
11 827
11 827
11 827
11 827
11 827
11 827
11 827
11 827
11 827
11 827
11 827
11 827
11 827
11 827
11 827
11 827
11 827
11 827
11 827
11 827
10 852
10 852
10 852
10 852
10 852
10 852
10 852
10 852
10 852
10 852
10 852
10 852
10 852
10 852
10 852
10 852
10 852
10 852
10 852
10 852
10 852
10 852
10 852
10 852
10 852
10 852
10 852
10 852
10 852
10 852
60 856
60 856
60 856
60 856
60 856
60 856
60 856
60 856
60 856
60 856
60 856
60 856
14 2325
14 2325
14 2325
14 2325
14 2325
14 2325
14 2325
14 2325
14 2325
14 2325
14 2325
14 2325
14 2325
14 2325
14 2325
14 2325
14 2325
14 2325
14 2325
14 2325
14 2325
14 2325
14 2325
14 2325
14 2325
14 2325
14 2325
61 862
61 862
61 862
61 862
61 862
61 862
61 862
61 862
61 862
61 862
61 862
61 862
61 862
61 862
61 862
61 862
61 862
61 862
61 862
61 862
61 862
61 862
61 862
61 862
61 862
61 862
62 872
62 872
62 872
62 872
62 872
62 872
62 872
62 872
62 872
62 872
62 872
62 872
62 872
15 884
15 884
15 884
15 884
15 884
15 884
15 884
19 896
19 896
76 881
76 881
76 881
76 881
76 881
76 881
76 881
76 881
76 881
76 881
76 881
76 881
76 881
76 881
76 881
76 881
76 881
76 881
76 881
76 881
76 881
76 881
28 875
28 875
28 875
28 875
28 875
28 875
28 875
28 875
28 875
28 875
28 875
28 875
28 875
28 875
28 875
28 875
28 875
28 875
28 875
21 978
31 890
31 890
31 890
31 890
31 890
31 890
31 890
31 890
32 884
32 884
32 884
32 884
32 884
32 884
32 884
32 884
32 884
32 884
32 884
32 884
32 884
32 884
32 884
32 884
32 884
34 876
34 876
34 876
34 876
34 876
78 937
78 937
78 937
83 906
83 906
83 906
83 906
83 906
83 906
83 906
83 906
83 906
83 906
83 906
83 906
83 906
83 906
83 906
83 906
83 906
83 906
83 906
83 906
93 1333
93 1333
93 1333
93 1333
93 1333
93 1333
93 1333
93 1333
93 1333
93 1333
93 1333
93 1333
93 1333
93 1333
93 1333
93 1333
93 1333
93 1333
93 1333
93 1333
93 1333
93 1333
93 1333
93 1333
93 1333
93 1333
93 1333
93 1333
93 1333
33 954
33 954
33 954
33 954
33 954
33 954
33 954
33 954
33 954
33 954
33 954
33 954
33 954
33 954
33 954
33 954
33 954
33 954
33 954
33 954
33 954
88 969
88 969
88 969
88 969
88 969
88 969
88 969
88 969
88 969
88 969
88 969
88 969
88 969
88 969
88 969
88 969
88 969
88 969
88 969
88 969
88 969
88 969
88 969
88 969
91 944
91 944
91 944
91 944
91 944
91 944
91 944
91 944
91 944
54 1323
54 1323
54 1323
54 1323
54 1323
54 1323
54 1323
54 1323
54 1323
54 1323
54 1323
54 1323
54 1323
54 1323
37 1114
37 1114
37 1114
37 1114
63 1409
63 1409
63 1409
63 1409
63 1409
63 1409
63 1409
63 1409
63 1409
63 1409
63 1409
63 1409
63 1409
63 1409
63 1409
48 1598
48 1598
48 1598
48 1598
48 1598
48 1598
48 1598
48 1598
48 1598
48 1598
48 1598
48 1598
48 1598
48 1598
48 1598
48 1598
57 1075
57 1075
57 1075
57 1075
57 1075
57 1075
57 1075
57 1075
57 1075
57 1075
57 1075
57 1075
57 1075
57 1075
57 1075
57 1075
57 1075
57 1075
57 1075
57 1075
57 1075
57 1075
57 1075
60 1074
60 1074
60 1074
60 1074
60 1074
60 1074
60 1074
60 1074
60 1074
60 1074
60 1074
60 1074
10 1085
10 1085
10 1085
10 1085
10 1085
10 1085
10 1085
10 1085
10 1085
10 1085
10 1085
10 1085
10 1085
10 1085
10 1085
10 1085
10 1085
10 1085
10 1085
10 1085
10 1085
10 1085
10 1085
10 1085
10 1085
10 1085
10 1085
10 1085
10 1085
10 1085
11 1084
11 1084
11 1084
11 1084
11 1084
11 1084
11 1084
11 1084
11 1084
11 1084
11 1084
11 1084
11 1084
11 1084
11 1084
11 1084
11 1084
11 1084
11 1084
11 1084
11 1084
11 1084
11 1084
11 1084
11 1084
61 1105
61 1105
61 1105
61 1105
61 1105
61 1105
61 1105
61 1105
61 1105
61 1105
61 1105
61 1105
61 1105
61 1105
61 1105
61 1105
61 1105
61 1105
61 1105
61 1105
61 1105
61 1105
61 1105
61 1105
61 1105
61 1105
71 1506
71 1506
71 1506
71 1506
71 1506
71 1506
71 1506
71 1506
71 1506
71 1506
71 1506
71 1506
71 1506
71 1506
71 1506
71 1506
71 1506
71 1506
62 1098
62 1098
62 1098
62 1098
62 1098
62 1098
62 1098
62 1098
62 1098
62 1098
62 1098
62 1098
62 1098
15 1115
15 1115
15 1115
15 1115
15 1115
15 1115
15 1115
19 1166
19 1166
14 1775
14 1775
14 1775
14 1775
14 1775
14 1775
14 1775
14 1775
14 1775
14 1775
14 1775
14 1775
14 1775
14 1775
14 1775
14 1775
14 1775
14 1775
14 1775
14 1775
14 1775
14 1775
14 1775
14 1775
14 1775
14 1775
14 1775
28 1140
28 1140
28 1140
28 1140
28 1140
28 1140
28 1140
28 1140
28 1140
28 1140
28 1140
28 1140
28 1140
28 1140
28 1140
28 1140
28 1140
28 1140
28 1140
21 1243
76 1195
76 1195
76 1195
76 1195
76 1195
76 1195
76 1195
76 1195
76 1195
76 1195
76 1195
76 1195
76 1195
76 1195
76 1195
76 1195
76 1195
76 1195
76 1195
76 1195
76 1195
76 1195
46 3011
46 3011
46 3011
46 3011
46 3011
46 3011
46 3011
46 3011
46 3011
46 3011
46 2011
46 2011
46 2011
46 2011
46 2011
46 2011
46 2011
46 2011
46 2011
46 2011
31 1189
31 1189
31 1189
31 1189
31 1189
31 1189
31 1189
31 1189
32 1203
32 1203
32 1203
32 1203
32 1203
32 1203
32 1203
32 1203
32 1203
32 1203
32 1203
32 1203
32 1203
32 1203
32 1203
32 1203
32 1203
83 1197
83 1197
83 1197
83 1197
83 1197
83 1197
83 1197
83 1197
83 1197
83 1197
83 1197
83 1197
83 1197
83 1197
83 1197
83 1197
83 1197
83 1197
83 1197
83 1197
33 1216
33 1216
33 1216
33 1216
33 1216
33 1216
33 1216
33 1216
33 1216
33 1216
33 1216
33 1216
33 1216
33 1216
33 1216
33 1216
33 1216
33 1216
33 1216
33 1216
33 1216
34 1207
34 1207
34 1207
34 1207
34 1207
78 1280
78 1280
78 1280
46 1631
46 1631
46 1631
46 1631
46 1631
46 1631
46 1631
46 1631
46 1631
46 1631
91 1237
91 1237
91 1237
91 1237
91 1237
91 1237
91 1237
91 1237
91 1237
37 1407
37 1407
37 1407
37 1407
88 1397
88 1397
88 1397
88 1397
88 1397
88 1397
88 1397
88 1397
88 1397
88 1397
88 1397
88 1397
88 1397
88 1397
88 1397
88 1397
88 1397
88 1397
88 1397
88 1397
88 1397
88 1397
88 1397
88 1397
54 1766
54 1766
54 1766
54 1766
54 1766
54 1766
54 1766
54 1766
54 1766
54 1766
54 1766
54 1766
54 1766
54 1766
48 1842
48 1842
48 1842
48 1842
48 1842
48 1842
48 1842
48 1842
48 1842
48 1842
48 1842
48 1842
48 1842
48 1842
48 1842
48 1842
93 1902
93 1902
93 1902
93 1902
93 1902
93 1902
93 1902
93 1902
93 1902
93 1902
93 1902
93 1902
93 1902
93 1902
93 1902
93 1902
93 1902
93 1902
93 1902
93 1902
93 1902
93 1902
93 1902
93 1902
93 1902
93 1902
93 1902
93 1902
93 1902
60 1346
60 1346
60 1346
60 1346
60 1346
60 1346
60 1346
60 1346
60 1346
60 1346
60 1346
60 1346
57 1384
57 1384
57 1384
57 1384
57 1384
57 1384
57 1384
57 1384
57 1384
57 1384
57 1384
57 1384
57 1384
57 1384
57 1384
57 1384
57 1384
57 1384
57 1384
57 1384
57 1384
57 1384
57 1384
62 1345
62 1345
62 1345
62 1345
62 1345
62 1345
62 1345
62 1345
62 1345
62 1345
62 1345
62 1345
62 1345
10 1388
10 1388
10 1388
10 1388
10 1388
10 1388
10 1388
10 1388
10 1388
10 1388
10 1388
10 1388
10 1388
10 1388
10 1388
10 1388
10 1388
10 1388
10 1388
10 1388
10 1388
10 1388
10 1388
10 1388
10 1388
10 1388
10 1388
10 1388
10 1388
10 1388
14 1875
14 1875
14 1875
14 1875
14 1875
14 1875
14 1875
14 1875
14 1875
14 1875
14 1875
14 1875
14 1875
14 1875
14 1875
14 1875
14 1875
14 1875
14 1875
14 1875
14 1875
14 1875
14 1875
14 1875
14 1875
14 1875
14 1875
61 1428
61 1428
61 1428
61 1428
61 1428
61 1428
61 1428
61 1428
61 1428
61 1428
61 1428
61 1428
61 1428
61 1428
61 1428
61 1428
61 1428
61 1428
61 1428
61 1428
61 1428
61 1428
61 1428
61 1428
61 1428
61 1428
15 1409
15 1409
15 1409
15 1409
15 1409
15 1409
15 1409
11 1455
11 1455
11 1455
11 1455
11 1455
11 1455
11 1455
11 1455
11 1455
11 1455
11 1455
11 1455
11 1455
11 1455
11 1455
11 1455
11 1455
11 1455
11 1455
11 1455
11 1455
11 1455
11 1455
11 1455
11 1455
63 1971
63 1971
63 1971
63 1971
63 1971
63 1971
63 1971
63 1971
63 1971
63 1971
63 1971
63 1971
63 1971
63 1971
63 1971
19 1446
19 1446
21 1445
78 1425
78 1425
78 1425
76 1452
76 1452
76 1452
76 1452
76 1452
76 1452
76 1452
76 1452
76 1452
76 1452
76 1452
76 1452
76 1452
76 1452
76 1452
76 1452
76 1452
76 1452
76 1452
76 1452
76 1452
76 1452
28 1445
28 1445
28 1445
28 1445
28 1445
28 1445
28 1445
28 1445
28 1445
28 1445
28 1445
28 1445
28 1445
28 1445
28 1445
28 1445
28 1445
28 1445
28 1445
71 2034
71 2034
71 2034
71 2034
71 2034
71 2034
71 2034
71 2034
71 2034
71 2034
71 2034
71 2034
71 2034
71 2034
71 2034
71 2034
71 2034
71 2034
32 1469
32 1469
32 1469
32 1469
32 1469
32 1469
32 1469
32 1469
32 1469
32 1469
32 1469
32 1469
32 1469
32 1469
32 1469
32 1469
32 1469
83 1496
83 1496
83 1496
83 1496
83 1496
83 1496
83 1496
83 1496
83 1496
83 1496
83 1496
83 1496
83 1496
83 1496
83 1496
83 1496
83 1496
83 1496
83 1496
83 1496
37 1478
37 1478
37 1478
37 1478
88 1494
88 1494
88 1494
88 1494
88 1494
88 1494
88 1494
88 1494
88 1494
88 1494
88 1494
88 1494
88 1494
88 1494
88 1494
88 1494
88 1494
88 1494
88 1494
88 1494
88 1494
88 1494
88 1494
88 1494
91 1525
91 1525
91 1525
91 1525
91 1525
91 1525
91 1525
91 1525
91 1525
93 2126
93 2126
93 2126
93 2126
93 2126
93 2126
93 2126
93 2126
93 2126
93 2126
93 2126
93 2126
93 2126
93 2126
93 2126
93 2126
93 2126
93 2126
93 2126
93 2126
93 2126
93 2126
93 2126
93 2126
93 2126
93 2126
93 2126
93 2126
93 2126
56 2999
56 2999
56 2999
56 2999
56 2999
56 2999
56 2999
56 2999
56 2999
56 2999
56 2999
56 2999
56 2999
56 2999
56 2999
56 2999
56 2999
56 2999
56 2999
56 2999
56 2999
56 2999
56 2999
56 2999
56 2999
56 2999
56 2999
56 2999
