10 94
10 94
10 94
10 94
10 94
10 94
10 94
10 94
10 94
10 94
10 94
13 73
13 73
13 73
13 73
13 73
13 73
13 73
13 73
13 73
13 73
13 73
13 73
13 73
17 47
17 47
17 47
17 47
17 47
17 47
17 47
17 47
17 47
17 47
17 47
17 47
17 47
17 47
17 47
17 47
17 47
17 47
17 47
17 47
17 47
17 47
17 47
17 47
17 47
17 47
17 47
17 47
17 47
6 172
6 172
6 172
6 172
6 172
6 172
6 172
6 172
6 172
6 172
6 172
6 172
6 172
6 172
6 172
6 172
6 172
19 51
19 51
19 51
19 51
19 51
19 51
19 51
19 51
19 51
19 51
19 51
19 51
19 51
19 51
19 51
19 51
19 51
19 51
19 51
19 51
19 51
19 51
19 51
19 51
19 51
21 44
21 44
21 44
21 44
21 44
21 44
21 44
21 44
21 44
21 44
21 44
21 44
21 44
21 44
25 69
25 69
25 69
25 69
25 69
25 69
25 69
25 69
25 69
28 81
28 81
28 81
28 81
28 81
28 81
28 81
28 81
28 81
28 81
28 81
28 81
28 81
28 81
28 81
28 81
28 81
28 81
38 128
38 128
38 128
38 128
38 128
38 128
38 128
38 128
38 128
38 128
38 128
38 128
38 128
38 128
38 128
38 128
38 128
38 128
38 128
38 128
38 128
38 128
38 128
40 112
40 112
40 112
40 112
40 112
40 112
40 112
42 105
42 105
42 105
42 105
42 105
42 105
42 105
42 105
42 105
42 105
42 105
42 105
42 105
42 105
42 105
42 105
42 105
42 105
42 105
42 105
42 105
42 105
42 105
42 105
6 143
6 143
6 143
6 143
6 143
6 143
6 143
6 143
6 143
6 143
6 143
6 143
6 143
6 143
6 143
6 143
6 143
10 152
10 152
10 152
10 152
10 152
10 152
10 152
10 152
10 152
10 152
10 152
13 169
13 169
13 169
13 169
13 169
13 169
13 169
13 169
13 169
13 169
13 169
13 169
13 169
17 164
17 164
17 164
17 164
17 164
17 164
17 164
17 164
17 164
17 164
17 164
17 164
17 164
17 164
17 164
17 164
17 164
17 164
17 164
17 164
17 164
17 164
17 164
17 164
17 164
17 164
17 164
17 164
17 164
19 168
19 168
19 168
19 168
19 168
19 168
19 168
19 168
19 168
19 168
19 168
19 168
19 168
19 168
19 168
19 168
19 168
19 168
19 168
19 168
19 168
19 168
19 168
19 168
19 168
52 361
52 361
52 361
52 361
52 361
52 361
52 361
52 361
52 361
52 361
52 361
52 361
21 171
21 171
21 171
21 171
21 171
21 171
21 171
21 171
21 171
21 171
21 171
21 171
21 171
21 171
54 349
54 349
54 349
54 349
54 349
54 349
54 349
54 349
54 349
54 349
54 349
54 349
54 349
54 349
54 349
54 349
54 349
54 349
54 349
54 349
54 349
54 349
66 230
66 230
66 230
66 230
66 230
66 230
66 230
66 230
66 230
66 230
66 230
66 230
66 230
66 230
66 230
66 230
66 230
66 230
66 230
66 230
66 230
25 192
25 192
25 192
25 192
25 192
25 192
25 192
25 192
25 192
11 338
11 338
11 338
11 338
11 338
76 193
76 193
76 193
76 193
76 193
76 193
76 193
76 193
76 193
76 193
76 193
76 193
76 193
76 193
76 193
76 193
76 193
76 193
76 193
28 195
28 195
28 195
28 195
28 195
28 195
28 195
28 195
28 195
28 195
28 195
28 195
28 195
28 195
28 195
28 195
28 195
28 195
77 208
77 208
77 208
77 208
77 208
77 208
77 208
77 208
77 208
77 208
77 208
77 208
77 208
77 208
77 208
77 208
77 208
77 208
77 208
77 208
77 208
77 208
77 208
77 208
77 208
77 208
77 208
77 208
38 290
38 290
38 290
38 290
38 290
38 290
38 290
38 290
38 290
38 290
38 290
38 290
38 290
38 290
38 290
38 290
38 290
38 290
38 290
38 290
38 290
38 290
38 290
61 606
61 606
61 606
61 606
61 606
61 606
61 606
61 606
61 606
61 606
55 666
55 666
55 666
55 666
55 666
55 666
55 666
55 666
55 666
55 666
55 666
55 666
55 666
55 666
55 666
55 666
36 879
36 879
36 879
36 879
36 879
36 879
36 879
36 879
40 356
40 356
40 356
40 356
40 356
40 356
40 356
42 422
42 422
42 422
42 422
42 422
42 422
42 422
42 422
42 422
42 422
42 422
42 422
42 422
42 422
42 422
42 422
42 422
42 422
42 422
42 422
42 422
42 422
42 422
42 422
91 463
91 463
10 442
10 442
10 442
10 442
10 442
10 442
10 442
10 442
10 442
10 442
10 442
13 415
13 415
13 415
13 415
13 415
13 415
13 415
13 415
13 415
13 415
13 415
13 415
13 415
17 378
17 378
17 378
17 378
17 378
17 378
17 378
17 378
17 378
17 378
17 378
17 378
17 378
17 378
17 378
17 378
17 378
17 378
17 378
17 378
17 378
17 378
17 378
17 378
17 378
17 378
17 378
17 378
17 378
19 359
19 359
19 359
19 359
19 359
19 359
19 359
19 359
19 359
19 359
19 359
19 359
19 359
19 359
19 359
19 359
19 359
19 359
19 359
19 359
19 359
19 359
19 359
19 359
19 359
21 344
21 344
21 344
21 344
21 344
21 344
21 344
21 344
21 344
21 344
21 344
21 344
21 344
21 344
25 331
25 331
25 331
25 331
25 331
25 331
25 331
25 331
25 331
28 316
28 316
28 316
28 316
28 316
28 316
28 316
28 316
28 316
28 316
28 316
28 316
28 316
28 316
28 316
28 316
28 316
28 316
52 579
52 579
52 579
52 579
52 579
52 579
52 579
52 579
52 579
52 579
52 579
52 579
54 560
54 560
54 560
54 560
54 560
54 560
54 560
54 560
54 560
54 560
54 560
54 560
54 560
54 560
54 560
54 560
54 560
54 560
54 560
54 560
54 560
54 560
96 641
96 641
96 641
96 641
96 641
96 641
96 641
96 641
96 641
96 641
96 641
96 641
96 641
96 641
96 641
96 641
96 641
96 641
96 641
96 641
96 641
96 641
96 641
96 641
96 641
96 641
96 641
96 641
96 641
96 641
102 581
102 581
102 581
102 581
66 447
66 447
66 447
66 447
66 447
66 447
66 447
66 447
66 447
66 447
66 447
66 447
66 447
66 447
66 447
66 447
66 447
66 447
66 447
66 447
66 447
6 572
6 572
6 572
6 572
6 572
6 572
6 572
6 572
6 572
6 572
6 572
6 572
6 572
6 572
6 572
6 572
6 572
76 467
76 467
76 467
76 467
76 467
76 467
76 467
76 467
76 467
76 467
76 467
76 467
76 467
76 467
76 467
76 467
76 467
76 467
76 467
55 687
55 687
55 687
55 687
55 687
55 687
55 687
55 687
55 687
55 687
55 687
55 687
55 687
55 687
55 687
55 687
77 478
77 478
77 478
77 478
77 478
77 478
77 478
77 478
77 478
77 478
77 478
77 478
77 478
77 478
77 478
77 478
77 478
77 478
77 478
77 478
77 478
77 478
77 478
77 478
77 478
77 478
77 478
77 478
38 387
38 387
38 387
38 387
38 387
38 387
38 387
38 387
38 387
38 387
38 387
38 387
38 387
38 387
38 387
38 387
38 387
38 387
38 387
38 387
38 387
38 387
38 387
40 369
40 369
40 369
40 369
40 369
40 369
40 369
11 670
11 670
11 670
11 670
11 670
36 923
36 923
36 923
36 923
36 923
36 923
36 923
36 923
42 363
42 363
42 363
42 363
42 363
42 363
42 363
42 363
42 363
42 363
42 363
42 363
42 363
42 363
42 363
42 363
42 363
42 363
42 363
42 363
42 363
42 363
42 363
42 363
61 682
61 682
61 682
61 682
61 682
61 682
61 682
61 682
61 682
61 682
86 1017
86 1017
86 1017
86 1017
86 1017
86 1017
86 1017
86 1017
86 1017
86 1017
86 1017
86 1017
86 1017
86 1017
86 1017
86 1017
86 1017
86 1017
86 1017
86 1017
86 518
86 518
86 518
86 518
86 518
86 518
86 518
86 518
86 518
86 518
86 518
86 518
86 518
86 518
86 518
86 518
86 518
86 518
86 518
86 518
72 1158
72 659
91 539
91 539
96 527
96 527
96 527
96 527
96 527
96 527
96 527
96 527
96 527
96 527
96 527
96 527
96 527
96 527
96 527
96 527
96 527
96 527
96 527
96 527
96 527
96 527
96 527
96 527
96 527
96 527
96 527
96 527
96 527
96 527
10 389
10 389
10 389
10 389
10 389
10 389
10 389
10 389
10 389
10 389
10 389
13 410
13 410
13 410
13 410
13 410
13 410
13 410
13 410
13 410
13 410
13 410
13 410
13 410
52 536
52 536
52 536
52 536
52 536
52 536
52 536
52 536
52 536
52 536
52 536
52 536
102 543
102 543
102 543
102 543
17 398
17 398
17 398
17 398
17 398
17 398
17 398
17 398
17 398
17 398
17 398
17 398
17 398
17 398
17 398
17 398
17 398
17 398
17 398
17 398
17 398
17 398
17 398
17 398
17 398
17 398
17 398
17 398
17 398
54 547
54 547
54 547
54 547
54 547
54 547
54 547
54 547
54 547
54 547
54 547
54 547
54 547
54 547
54 547
54 547
54 547
54 547
54 547
54 547
54 547
54 547
19 433
19 433
19 433
19 433
19 433
19 433
19 433
19 433
19 433
19 433
19 433
19 433
19 433
19 433
19 433
19 433
19 433
19 433
19 433
19 433
19 433
19 433
19 433
19 433
19 433
21 423
21 423
21 423
21 423
21 423
21 423
21 423
21 423
21 423
21 423
21 423
21 423
21 423
21 423
36 822
36 822
36 822
36 822
36 822
36 822
36 822
36 822
25 436
25 436
25 436
25 436
25 436
25 436
25 436
25 436
25 436
28 429
28 429
28 429
28 429
28 429
28 429
28 429
28 429
28 429
28 429
28 429
28 429
28 429
28 429
28 429
28 429
28 429
28 429
66 566
66 566
66 566
66 566
66 566
66 566
66 566
66 566
66 566
66 566
66 566
66 566
66 566
66 566
66 566
66 566
66 566
66 566
66 566
66 566
66 566
72 567
94 1357
94 1357
94 1357
94 1357
94 1357
94 1357
94 1357
94 1357
94 1357
94 1357
94 1357
94 1357
94 1357
94 1357
94 1357
76 580
76 580
76 580
76 580
76 580
76 580
76 580
76 580
76 580
76 580
76 580
76 580
76 580
76 580
76 580
76 580
76 580
76 580
76 580
77 583
77 583
77 583
77 583
77 583
77 583
77 583
77 583
77 583
77 583
77 583
77 583
77 583
77 583
77 583
77 583
77 583
77 583
77 583
77 583
77 583
77 583
77 583
77 583
77 583
77 583
77 583
77 583
38 513
38 513
38 513
38 513
38 513
38 513
38 513
38 513
38 513
38 513
38 513
38 513
38 513
38 513
38 513
38 513
38 513
38 513
38 513
38 513
38 513
38 513
38 513
40 502
40 502
40 502
40 502
40 502
40 502
40 502
42 504
42 504
42 504
42 504
42 504
42 504
42 504
42 504
42 504
42 504
42 504
42 504
42 504
42 504
42 504
42 504
42 504
42 504
42 504
42 504
42 504
42 504
42 504
42 504
86 588
86 588
86 588
86 588
86 588
86 588
86 588
86 588
86 588
86 588
86 588
86 588
86 588
86 588
86 588
86 588
86 588
86 588
86 588
86 588
6 902
6 902
6 902
6 902
6 902
6 902
6 902
6 902
6 902
6 902
6 902
6 902
6 902
6 902
6 902
6 902
6 902
82 1651
82 1651
82 1651
82 1153
82 1153
82 1153
91 579
91 579
3 2503
3 2503
3 2503
3 2503
3 2503
3 2503
3 2010
3 2010
3 2010
3 2010
3 2010
3 2010
3 1517
3 1517
3 1517
3 1517
3 1517
3 1517
96 605
96 605
96 605
96 605
96 605
96 605
96 605
96 605
96 605
96 605
96 605
96 605
96 605
96 605
96 605
96 605
96 605
96 605
96 605
96 605
96 605
96 605
96 605
96 605
96 605
96 605
96 605
96 605
96 605
96 605
10 529
10 529
10 529
10 529
10 529
10 529
10 529
10 529
10 529
10 529
10 529
102 619
102 619
102 619
102 619
52 620
52 620
52 620
52 620
52 620
52 620
52 620
52 620
52 620
52 620
52 620
52 620
13 530
13 530
13 530
13 530
13 530
13 530
13 530
13 530
13 530
13 530
13 530
13 530
13 530
54 623
54 623
54 623
54 623
54 623
54 623
54 623
54 623
54 623
54 623
54 623
54 623
54 623
54 623
54 623
54 623
54 623
54 623
54 623
54 623
54 623
54 623
94 1228
94 1228
94 1228
94 1228
94 1228
94 1228
94 1228
94 1228
94 1228
94 1228
94 1228
94 1228
94 1228
94 1228
94 1228
82 877
82 877
82 877
17 541
17 541
17 541
17 541
17 541
17 541
17 541
17 541
17 541
17 541
17 541
17 541
17 541
17 541
17 541
17 541
17 541
17 541
17 541
17 541
17 541
17 541
17 541
17 541
17 541
17 541
17 541
17 541
17 541
19 566
19 566
19 566
19 566
19 566
19 566
19 566
19 566
19 566
19 566
19 566
19 566
19 566
19 566
19 566
19 566
19 566
19 566
19 566
19 566
19 566
19 566
19 566
19 566
19 566
21 557
21 557
21 557
21 557
21 557
21 557
21 557
21 557
21 557
21 557
21 557
21 557
21 557
21 557
66 649
66 649
66 649
66 649
66 649
66 649
66 649
66 649
66 649
66 649
66 649
66 649
66 649
66 649
66 649
66 649
66 649
66 649
66 649
66 649
66 649
25 565
25 565
25 565
25 565
25 565
25 565
25 565
25 565
25 565
28 559
28 559
28 559
28 559
28 559
28 559
28 559
28 559
28 559
28 559
28 559
28 559
28 559
28 559
28 559
28 559
28 559
28 559
36 1026
36 1026
36 1026
36 1026
36 1026
36 1026
36 1026
36 1026
72 668
76 659
76 659
76 659
76 659
76 659
76 659
76 659
76 659
76 659
76 659
76 659
76 659
76 659
76 659
76 659
76 659
76 659
76 659
76 659
77 671
77 671
77 671
77 671
77 671
77 671
77 671
77 671
77 671
77 671
77 671
77 671
77 671
77 671
77 671
77 671
77 671
77 671
77 671
77 671
77 671
77 671
77 671
77 671
77 671
77 671
77 671
77 671
11 1334
11 1334
11 1334
11 1334
11 1334
38 598
38 598
38 598
38 598
38 598
38 598
38 598
38 598
38 598
38 598
38 598
38 598
38 598
38 598
38 598
38 598
38 598
38 598
38 598
38 598
38 598
38 598
38 598
40 617
40 617
40 617
40 617
40 617
40 617
40 617
42 618
42 618
42 618
42 618
42 618
42 618
42 618
42 618
42 618
42 618
42 618
42 618
42 618
42 618
42 618
42 618
42 618
42 618
42 618
42 618
42 618
42 618
42 618
42 618
86 708
86 708
86 708
86 708
86 708
86 708
86 708
86 708
86 708
86 708
86 708
86 708
86 708
86 708
86 708
86 708
86 708
86 708
86 708
86 708
6 1027
6 1027
6 1027
6 1027
6 1027
6 1027
6 1027
6 1027
6 1027
6 1027
6 1027
6 1027
6 1027
6 1027
6 1027
6 1027
6 1027
61 1480
61 1480
61 1480
61 1480
61 1480
61 1480
61 1480
61 1480
61 1480
61 1480
91 714
91 714
11 1034
11 1034
11 1034
11 1034
11 1034
94 1259
94 1259
94 1259
94 1259
94 1259
94 1259
94 1259
94 1259
94 1259
94 1259
94 1259
94 1259
94 1259
94 1259
94 1259
96 753
96 753
96 753
96 753
96 753
96 753
96 753
96 753
96 753
96 753
96 753
96 753
96 753
96 753
96 753
96 753
96 753
96 753
96 753
96 753
96 753
96 753
96 753
96 753
96 753
96 753
96 753
96 753
96 753
96 753
10 645
10 645
10 645
10 645
10 645
10 645
10 645
10 645
10 645
10 645
10 645
13 638
13 638
13 638
13 638
13 638
13 638
13 638
13 638
13 638
13 638
13 638
13 638
13 638
52 753
52 753
52 753
52 753
52 753
52 753
52 753
52 753
52 753
52 753
52 753
52 753
102 754
102 754
102 754
102 754
54 760
54 760
54 760
54 760
54 760
54 760
54 760
54 760
54 760
54 760
54 760
54 760
54 760
54 760
54 760
54 760
54 760
54 760
54 760
54 760
54 760
54 760
17 652
17 652
17 652
17 652
17 652
17 652
17 652
17 652
17 652
17 652
17 652
17 652
17 652
17 652
17 652
17 652
17 652
17 652
17 652
17 652
17 652
17 652
17 652
17 652
17 652
17 652
17 652
17 652
17 652
19 663
19 663
19 663
19 663
19 663
19 663
19 663
19 663
19 663
19 663
19 663
19 663
19 663
19 663
19 663
19 663
19 663
19 663
19 663
19 663
19 663
19 663
19 663
19 663
19 663
21 661
21 661
21 661
21 661
21 661
21 661
21 661
21 661
21 661
21 661
21 661
21 661
21 661
21 661
95 2426
95 2426
95 2426
95 2426
95 2426
95 2426
95 2426
95 2426
95 2426
95 2426
95 2426
95 2426
95 2426
95 2426
95 2426
95 2426
95 2426
95 2426
95 2426
95 2426
95 2426
95 2426
95 2426
95 2426
95 2426
95 2426
95 1940
95 1940
95 1940
95 1940
95 1940
95 1940
95 1940
95 1940
95 1940
95 1940
95 1940
95 1940
95 1940
95 1940
95 1940
95 1940
95 1940
95 1940
95 1940
95 1940
95 1940
95 1940
95 1940
95 1940
95 1940
95 1940
3 1387
3 1387
3 1387
3 1387
3 1387
3 1387
25 671
25 671
25 671
25 671
25 671
25 671
25 671
25 671
25 671
95 1501
95 1501
95 1501
95 1501
95 1501
95 1501
95 1501
95 1501
95 1501
95 1501
95 1501
95 1501
95 1501
95 1501
95 1501
95 1501
95 1501
95 1501
95 1501
95 1501
95 1501
95 1501
95 1501
95 1501
95 1501
95 1501
28 674
28 674
28 674
28 674
28 674
28 674
28 674
28 674
28 674
28 674
28 674
28 674
28 674
28 674
28 674
28 674
28 674
28 674
66 796
66 796
66 796
66 796
66 796
66 796
66 796
66 796
66 796
66 796
66 796
66 796
66 796
66 796
66 796
66 796
66 796
66 796
66 796
66 796
66 796
72 818
55 1503
55 1503
55 1503
55 1503
55 1503
55 1503
55 1503
55 1503
55 1503
55 1503
55 1503
55 1503
55 1503
55 1503
55 1503
55 1503
38 692
38 692
38 692
38 692
38 692
38 692
38 692
38 692
38 692
38 692
38 692
38 692
38 692
38 692
38 692
38 692
38 692
38 692
38 692
38 692
38 692
38 692
38 692
94 1140
94 1140
94 1140
94 1140
94 1140
94 1140
94 1140
94 1140
94 1140
94 1140
94 1140
94 1140
94 1140
94 1140
94 1140
76 839
76 839
76 839
76 839
76 839
76 839
76 839
76 839
76 839
76 839
76 839
76 839
76 839
76 839
76 839
76 839
76 839
76 839
76 839
40 709
40 709
40 709
40 709
40 709
40 709
40 709
77 849
77 849
77 849
77 849
77 849
77 849
77 849
77 849
77 849
77 849
77 849
77 849
77 849
77 849
77 849
77 849
77 849
77 849
77 849
77 849
77 849
77 849
77 849
77 849
77 849
77 849
77 849
77 849
42 703
42 703
42 703
42 703
42 703
42 703
42 703
42 703
42 703
42 703
42 703
42 703
42 703
42 703
42 703
42 703
42 703
42 703
42 703
42 703
42 703
42 703
42 703
42 703
82 1345
82 1345
82 1345
6 1157
6 1157
6 1157
6 1157
6 1157
6 1157
6 1157
6 1157
6 1157
6 1157
6 1157
6 1157
6 1157
6 1157
6 1157
6 1157
6 1157
86 869
86 869
86 869
86 869
86 869
86 869
86 869
86 869
86 869
86 869
86 869
86 869
86 869
86 869
86 869
86 869
86 869
86 869
86 869
86 869
91 863
91 863
96 879
96 879
96 879
96 879
96 879
96 879
96 879
96 879
96 879
96 879
96 879
96 879
96 879
96 879
96 879
96 879
96 879
96 879
96 879
96 879
96 879
96 879
96 879
96 879
96 879
96 879
96 879
96 879
96 879
96 879
10 769
10 769
10 769
10 769
10 769
10 769
10 769
10 769
10 769
10 769
10 769
13 764
13 764
13 764
13 764
13 764
13 764
13 764
13 764
13 764
13 764
13 764
13 764
13 764
102 886
102 886
102 886
102 886
52 889
52 889
52 889
52 889
52 889
52 889
52 889
52 889
52 889
52 889
52 889
52 889
17 757
17 757
17 757
17 757
17 757
17 757
17 757
17 757
17 757
17 757
17 757
17 757
17 757
17 757
17 757
17 757
17 757
17 757
17 757
17 757
17 757
17 757
17 757
17 757
17 757
17 757
17 757
17 757
17 757
54 909
54 909
54 909
54 909
54 909
54 909
54 909
54 909
54 909
54 909
54 909
54 909
54 909
54 909
54 909
54 909
54 909
54 909
54 909
54 909
54 909
54 909
3 1430
3 1430
3 1430
3 1430
3 1430
3 1430
19 784
19 784
19 784
19 784
19 784
19 784
19 784
19 784
19 784
19 784
19 784
19 784
19 784
19 784
19 784
19 784
19 784
19 784
19 784
19 784
19 784
19 784
19 784
19 784
19 784
21 783
21 783
21 783
21 783
21 783
21 783
21 783
21 783
21 783
21 783
21 783
21 783
21 783
21 783
25 812
25 812
25 812
25 812
25 812
25 812
25 812
25 812
25 812
66 929
66 929
66 929
66 929
66 929
66 929
66 929
66 929
66 929
66 929
66 929
66 929
66 929
66 929
66 929
66 929
66 929
66 929
66 929
66 929
66 929
28 815
28 815
28 815
28 815
28 815
28 815
28 815
28 815
28 815
28 815
28 815
28 815
28 815
28 815
28 815
28 815
28 815
28 815
36 1743
36 1743
36 1743
36 1743
36 1743
36 1743
36 1743
36 1743
72 943
76 955
76 955
76 955
76 955
76 955
76 955
76 955
76 955
76 955
76 955
76 955
76 955
76 955
76 955
76 955
76 955
76 955
76 955
76 955
38 837
38 837
38 837
38 837
38 837
38 837
38 837
38 837
38 837
38 837
38 837
38 837
38 837
38 837
38 837
38 837
38 837
38 837
38 837
38 837
38 837
38 837
38 837
77 951
77 951
77 951
77 951
77 951
77 951
77 951
77 951
77 951
77 951
77 951
77 951
77 951
77 951
77 951
77 951
77 951
77 951
77 951
77 951
77 951
77 951
77 951
77 951
77 951
77 951
77 951
77 951
40 858
40 858
40 858
40 858
40 858
40 858
40 858
42 853
42 853
42 853
42 853
42 853
42 853
42 853
42 853
42 853
42 853
42 853
42 853
42 853
42 853
42 853
42 853
42 853
42 853
42 853
42 853
42 853
42 853
42 853
42 853
86 968
86 968
86 968
86 968
86 968
86 968
86 968
86 968
86 968
86 968
86 968
86 968
86 968
86 968
86 968
86 968
86 968
86 968
86 968
86 968
91 976
91 976
96 993
96 993
96 993
96 993
96 993
96 993
96 993
96 993
96 993
96 993
96 993
96 993
96 993
96 993
96 993
96 993
96 993
96 993
96 993
96 993
96 993
96 993
96 993
96 993
96 993
96 993
96 993
96 993
96 993
96 993
102 1014
102 1014
102 1014
102 1014
94 1595
94 1595
94 1595
94 1595
94 1595
94 1595
94 1595
94 1595
94 1595
94 1595
94 1595
94 1595
94 1595
94 1595
94 1595
95 1902
95 1902
95 1902
95 1902
95 1902
95 1902
95 1902
95 1902
95 1902
95 1902
95 1902
95 1902
95 1902
95 1902
95 1902
95 1902
95 1902
95 1902
95 1902
95 1902
95 1902
95 1902
95 1902
95 1902
95 1902
95 1902
