8 459
8 459
8 459
8 459
8 459
8 459
8 459
8 459
8 459
8 459
8 459
8 459
8 459
8 459
28 262
28 262
28 262
28 262
28 262
28 262
7 472
7 472
7 472
7 472
7 472
7 472
7 472
7 472
7 472
7 472
7 472
7 472
7 472
7 472
7 472
7 472
7 472
7 472
7 472
18 365
18 365
18 365
18 365
18 365
18 365
18 365
18 365
18 365
18 365
18 365
31 279
31 279
31 279
31 279
31 279
31 279
31 279
31 279
31 279
31 279
31 279
31 279
31 279
31 279
31 279
31 279
34 320
34 320
34 320
34 320
34 320
34 320
34 320
34 320
34 320
34 320
37 311
37 311
37 311
37 311
37 311
37 311
37 311
37 311
49 325
49 325
49 325
49 325
49 325
49 325
49 325
49 325
49 325
49 325
49 325
49 325
49 325
49 325
49 325
49 325
49 325
49 325
49 325
49 325
49 325
49 325
49 325
49 325
49 325
65 209
65 209
65 209
65 209
65 209
65 209
65 209
65 209
65 209
65 209
65 209
65 209
65 209
65 209
65 209
65 209
65 209
65 209
65 209
65 209
65 209
65 209
65 209
65 209
65 209
65 209
65 209
65 209
65 209
65 209
84 187
84 187
84 187
84 187
84 187
84 187
84 187
84 187
84 187
84 187
84 187
84 187
84 187
84 187
84 187
84 187
84 187
84 187
86 176
86 176
86 176
86 176
86 176
86 176
86 176
86 176
86 176
83 208
83 208
83 208
83 208
83 208
7 538
7 538
7 538
7 538
7 538
7 538
7 538
7 538
7 538
7 538
7 538
7 538
7 538
7 538
7 538
7 538
7 538
7 538
7 538
100 212
100 212
100 212
100 212
100 212
100 212
100 212
100 212
100 212
100 212
100 212
100 212
100 212
100 212
100 212
100 212
100 212
100 212
100 212
100 212
100 212
100 212
100 212
100 212
100 212
100 212
100 212
100 212
8 658
8 658
8 658
8 658
8 658
8 658
8 658
8 658
8 658
8 658
8 658
8 658
8 658
8 658
49 473
49 473
49 473
49 473
49 473
49 473
49 473
49 473
49 473
49 473
49 473
49 473
49 473
49 473
49 473
49 473
49 473
49 473
49 473
49 473
49 473
49 473
49 473
49 473
49 473
65 401
65 401
65 401
65 401
65 401
65 401
65 401
65 401
65 401
65 401
65 401
65 401
65 401
65 401
65 401
65 401
65 401
65 401
65 401
65 401
65 401
65 401
65 401
65 401
65 401
65 401
65 401
65 401
65 401
65 401
64 414
64 414
64 414
64 414
64 414
64 414
64 414
83 237
83 237
83 237
83 237
83 237
84 229
84 229
84 229
84 229
84 229
84 229
84 229
84 229
84 229
84 229
84 229
84 229
84 229
84 229
84 229
84 229
84 229
84 229
86 209
86 209
86 209
86 209
86 209
86 209
86 209
86 209
86 209
58 506
58 506
58 506
58 506
58 506
58 506
58 506
58 506
58 506
58 506
58 506
58 506
58 506
58 506
58 506
58 506
58 506
89 198
89 198
89 198
89 198
89 198
89 198
89 198
89 198
89 198
89 198
89 198
89 198
87 240
90 214
90 214
90 214
90 214
90 214
90 214
90 214
90 214
90 214
90 214
90 214
90 214
90 214
90 214
90 214
90 214
90 214
90 214
90 214
90 214
90 214
90 214
91 211
91 211
91 211
91 211
92 202
92 202
100 254
100 254
100 254
100 254
100 254
100 254
100 254
100 254
100 254
100 254
100 254
100 254
100 254
100 254
100 254
100 254
100 254
100 254
100 254
100 254
100 254
100 254
100 254
100 254
100 254
100 254
100 254
100 254
59 695
59 695
59 695
59 695
59 695
59 695
59 695
59 695
59 695
59 695
59 695
59 695
59 695
59 695
59 695
59 695
59 695
59 695
59 695
59 695
59 695
59 695
59 695
59 695
59 695
59 695
72 1065
72 1065
72 1065
72 566
72 566
72 566
69 1096
69 1096
69 1096
69 1096
69 1096
69 1096
69 1096
69 1096
69 1096
69 1096
69 1096
69 1096
69 1096
69 1096
69 1096
69 596
69 596
69 596
69 596
69 596
69 596
69 596
69 596
69 596
69 596
69 596
69 596
69 596
69 596
69 596
66 1127
66 1127
66 1127
66 1127
66 1127
66 1127
66 1127
66 1127
66 1127
66 1127
66 1127
66 1127
66 1127
66 1127
66 1127
66 1127
66 1127
66 1127
66 1127
66 1127
66 627
66 627
66 627
66 627
66 627
66 627
66 627
66 627
66 627
66 627
66 627
66 627
66 627
66 627
66 627
66 627
66 627
66 627
66 627
66 627
54 1248
54 1248
54 1248
54 1248
54 1248
54 1248
54 1248
54 1248
54 1248
54 1248
54 1248
54 1248
54 1248
54 1248
54 1248
54 1248
54 1248
54 1248
54 1248
54 1248
54 1248
54 1248
54 1248
54 748
54 748
54 748
54 748
54 748
54 748
54 748
54 748
54 748
54 748
54 748
54 748
54 748
54 748
54 748
54 748
54 748
54 748
54 748
54 748
54 748
54 748
54 748
50 1288
50 1288
50 1288
50 1288
50 1288
50 1288
50 1288
50 1288
50 1288
50 1288
50 1288
50 1288
50 1288
50 1288
50 1288
50 1288
50 1288
50 1288
50 1288
50 1288
50 1288
50 1288
50 1288
50 1288
50 789
50 789
50 789
50 789
50 789
50 789
50 789
50 789
50 789
50 789
50 789
50 789
50 789
50 789
50 789
50 789
50 789
50 789
50 789
50 789
50 789
50 789
50 789
50 789
83 147
83 147
83 147
83 147
83 147
18 1303
18 1303
18 1303
18 1303
18 1303
18 1303
18 1303
18 1303
18 1303
18 1303
18 1303
54 445
54 445
54 445
54 445
54 445
54 445
54 445
54 445
54 445
54 445
54 445
54 445
54 445
54 445
54 445
54 445
54 445
54 445
54 445
54 445
54 445
54 445
54 445
28 1207
28 1207
28 1207
28 1207
28 1207
28 1207
31 1179
31 1179
31 1179
31 1179
31 1179
31 1179
31 1179
31 1179
31 1179
31 1179
31 1179
31 1179
31 1179
31 1179
31 1179
31 1179
34 1154
34 1154
34 1154
34 1154
34 1154
34 1154
34 1154
34 1154
34 1154
34 1154
37 1125
37 1125
37 1125
37 1125
37 1125
37 1125
37 1125
37 1125
29 1208
29 1208
29 1208
29 1208
29 1208
29 1208
29 1208
29 1208
29 1208
29 1208
29 1208
29 1208
29 1208
93 1070
93 1070
93 1070
93 1070
93 1070
93 1070
93 1070
93 1070
93 1070
93 1070
93 1070
93 1070
93 1070
93 1070
93 1070
93 1070
93 1070
93 1070
93 1070
93 1070
93 1070
50 513
50 513
50 513
50 513
50 513
50 513
50 513
50 513
50 513
50 513
50 513
50 513
50 513
50 513
50 513
50 513
50 513
50 513
50 513
50 513
50 513
50 513
50 513
50 513
86 161
86 161
86 161
86 161
86 161
86 161
86 161
86 161
86 161
79 736
79 736
79 736
79 736
79 736
79 736
79 736
79 736
79 736
79 736
79 736
79 736
79 736
79 736
79 736
79 736
79 736
79 736
79 736
79 736
79 736
79 736
79 736
79 736
79 736
79 736
79 736
79 236
79 236
79 236
79 236
79 236
79 236
79 236
79 236
79 236
79 236
79 236
79 236
79 236
79 236
79 236
79 236
79 236
79 236
79 236
79 236
79 236
79 236
79 236
79 236
79 236
79 236
79 236
58 447
58 447
58 447
58 447
58 447
58 447
58 447
58 447
58 447
58 447
58 447
58 447
58 447
58 447
58 447
58 447
58 447
87 175
59 466
59 466
59 466
59 466
59 466
59 466
59 466
59 466
59 466
59 466
59 466
59 466
59 466
59 466
59 466
59 466
59 466
59 466
59 466
59 466
59 466
59 466
59 466
59 466
59 466
59 466
49 579
49 579
49 579
49 579
49 579
49 579
49 579
49 579
49 579
49 579
49 579
49 579
49 579
49 579
49 579
49 579
49 579
49 579
49 579
49 579
49 579
49 579
49 579
49 579
49 579
84 241
84 241
84 241
84 241
84 241
84 241
84 241
84 241
84 241
84 241
84 241
84 241
84 241
84 241
84 241
84 241
84 241
84 241
89 203
89 203
89 203
89 203
89 203
89 203
89 203
89 203
89 203
89 203
89 203
89 203
90 200
90 200
90 200
90 200
90 200
90 200
90 200
90 200
90 200
90 200
90 200
90 200
90 200
90 200
90 200
90 200
90 200
90 200
90 200
90 200
90 200
90 200
64 484
64 484
64 484
64 484
64 484
64 484
64 484
91 227
91 227
91 227
91 227
92 221
92 221
65 493
65 493
65 493
65 493
65 493
65 493
65 493
65 493
65 493
65 493
65 493
65 493
65 493
65 493
65 493
65 493
65 493
65 493
65 493
65 493
65 493
65 493
65 493
65 493
65 493
65 493
65 493
65 493
65 493
65 493
66 494
66 494
66 494
66 494
66 494
66 494
66 494
66 494
66 494
66 494
66 494
66 494
66 494
66 494
66 494
66 494
66 494
66 494
66 494
66 494
7 1097
7 1097
7 1097
7 1097
7 1097
7 1097
7 1097
7 1097
7 1097
7 1097
7 1097
7 1097
7 1097
7 1097
7 1097
7 1097
7 1097
7 1097
7 1097
69 493
69 493
69 493
69 493
69 493
69 493
69 493
69 493
69 493
69 493
69 493
69 493
69 493
69 493
69 493
8 1106
8 1106
8 1106
8 1106
8 1106
8 1106
8 1106
8 1106
8 1106
8 1106
8 1106
8 1106
8 1106
8 1106
72 496
72 496
72 496
100 218
100 218
100 218
100 218
100 218
100 218
100 218
100 218
100 218
100 218
100 218
100 218
100 218
100 218
100 218
100 218
100 218
100 218
100 218
100 218
100 218
100 218
100 218
100 218
100 218
100 218
100 218
100 218
18 1237
18 1237
18 1237
18 1237
18 1237
18 1237
18 1237
18 1237
18 1237
18 1237
18 1237
79 189
79 189
79 189
79 189
79 189
79 189
79 189
79 189
79 189
79 189
79 189
79 189
79 189
79 189
79 189
79 189
79 189
79 189
79 189
79 189
79 189
79 189
79 189
79 189
79 189
79 189
79 189
83 198
83 198
83 198
83 198
83 198
84 220
84 220
84 220
84 220
84 220
84 220
84 220
84 220
84 220
84 220
84 220
84 220
84 220
84 220
84 220
84 220
84 220
84 220
86 205
86 205
86 205
86 205
86 205
86 205
86 205
86 205
86 205
22 1849
22 1849
22 1849
22 1849
22 1849
22 1849
22 1849
22 1849
22 1849
22 1849
22 1849
22 1849
22 1849
22 1849
22 1849
22 1849
22 1849
22 1849
22 1849
22 1849
22 1849
22 1849
22 1849
22 1849
22 1849
22 1849
22 1849
22 1849
22 1849
22 1350
22 1350
22 1350
22 1350
22 1350
22 1350
22 1350
22 1350
22 1350
22 1350
22 1350
22 1350
22 1350
22 1350
22 1350
22 1350
22 1350
22 1350
22 1350
22 1350
22 1350
22 1350
22 1350
22 1350
22 1350
22 1350
22 1350
22 1350
22 1350
87 201
89 208
89 208
89 208
89 208
89 208
89 208
89 208
89 208
89 208
89 208
89 208
89 208
90 200
90 200
90 200
90 200
90 200
90 200
90 200
90 200
90 200
90 200
90 200
90 200
90 200
90 200
90 200
90 200
90 200
90 200
90 200
90 200
90 200
90 200
91 194
91 194
91 194
91 194
49 616
49 616
49 616
49 616
49 616
49 616
49 616
49 616
49 616
49 616
49 616
49 616
49 616
49 616
49 616
49 616
49 616
49 616
49 616
49 616
49 616
49 616
49 616
49 616
49 616
28 1336
28 1336
28 1336
28 1336
28 1336
28 1336
92 199
92 199
50 623
50 623
50 623
50 623
50 623
50 623
50 623
50 623
50 623
50 623
50 623
50 623
50 623
50 623
50 623
50 623
50 623
50 623
50 623
50 623
50 623
50 623
50 623
50 623
54 583
54 583
54 583
54 583
54 583
54 583
54 583
54 583
54 583
54 583
54 583
54 583
54 583
54 583
54 583
54 583
54 583
54 583
54 583
54 583
54 583
54 583
54 583
29 1352
29 1352
29 1352
29 1352
29 1352
29 1352
29 1352
29 1352
29 1352
29 1352
29 1352
29 1352
29 1352
59 563
59 563
59 563
59 563
59 563
59 563
59 563
59 563
59 563
59 563
59 563
59 563
59 563
59 563
59 563
59 563
59 563
59 563
59 563
59 563
59 563
59 563
59 563
59 563
59 563
59 563
31 1357
31 1357
31 1357
31 1357
31 1357
31 1357
31 1357
31 1357
31 1357
31 1357
31 1357
31 1357
31 1357
31 1357
31 1357
31 1357
58 596
58 596
58 596
58 596
58 596
58 596
58 596
58 596
58 596
58 596
58 596
58 596
58 596
58 596
58 596
58 596
58 596
64 571
64 571
64 571
64 571
64 571
64 571
64 571
100 211
100 211
100 211
100 211
100 211
100 211
100 211
100 211
100 211
100 211
100 211
100 211
100 211
100 211
100 211
100 211
100 211
100 211
100 211
100 211
100 211
100 211
100 211
100 211
100 211
100 211
100 211
100 211
34 1374
34 1374
34 1374
34 1374
34 1374
34 1374
34 1374
34 1374
34 1374
34 1374
65 576
65 576
65 576
65 576
65 576
65 576
65 576
65 576
65 576
65 576
65 576
65 576
65 576
65 576
65 576
65 576
65 576
65 576
65 576
65 576
65 576
65 576
65 576
65 576
65 576
65 576
65 576
65 576
65 576
65 576
66 570
66 570
66 570
66 570
66 570
66 570
66 570
66 570
66 570
66 570
66 570
66 570
66 570
66 570
66 570
66 570
66 570
66 570
66 570
66 570
69 570
69 570
69 570
69 570
69 570
69 570
69 570
69 570
69 570
69 570
69 570
69 570
69 570
69 570
69 570
37 1471
37 1471
37 1471
37 1471
37 1471
37 1471
37 1471
37 1471
93 1427
93 1427
93 1427
93 1427
93 1427
93 1427
93 1427
93 1427
93 1427
93 1427
93 1427
93 1427
93 1427
93 1427
93 1427
93 1427
93 1427
93 1427
93 1427
93 1427
93 1427
79 158
79 158
79 158
79 158
79 158
79 158
79 158
79 158
79 158
79 158
79 158
79 158
79 158
79 158
79 158
79 158
79 158
79 158
79 158
79 158
79 158
79 158
79 158
79 158
79 158
79 158
79 158
72 742
72 742
72 742
83 173
83 173
83 173
83 173
83 173
84 187
84 187
84 187
84 187
84 187
84 187
84 187
84 187
84 187
84 187
84 187
84 187
84 187
84 187
84 187
84 187
84 187
84 187
86 173
86 173
86 173
86 173
86 173
86 173
86 173
86 173
86 173
87 172
89 160
89 160
89 160
89 160
89 160
89 160
89 160
89 160
89 160
89 160
89 160
89 160
90 152
90 152
90 152
90 152
90 152
90 152
90 152
90 152
90 152
90 152
90 152
90 152
90 152
90 152
90 152
90 152
90 152
90 152
90 152
90 152
90 152
90 152
91 146
91 146
91 146
91 146
8 1539
8 1539
8 1539
8 1539
8 1539
8 1539
8 1539
8 1539
8 1539
8 1539
8 1539
8 1539
8 1539
8 1539
7 1596
7 1596
7 1596
7 1596
7 1596
7 1596
7 1596
7 1596
7 1596
7 1596
7 1596
7 1596
7 1596
7 1596
7 1596
7 1596
7 1596
7 1596
7 1596
92 257
92 257
49 710
49 710
49 710
49 710
49 710
49 710
49 710
49 710
49 710
49 710
49 710
49 710
49 710
49 710
49 710
49 710
49 710
49 710
49 710
49 710
49 710
49 710
49 710
49 710
49 710
50 708
50 708
50 708
50 708
50 708
50 708
50 708
50 708
50 708
50 708
50 708
50 708
50 708
50 708
50 708
50 708
50 708
50 708
50 708
50 708
50 708
50 708
50 708
50 708
54 696
54 696
54 696
54 696
54 696
54 696
54 696
54 696
54 696
54 696
54 696
54 696
54 696
54 696
54 696
54 696
54 696
54 696
54 696
54 696
54 696
54 696
54 696
100 254
100 254
100 254
100 254
100 254
100 254
100 254
100 254
100 254
100 254
100 254
100 254
100 254
100 254
100 254
100 254
100 254
100 254
100 254
100 254
100 254
100 254
100 254
100 254
100 254
100 254
100 254
100 254
18 1611
18 1611
18 1611
18 1611
18 1611
18 1611
18 1611
18 1611
18 1611
18 1611
18 1611
22 1650
22 1650
22 1650
22 1650
22 1650
22 1650
22 1650
22 1650
22 1650
22 1650
22 1650
22 1650
22 1650
22 1650
22 1650
22 1650
22 1650
22 1650
22 1650
22 1650
22 1650
22 1650
22 1650
22 1650
22 1650
22 1650
22 1650
22 1650
22 1650
59 819
59 819
59 819
59 819
59 819
59 819
59 819
59 819
59 819
59 819
59 819
59 819
59 819
59 819
59 819
59 819
59 819
59 819
59 819
59 819
59 819
59 819
59 819
59 819
59 819
59 819
65 765
65 765
65 765
65 765
65 765
65 765
65 765
65 765
65 765
65 765
65 765
65 765
65 765
65 765
65 765
65 765
65 765
65 765
65 765
65 765
65 765
65 765
65 765
65 765
65 765
65 765
65 765
65 765
65 765
65 765
64 781
64 781
64 781
64 781
64 781
64 781
64 781
66 791
66 791
66 791
66 791
66 791
66 791
66 791
66 791
66 791
66 791
66 791
66 791
66 791
66 791
66 791
66 791
66 791
66 791
66 791
66 791
58 892
58 892
58 892
58 892
58 892
58 892
58 892
58 892
58 892
58 892
58 892
58 892
58 892
58 892
58 892
58 892
58 892
28 1699
28 1699
28 1699
28 1699
28 1699
28 1699
79 215
79 215
79 215
79 215
79 215
79 215
79 215
79 215
79 215
79 215
79 215
79 215
79 215
79 215
79 215
79 215
79 215
79 215
79 215
79 215
79 215
79 215
79 215
79 215
79 215
79 215
79 215
83 184
83 184
83 184
83 184
83 184
69 829
69 829
69 829
69 829
69 829
69 829
69 829
69 829
69 829
69 829
69 829
69 829
69 829
69 829
69 829
72 813
72 813
72 813
86 190
86 190
86 190
86 190
86 190
86 190
86 190
86 190
86 190
31 1762
31 1762
31 1762
31 1762
31 1762
31 1762
31 1762
31 1762
31 1762
31 1762
31 1762
31 1762
31 1762
31 1762
31 1762
31 1762
87 206
84 239
84 239
84 239
84 239
84 239
84 239
84 239
84 239
84 239
84 239
84 239
84 239
84 239
84 239
84 239
84 239
84 239
84 239
89 199
89 199
89 199
89 199
89 199
89 199
89 199
89 199
89 199
89 199
89 199
89 199
90 201
90 201
90 201
90 201
90 201
90 201
90 201
90 201
90 201
90 201
90 201
90 201
90 201
90 201
90 201
90 201
90 201
90 201
90 201
90 201
90 201
90 201
91 193
91 193
91 193
91 193
92 184
92 184
34 1777
34 1777
34 1777
34 1777
34 1777
34 1777
34 1777
34 1777
34 1777
34 1777
100 135
100 135
100 135
100 135
100 135
100 135
100 135
100 135
100 135
100 135
100 135
100 135
100 135
100 135
100 135
100 135
100 135
100 135
100 135
100 135
100 135
100 135
100 135
100 135
100 135
100 135
100 135
100 135
37 1809
37 1809
37 1809
37 1809
37 1809
37 1809
37 1809
37 1809
29 2104
29 2104
29 2104
29 2104
29 2104
29 2104
29 2104
29 2104
29 2104
29 2104
29 2104
29 2104
29 2104
50 930
50 930
50 930
50 930
50 930
50 930
50 930
50 930
50 930
50 930
50 930
50 930
50 930
50 930
50 930
50 930
50 930
50 930
50 930
50 930
50 930
50 930
50 930
50 930
93 2012
93 2012
93 2012
93 2012
93 2012
93 2012
93 2012
93 2012
93 2012
93 2012
93 2012
93 2012
93 2012
93 2012
93 2012
93 2012
93 2012
93 2012
93 2012
93 2012
93 2012
79 156
79 156
79 156
79 156
79 156
79 156
79 156
79 156
79 156
79 156
79 156
79 156
79 156
79 156
79 156
79 156
79 156
79 156
79 156
79 156
79 156
79 156
79 156
79 156
79 156
79 156
79 156
83 121
83 121
83 121
83 121
83 121
84 130
84 130
84 130
84 130
84 130
84 130
84 130
84 130
84 130
84 130
84 130
84 130
84 130
84 130
84 130
84 130
84 130
84 130
86 111
86 111
86 111
86 111
86 111
86 111
86 111
86 111
86 111
87 106
54 939
54 939
54 939
54 939
54 939
54 939
54 939
54 939
54 939
54 939
54 939
54 939
54 939
54 939
54 939
54 939
54 939
54 939
54 939
54 939
54 939
54 939
54 939
49 994
49 994
49 994
49 994
49 994
49 994
49 994
49 994
49 994
49 994
49 994
49 994
49 994
49 994
49 994
49 994
49 994
49 994
49 994
49 994
49 994
49 994
49 994
49 994
49 994
89 125
89 125
89 125
89 125
89 125
89 125
89 125
89 125
89 125
89 125
89 125
89 125
58 965
58 965
58 965
58 965
58 965
58 965
58 965
58 965
58 965
58 965
58 965
58 965
58 965
58 965
58 965
58 965
58 965
59 956
59 956
59 956
59 956
59 956
59 956
59 956
59 956
59 956
59 956
59 956
59 956
59 956
59 956
59 956
59 956
59 956
59 956
59 956
59 956
59 956
59 956
59 956
59 956
59 956
59 956
90 156
90 156
90 156
90 156
90 156
90 156
90 156
90 156
90 156
90 156
90 156
90 156
90 156
90 156
90 156
90 156
90 156
90 156
90 156
90 156
90 156
90 156
64 920
64 920
64 920
64 920
64 920
64 920
64 920
65 913
65 913
65 913
65 913
65 913
65 913
65 913
65 913
65 913
65 913
65 913
65 913
65 913
65 913
65 913
65 913
65 913
65 913
65 913
65 913
65 913
65 913
65 913
65 913
65 913
65 913
65 913
65 913
65 913
65 913
66 904
66 904
66 904
66 904
66 904
66 904
66 904
66 904
66 904
66 904
66 904
66 904
66 904
66 904
66 904
66 904
66 904
66 904
66 904
66 904
69 922
69 922
69 922
69 922
69 922
69 922
69 922
69 922
69 922
69 922
69 922
69 922
69 922
69 922
69 922
92 192
92 192
91 203
91 203
91 203
91 203
72 908
72 908
72 908
100 300
100 300
100 300
100 300
100 300
100 300
100 300
100 300
100 300
100 300
100 300
100 300
100 300
100 300
100 300
100 300
100 300
100 300
100 300
100 300
100 300
100 300
100 300
100 300
100 300
100 300
100 300
100 300
49 959
49 959
49 959
49 959
49 959
49 959
49 959
49 959
49 959
49 959
49 959
49 959
49 959
49 959
49 959
49 959
49 959
49 959
49 959
49 959
49 959
49 959
49 959
49 959
49 959
79 163
79 163
79 163
79 163
79 163
79 163
79 163
79 163
79 163
79 163
79 163
79 163
79 163
79 163
79 163
79 163
79 163
79 163
79 163
79 163
79 163
79 163
79 163
79 163
79 163
79 163
79 163
83 124
83 124
83 124
83 124
83 124
50 958
50 958
50 958
50 958
50 958
50 958
50 958
50 958
50 958
50 958
50 958
50 958
50 958
50 958
50 958
50 958
50 958
50 958
50 958
50 958
50 958
50 958
50 958
50 958
84 125
84 125
84 125
84 125
84 125
84 125
84 125
84 125
84 125
84 125
84 125
84 125
84 125
84 125
84 125
84 125
84 125
84 125
54 980
54 980
54 980
54 980
54 980
54 980
54 980
54 980
54 980
54 980
54 980
54 980
54 980
54 980
54 980
54 980
54 980
54 980
54 980
54 980
54 980
54 980
54 980
86 163
86 163
86 163
86 163
86 163
86 163
86 163
86 163
86 163
91 133
91 133
91 133
91 133
89 154
89 154
89 154
89 154
89 154
89 154
89 154
89 154
89 154
89 154
89 154
89 154
58 987
58 987
58 987
58 987
58 987
58 987
58 987
58 987
58 987
58 987
58 987
58 987
58 987
58 987
58 987
58 987
58 987
59 988
59 988
59 988
59 988
59 988
59 988
59 988
59 988
59 988
59 988
59 988
59 988
59 988
59 988
59 988
59 988
59 988
59 988
59 988
59 988
59 988
59 988
59 988
59 988
59 988
59 988
92 187
92 187
65 976
65 976
65 976
65 976
65 976
65 976
65 976
65 976
65 976
65 976
65 976
65 976
65 976
65 976
65 976
65 976
65 976
65 976
65 976
65 976
65 976
65 976
65 976
65 976
65 976
65 976
65 976
65 976
65 976
65 976
66 972
66 972
66 972
66 972
66 972
66 972
66 972
66 972
66 972
66 972
66 972
66 972
66 972
66 972
66 972
66 972
66 972
66 972
66 972
66 972
90 265
90 265
90 265
90 265
90 265
90 265
90 265
90 265
90 265
90 265
90 265
90 265
90 265
90 265
90 265
90 265
90 265
90 265
90 265
90 265
90 265
90 265
87 328
100 206
100 206
100 206
100 206
100 206
100 206
100 206
100 206
100 206
100 206
100 206
100 206
100 206
100 206
100 206
100 206
100 206
100 206
100 206
100 206
100 206
100 206
100 206
100 206
100 206
100 206
100 206
100 206
72 996
72 996
72 996
