6 38
6 38
6 38
6 38
6 38
6 38
6 38
6 38
12 40
12 40
12 40
12 40
12 40
12 40
12 40
12 40
12 40
12 40
12 40
12 40
12 40
14 68
14 68
14 68
14 68
14 68
14 68
20 49
20 49
20 49
20 49
20 49
20 49
20 49
20 49
20 49
20 49
20 49
20 49
20 49
20 49
20 49
20 49
17 182
17 182
17 182
17 182
17 182
17 182
17 182
17 182
17 182
17 182
17 182
17 182
17 182
17 182
17 182
17 182
17 182
31 77
31 77
31 77
31 77
31 77
31 77
31 77
31 77
31 77
31 77
31 77
31 77
31 77
31 77
31 77
31 77
31 77
31 77
31 77
31 77
31 77
31 77
9 397
9 397
9 397
9 397
9 397
9 397
9 397
9 397
9 397
9 397
9 397
9 397
44 106
44 106
44 106
44 106
44 106
44 106
44 106
44 106
44 106
44 106
44 106
44 106
44 106
44 106
44 106
44 106
44 106
44 106
44 106
44 106
44 106
44 106
44 106
44 106
44 106
44 106
44 106
44 106
44 106
44 106
45 125
45 125
45 125
45 125
45 125
45 125
45 125
45 125
45 125
45 125
45 125
45 125
45 125
45 125
45 125
45 125
45 125
45 125
38 231
38 231
38 231
38 231
38 231
38 231
38 231
38 231
38 231
38 231
38 231
38 231
38 231
38 231
38 231
38 231
38 231
38 231
38 231
38 231
38 231
38 231
38 231
51 158
51 158
51 158
51 158
51 158
51 158
51 158
51 158
51 158
51 158
51 158
50 169
50 169
50 169
50 169
50 169
50 169
50 169
50 169
50 169
50 169
50 169
50 169
50 169
50 169
50 169
50 169
50 169
50 169
50 169
50 169
50 169
52 149
52 149
52 149
52 149
52 149
52 149
52 149
52 149
52 149
52 149
52 149
52 149
52 149
52 149
52 149
52 149
52 149
52 149
52 149
52 149
52 149
52 149
52 149
52 149
52 149
52 149
52 149
52 149
52 149
55 121
55 121
6 139
6 139
6 139
6 139
6 139
6 139
6 139
6 139
62 99
62 99
62 99
62 99
62 99
62 99
62 99
62 99
62 99
62 99
62 99
62 99
62 99
62 99
62 99
62 99
62 99
62 99
62 99
62 99
62 99
62 99
62 99
62 99
62 99
62 99
62 99
62 99
12 129
12 129
12 129
12 129
12 129
12 129
12 129
12 129
12 129
12 129
12 129
12 129
12 129
14 154
14 154
14 154
14 154
14 154
14 154
17 152
17 152
17 152
17 152
17 152
17 152
17 152
17 152
17 152
17 152
17 152
17 152
17 152
17 152
17 152
17 152
17 152
69 135
69 135
69 135
69 135
69 135
71 135
71 135
71 135
71 135
20 201
20 201
20 201
20 201
20 201
20 201
20 201
20 201
20 201
20 201
20 201
20 201
20 201
20 201
20 201
20 201
70 206
70 206
70 206
70 206
70 206
70 206
70 206
70 206
70 206
70 206
70 206
70 206
70 206
70 206
70 206
70 206
70 206
70 206
70 206
70 206
70 206
70 206
70 206
70 206
70 206
70 206
9 348
9 348
9 348
9 348
9 348
9 348
9 348
9 348
9 348
9 348
9 348
9 348
47 480
47 480
47 480
47 480
47 480
47 480
47 480
47 480
47 480
47 480
47 480
47 480
47 480
47 480
47 480
47 480
47 480
47 480
47 480
47 480
47 480
47 480
47 480
47 480
74 213
74 213
74 213
74 213
74 213
74 213
74 213
74 213
74 213
74 213
74 213
74 213
74 213
74 213
80 199
80 199
80 199
31 197
31 197
31 197
31 197
31 197
31 197
31 197
31 197
31 197
31 197
31 197
31 197
31 197
31 197
31 197
31 197
31 197
31 197
31 197
31 197
31 197
31 197
78 313
78 313
78 313
78 313
78 313
78 313
78 313
78 313
78 313
78 313
78 313
78 313
78 313
78 313
78 313
78 313
78 313
78 313
78 313
78 313
78 313
78 313
78 313
78 313
78 313
78 313
78 313
15 459
15 459
15 459
15 459
15 459
15 459
15 459
15 459
15 459
15 459
85 338
85 338
85 338
85 338
85 338
85 338
85 338
44 461
44 461
44 461
44 461
44 461
44 461
44 461
44 461
44 461
44 461
44 461
44 461
44 461
44 461
44 461
44 461
44 461
44 461
44 461
44 461
44 461
44 461
44 461
44 461
44 461
44 461
44 461
44 461
44 461
44 461
43 990
43 990
43 990
43 990
43 990
43 990
43 990
43 990
43 990
43 990
43 990
43 990
43 990
43 990
43 990
43 990
43 990
43 990
43 990
7 1350
7 1350
7 1350
7 1350
7 1350
7 1350
7 1350
7 1350
7 1350
7 850
7 850
7 850
7 850
7 850
7 850
7 850
7 850
7 850
5 1371
5 1371
5 1371
5 1371
5 1371
5 1371
5 1371
5 1371
5 1371
5 1371
5 1371
5 1371
5 1371
5 1371
5 1371
5 1371
5 1371
5 1371
5 1371
5 1371
5 1371
5 1371
5 1371
5 1371
5 1371
5 871
5 871
5 871
5 871
5 871
5 871
5 871
5 871
5 871
5 871
5 871
5 871
5 871
5 871
5 871
5 871
5 871
5 871
5 871
5 871
5 871
5 871
5 871
5 871
5 871
45 485
45 485
45 485
45 485
45 485
45 485
45 485
45 485
45 485
45 485
45 485
45 485
45 485
45 485
45 485
45 485
45 485
45 485
55 497
55 497
51 541
51 541
51 541
51 541
51 541
51 541
51 541
51 541
51 541
51 541
51 541
62 432
62 432
62 432
62 432
62 432
62 432
62 432
62 432
62 432
62 432
62 432
62 432
62 432
62 432
62 432
62 432
62 432
62 432
62 432
62 432
62 432
62 432
62 432
62 432
62 432
62 432
62 432
62 432
52 533
52 533
52 533
52 533
52 533
52 533
52 533
52 533
52 533
52 533
52 533
52 533
52 533
52 533
52 533
52 533
52 533
52 533
52 533
52 533
52 533
52 533
52 533
52 533
52 533
52 533
52 533
52 533
52 533
50 555
50 555
50 555
50 555
50 555
50 555
50 555
50 555
50 555
50 555
50 555
50 555
50 555
50 555
50 555
50 555
50 555
50 555
50 555
50 555
50 555
6 495
6 495
6 495
6 495
6 495
6 495
6 495
6 495
12 437
12 437
12 437
12 437
12 437
12 437
12 437
12 437
12 437
12 437
12 437
12 437
12 437
14 424
14 424
14 424
14 424
14 424
14 424
17 403
17 403
17 403
17 403
17 403
17 403
17 403
17 403
17 403
17 403
17 403
17 403
17 403
17 403
17 403
17 403
17 403
69 414
69 414
69 414
69 414
69 414
71 419
71 419
71 419
71 419
70 459
70 459
70 459
70 459
70 459
70 459
70 459
70 459
70 459
70 459
70 459
70 459
70 459
70 459
70 459
70 459
70 459
70 459
70 459
70 459
70 459
70 459
70 459
70 459
70 459
70 459
20 460
20 460
20 460
20 460
20 460
20 460
20 460
20 460
20 460
20 460
20 460
20 460
20 460
20 460
20 460
20 460
80 402
80 402
80 402
31 409
31 409
31 409
31 409
31 409
31 409
31 409
31 409
31 409
31 409
31 409
31 409
31 409
31 409
31 409
31 409
31 409
31 409
31 409
31 409
31 409
31 409
74 485
74 485
74 485
74 485
74 485
74 485
74 485
74 485
74 485
74 485
74 485
74 485
74 485
74 485
78 457
78 457
78 457
78 457
78 457
78 457
78 457
78 457
78 457
78 457
78 457
78 457
78 457
78 457
78 457
78 457
78 457
78 457
78 457
78 457
78 457
78 457
78 457
78 457
78 457
78 457
78 457
85 394
85 394
85 394
85 394
85 394
85 394
85 394
44 437
44 437
44 437
44 437
44 437
44 437
44 437
44 437
44 437
44 437
44 437
44 437
44 437
44 437
44 437
44 437
44 437
44 437
44 437
44 437
44 437
44 437
44 437
44 437
44 437
44 437
44 437
44 437
44 437
44 437
45 431
45 431
45 431
45 431
45 431
45 431
45 431
45 431
45 431
45 431
45 431
45 431
45 431
45 431
45 431
45 431
45 431
45 431
50 472
50 472
50 472
50 472
50 472
50 472
50 472
50 472
50 472
50 472
50 472
50 472
50 472
50 472
50 472
50 472
50 472
50 472
50 472
50 472
50 472
51 476
51 476
51 476
51 476
51 476
51 476
51 476
51 476
51 476
51 476
51 476
52 482
52 482
52 482
52 482
52 482
52 482
52 482
52 482
52 482
52 482
52 482
52 482
52 482
52 482
52 482
52 482
52 482
52 482
52 482
52 482
52 482
52 482
52 482
52 482
52 482
52 482
52 482
52 482
52 482
55 492
55 492
38 1169
38 1169
38 1169
38 1169
38 1169
38 1169
38 1169
38 1169
38 1169
38 1169
38 1169
38 1169
38 1169
38 1169
38 1169
38 1169
38 1169
38 1169
38 1169
38 1169
38 1169
38 1169
38 1169
43 1119
43 1119
43 1119
43 1119
43 1119
43 1119
43 1119
43 1119
43 1119
43 1119
43 1119
43 1119
43 1119
43 1119
43 1119
43 1119
43 1119
43 1119
43 1119
47 1083
47 1083
47 1083
47 1083
47 1083
47 1083
47 1083
47 1083
47 1083
47 1083
47 1083
47 1083
47 1083
47 1083
47 1083
47 1083
47 1083
47 1083
47 1083
47 1083
47 1083
47 1083
47 1083
47 1083
5 1006
5 1006
5 1006
5 1006
5 1006
5 1006
5 1006
5 1006
5 1006
5 1006
5 1006
5 1006
5 1006
5 1006
5 1006
5 1006
5 1006
5 1006
5 1006
5 1006
5 1006
5 1006
5 1006
5 1006
5 1006
7 987
7 987
7 987
7 987
7 987
7 987
7 987
7 987
7 987
9 967
9 967
9 967
9 967
9 967
9 967
9 967
9 967
9 967
9 967
9 967
9 967
15 908
15 908
15 908
15 908
15 908
15 908
15 908
15 908
15 908
15 908
75 1317
6 540
6 540
6 540
6 540
6 540
6 540
6 540
6 540
62 485
62 485
62 485
62 485
62 485
62 485
62 485
62 485
62 485
62 485
62 485
62 485
62 485
62 485
62 485
62 485
62 485
62 485
62 485
62 485
62 485
62 485
62 485
62 485
62 485
62 485
62 485
62 485
96 1161
96 1161
96 1161
96 1161
96 1161
96 1161
96 1161
96 1161
96 1161
96 1161
96 1161
96 1161
96 1161
96 1161
96 1161
96 1161
96 1161
96 1161
96 1161
96 1161
99 1132
99 1132
99 1132
99 1132
99 1132
99 1132
99 1132
99 1132
99 1132
99 1132
99 1132
99 1132
99 1132
99 1132
99 1132
17 484
17 484
17 484
17 484
17 484
17 484
17 484
17 484
17 484
17 484
17 484
17 484
17 484
17 484
17 484
17 484
17 484
12 548
12 548
12 548
12 548
12 548
12 548
12 548
12 548
12 548
12 548
12 548
12 548
12 548
69 483
69 483
69 483
69 483
69 483
75 926
14 573
14 573
14 573
14 573
14 573
14 573
71 518
71 518
71 518
71 518
70 547
70 547
70 547
70 547
70 547
70 547
70 547
70 547
70 547
70 547
70 547
70 547
70 547
70 547
70 547
70 547
70 547
70 547
70 547
70 547
70 547
70 547
70 547
70 547
70 547
70 547
20 559
20 559
20 559
20 559
20 559
20 559
20 559
20 559
20 559
20 559
20 559
20 559
20 559
20 559
20 559
20 559
74 562
74 562
74 562
74 562
74 562
74 562
74 562
74 562
74 562
74 562
74 562
74 562
74 562
74 562
80 537
80 537
80 537
31 527
31 527
31 527
31 527
31 527
31 527
31 527
31 527
31 527
31 527
31 527
31 527
31 527
31 527
31 527
31 527
31 527
31 527
31 527
31 527
31 527
31 527
78 559
78 559
78 559
78 559
78 559
78 559
78 559
78 559
78 559
78 559
78 559
78 559
78 559
78 559
78 559
78 559
78 559
78 559
78 559
78 559
78 559
78 559
78 559
78 559
78 559
78 559
78 559
85 540
85 540
85 540
85 540
85 540
85 540
85 540
38 1078
38 1078
38 1078
38 1078
38 1078
38 1078
38 1078
38 1078
38 1078
38 1078
38 1078
38 1078
38 1078
38 1078
38 1078
38 1078
38 1078
38 1078
38 1078
38 1078
38 1078
38 1078
38 1078
96 1064
96 1064
96 1064
96 1064
96 1064
96 1064
96 1064
96 1064
96 1064
96 1064
96 1064
96 1064
96 1064
96 1064
96 1064
96 1064
96 1064
96 1064
96 1064
96 1064
43 1105
43 1105
43 1105
43 1105
43 1105
43 1105
43 1105
43 1105
43 1105
43 1105
43 1105
43 1105
43 1105
43 1105
43 1105
43 1105
43 1105
43 1105
43 1105
44 595
44 595
44 595
44 595
44 595
44 595
44 595
44 595
44 595
44 595
44 595
44 595
44 595
44 595
44 595
44 595
44 595
44 595
44 595
44 595
44 595
44 595
44 595
44 595
44 595
44 595
44 595
44 595
44 595
44 595
45 586
45 586
45 586
45 586
45 586
45 586
45 586
45 586
45 586
45 586
45 586
45 586
45 586
45 586
45 586
45 586
45 586
45 586
47 1069
47 1069
47 1069
47 1069
47 1069
47 1069
47 1069
47 1069
47 1069
47 1069
47 1069
47 1069
47 1069
47 1069
47 1069
47 1069
47 1069
47 1069
47 1069
47 1069
47 1069
47 1069
47 1069
47 1069
55 561
55 561
50 636
50 636
50 636
50 636
50 636
50 636
50 636
50 636
50 636
50 636
50 636
50 636
50 636
50 636
50 636
50 636
50 636
50 636
50 636
50 636
50 636
51 630
51 630
51 630
51 630
51 630
51 630
51 630
51 630
51 630
51 630
51 630
52 622
52 622
52 622
52 622
52 622
52 622
52 622
52 622
52 622
52 622
52 622
52 622
52 622
52 622
52 622
52 622
52 622
52 622
52 622
52 622
52 622
52 622
52 622
52 622
52 622
52 622
52 622
52 622
52 622
5 1125
5 1125
5 1125
5 1125
5 1125
5 1125
5 1125
5 1125
5 1125
5 1125
5 1125
5 1125
5 1125
5 1125
5 1125
5 1125
5 1125
5 1125
5 1125
5 1125
5 1125
5 1125
5 1125
5 1125
5 1125
6 616
6 616
6 616
6 616
6 616
6 616
6 616
6 616
7 1135
7 1135
7 1135
7 1135
7 1135
7 1135
7 1135
7 1135
7 1135
62 610
62 610
62 610
62 610
62 610
62 610
62 610
62 610
62 610
62 610
62 610
62 610
62 610
62 610
62 610
62 610
62 610
62 610
62 610
62 610
62 610
62 610
62 610
62 610
62 610
62 610
62 610
62 610
9 1152
9 1152
9 1152
9 1152
9 1152
9 1152
9 1152
9 1152
9 1152
9 1152
9 1152
9 1152
99 1262
99 1262
99 1262
99 1262
99 1262
99 1262
99 1262
99 1262
99 1262
99 1262
99 1262
99 1262
99 1262
99 1262
99 1262
12 636
12 636
12 636
12 636
12 636
12 636
12 636
12 636
12 636
12 636
12 636
12 636
12 636
17 597
17 597
17 597
17 597
17 597
17 597
17 597
17 597
17 597
17 597
17 597
17 597
17 597
17 597
17 597
17 597
17 597
14 644
14 644
14 644
14 644
14 644
14 644
69 625
69 625
69 625
69 625
69 625
71 627
71 627
71 627
71 627
70 646
70 646
70 646
70 646
70 646
70 646
70 646
70 646
70 646
70 646
70 646
70 646
70 646
70 646
70 646
70 646
70 646
70 646
70 646
70 646
70 646
70 646
70 646
70 646
70 646
70 646
15 1261
15 1261
15 1261
15 1261
15 1261
15 1261
15 1261
15 1261
15 1261
15 1261
80 699
80 699
80 699
31 691
31 691
31 691
31 691
31 691
31 691
31 691
31 691
31 691
31 691
31 691
31 691
31 691
31 691
31 691
31 691
31 691
31 691
31 691
31 691
31 691
31 691
74 762
74 762
74 762
74 762
74 762
74 762
74 762
74 762
74 762
74 762
74 762
74 762
74 762
74 762
20 806
20 806
20 806
20 806
20 806
20 806
20 806
20 806
20 806
20 806
20 806
20 806
20 806
20 806
20 806
20 806
78 726
78 726
78 726
78 726
78 726
78 726
78 726
78 726
78 726
78 726
78 726
78 726
78 726
78 726
78 726
78 726
78 726
78 726
78 726
78 726
78 726
78 726
78 726
78 726
78 726
78 726
78 726
75 1265
85 694
85 694
85 694
85 694
85 694
85 694
85 694
44 683
44 683
44 683
44 683
44 683
44 683
44 683
44 683
44 683
44 683
44 683
44 683
44 683
44 683
44 683
44 683
44 683
44 683
44 683
44 683
44 683
44 683
44 683
44 683
44 683
44 683
44 683
44 683
44 683
44 683
45 698
45 698
45 698
45 698
45 698
45 698
45 698
45 698
45 698
45 698
45 698
45 698
45 698
45 698
45 698
45 698
45 698
45 698
50 693
50 693
50 693
50 693
50 693
50 693
50 693
50 693
50 693
50 693
50 693
50 693
50 693
50 693
50 693
50 693
50 693
50 693
50 693
50 693
50 693
51 687
51 687
51 687
51 687
51 687
51 687
51 687
51 687
51 687
51 687
51 687
52 689
52 689
52 689
52 689
52 689
52 689
52 689
52 689
52 689
52 689
52 689
52 689
52 689
52 689
52 689
52 689
52 689
52 689
52 689
52 689
52 689
52 689
52 689
52 689
52 689
52 689
52 689
52 689
52 689
6 683
6 683
6 683
6 683
6 683
6 683
6 683
6 683
55 708
55 708
12 724
12 724
12 724
12 724
12 724
12 724
12 724
12 724
12 724
12 724
12 724
12 724
12 724
38 1479
38 1479
38 1479
38 1479
38 1479
38 1479
38 1479
38 1479
38 1479
38 1479
38 1479
38 1479
38 1479
38 1479
38 1479
38 1479
38 1479
38 1479
38 1479
38 1479
38 1479
38 1479
38 1479
43 1440
43 1440
43 1440
43 1440
43 1440
43 1440
43 1440
43 1440
43 1440
43 1440
43 1440
43 1440
43 1440
43 1440
43 1440
43 1440
43 1440
43 1440
43 1440
62 756
62 756
62 756
62 756
62 756
62 756
62 756
62 756
62 756
62 756
62 756
62 756
62 756
62 756
62 756
62 756
62 756
62 756
62 756
62 756
62 756
62 756
62 756
62 756
62 756
62 756
62 756
62 756
14 756
14 756
14 756
14 756
14 756
14 756
96 1446
96 1446
96 1446
96 1446
96 1446
96 1446
96 1446
96 1446
96 1446
96 1446
96 1446
96 1446
96 1446
96 1446
96 1446
96 1446
96 1446
96 1446
96 1446
96 1446
47 1457
47 1457
47 1457
47 1457
47 1457
47 1457
47 1457
47 1457
47 1457
47 1457
47 1457
47 1457
47 1457
47 1457
47 1457
47 1457
47 1457
47 1457
47 1457
47 1457
47 1457
47 1457
47 1457
47 1457
17 762
17 762
17 762
17 762
17 762
17 762
17 762
17 762
17 762
17 762
17 762
17 762
17 762
17 762
17 762
17 762
17 762
69 765
69 765
69 765
69 765
69 765
71 751
71 751
71 751
71 751
20 769
20 769
20 769
20 769
20 769
20 769
20 769
20 769
20 769
20 769
20 769
20 769
20 769
20 769
20 769
20 769
70 771
70 771
70 771
70 771
70 771
70 771
70 771
70 771
70 771
70 771
70 771
70 771
70 771
70 771
70 771
70 771
70 771
70 771
70 771
70 771
70 771
70 771
70 771
70 771
70 771
70 771
99 1491
99 1491
99 1491
99 1491
99 1491
99 1491
99 1491
99 1491
99 1491
99 1491
99 1491
99 1491
99 1491
99 1491
99 1491
74 765
74 765
74 765
74 765
74 765
74 765
74 765
74 765
74 765
74 765
74 765
74 765
74 765
74 765
5 1467
5 1467
5 1467
5 1467
5 1467
5 1467
5 1467
5 1467
5 1467
5 1467
5 1467
5 1467
5 1467
5 1467
5 1467
5 1467
5 1467
5 1467
5 1467
5 1467
5 1467
5 1467
5 1467
5 1467
5 1467
78 766
78 766
78 766
78 766
78 766
78 766
78 766
78 766
78 766
78 766
78 766
78 766
78 766
78 766
78 766
78 766
78 766
78 766
78 766
78 766
78 766
78 766
78 766
78 766
78 766
78 766
78 766
80 753
80 753
80 753
31 754
31 754
31 754
31 754
31 754
31 754
31 754
31 754
31 754
31 754
31 754
31 754
31 754
31 754
31 754
31 754
31 754
31 754
31 754
31 754
31 754
31 754
7 1519
7 1519
7 1519
7 1519
7 1519
7 1519
7 1519
7 1519
7 1519
85 744
85 744
85 744
85 744
85 744
85 744
85 744
9 1514
9 1514
9 1514
9 1514
9 1514
9 1514
9 1514
9 1514
9 1514
9 1514
9 1514
9 1514
15 1561
15 1561
15 1561
15 1561
15 1561
15 1561
15 1561
15 1561
15 1561
15 1561
44 778
44 778
44 778
44 778
44 778
44 778
44 778
44 778
44 778
44 778
44 778
44 778
44 778
44 778
44 778
44 778
44 778
44 778
44 778
44 778
44 778
44 778
44 778
44 778
44 778
44 778
44 778
44 778
44 778
44 778
45 784
45 784
45 784
45 784
45 784
45 784
45 784
45 784
45 784
45 784
45 784
45 784
45 784
45 784
45 784
45 784
45 784
45 784
50 835
50 835
50 835
50 835
50 835
50 835
50 835
50 835
50 835
50 835
50 835
50 835
50 835
50 835
50 835
50 835
50 835
50 835
50 835
50 835
50 835
51 852
51 852
51 852
51 852
51 852
51 852
51 852
51 852
51 852
51 852
51 852
52 844
52 844
52 844
52 844
52 844
52 844
52 844
52 844
52 844
52 844
52 844
52 844
52 844
52 844
52 844
52 844
52 844
52 844
52 844
52 844
52 844
52 844
52 844
52 844
52 844
52 844
52 844
52 844
52 844
55 836
55 836
6 833
6 833
6 833
6 833
6 833
6 833
6 833
6 833
12 815
12 815
12 815
12 815
12 815
12 815
12 815
12 815
12 815
12 815
12 815
12 815
12 815
62 820
62 820
62 820
62 820
62 820
62 820
62 820
62 820
62 820
62 820
62 820
62 820
62 820
62 820
62 820
62 820
62 820
62 820
62 820
62 820
62 820
62 820
62 820
62 820
62 820
62 820
62 820
62 820
75 1704
14 845
14 845
14 845
14 845
14 845
14 845
17 839
17 839
17 839
17 839
17 839
17 839
17 839
17 839
17 839
17 839
17 839
17 839
17 839
17 839
17 839
17 839
17 839
69 840
69 840
69 840
69 840
69 840
71 829
71 829
71 829
71 829
20 869
20 869
20 869
20 869
20 869
20 869
20 869
20 869
20 869
20 869
20 869
20 869
20 869
20 869
20 869
20 869
70 870
70 870
70 870
70 870
70 870
70 870
70 870
70 870
70 870
70 870
70 870
70 870
70 870
70 870
70 870
70 870
70 870
70 870
70 870
70 870
70 870
70 870
70 870
70 870
70 870
70 870
74 859
74 859
74 859
74 859
74 859
74 859
74 859
74 859
74 859
74 859
74 859
74 859
74 859
74 859
80 842
80 842
80 842
78 881
78 881
78 881
78 881
78 881
78 881
78 881
78 881
78 881
78 881
78 881
78 881
78 881
78 881
78 881
78 881
78 881
78 881
78 881
78 881
78 881
78 881
78 881
78 881
78 881
78 881
78 881
31 852
31 852
31 852
31 852
31 852
31 852
31 852
31 852
31 852
31 852
31 852
31 852
31 852
31 852
31 852
31 852
31 852
31 852
31 852
31 852
31 852
31 852
38 1857
38 1857
38 1857
38 1857
38 1857
38 1857
38 1857
38 1857
38 1857
38 1857
38 1857
38 1857
38 1857
38 1857
38 1857
38 1857
38 1857
38 1857
38 1857
38 1857
38 1857
38 1857
38 1857
85 907
85 907
85 907
85 907
85 907
85 907
85 907
43 1884
43 1884
43 1884
43 1884
43 1884
43 1884
43 1884
43 1884
43 1884
43 1884
43 1884
43 1884
43 1884
43 1884
43 1884
43 1884
43 1884
43 1884
43 1884
44 892
44 892
44 892
44 892
44 892
44 892
44 892
44 892
44 892
44 892
44 892
44 892
44 892
44 892
44 892
44 892
44 892
44 892
44 892
44 892
44 892
44 892
44 892
44 892
44 892
44 892
44 892
44 892
44 892
44 892
45 896
45 896
45 896
45 896
45 896
45 896
45 896
45 896
45 896
45 896
45 896
45 896
45 896
45 896
45 896
45 896
45 896
45 896
50 913
50 913
50 913
50 913
50 913
50 913
50 913
50 913
50 913
50 913
50 913
50 913
50 913
50 913
50 913
50 913
50 913
50 913
50 913
50 913
50 913
96 1954
96 1954
96 1954
96 1954
96 1954
96 1954
96 1954
96 1954
96 1954
96 1954
96 1954
96 1954
96 1954
96 1954
96 1954
96 1954
96 1954
96 1954
96 1954
96 1954
51 910
51 910
51 910
51 910
51 910
51 910
51 910
51 910
51 910
51 910
51 910
55 888
55 888
52 930
52 930
52 930
52 930
52 930
52 930
52 930
52 930
52 930
52 930
52 930
52 930
52 930
52 930
52 930
52 930
52 930
52 930
52 930
52 930
52 930
52 930
52 930
52 930
52 930
52 930
52 930
52 930
52 930
62 863
62 863
62 863
62 863
62 863
62 863
62 863
62 863
62 863
62 863
62 863
62 863
62 863
62 863
62 863
62 863
62 863
62 863
62 863
62 863
62 863
62 863
62 863
62 863
62 863
62 863
62 863
62 863
99 2009
99 2009
99 2009
99 2009
99 2009
99 2009
99 2009
99 2009
99 2009
99 2009
99 2009
99 2009
99 2009
99 2009
99 2009
69 919
69 919
69 919
69 919
69 919
71 941
71 941
71 941
71 941
80 936
80 936
80 936
85 933
85 933
85 933
85 933
85 933
85 933
85 933
