1 3 3
2 4 3
3 4 3
4 2 3
5 4 1
6 4 1
7 1 1
8 1 1
9 3 1
10 2 1
11 1 1
12 1 1
13 2 1
14 1 1
15 4 1
16 4 1
17 2 1
18 2 1
19 1 1
20 4 1
21 2 1
22 4 1
23 2 1
24 4 1
25 2 1
26 4 1
27 4 1
28 4 1
29 1 1
30 3 1
31 2 1
32 4 1
33 2 1
34 3 1
35 3 1
36 4 1
37 3 1
38 4 1
39 2 1
40 1 1
41 2 2
42 4 2
43 3 2
44 2 2
45 3 2
46 4 2
47 3 2
48 3 2
49 4 2
50 4 2
51 1 2
52 4 2
53 3 2
54 4 2
55 1 2
56 3 2
57 2 2
58 4 2
59 3 2
60 2 2
61 3 2
62 3 2
63 3 2
64 4 2
65 1 2
66 4 2
67 1 2
68 4 2
69 4 2
70 4 2
71 2 3
72 1 1
73 4 3
74 2 3
75 4 3
76 2 3
77 3 3
78 1 1
79 2 3
80 3 3
81 2 3
82 3 3
83 4 3
84 4 3
85 3 3
86 2 3
87 4 3
88 3 3
89 2 3
90 4 3
91 1 1
92 3 3
93 3 3
94 4 3
95 3 3
96 4 3
97 2 3
98 3 3
99 1 1
100 4 3
