1 3 3 -24.6825 -69.3324
2 4 3 -60.1808 63.6585
3 4 3 27.6116 85.6628
4 2 3 15.5367 42.9525
5 4 3 -63.1935 -73.2613
6 4 3 35.362 71.7674
7 1 3 -84.9262 -74.1364
8 1 2 -27.0289 65.1917
9 3 3 -89.8178 28.4663
10 2 2 -68.5406 -66.8328
11 1 2 -81.1704 15.764
12 1 2 -12.221 -54.1203
13 2 2 -17.8266 -6.44649
14 1 2 -50.5827 -63.3824
15 4 2 -45.8497 -44.6002
16 4 2 55.2937 -51.2876
17 2 2 -61.1576 -83.7908
18 2 2 78.4151 -89.9142
19 1 2 44.9601 52.6667
20 4 2 -38.5343 21.5284
21 2 2 47.6459 30.9084
22 4 2 -44.7088 12.4558
23 2 2 -32.1257 95.9682
24 4 2 -58.0458 43.6456
25 2 2 -55.9005 39.7237
26 4 2 -22.3356 78.4633
27 4 2 -38.3587 -7.7925
28 4 2 -32.1756 -40.37
29 1 2 72.8903 78.5537
30 3 3 -30.8607 86.035
31 2 2 -62.6025 89.8773
32 4 2 68.7463 -80.6212
33 2 2 90.254 -86.2424
34 3 3 -55.7798 82.6362
35 3 3 -8.11484 -85.1419
36 4 2 84.9585 92.3645
37 3 3 17.6561 4.54995
38 4 2 -90.6411 39.8012
39 2 2 91.7661 71.1287
40 1 2 89.0282 -93.8989
41 2 2 -0.696782 6.82773
42 4 2 -13.9732 88.7757
43 3 3 38.2991 15.8383
44 2 2 -84.1642 89.5021
45 3 3 -46.7407 -36.6513
46 4 1 13.3201 -31.469
47 3 3 15.1144 -87.7558
48 3 3 58.7354 -27.1597
49 4 1 25.1601 -35.8828
50 4 1 -39.1547 99.4722
51 1 1 2.4494 47.4315
52 4 1 17.3176 23.9635
53 3 3 -28.5334 86.3088
54 4 1 -67.2373 62.0401
55 1 1 -7.71266 -52.171
56 3 3 65.9925 -80.7003
57 2 1 76.1524 -70.4293
58 4 1 -91.4757 54.2568
59 3 3 -13.395 71.1737
60 2 1 5.71858 -87.8739
61 3 3 -60.878 -30.5598
62 3 3 -26.7407 -39.4395
63 3 3 -31.2684 -31.8377
64 4 1 5.29304 91.0623
65 1 1 5.89124 42.7819
66 4 1 12.5988 -29.9459
67 1 1 -15.3776 -39.2606
68 4 1 -10.096 11.2738
69 4 1 -18.2203 5.68645
70 4 1 85.9665 -1.37458
71 2 1 0.672116 -74.961
72 1 1 -52.9901 34.3707
73 4 1 -85.7779 32.3222
74 2 1 45.2502 -60.6439
75 4 1 20.9457 -5.10199
76 2 1 -64.7217 -57.8449
77 3 3 15.9325 -16.8825
78 1 1 14.6791 45.5706
79 2 1 -9.25584 98.0395
80 3 3 -37.8166 12.1641
81 2 1 35.4639 -81.1141
82 3 3 85.2516 99.4628
83 4 1 -29.7488 68.517
84 4 1 94.8845 -90.1533
85 3 3 -34.8233 43.6032
86 2 1 -83.2909 -10.6367
87 4 1 95.723 -44.2295
88 3 3 6.58622 -66.417
89 2 1 88.8315 70.6079
90 4 1 -51.4793 52.9086
91 1 1 -68.1974 -94.872
92 3 3 -26.1637 55.7013
93 3 3 -94.7715 35.797
94 4 1 7.91043 -68.3068
95 3 3 -96.8798 -63.8705
96 4 1 14.2986 55.187
97 2 1 -20.3342 -39.0411
98 3 3 -34.4244 -63.4824
99 1 1 -50.8656 16.2102
100 4 1 80.6118 -6.2086
