3 39
3 39
3 39
3 39
3 39
3 39
3 39
3 39
3 39
3 39
3 39
3 39
3 39
3 39
3 39
3 39
3 39
3 39
3 39
3 39
3 39
3 39
3 39
3 39
3 39
3 39
3 39
3 39
4 184
4 184
4 184
4 184
4 184
4 184
4 184
4 184
4 184
4 184
4 184
4 184
4 184
4 184
4 184
4 184
4 184
4 184
4 184
3 5
3 5
3 5
3 5
3 5
3 5
3 5
3 5
3 5
3 5
3 5
3 5
3 5
3 5
3 5
3 5
3 5
3 5
3 5
3 5
3 5
3 5
3 5
3 5
3 5
3 5
3 5
3 5
35 279
35 279
35 279
35 279
35 279
35 279
35 279
35 279
35 279
35 279
35 279
35 279
35 279
35 279
35 279
35 279
35 279
35 279
35 279
35 279
35 279
35 279
35 279
35 279
35 279
35 279
35 279
35 279
35 279
35 279
4 335
4 335
4 335
4 335
4 335
4 335
4 335
4 335
4 335
4 335
4 335
4 335
4 335
4 335
4 335
4 335
4 335
4 335
4 335
3 23
3 23
3 23
3 23
3 23
3 23
3 23
3 23
3 23
3 23
3 23
3 23
3 23
3 23
3 23
3 23
3 23
3 23
3 23
3 23
3 23
3 23
3 23
3 23
3 23
3 23
3 23
3 23
15 982
15 982
15 982
15 982
15 982
15 982
15 982
15 982
15 982
15 982
15 982
15 493
15 493
15 493
15 493
15 493
15 493
15 493
15 493
15 493
15 493
15 493
127 47
129 50
129 50
129 50
129 50
129 50
129 50
129 50
129 50
129 50
129 50
129 50
129 50
129 50
131 35
131 35
131 35
131 35
131 35
131 35
131 35
131 35
131 35
131 35
131 35
131 35
131 35
131 35
131 35
131 35
131 35
131 35
131 35
131 35
131 35
131 35
131 35
132 29
132 29
133 36
133 36
133 36
135 36
135 36
135 36
135 36
135 36
135 36
136 64
136 64
136 64
136 64
136 64
136 64
136 64
136 64
136 64
136 64
136 64
136 64
138 69
138 69
138 69
138 69
138 69
139 74
139 74
139 74
139 74
100 523
100 523
100 523
100 523
100 523
100 523
100 523
80 738
80 738
80 738
80 738
80 738
80 738
80 738
80 738
80 738
80 738
80 738
80 738
80 738
80 738
3 91
3 91
3 91
3 91
3 91
3 91
3 91
3 91
3 91
3 91
3 91
3 91
3 91
3 91
3 91
3 91
3 91
3 91
3 91
3 91
3 91
3 91
3 91
3 91
3 91
3 91
3 91
3 91
35 805
35 805
35 805
35 805
35 805
35 805
35 805
35 805
35 805
35 805
35 805
35 805
35 805
35 805
35 805
35 805
35 805
35 805
35 805
35 805
35 805
35 805
35 805
35 805
35 805
35 805
35 805
35 805
35 805
35 805
4 633
4 633
4 633
4 633
4 633
4 633
4 633
4 633
4 633
4 633
4 633
4 633
4 633
4 633
4 633
4 633
4 633
4 633
4 633
103 707
103 707
103 707
103 707
103 707
103 707
103 707
103 707
103 707
103 707
103 707
103 707
103 707
103 707
103 707
103 707
103 707
103 707
103 707
103 707
103 707
103 707
103 707
103 707
103 707
127 39
129 49
129 49
129 49
129 49
129 49
129 49
129 49
129 49
129 49
129 49
129 49
129 49
129 49
131 34
131 34
131 34
131 34
131 34
131 34
131 34
131 34
131 34
131 34
131 34
131 34
131 34
131 34
131 34
131 34
131 34
131 34
131 34
131 34
131 34
131 34
131 34
132 37
132 37
133 27
133 27
133 27
15 732
15 732
15 732
15 732
15 732
15 732
15 732
15 732
15 732
15 732
15 732
135 46
135 46
135 46
135 46
135 46
135 46
136 60
136 60
136 60
136 60
136 60
136 60
136 60
136 60
136 60
136 60
136 60
136 60
138 75
138 75
138 75
138 75
138 75
139 81
139 81
139 81
139 81
35 688
35 688
35 688
35 688
35 688
35 688
35 688
35 688
35 688
35 688
35 688
35 688
35 688
35 688
35 688
35 688
35 688
35 688
35 688
35 688
35 688
35 688
35 688
35 688
35 688
35 688
35 688
35 688
35 688
35 688
3 37
3 37
3 37
3 37
3 37
3 37
3 37
3 37
3 37
3 37
3 37
3 37
3 37
3 37
3 37
3 37
3 37
3 37
3 37
3 37
3 37
3 37
3 37
3 37
3 37
3 37
3 37
3 37
115 952
115 952
115 952
115 952
115 952
115 952
115 952
115 952
115 952
100 728
100 728
100 728
100 728
100 728
100 728
100 728
103 766
103 766
103 766
103 766
103 766
103 766
103 766
103 766
103 766
103 766
103 766
103 766
103 766
103 766
103 766
103 766
103 766
103 766
103 766
103 766
103 766
103 766
103 766
103 766
103 766
127 57
80 1040
80 1040
80 1040
80 1040
80 1040
80 1040
80 1040
80 1040
80 1040
80 1040
80 1040
80 1040
80 1040
80 1040
129 57
129 57
129 57
129 57
129 57
129 57
129 57
129 57
129 57
129 57
129 57
129 57
129 57
131 38
131 38
131 38
131 38
131 38
131 38
131 38
131 38
131 38
131 38
131 38
131 38
131 38
131 38
131 38
131 38
131 38
131 38
131 38
131 38
131 38
131 38
131 38
132 35
132 35
133 38
133 38
133 38
135 38
135 38
135 38
135 38
135 38
135 38
136 45
136 45
136 45
136 45
136 45
136 45
136 45
136 45
136 45
136 45
136 45
136 45
138 33
138 33
138 33
138 33
138 33
139 37
139 37
139 37
139 37
124 1221
124 1221
124 1221
124 1221
124 1221
124 1221
124 1221
124 1221
124 1221
124 1221
124 1221
124 1221
124 1221
124 1221
124 1221
124 1221
124 1221
124 1221
124 1221
124 1221
124 1221
124 1221
3 7
3 7
3 7
3 7
3 7
3 7
3 7
3 7
3 7
3 7
3 7
3 7
3 7
3 7
3 7
3 7
3 7
3 7
3 7
3 7
3 7
3 7
3 7
3 7
3 7
3 7
3 7
3 7
127 2
129 10
129 10
129 10
129 10
129 10
129 10
129 10
129 10
129 10
129 10
129 10
129 10
129 10
131 12
131 12
131 12
131 12
131 12
131 12
131 12
131 12
131 12
131 12
131 12
131 12
131 12
131 12
131 12
131 12
131 12
131 12
131 12
131 12
131 12
131 12
131 12
132 10
132 10
133 12
133 12
133 12
135 12
135 12
135 12
135 12
135 12
135 12
136 4
136 4
136 4
136 4
136 4
136 4
136 4
136 4
136 4
136 4
136 4
136 4
138 2
138 2
138 2
138 2
138 2
139 5
139 5
139 5
139 5
3 28
3 28
3 28
3 28
3 28
3 28
3 28
3 28
3 28
3 28
3 28
3 28
3 28
3 28
3 28
3 28
3 28
3 28
3 28
3 28
3 28
3 28
3 28
3 28
3 28
3 28
3 28
3 28
127 30
129 38
129 38
129 38
129 38
129 38
129 38
129 38
129 38
129 38
129 38
129 38
129 38
129 38
131 59
131 59
131 59
131 59
131 59
131 59
131 59
131 59
131 59
131 59
131 59
131 59
131 59
131 59
131 59
131 59
131 59
131 59
131 59
131 59
131 59
131 59
131 59
132 72
132 72
133 71
133 71
133 71
135 75
135 75
135 75
135 75
135 75
135 75
136 71
136 71
136 71
136 71
136 71
136 71
136 71
136 71
136 71
136 71
136 71
136 71
138 57
138 57
138 57
138 57
138 57
139 54
139 54
139 54
139 54
35 1694
35 1694
35 1694
35 1694
35 1694
35 1694
35 1694
35 1694
35 1694
35 1694
35 1694
35 1694
35 1694
35 1694
35 1694
35 1694
35 1694
35 1694
35 1694
35 1694
35 1694
35 1694
35 1694
35 1694
35 1694
35 1694
35 1694
35 1694
35 1694
35 1694
3 14
3 14
3 14
3 14
3 14
3 14
3 14
3 14
3 14
3 14
3 14
3 14
3 14
3 14
3 14
3 14
3 14
3 14
3 14
3 14
3 14
3 14
3 14
3 14
3 14
3 14
3 14
3 14
4 1518
4 1518
4 1518
4 1518
4 1518
4 1518
4 1518
4 1518
4 1518
4 1518
4 1518
4 1518
4 1518
4 1518
4 1518
4 1518
4 1518
4 1518
4 1518
115 1408
115 1408
115 1408
115 1408
115 1408
115 1408
115 1408
115 1408
115 1408
100 1566
100 1566
100 1566
100 1566
100 1566
100 1566
100 1566
15 1550
15 1550
15 1550
15 1550
15 1550
15 1550
15 1550
15 1550
15 1550
15 1550
15 1550
80 1444
80 1444
80 1444
80 1444
80 1444
80 1444
80 1444
80 1444
80 1444
80 1444
80 1444
80 1444
80 1444
80 1444
124 1510
124 1510
124 1510
124 1510
124 1510
124 1510
124 1510
124 1510
124 1510
124 1510
124 1510
124 1510
124 1510
124 1510
124 1510
124 1510
124 1510
124 1510
124 1510
124 1510
124 1510
124 1510
127 8
103 1275
103 1275
103 1275
103 1275
103 1275
103 1275
103 1275
103 1275
103 1275
103 1275
103 1275
103 1275
103 1275
103 1275
103 1275
103 1275
103 1275
103 1275
103 1275
103 1275
103 1275
103 1275
103 1275
103 1275
103 1275
129 17
129 17
129 17
129 17
129 17
129 17
129 17
129 17
129 17
129 17
129 17
129 17
129 17
131 7
131 7
131 7
131 7
131 7
131 7
131 7
131 7
131 7
131 7
131 7
131 7
131 7
131 7
131 7
131 7
131 7
131 7
131 7
131 7
131 7
131 7
131 7
132 3
132 3
133 10
133 10
133 10
135 8
135 8
135 8
135 8
135 8
135 8
136 8
136 8
136 8
136 8
136 8
136 8
136 8
136 8
136 8
136 8
136 8
136 8
138 15
138 15
138 15
138 15
138 15
139 25
139 25
139 25
139 25
100 1538
100 1538
100 1538
100 1538
100 1538
100 1538
100 1538
115 1410
115 1410
115 1410
115 1410
115 1410
115 1410
115 1410
115 1410
115 1410
15 1434
15 1434
15 1434
15 1434
15 1434
15 1434
15 1434
15 1434
15 1434
15 1434
15 1434
47 3630
47 3630
47 3630
47 3630
47 3630
47 3630
47 3630
47 3630
47 3630
47 3630
47 3136
47 3136
47 3136
47 3136
47 3136
47 3136
47 3136
47 3136
47 3136
47 3136
47 2648
47 2648
47 2648
47 2648
47 2648
47 2648
47 2648
47 2648
47 2648
47 2648
127 17
124 1549
124 1549
124 1549
124 1549
124 1549
124 1549
124 1549
124 1549
124 1549
124 1549
124 1549
124 1549
124 1549
124 1549
124 1549
124 1549
124 1549
124 1549
124 1549
124 1549
124 1549
124 1549
129 12
129 12
129 12
129 12
129 12
129 12
129 12
129 12
129 12
129 12
129 12
129 12
129 12
131 15
131 15
131 15
131 15
131 15
131 15
131 15
131 15
131 15
131 15
131 15
131 15
131 15
131 15
131 15
131 15
131 15
131 15
131 15
131 15
131 15
131 15
131 15
132 6
132 6
133 23
133 23
133 23
135 15
135 15
135 15
135 15
135 15
135 15
136 41
136 41
136 41
136 41
136 41
136 41
136 41
136 41
136 41
136 41
136 41
136 41
138 43
138 43
138 43
138 43
138 43
139 39
139 39
139 39
139 39
100 1499
100 1499
100 1499
100 1499
100 1499
100 1499
100 1499
80 1862
80 1862
80 1862
80 1862
80 1862
80 1862
80 1862
80 1862
80 1862
80 1862
80 1862
80 1862
80 1862
80 1862
127 36
129 30
129 30
129 30
129 30
129 30
129 30
129 30
129 30
129 30
129 30
129 30
129 30
129 30
131 29
131 29
131 29
131 29
131 29
131 29
131 29
131 29
131 29
131 29
131 29
131 29
131 29
131 29
131 29
131 29
131 29
131 29
131 29
131 29
131 29
131 29
131 29
132 25
132 25
133 34
133 34
133 34
135 32
135 32
135 32
135 32
135 32
135 32
136 27
136 27
136 27
136 27
136 27
136 27
136 27
136 27
136 27
136 27
136 27
136 27
138 17
138 17
138 17
138 17
138 17
139 11
139 11
139 11
139 11
124 1794
124 1794
124 1794
124 1794
124 1794
124 1794
124 1794
124 1794
124 1794
124 1794
124 1794
124 1794
124 1794
124 1794
124 1794
124 1794
124 1794
124 1794
124 1794
124 1794
124 1794
124 1794
115 1979
115 1979
115 1979
115 1979
115 1979
115 1979
115 1979
115 1979
115 1979
