18 198
18 198
18 198
18 198
18 198
18 198
18 198
18 198
18 198
18 198
18 198
25 1008
25 1008
25 1008
25 1008
25 1008
25 1008
25 1008
25 1008
25 1008
25 1008
25 1008
25 1008
25 1008
25 1008
25 1008
25 1008
25 1008
25 1008
25 1008
39 880
39 880
39 880
39 880
39 880
39 880
39 880
39 880
18 595
18 595
18 595
18 595
18 595
18 595
18 595
18 595
18 595
18 595
18 595
25 649
25 649
25 649
25 649
25 649
25 649
25 649
25 649
25 649
25 649
25 649
25 649
25 649
25 649
25 649
25 649
25 649
25 649
25 649
39 1127
39 1127
39 1127
39 1127
39 1127
39 1127
39 1127
39 1127
100 1207
100 1207
100 1207
100 1207
100 1207
100 1207
100 1207
100 1207
100 1207
18 1044
18 1044
18 1044
18 1044
18 1044
18 1044
18 1044
18 1044
18 1044
18 1044
18 1044
25 990
25 990
25 990
25 990
25 990
25 990
25 990
25 990
25 990
25 990
25 990
25 990
25 990
25 990
25 990
25 990
25 990
25 990
25 990
100 1173
100 1173
100 1173
100 1173
100 1173
100 1173
100 1173
100 1173
100 1173
25 1333
25 1333
25 1333
25 1333
25 1333
25 1333
25 1333
25 1333
25 1333
25 1333
25 1333
25 1333
25 1333
25 1333
25 1333
25 1333
25 1333
25 1333
25 1333
18 1816
18 1816
18 1816
18 1816
18 1816
18 1816
18 1816
18 1816
18 1816
18 1816
18 1816
39 2110
39 2110
39 2110
39 2110
39 2110
39 2110
39 2110
39 2110
3 3493
3 3493
3 3493
3 3493
3 3493
3 3493
3 3493
3 3493
3 3493
3 3493
3 3027
3 3027
3 3027
3 3027
3 3027
3 3027
3 3027
3 3027
3 3027
3 3027
53 3282
53 3282
53 3282
53 3282
53 3282
53 3282
53 3282
53 3282
53 3282
53 3282
53 3282
53 3282
53 3282
53 3282
53 3282
53 3282
53 3282
53 3282
53 3282
53 3282
53 3282
53 3282
53 3282
53 3282
53 3282
53 3282
53 3282
53 3282
53 3282
53 2783
53 2783
53 2783
53 2783
53 2783
53 2783
53 2783
53 2783
53 2783
53 2783
53 2783
53 2783
53 2783
53 2783
53 2783
53 2783
53 2783
53 2783
53 2783
53 2783
53 2783
53 2783
53 2783
53 2783
53 2783
53 2783
53 2783
53 2783
53 2783
53 2284
53 2284
53 2284
53 2284
53 2284
53 2284
53 2284
53 2284
53 2284
53 2284
53 2284
53 2284
53 2284
53 2284
53 2284
53 2284
53 2284
53 2284
53 2284
53 2284
53 2284
53 2284
53 2284
53 2284
53 2284
53 2284
53 2284
53 2284
53 2284
18 1659
18 1659
18 1659
18 1659
18 1659
18 1659
18 1659
18 1659
18 1659
18 1659
18 1659
100 1914
100 1914
100 1914
100 1914
100 1914
100 1914
100 1914
100 1914
100 1914
25 1685
25 1685
25 1685
25 1685
25 1685
25 1685
25 1685
25 1685
25 1685
25 1685
25 1685
25 1685
25 1685
25 1685
25 1685
25 1685
25 1685
25 1685
25 1685
53 2257
53 2257
53 2257
53 2257
53 2257
53 2257
53 2257
53 2257
53 2257
53 2257
53 2257
53 2257
53 2257
53 2257
53 2257
53 2257
53 2257
53 2257
53 2257
53 2257
53 2257
53 2257
53 2257
53 2257
53 2257
53 2257
53 2257
53 2257
53 2257
100 1903
100 1903
100 1903
100 1903
100 1903
100 1903
100 1903
100 1903
100 1903
