8 132
8 132
8 132
8 132
8 132
8 132
8 132
8 326
8 326
8 326
8 326
8 326
8 326
8 326
53 449
53 449
53 449
53 449
53 449
53 449
53 449
53 449
53 449
53 449
53 449
53 449
53 449
53 449
53 449
53 449
53 449
53 449
53 449
27 909
27 909
27 909
27 909
27 909
27 909
27 909
27 909
27 909
27 909
27 909
27 909
27 909
27 909
12 1059
12 1059
12 1059
12 1059
12 1059
12 1059
12 1059
12 1059
12 1059
12 1059
12 1059
12 1059
12 1059
12 1059
12 1059
12 1059
12 1059
12 1059
12 1059
12 1059
12 1059
12 1059
12 644
12 644
12 644
12 644
12 644
12 644
12 644
12 644
12 644
12 644
12 644
12 644
12 644
12 644
12 644
12 644
12 644
12 644
12 644
12 644
12 644
12 644
3 1236
3 1236
3 1236
3 1236
3 1236
3 1236
3 1236
3 1236
3 1236
3 1236
3 1236
3 1236
3 1236
3 1236
3 1236
3 739
3 739
3 739
3 739
3 739
3 739
3 739
3 739
3 739
3 739
3 739
3 739
3 739
3 739
3 739
27 504
27 504
27 504
27 504
27 504
27 504
27 504
27 504
27 504
27 504
27 504
27 504
27 504
27 504
61 682
3 635
3 635
3 635
3 635
3 635
3 635
3 635
3 635
3 635
3 635
3 635
3 635
3 635
3 635
3 635
53 640
53 640
53 640
53 640
53 640
53 640
53 640
53 640
53 640
53 640
53 640
53 640
53 640
53 640
53 640
53 640
53 640
53 640
53 640
8 695
8 695
8 695
8 695
8 695
8 695
8 695
12 831
12 831
12 831
12 831
12 831
12 831
12 831
12 831
12 831
12 831
12 831
12 831
12 831
12 831
12 831
12 831
12 831
12 831
12 831
12 831
12 831
12 831
61 873
27 737
27 737
27 737
27 737
27 737
27 737
27 737
27 737
27 737
27 737
27 737
27 737
27 737
27 737
56 1607
56 1607
56 1607
56 1607
56 1607
56 1607
56 1607
56 1607
56 1607
56 1607
56 1607
56 1607
56 1607
56 1121
56 1121
56 1121
56 1121
56 1121
56 1121
56 1121
56 1121
56 1121
56 1121
56 1121
56 1121
56 1121
63 1753
63 1753
63 1753
63 1753
63 1753
63 1753
63 1753
63 1753
63 1753
63 1753
63 1753
63 1753
63 1753
63 1753
63 1753
63 1753
63 1753
3 1001
3 1001
3 1001
3 1001
3 1001
3 1001
3 1001
3 1001
3 1001
3 1001
3 1001
3 1001
3 1001
3 1001
3 1001
56 1102
56 1102
56 1102
56 1102
56 1102
56 1102
56 1102
56 1102
56 1102
56 1102
56 1102
56 1102
56 1102
12 1046
12 1046
12 1046
12 1046
12 1046
12 1046
12 1046
12 1046
12 1046
12 1046
12 1046
12 1046
12 1046
12 1046
12 1046
12 1046
12 1046
12 1046
12 1046
12 1046
12 1046
12 1046
8 1131
8 1131
8 1131
8 1131
8 1131
8 1131
8 1131
61 1275
27 1154
27 1154
27 1154
27 1154
27 1154
27 1154
27 1154
27 1154
27 1154
27 1154
27 1154
27 1154
27 1154
27 1154
48 2675
48 2675
48 2675
48 2675
48 2675
48 2675
48 2675
48 2675
48 2675
48 2675
48 2675
48 2675
48 2675
48 2675
48 2675
48 2675
48 2675
48 2675
48 2675
48 2675
48 2675
48 2675
48 2675
48 2675
48 2675
48 2675
48 2675
48 2675
48 2675
48 2675
48 2185
48 2185
48 2185
48 2185
48 2185
48 2185
48 2185
48 2185
48 2185
48 2185
48 2185
48 2185
48 2185
48 2185
48 2185
48 2185
48 2185
48 2185
48 2185
48 2185
48 2185
48 2185
48 2185
48 2185
48 2185
48 2185
48 2185
48 2185
48 2185
48 2185
48 1695
48 1695
48 1695
48 1695
48 1695
48 1695
48 1695
48 1695
48 1695
48 1695
48 1695
48 1695
48 1695
48 1695
48 1695
48 1695
48 1695
48 1695
48 1695
48 1695
48 1695
48 1695
48 1695
48 1695
48 1695
48 1695
48 1695
48 1695
48 1695
48 1695
32 2856
32 2856
32 2856
32 2856
32 2856
32 2856
32 2390
32 2390
32 2390
32 2390
32 2390
32 2390
32 1893
32 1893
32 1893
32 1893
32 1893
32 1893
48 1278
48 1278
48 1278
48 1278
48 1278
48 1278
48 1278
48 1278
48 1278
48 1278
48 1278
48 1278
48 1278
48 1278
48 1278
48 1278
48 1278
48 1278
48 1278
48 1278
48 1278
48 1278
48 1278
48 1278
48 1278
48 1278
48 1278
48 1278
48 1278
48 1278
61 1318
63 1834
63 1834
63 1834
63 1834
63 1834
63 1834
63 1834
63 1834
63 1834
63 1834
63 1834
63 1834
63 1834
63 1834
63 1834
63 1834
63 1834
12 1363
12 1363
12 1363
12 1363
12 1363
12 1363
12 1363
12 1363
12 1363
12 1363
12 1363
12 1363
12 1363
12 1363
12 1363
12 1363
12 1363
12 1363
12 1363
12 1363
12 1363
12 1363
56 1443
56 1443
56 1443
56 1443
56 1443
56 1443
56 1443
56 1443
56 1443
56 1443
56 1443
56 1443
56 1443
3 1494
3 1494
3 1494
3 1494
3 1494
3 1494
3 1494
3 1494
3 1494
3 1494
3 1494
3 1494
3 1494
3 1494
3 1494
8 1514
8 1514
8 1514
8 1514
8 1514
8 1514
8 1514
27 1480
27 1480
27 1480
27 1480
27 1480
27 1480
27 1480
27 1480
27 1480
27 1480
27 1480
27 1480
27 1480
27 1480
63 1823
63 1823
63 1823
63 1823
63 1823
63 1823
63 1823
63 1823
63 1823
63 1823
63 1823
63 1823
63 1823
63 1823
63 1823
63 1823
63 1823
32 1642
32 1642
32 1642
32 1642
32 1642
32 1642
53 1958
53 1958
53 1958
53 1958
53 1958
53 1958
53 1958
53 1958
53 1958
53 1958
53 1958
53 1958
53 1958
53 1958
53 1958
53 1958
53 1958
53 1958
53 1958
48 1653
48 1653
48 1653
48 1653
48 1653
48 1653
48 1653
48 1653
48 1653
48 1653
48 1653
48 1653
48 1653
48 1653
48 1653
48 1653
48 1653
48 1653
48 1653
48 1653
48 1653
48 1653
48 1653
48 1653
48 1653
48 1653
48 1653
48 1653
48 1653
48 1653
