4 116
4 116
4 116
4 116
4 116
4 116
4 116
4 116
8 82
8 82
8 82
8 82
8 82
8 82
8 82
8 82
8 82
8 82
8 82
6 105
6 105
6 105
6 105
6 105
6 105
6 105
6 105
6 105
6 105
6 105
6 105
6 105
6 105
6 105
6 105
6 105
6 105
6 105
6 105
16 55
16 55
16 55
16 55
16 55
16 55
16 55
16 55
16 55
16 55
16 55
16 55
16 55
15 71
15 71
15 71
15 71
15 71
15 71
15 71
15 71
15 71
15 71
15 71
15 71
15 71
15 71
15 71
15 71
15 71
15 71
15 71
17 55
17 55
17 55
17 55
17 55
17 55
17 55
17 55
17 55
17 55
17 55
17 55
17 55
17 55
17 55
17 55
17 55
17 55
17 55
17 55
17 55
17 55
17 55
17 55
17 55
17 55
19 60
19 60
19 60
19 60
19 60
19 60
19 60
19 60
19 60
19 60
19 60
19 60
19 60
19 60
19 60
19 60
19 60
19 60
19 60
19 60
19 60
19 60
19 60
19 60
19 60
19 60
19 60
19 60
19 60
19 60
21 94
21 94
21 94
21 94
21 94
21 94
21 94
21 94
21 94
21 94
21 94
21 94
21 94
21 94
21 94
21 94
21 94
21 94
21 94
21 94
21 94
21 94
21 94
21 94
21 94
21 94
21 94
21 94
22 154
22 154
22 154
22 154
28 120
28 120
28 120
28 120
28 120
28 120
28 120
28 120
28 120
28 120
28 120
28 120
28 120
28 120
28 120
28 120
28 120
28 120
28 120
28 120
28 120
34 119
34 119
34 119
34 119
34 119
34 119
34 119
34 119
34 119
34 119
34 119
34 119
34 119
34 119
34 119
34 119
34 119
34 119
34 119
34 119
34 119
34 119
34 119
34 119
37 130
37 130
37 130
37 130
37 130
37 130
37 130
37 130
37 130
37 130
37 130
37 130
37 130
37 130
37 130
37 130
37 130
37 130
37 130
37 130
37 130
37 130
37 130
37 130
37 130
37 130
37 130
40 143
40 143
40 143
40 143
40 143
40 143
35 261
35 261
35 261
35 261
35 261
35 261
35 261
4 139
4 139
4 139
4 139
4 139
4 139
4 139
4 139
6 143
6 143
6 143
6 143
6 143
6 143
6 143
6 143
6 143
6 143
6 143
6 143
6 143
6 143
6 143
6 143
6 143
6 143
6 143
6 143
8 143
8 143
8 143
8 143
8 143
8 143
8 143
8 143
8 143
8 143
8 143
59 151
59 151
59 151
16 165
16 165
16 165
16 165
16 165
16 165
16 165
16 165
16 165
16 165
16 165
16 165
16 165
17 157
17 157
17 157
17 157
17 157
17 157
17 157
17 157
17 157
17 157
17 157
17 157
17 157
17 157
17 157
17 157
17 157
17 157
17 157
17 157
17 157
17 157
17 157
17 157
17 157
17 157
15 206
15 206
15 206
15 206
15 206
15 206
15 206
15 206
15 206
15 206
15 206
15 206
15 206
15 206
15 206
15 206
15 206
15 206
15 206
21 183
21 183
21 183
21 183
21 183
21 183
21 183
21 183
21 183
21 183
21 183
21 183
21 183
21 183
21 183
21 183
21 183
21 183
21 183
21 183
21 183
21 183
21 183
21 183
21 183
21 183
21 183
21 183
19 248
19 248
19 248
19 248
19 248
19 248
19 248
19 248
19 248
19 248
19 248
19 248
19 248
19 248
19 248
19 248
19 248
19 248
19 248
19 248
19 248
19 248
19 248
19 248
19 248
19 248
19 248
19 248
19 248
19 248
28 191
28 191
28 191
28 191
28 191
28 191
28 191
28 191
28 191
28 191
28 191
28 191
28 191
28 191
28 191
28 191
28 191
28 191
28 191
28 191
28 191
34 205
34 205
34 205
34 205
34 205
34 205
34 205
34 205
34 205
34 205
34 205
34 205
34 205
34 205
34 205
34 205
34 205
34 205
34 205
34 205
34 205
34 205
34 205
34 205
22 342
22 342
22 342
22 342
37 207
37 207
37 207
37 207
37 207
37 207
37 207
37 207
37 207
37 207
37 207
37 207
37 207
37 207
37 207
37 207
37 207
37 207
37 207
37 207
37 207
37 207
37 207
37 207
37 207
37 207
37 207
40 221
40 221
40 221
40 221
40 221
40 221
4 260
4 260
4 260
4 260
4 260
4 260
4 260
4 260
80 509
80 509
80 509
80 509
80 509
80 509
80 509
80 509
80 509
80 509
80 509
80 509
6 279
6 279
6 279
6 279
6 279
6 279
6 279
6 279
6 279
6 279
6 279
6 279
6 279
6 279
6 279
6 279
6 279
6 279
6 279
6 279
8 277
8 277
8 277
8 277
8 277
8 277
8 277
8 277
8 277
8 277
8 277
16 331
16 331
16 331
16 331
16 331
16 331
16 331
16 331
16 331
16 331
16 331
16 331
16 331
17 334
17 334
17 334
17 334
17 334
17 334
17 334
17 334
17 334
17 334
17 334
17 334
17 334
17 334
17 334
17 334
17 334
17 334
17 334
17 334
17 334
17 334
17 334
17 334
17 334
17 334
21 334
21 334
21 334
21 334
21 334
21 334
21 334
21 334
21 334
21 334
21 334
21 334
21 334
21 334
21 334
21 334
21 334
21 334
21 334
21 334
21 334
21 334
21 334
21 334
21 334
21 334
21 334
21 334
35 759
35 759
35 759
35 759
35 759
35 759
35 759
28 343
28 343
28 343
28 343
28 343
28 343
28 343
28 343
28 343
28 343
28 343
28 343
28 343
28 343
28 343
28 343
28 343
28 343
28 343
28 343
28 343
19 477
19 477
19 477
19 477
19 477
19 477
19 477
19 477
19 477
19 477
19 477
19 477
19 477
19 477
19 477
19 477
19 477
19 477
19 477
19 477
19 477
19 477
19 477
19 477
19 477
19 477
19 477
19 477
19 477
19 477
34 363
34 363
34 363
34 363
34 363
34 363
34 363
34 363
34 363
34 363
34 363
34 363
34 363
34 363
34 363
34 363
34 363
34 363
34 363
34 363
34 363
34 363
34 363
34 363
37 361
37 361
37 361
37 361
37 361
37 361
37 361
37 361
37 361
37 361
37 361
37 361
37 361
37 361
37 361
37 361
37 361
37 361
37 361
37 361
37 361
37 361
37 361
37 361
37 361
37 361
37 361
80 471
80 471
80 471
80 471
80 471
80 471
80 471
80 471
80 471
80 471
80 471
80 471
40 378
40 378
40 378
40 378
40 378
40 378
35 461
35 461
35 461
35 461
35 461
35 461
35 461
59 721
59 721
59 721
4 426
4 426
4 426
4 426
4 426
4 426
4 426
4 426
6 430
6 430
6 430
6 430
6 430
6 430
6 430
6 430
6 430
6 430
6 430
6 430
6 430
6 430
6 430
6 430
6 430
6 430
6 430
6 430
8 430
8 430
8 430
8 430
8 430
8 430
8 430
8 430
8 430
8 430
8 430
45 1061
45 1061
45 1061
45 1061
45 1061
45 1061
45 1061
45 1061
45 1061
45 590
45 590
45 590
45 590
45 590
45 590
45 590
45 590
45 590
16 441
16 441
16 441
16 441
16 441
16 441
16 441
16 441
16 441
16 441
16 441
16 441
16 441
17 441
17 441
17 441
17 441
17 441
17 441
17 441
17 441
17 441
17 441
17 441
17 441
17 441
17 441
17 441
17 441
17 441
17 441
17 441
17 441
17 441
17 441
17 441
17 441
17 441
17 441
21 441
21 441
21 441
21 441
21 441
21 441
21 441
21 441
21 441
21 441
21 441
21 441
21 441
21 441
21 441
21 441
21 441
21 441
21 441
21 441
21 441
21 441
21 441
21 441
21 441
21 441
21 441
21 441
59 666
59 666
59 666
28 482
28 482
28 482
28 482
28 482
28 482
28 482
28 482
28 482
28 482
28 482
28 482
28 482
28 482
28 482
28 482
28 482
28 482
28 482
28 482
28 482
19 596
19 596
19 596
19 596
19 596
19 596
19 596
19 596
19 596
19 596
19 596
19 596
19 596
19 596
19 596
19 596
19 596
19 596
19 596
19 596
19 596
19 596
19 596
19 596
19 596
19 596
19 596
19 596
19 596
19 596
34 499
34 499
34 499
34 499
34 499
34 499
34 499
34 499
34 499
34 499
34 499
34 499
34 499
34 499
34 499
34 499
34 499
34 499
34 499
34 499
34 499
34 499
34 499
34 499
37 518
37 518
37 518
37 518
37 518
37 518
37 518
37 518
37 518
37 518
37 518
37 518
37 518
37 518
37 518
37 518
37 518
37 518
37 518
37 518
37 518
37 518
37 518
37 518
37 518
37 518
37 518
26 2138
26 1644
26 1154
40 518
40 518
40 518
40 518
40 518
40 518
80 748
80 748
80 748
80 748
80 748
80 748
80 748
80 748
80 748
80 748
80 748
80 748
4 558
4 558
4 558
4 558
4 558
4 558
4 558
4 558
6 557
6 557
6 557
6 557
6 557
6 557
6 557
6 557
6 557
6 557
6 557
6 557
6 557
6 557
6 557
6 557
6 557
6 557
6 557
6 557
8 562
8 562
8 562
8 562
8 562
8 562
8 562
8 562
8 562
8 562
8 562
22 1028
22 1028
22 1028
22 1028
16 597
16 597
16 597
16 597
16 597
16 597
16 597
16 597
16 597
16 597
16 597
16 597
16 597
17 597
17 597
17 597
17 597
17 597
17 597
17 597
17 597
17 597
17 597
17 597
17 597
17 597
17 597
17 597
17 597
17 597
17 597
17 597
17 597
17 597
17 597
17 597
17 597
17 597
17 597
45 845
45 845
45 845
45 845
45 845
45 845
45 845
45 845
45 845
35 966
35 966
35 966
35 966
35 966
35 966
35 966
21 627
21 627
21 627
21 627
21 627
21 627
21 627
21 627
21 627
21 627
21 627
21 627
21 627
21 627
21 627
21 627
21 627
21 627
21 627
21 627
21 627
21 627
21 627
21 627
21 627
21 627
21 627
21 627
15 1193
15 1193
15 1193
15 1193
15 1193
15 1193
15 1193
15 1193
15 1193
15 1193
15 1193
15 1193
15 1193
15 1193
15 1193
15 1193
15 1193
15 1193
15 1193
28 626
28 626
28 626
28 626
28 626
28 626
28 626
28 626
28 626
28 626
28 626
28 626
28 626
28 626
28 626
28 626
28 626
28 626
28 626
28 626
28 626
34 661
34 661
34 661
34 661
34 661
34 661
34 661
34 661
34 661
34 661
34 661
34 661
34 661
34 661
34 661
34 661
34 661
34 661
34 661
34 661
34 661
34 661
34 661
34 661
37 656
37 656
37 656
37 656
37 656
37 656
37 656
37 656
37 656
37 656
37 656
37 656
37 656
37 656
37 656
37 656
37 656
37 656
37 656
37 656
37 656
37 656
37 656
37 656
37 656
37 656
37 656
19 899
19 899
19 899
19 899
19 899
19 899
19 899
19 899
19 899
19 899
19 899
19 899
19 899
19 899
19 899
19 899
19 899
19 899
19 899
19 899
19 899
19 899
19 899
19 899
19 899
19 899
19 899
19 899
19 899
19 899
40 694
40 694
40 694
40 694
40 694
40 694
15 1042
15 1042
15 1042
15 1042
15 1042
15 1042
15 1042
15 1042
15 1042
15 1042
15 1042
15 1042
15 1042
15 1042
15 1042
15 1042
15 1042
15 1042
15 1042
35 879
35 879
35 879
35 879
35 879
35 879
35 879
4 732
4 732
4 732
4 732
4 732
4 732
4 732
4 732
6 733
6 733
6 733
6 733
6 733
6 733
6 733
6 733
6 733
6 733
6 733
6 733
6 733
6 733
6 733
6 733
6 733
6 733
6 733
6 733
26 1040
8 732
8 732
8 732
8 732
8 732
8 732
8 732
8 732
8 732
8 732
8 732
22 1099
22 1099
22 1099
22 1099
16 773
16 773
16 773
16 773
16 773
16 773
16 773
16 773
16 773
16 773
16 773
16 773
16 773
17 772
17 772
17 772
17 772
17 772
17 772
17 772
17 772
17 772
17 772
17 772
17 772
17 772
17 772
17 772
17 772
17 772
17 772
17 772
17 772
17 772
17 772
17 772
17 772
17 772
17 772
59 1368
59 1368
59 1368
21 792
21 792
21 792
21 792
21 792
21 792
21 792
21 792
21 792
21 792
21 792
21 792
21 792
21 792
21 792
21 792
21 792
21 792
21 792
21 792
21 792
21 792
21 792
21 792
21 792
21 792
21 792
21 792
28 806
28 806
28 806
28 806
28 806
28 806
28 806
28 806
28 806
28 806
28 806
28 806
28 806
28 806
28 806
28 806
28 806
28 806
28 806
28 806
28 806
34 820
34 820
34 820
34 820
34 820
34 820
34 820
34 820
34 820
34 820
34 820
34 820
34 820
34 820
34 820
34 820
34 820
34 820
34 820
34 820
34 820
34 820
34 820
34 820
27 3399
27 3399
27 3399
27 3399
27 3399
27 2905
27 2905
27 2905
27 2905
27 2905
27 2411
27 2411
27 2411
27 2411
27 2411
37 817
37 817
37 817
37 817
37 817
37 817
37 817
37 817
37 817
37 817
37 817
37 817
37 817
37 817
37 817
37 817
37 817
37 817
37 817
37 817
37 817
37 817
37 817
37 817
37 817
37 817
37 817
19 1005
19 1005
19 1005
19 1005
19 1005
19 1005
19 1005
19 1005
19 1005
19 1005
19 1005
19 1005
19 1005
19 1005
19 1005
19 1005
19 1005
19 1005
19 1005
19 1005
19 1005
19 1005
19 1005
19 1005
19 1005
19 1005
19 1005
19 1005
19 1005
19 1005
40 817
40 817
40 817
40 817
40 817
40 817
26 1036
45 1400
45 1400
45 1400
45 1400
45 1400
45 1400
45 1400
45 1400
45 1400
4 862
4 862
4 862
4 862
4 862
4 862
4 862
4 862
35 1057
35 1057
35 1057
35 1057
35 1057
35 1057
35 1057
6 869
6 869
6 869
6 869
6 869
6 869
6 869
6 869
6 869
6 869
6 869
6 869
6 869
6 869
6 869
6 869
6 869
6 869
6 869
6 869
8 863
8 863
8 863
8 863
8 863
8 863
8 863
8 863
8 863
8 863
8 863
80 1225
80 1225
80 1225
80 1225
80 1225
80 1225
80 1225
80 1225
80 1225
80 1225
80 1225
80 1225
16 893
16 893
16 893
16 893
16 893
16 893
16 893
16 893
16 893
16 893
16 893
16 893
16 893
17 887
17 887
17 887
17 887
17 887
17 887
17 887
17 887
17 887
17 887
17 887
17 887
17 887
17 887
17 887
17 887
17 887
17 887
17 887
17 887
17 887
17 887
17 887
17 887
17 887
17 887
21 884
21 884
21 884
21 884
21 884
21 884
21 884
21 884
21 884
21 884
21 884
21 884
21 884
21 884
21 884
21 884
21 884
21 884
21 884
21 884
21 884
21 884
21 884
21 884
21 884
21 884
21 884
21 884
22 1448
22 1448
22 1448
22 1448
28 912
28 912
28 912
28 912
28 912
28 912
28 912
28 912
28 912
28 912
28 912
28 912
28 912
28 912
28 912
28 912
28 912
28 912
28 912
28 912
28 912
34 956
34 956
34 956
34 956
34 956
34 956
34 956
34 956
34 956
34 956
34 956
34 956
34 956
34 956
34 956
34 956
34 956
34 956
34 956
34 956
34 956
34 956
34 956
34 956
37 960
37 960
37 960
37 960
37 960
37 960
37 960
37 960
37 960
37 960
37 960
37 960
37 960
37 960
37 960
37 960
37 960
37 960
37 960
37 960
37 960
37 960
37 960
37 960
37 960
37 960
37 960
40 975
40 975
40 975
40 975
40 975
40 975
45 1488
45 1488
45 1488
45 1488
45 1488
45 1488
45 1488
45 1488
45 1488
80 1324
80 1324
80 1324
80 1324
80 1324
80 1324
80 1324
80 1324
80 1324
80 1324
80 1324
80 1324
