3 19
3 19
3 19
3 19
3 19
3 19
3 19
3 19
3 19
3 19
3 19
3 19
3 19
3 19
3 19
6 14
10 6
10 6
10 6
5 77
5 77
5 77
5 77
5 77
4 89
4 89
4 89
4 89
4 89
4 89
4 89
4 89
4 89
4 89
4 89
4 89
4 89
7 69
7 69
7 69
7 69
7 69
7 69
7 69
7 69
7 69
7 69
7 69
7 69
7 69
7 69
7 69
7 69
7 69
18 14
18 14
29 17
29 17
29 17
29 17
29 17
29 17
29 17
29 17
29 17
29 17
29 17
29 17
29 17
29 17
29 17
29 17
29 17
29 17
29 17
29 17
29 17
33 8
33 8
33 8
33 8
33 8
33 8
33 8
33 8
33 8
33 8
33 8
33 8
33 8
33 8
33 8
33 8
33 8
33 8
33 8
33 8
33 8
33 8
3 9
3 9
3 9
3 9
3 9
3 9
3 9
3 9
3 9
3 9
3 9
3 9
3 9
3 9
3 9
6 13
4 51
4 51
4 51
4 51
4 51
4 51
4 51
4 51
4 51
4 51
4 51
4 51
4 51
5 43
5 43
5 43
5 43
5 43
7 28
7 28
7 28
7 28
7 28
7 28
7 28
7 28
7 28
7 28
7 28
7 28
7 28
7 28
7 28
7 28
7 28
10 3
10 3
10 3
38 226
38 226
38 226
38 226
38 226
38 226
38 226
38 226
38 226
38 226
38 226
38 226
38 226
38 226
59 34
59 34
59 34
59 34
59 34
59 34
59 34
59 34
59 34
59 34
59 34
59 34
59 34
59 34
59 34
59 34
59 34
59 34
59 34
59 34
18 2
18 2
65 45
65 45
65 45
65 45
65 45
65 45
65 45
65 45
65 45
65 45
65 45
65 45
65 45
65 45
65 45
65 45
65 45
65 45
65 45
65 45
65 45
65 45
65 45
65 45
65 45
65 45
70 15
70 15
70 15
70 15
70 15
70 15
70 15
70 15
70 15
70 15
70 15
70 15
70 15
70 15
70 15
70 15
70 15
70 15
70 15
70 15
70 15
70 15
70 15
41 307
41 307
41 307
41 307
41 307
41 307
41 307
41 307
41 307
41 307
74 18
74 18
74 18
74 18
74 18
74 18
74 18
74 18
74 18
74 18
74 18
74 18
74 18
74 18
74 18
74 18
29 12
29 12
29 12
29 12
29 12
29 12
29 12
29 12
29 12
29 12
29 12
29 12
29 12
29 12
29 12
29 12
29 12
29 12
29 12
29 12
29 12
78 33
78 33
78 33
78 33
78 33
78 33
78 33
33 9
33 9
33 9
33 9
33 9
33 9
33 9
33 9
33 9
33 9
33 9
33 9
33 9
33 9
33 9
33 9
33 9
33 9
33 9
33 9
33 9
33 9
82 67
82 67
82 67
82 67
81 111
81 111
81 111
81 111
81 111
81 111
81 111
81 111
3 10
3 10
3 10
3 10
3 10
3 10
3 10
3 10
3 10
3 10
3 10
3 10
3 10
3 10
3 10
27 771
27 771
27 771
27 771
27 771
27 771
27 771
27 771
27 771
27 771
27 771
27 771
27 771
27 771
27 771
27 771
27 771
27 771
27 771
27 771
27 771
27 771
27 771
27 771
4 56
4 56
4 56
4 56
4 56
4 56
4 56
4 56
4 56
4 56
4 56
4 56
4 56
5 53
5 53
5 53
5 53
5 53
6 71
7 77
7 77
7 77
7 77
7 77
7 77
7 77
7 77
7 77
7 77
7 77
7 77
7 77
7 77
7 77
7 77
7 77
59 100
59 100
59 100
59 100
59 100
59 100
59 100
59 100
59 100
59 100
59 100
59 100
59 100
59 100
59 100
59 100
59 100
59 100
59 100
59 100
10 113
10 113
10 113
18 246
18 246
65 402
65 402
65 402
65 402
65 402
65 402
65 402
65 402
65 402
65 402
65 402
65 402
65 402
65 402
65 402
65 402
65 402
65 402
65 402
65 402
65 402
65 402
65 402
65 402
65 402
65 402
70 354
70 354
70 354
70 354
70 354
70 354
70 354
70 354
70 354
70 354
70 354
70 354
70 354
70 354
70 354
70 354
70 354
70 354
70 354
70 354
70 354
70 354
70 354
29 264
29 264
29 264
29 264
29 264
29 264
29 264
29 264
29 264
29 264
29 264
29 264
29 264
29 264
29 264
29 264
29 264
29 264
29 264
29 264
29 264
33 238
33 238
33 238
33 238
33 238
33 238
33 238
33 238
33 238
33 238
33 238
33 238
33 238
33 238
33 238
33 238
33 238
33 238
33 238
33 238
33 238
33 238
74 335
74 335
74 335
74 335
74 335
74 335
74 335
74 335
74 335
74 335
74 335
74 335
74 335
74 335
74 335
74 335
78 295
78 295
78 295
78 295
78 295
78 295
78 295
81 269
81 269
81 269
81 269
81 269
81 269
81 269
81 269
82 259
82 259
82 259
82 259
3 50
3 50
3 50
3 50
3 50
3 50
3 50
3 50
3 50
3 50
3 50
3 50
3 50
3 50
3 50
6 22
10 2
10 2
10 2
5 88
5 88
5 88
5 88
5 88
7 89
7 89
7 89
7 89
7 89
7 89
7 89
7 89
7 89
7 89
7 89
7 89
7 89
7 89
7 89
7 89
7 89
18 3
18 3
4 163
4 163
4 163
4 163
4 163
4 163
4 163
4 163
4 163
4 163
4 163
4 163
4 163
59 154
59 154
59 154
59 154
59 154
59 154
59 154
59 154
59 154
59 154
59 154
59 154
59 154
59 154
59 154
59 154
59 154
59 154
59 154
59 154
65 110
65 110
65 110
65 110
65 110
65 110
65 110
65 110
65 110
65 110
65 110
65 110
65 110
65 110
65 110
65 110
65 110
65 110
65 110
65 110
65 110
65 110
65 110
65 110
65 110
65 110
70 75
70 75
70 75
70 75
70 75
70 75
70 75
70 75
70 75
70 75
70 75
70 75
70 75
70 75
70 75
70 75
70 75
70 75
70 75
70 75
70 75
70 75
70 75
29 11
29 11
29 11
29 11
29 11
29 11
29 11
29 11
29 11
29 11
29 11
29 11
29 11
29 11
29 11
29 11
29 11
29 11
29 11
29 11
29 11
74 65
74 65
74 65
74 65
74 65
74 65
74 65
74 65
74 65
74 65
74 65
74 65
74 65
74 65
74 65
74 65
33 12
33 12
33 12
33 12
33 12
33 12
33 12
33 12
33 12
33 12
33 12
33 12
33 12
33 12
33 12
33 12
33 12
33 12
33 12
33 12
33 12
33 12
78 67
78 67
78 67
78 67
78 67
78 67
78 67
81 57
81 57
81 57
81 57
81 57
81 57
81 57
81 57
82 54
82 54
82 54
82 54
3 11
3 11
3 11
3 11
3 11
3 11
3 11
3 11
3 11
3 11
3 11
3 11
3 11
3 11
3 11
4 23
4 23
4 23
4 23
4 23
4 23
4 23
4 23
4 23
4 23
4 23
4 23
4 23
5 15
5 15
5 15
5 15
5 15
6 7
7 10
7 10
7 10
7 10
7 10
7 10
7 10
7 10
7 10
7 10
7 10
7 10
7 10
7 10
7 10
7 10
7 10
10 8
10 8
10 8
41 1206
41 1206
41 1206
41 1206
41 1206
41 1206
41 1206
41 1206
41 1206
41 1206
25 1869
25 1869
25 1869
25 1869
25 1869
25 1869
25 1869
25 1869
25 1869
25 1869
25 1869
59 38
59 38
59 38
59 38
59 38
59 38
59 38
59 38
59 38
59 38
59 38
59 38
59 38
59 38
59 38
59 38
59 38
59 38
59 38
59 38
25 1386
25 1386
25 1386
25 1386
25 1386
25 1386
25 1386
25 1386
25 1386
25 1386
25 1386
25 902
25 902
25 902
25 902
25 902
25 902
25 902
25 902
25 902
25 902
25 902
38 776
38 776
38 776
38 776
38 776
38 776
38 776
38 776
38 776
38 776
38 776
38 776
38 776
38 776
65 15
65 15
65 15
65 15
65 15
65 15
65 15
65 15
65 15
65 15
65 15
65 15
65 15
65 15
65 15
65 15
65 15
65 15
65 15
65 15
65 15
65 15
65 15
65 15
65 15
65 15
18 7
18 7
41 787
41 787
41 787
41 787
41 787
41 787
41 787
41 787
41 787
41 787
70 34
70 34
70 34
70 34
70 34
70 34
70 34
70 34
70 34
70 34
70 34
70 34
70 34
70 34
70 34
70 34
70 34
70 34
70 34
70 34
70 34
70 34
70 34
29 3
29 3
29 3
29 3
29 3
29 3
29 3
29 3
29 3
29 3
29 3
29 3
29 3
29 3
29 3
29 3
29 3
29 3
29 3
29 3
29 3
74 69
74 69
74 69
74 69
74 69
74 69
74 69
74 69
74 69
74 69
74 69
74 69
74 69
74 69
74 69
74 69
78 49
78 49
78 49
78 49
78 49
78 49
78 49
33 6
33 6
33 6
33 6
33 6
33 6
33 6
33 6
33 6
33 6
33 6
33 6
33 6
33 6
33 6
33 6
33 6
33 6
33 6
33 6
33 6
33 6
81 59
81 59
81 59
81 59
81 59
81 59
81 59
81 59
82 51
82 51
82 51
82 51
52 1407
52 1407
52 1407
52 1407
52 1407
52 1407
52 1407
52 1407
52 1407
52 1407
52 1407
52 1407
52 1407
52 1407
52 1407
52 1407
52 1407
52 1407
3 4
3 4
3 4
3 4
3 4
3 4
3 4
3 4
3 4
3 4
3 4
3 4
3 4
3 4
3 4
4 5
4 5
4 5
4 5
4 5
4 5
4 5
4 5
4 5
4 5
4 5
4 5
4 5
52 1035
52 1035
52 1035
52 1035
52 1035
52 1035
52 1035
52 1035
52 1035
52 1035
52 1035
52 1035
52 1035
52 1035
52 1035
52 1035
52 1035
52 1035
6 1
42 1647
42 1647
42 1647
42 1647
42 1647
42 1647
42 1647
42 1647
42 1647
42 1647
42 1647
42 1647
5 51
5 51
5 51
5 51
5 51
10 4
10 4
10 4
7 36
7 36
7 36
7 36
7 36
7 36
7 36
7 36
7 36
7 36
7 36
7 36
7 36
7 36
7 36
7 36
7 36
59 32
59 32
59 32
59 32
59 32
59 32
59 32
59 32
59 32
59 32
59 32
59 32
59 32
59 32
59 32
59 32
59 32
59 32
59 32
59 32
71 1933
71 1933
71 1933
71 1933
71 1933
71 1933
71 1933
71 1933
71 1933
71 1446
71 1446
71 1446
71 1446
71 1446
71 1446
71 1446
71 1446
71 1446
18 1
18 1
65 66
65 66
65 66
65 66
65 66
65 66
65 66
65 66
65 66
65 66
65 66
65 66
65 66
65 66
65 66
65 66
65 66
65 66
65 66
65 66
65 66
65 66
65 66
65 66
65 66
65 66
70 53
70 53
70 53
70 53
70 53
70 53
70 53
70 53
70 53
70 53
70 53
70 53
70 53
70 53
70 53
70 53
70 53
70 53
70 53
70 53
70 53
70 53
70 53
74 45
74 45
74 45
74 45
74 45
74 45
74 45
74 45
74 45
74 45
74 45
74 45
74 45
74 45
74 45
74 45
29 2
29 2
29 2
29 2
29 2
29 2
29 2
29 2
29 2
29 2
29 2
29 2
29 2
29 2
29 2
29 2
29 2
29 2
29 2
29 2
29 2
27 1537
27 1537
27 1537
27 1537
27 1537
27 1537
27 1537
27 1537
27 1537
27 1537
27 1537
27 1537
27 1537
27 1537
27 1537
27 1537
27 1537
27 1537
27 1537
27 1537
27 1537
27 1537
27 1537
27 1537
38 934
38 934
38 934
38 934
38 934
38 934
38 934
38 934
38 934
38 934
38 934
38 934
38 934
38 934
42 1398
42 1398
42 1398
42 1398
42 1398
42 1398
42 1398
42 1398
42 1398
42 1398
42 1398
42 1398
78 40
78 40
78 40
78 40
78 40
78 40
78 40
41 912
41 912
41 912
41 912
41 912
41 912
41 912
41 912
41 912
41 912
33 3
33 3
33 3
33 3
33 3
33 3
33 3
33 3
33 3
33 3
33 3
33 3
33 3
33 3
33 3
33 3
33 3
33 3
33 3
33 3
33 3
33 3
81 34
81 34
81 34
81 34
81 34
81 34
81 34
81 34
82 29
82 29
82 29
82 29
27 1132
27 1132
27 1132
27 1132
27 1132
27 1132
27 1132
27 1132
27 1132
27 1132
27 1132
27 1132
27 1132
27 1132
27 1132
27 1132
27 1132
27 1132
27 1132
27 1132
27 1132
27 1132
27 1132
27 1132
3 6
3 6
3 6
3 6
3 6
3 6
3 6
3 6
3 6
3 6
3 6
3 6
3 6
3 6
3 6
71 1335
71 1335
71 1335
71 1335
71 1335
71 1335
71 1335
71 1335
71 1335
25 1295
25 1295
25 1295
25 1295
25 1295
25 1295
25 1295
25 1295
25 1295
25 1295
25 1295
6 4
4 36
4 36
4 36
4 36
4 36
4 36
4 36
4 36
4 36
4 36
4 36
4 36
4 36
5 28
5 28
5 28
5 28
5 28
7 12
7 12
7 12
7 12
7 12
7 12
7 12
7 12
7 12
7 12
7 12
7 12
7 12
7 12
7 12
7 12
7 12
59 10
59 10
59 10
59 10
59 10
59 10
59 10
59 10
59 10
59 10
59 10
59 10
59 10
59 10
59 10
59 10
59 10
59 10
59 10
59 10
10 10
10 10
10 10
65 11
65 11
65 11
65 11
65 11
65 11
65 11
65 11
65 11
65 11
65 11
65 11
65 11
65 11
65 11
65 11
65 11
65 11
65 11
65 11
65 11
65 11
65 11
65 11
65 11
65 11
18 4
18 4
70 19
70 19
70 19
70 19
70 19
70 19
70 19
70 19
70 19
70 19
70 19
70 19
70 19
70 19
70 19
70 19
70 19
70 19
70 19
70 19
70 19
70 19
70 19
74 7
74 7
74 7
74 7
74 7
74 7
74 7
74 7
74 7
74 7
74 7
74 7
74 7
74 7
74 7
74 7
29 5
29 5
29 5
29 5
29 5
29 5
29 5
29 5
29 5
29 5
29 5
29 5
29 5
29 5
29 5
29 5
29 5
29 5
29 5
29 5
29 5
78 31
78 31
78 31
78 31
78 31
78 31
78 31
33 5
33 5
33 5
33 5
33 5
33 5
33 5
33 5
33 5
33 5
33 5
33 5
33 5
33 5
33 5
33 5
33 5
33 5
33 5
33 5
33 5
33 5
42 1447
42 1447
42 1447
42 1447
42 1447
42 1447
42 1447
42 1447
42 1447
42 1447
42 1447
42 1447
52 1351
52 1351
52 1351
52 1351
52 1351
52 1351
52 1351
52 1351
52 1351
52 1351
52 1351
52 1351
52 1351
52 1351
52 1351
52 1351
52 1351
52 1351
81 67
81 67
81 67
81 67
81 67
81 67
81 67
81 67
82 116
82 116
82 116
82 116
41 1117
41 1117
41 1117
41 1117
41 1117
41 1117
41 1117
41 1117
41 1117
41 1117
38 1149
38 1149
38 1149
38 1149
38 1149
38 1149
38 1149
38 1149
38 1149
38 1149
38 1149
38 1149
38 1149
38 1149
3 9
3 9
3 9
3 9
3 9
3 9
3 9
3 9
3 9
3 9
3 9
3 9
3 9
3 9
3 9
5 20
5 20
5 20
5 20
5 20
71 1361
71 1361
71 1361
71 1361
71 1361
71 1361
71 1361
71 1361
71 1361
6 11
4 34
4 34
4 34
4 34
4 34
4 34
4 34
4 34
4 34
4 34
4 34
4 34
4 34
7 6
7 6
7 6
7 6
7 6
7 6
7 6
7 6
7 6
7 6
7 6
7 6
7 6
7 6
7 6
7 6
7 6
59 1
59 1
59 1
59 1
59 1
59 1
59 1
59 1
59 1
59 1
59 1
59 1
59 1
59 1
59 1
59 1
59 1
59 1
59 1
59 1
10 5
10 5
10 5
52 1125
52 1125
52 1125
52 1125
52 1125
52 1125
52 1125
52 1125
52 1125
52 1125
52 1125
52 1125
52 1125
52 1125
52 1125
52 1125
52 1125
52 1125
25 1421
25 1421
25 1421
25 1421
25 1421
25 1421
25 1421
25 1421
25 1421
25 1421
25 1421
18 5
18 5
65 58
65 58
65 58
65 58
65 58
65 58
65 58
65 58
65 58
65 58
65 58
65 58
65 58
65 58
65 58
65 58
65 58
65 58
65 58
65 58
65 58
65 58
65 58
65 58
65 58
65 58
70 58
70 58
70 58
70 58
70 58
70 58
70 58
70 58
70 58
70 58
70 58
70 58
70 58
70 58
70 58
70 58
70 58
70 58
70 58
70 58
70 58
70 58
70 58
74 54
74 54
74 54
74 54
74 54
74 54
74 54
74 54
74 54
74 54
74 54
74 54
74 54
74 54
74 54
74 54
29 19
29 19
29 19
29 19
29 19
29 19
29 19
29 19
29 19
29 19
29 19
29 19
29 19
29 19
29 19
29 19
29 19
29 19
29 19
29 19
29 19
78 30
78 30
78 30
78 30
78 30
78 30
78 30
81 12
81 12
81 12
81 12
81 12
81 12
81 12
81 12
82 3
82 3
82 3
82 3
33 9
33 9
33 9
33 9
33 9
33 9
33 9
33 9
33 9
33 9
33 9
33 9
33 9
33 9
33 9
33 9
33 9
33 9
33 9
33 9
33 9
33 9
19 3752
19 3752
19 3752
19 3752
19 3752
19 3752
19 3259
19 3259
19 3259
19 3259
19 3259
19 3259
25 1262
25 1262
25 1262
25 1262
25 1262
25 1262
25 1262
25 1262
25 1262
25 1262
25 1262
59 47
59 47
59 47
59 47
59 47
59 47
59 47
59 47
59 47
59 47
59 47
59 47
59 47
59 47
59 47
59 47
59 47
59 47
59 47
59 47
65 19
65 19
65 19
65 19
65 19
65 19
65 19
65 19
65 19
65 19
65 19
65 19
65 19
65 19
65 19
65 19
65 19
65 19
65 19
65 19
65 19
65 19
65 19
65 19
65 19
65 19
71 1488
71 1488
71 1488
71 1488
71 1488
71 1488
71 1488
71 1488
71 1488
70 2
70 2
70 2
70 2
70 2
70 2
70 2
70 2
70 2
70 2
70 2
70 2
70 2
70 2
70 2
70 2
70 2
70 2
70 2
70 2
70 2
70 2
70 2
38 1350
38 1350
38 1350
38 1350
38 1350
38 1350
38 1350
38 1350
38 1350
38 1350
38 1350
38 1350
38 1350
38 1350
41 1338
41 1338
41 1338
41 1338
41 1338
41 1338
41 1338
41 1338
41 1338
41 1338
74 17
74 17
74 17
74 17
74 17
74 17
74 17
74 17
74 17
74 17
74 17
74 17
74 17
74 17
74 17
74 17
78 19
78 19
78 19
78 19
78 19
78 19
78 19
81 11
81 11
81 11
81 11
81 11
81 11
81 11
81 11
82 3
82 3
82 3
82 3
