6 104
6 104
6 104
6 104
6 104
6 104
6 104
6 104
6 104
6 104
6 104
6 104
6 104
6 104
6 104
6 104
6 104
6 104
6 104
6 104
6 104
6 104
6 104
6 104
6 104
6 104
6 104
6 104
6 104
6 104
10 68
10 68
10 68
10 68
10 68
10 68
10 68
10 68
10 68
10 68
10 68
10 68
10 68
10 68
10 68
10 68
10 68
10 68
10 68
10 68
10 68
10 68
10 68
10 68
10 68
10 68
10 68
9 88
4 147
4 147
4 147
4 147
4 147
4 147
4 147
4 147
4 147
4 147
4 147
4 147
4 147
4 147
4 147
4 147
4 147
4 147
4 147
4 147
4 147
4 147
12 75
12 75
12 75
12 75
12 75
12 75
12 75
12 75
12 75
12 75
12 75
12 75
12 75
12 75
12 75
12 75
12 75
12 75
20 116
20 116
20 116
20 116
20 116
20 116
20 116
20 116
20 116
20 116
20 116
11 372
11 372
11 372
11 372
11 372
11 372
11 372
11 372
11 372
11 372
11 372
11 372
11 372
11 372
11 372
11 372
11 372
11 372
11 372
11 372
11 372
11 372
11 372
27 215
27 215
27 215
27 215
27 215
27 215
27 215
27 215
27 215
27 215
27 215
27 215
27 215
27 215
27 215
27 215
14 367
14 367
14 367
14 367
14 367
14 367
14 367
14 367
14 367
14 367
14 367
14 367
14 367
14 367
14 367
41 128
41 128
41 128
41 128
41 128
41 128
41 128
41 128
41 128
41 128
41 128
41 128
41 128
41 128
41 128
41 128
41 128
41 128
41 128
41 128
41 128
41 128
41 128
41 128
41 128
41 128
42 132
42 132
42 132
42 132
42 132
42 132
42 132
40 175
40 175
40 175
40 175
40 175
40 175
40 175
40 175
40 175
40 175
40 175
40 175
40 175
40 175
49 199
49 199
49 199
49 199
49 199
49 199
49 199
49 199
49 199
49 199
49 199
49 199
49 199
49 199
49 199
49 199
49 199
49 199
49 199
49 199
49 199
49 199
49 199
49 199
49 199
49 199
49 199
49 199
45 252
45 252
45 252
45 252
45 252
45 252
45 252
45 252
45 252
45 252
48 242
48 242
48 242
47 316
47 316
47 316
47 316
47 316
6 238
6 238
6 238
6 238
6 238
6 238
6 238
6 238
6 238
6 238
6 238
6 238
6 238
6 238
6 238
6 238
6 238
6 238
6 238
6 238
6 238
6 238
6 238
6 238
6 238
6 238
6 238
6 238
6 238
6 238
10 259
10 259
10 259
10 259
10 259
10 259
10 259
10 259
10 259
10 259
10 259
10 259
10 259
10 259
10 259
10 259
10 259
10 259
10 259
10 259
10 259
10 259
10 259
10 259
10 259
10 259
10 259
12 244
12 244
12 244
12 244
12 244
12 244
12 244
12 244
12 244
12 244
12 244
12 244
12 244
12 244
12 244
12 244
12 244
12 244
56 309
56 309
56 309
56 309
56 309
56 309
56 309
56 309
56 309
56 309
56 309
56 309
56 309
56 309
56 309
56 309
56 309
56 309
56 309
56 309
56 309
56 309
56 309
56 309
4 337
4 337
4 337
4 337
4 337
4 337
4 337
4 337
4 337
4 337
4 337
4 337
4 337
4 337
4 337
4 337
4 337
4 337
4 337
4 337
4 337
4 337
53 348
53 348
53 348
53 348
53 348
53 348
53 348
53 348
53 348
53 348
53 348
53 348
53 348
53 348
53 348
53 348
53 348
11 271
11 271
11 271
11 271
11 271
11 271
11 271
11 271
11 271
11 271
11 271
11 271
11 271
11 271
11 271
11 271
11 271
11 271
11 271
11 271
11 271
11 271
11 271
55 340
55 340
55 340
55 340
55 340
55 340
55 340
55 340
55 340
55 340
55 340
55 340
55 340
55 340
55 340
55 340
55 340
55 340
55 340
55 340
55 340
57 332
57 332
57 332
57 332
57 332
57 332
9 343
14 311
14 311
14 311
14 311
14 311
14 311
14 311
14 311
14 311
14 311
14 311
14 311
14 311
14 311
14 311
68 306
68 306
68 306
68 306
68 306
68 306
68 306
68 306
68 306
68 306
68 306
68 306
68 306
68 306
68 306
68 306
68 306
68 306
68 306
68 306
20 323
20 323
20 323
20 323
20 323
20 323
20 323
20 323
20 323
20 323
20 323
75 456
75 456
75 456
75 456
75 456
75 456
75 456
75 456
75 456
77 493
77 493
77 493
77 493
77 493
77 493
77 493
77 493
77 493
77 493
77 493
77 493
70 596
70 596
44 856
44 856
44 856
44 856
44 856
44 856
44 856
44 856
44 856
44 856
44 856
44 856
44 856
44 856
44 856
44 856
44 856
44 856
44 856
44 856
44 856
44 856
44 856
44 856
44 856
44 856
44 856
44 856
44 856
76 539
76 539
76 539
76 539
76 539
76 539
76 539
76 539
76 539
76 539
76 539
76 539
76 539
76 539
76 539
76 539
76 539
76 539
76 539
27 608
27 608
27 608
27 608
27 608
27 608
27 608
27 608
27 608
27 608
27 608
27 608
27 608
27 608
27 608
27 608
19 1358
19 1358
19 1358
19 1358
19 1358
19 1358
19 1358
19 1358
19 1358
19 1358
19 1358
19 1358
19 1358
19 1358
19 1358
19 1358
19 1358
19 1358
19 1358
19 1358
19 1358
19 1358
19 1358
19 1358
19 1358
19 893
19 893
19 893
19 893
19 893
19 893
19 893
19 893
19 893
19 893
19 893
19 893
19 893
19 893
19 893
19 893
19 893
19 893
19 893
19 893
19 893
19 893
19 893
19 893
19 893
41 686
41 686
41 686
41 686
41 686
41 686
41 686
41 686
41 686
41 686
41 686
41 686
41 686
41 686
41 686
41 686
41 686
41 686
41 686
41 686
41 686
41 686
41 686
41 686
41 686
41 686
42 677
42 677
42 677
42 677
42 677
42 677
42 677
49 612
49 612
49 612
49 612
49 612
49 612
49 612
49 612
49 612
49 612
49 612
49 612
49 612
49 612
49 612
49 612
49 612
49 612
49 612
49 612
49 612
49 612
49 612
49 612
49 612
49 612
49 612
49 612
40 703
40 703
40 703
40 703
40 703
40 703
40 703
40 703
40 703
40 703
40 703
40 703
40 703
40 703
45 655
45 655
45 655
45 655
45 655
45 655
45 655
45 655
45 655
45 655
6 546
6 546
6 546
6 546
6 546
6 546
6 546
6 546
6 546
6 546
6 546
6 546
6 546
6 546
6 546
6 546
6 546
6 546
6 546
6 546
6 546
6 546
6 546
6 546
6 546
6 546
6 546
6 546
6 546
6 546
48 627
48 627
48 627
10 513
10 513
10 513
10 513
10 513
10 513
10 513
10 513
10 513
10 513
10 513
10 513
10 513
10 513
10 513
10 513
10 513
10 513
10 513
10 513
10 513
10 513
10 513
10 513
10 513
10 513
10 513
31 808
31 808
31 808
31 808
31 808
31 808
31 808
31 808
31 808
31 808
31 808
31 808
31 808
12 521
12 521
12 521
12 521
12 521
12 521
12 521
12 521
12 521
12 521
12 521
12 521
12 521
12 521
12 521
12 521
12 521
12 521
56 687
56 687
56 687
56 687
56 687
56 687
56 687
56 687
56 687
56 687
56 687
56 687
56 687
56 687
56 687
56 687
56 687
56 687
56 687
56 687
56 687
56 687
56 687
56 687
68 578
68 578
68 578
68 578
68 578
68 578
68 578
68 578
68 578
68 578
68 578
68 578
68 578
68 578
68 578
68 578
68 578
68 578
68 578
68 578
20 570
20 570
20 570
20 570
20 570
20 570
20 570
20 570
20 570
20 570
20 570
44 837
44 837
44 837
44 837
44 837
44 837
44 837
44 837
44 837
44 837
44 837
44 837
44 837
44 837
44 837
44 837
44 837
44 837
44 837
44 837
44 837
44 837
44 837
44 837
44 837
44 837
44 837
44 837
44 837
11 674
11 674
11 674
11 674
11 674
11 674
11 674
11 674
11 674
11 674
11 674
11 674
11 674
11 674
11 674
11 674
11 674
11 674
11 674
11 674
11 674
11 674
11 674
47 838
47 838
47 838
47 838
47 838
4 768
4 768
4 768
4 768
4 768
4 768
4 768
4 768
4 768
4 768
4 768
4 768
4 768
4 768
4 768
4 768
4 768
4 768
4 768
4 768
4 768
4 768
53 779
53 779
53 779
53 779
53 779
53 779
53 779
53 779
53 779
53 779
53 779
53 779
53 779
53 779
53 779
53 779
53 779
55 759
55 759
55 759
55 759
55 759
55 759
55 759
55 759
55 759
55 759
55 759
55 759
55 759
55 759
55 759
55 759
55 759
55 759
55 759
55 759
55 759
57 740
57 740
57 740
57 740
57 740
57 740
9 721
83 983
83 983
83 983
83 983
14 714
14 714
14 714
14 714
14 714
14 714
14 714
14 714
14 714
14 714
14 714
14 714
14 714
14 714
14 714
70 708
70 708
27 667
27 667
27 667
27 667
27 667
27 667
27 667
27 667
27 667
27 667
27 667
27 667
27 667
27 667
27 667
27 667
19 749
19 749
19 749
19 749
19 749
19 749
19 749
19 749
19 749
19 749
19 749
19 749
19 749
19 749
19 749
19 749
19 749
19 749
19 749
19 749
19 749
19 749
19 749
19 749
19 749
76 740
76 740
76 740
76 740
76 740
76 740
76 740
76 740
76 740
76 740
76 740
76 740
76 740
76 740
76 740
76 740
76 740
76 740
76 740
83 714
83 714
83 714
83 714
75 815
75 815
75 815
75 815
75 815
75 815
75 815
75 815
75 815
77 819
77 819
77 819
77 819
77 819
77 819
77 819
77 819
77 819
77 819
77 819
77 819
31 826
31 826
31 826
31 826
31 826
31 826
31 826
31 826
31 826
31 826
31 826
31 826
31 826
41 726
41 726
41 726
41 726
41 726
41 726
41 726
41 726
41 726
41 726
41 726
41 726
41 726
41 726
41 726
41 726
41 726
41 726
41 726
41 726
41 726
41 726
41 726
41 726
41 726
41 726
42 729
42 729
42 729
42 729
42 729
42 729
42 729
36 1799
36 1799
36 1799
36 1799
36 1799
36 1799
36 1799
36 1799
36 1300
36 1300
36 1300
36 1300
36 1300
36 1300
36 1300
36 1300
36 800
36 800
36 800
36 800
36 800
36 800
36 800
36 800
44 745
44 745
44 745
44 745
44 745
44 745
44 745
44 745
44 745
44 745
44 745
44 745
44 745
44 745
44 745
44 745
44 745
44 745
44 745
44 745
44 745
44 745
44 745
44 745
44 745
44 745
44 745
44 745
44 745
47 777
47 777
47 777
47 777
47 777
49 767
49 767
49 767
49 767
49 767
49 767
49 767
49 767
49 767
49 767
49 767
49 767
49 767
49 767
49 767
49 767
49 767
49 767
49 767
49 767
49 767
49 767
49 767
49 767
49 767
49 767
49 767
49 767
4 749
4 749
4 749
4 749
4 749
4 749
4 749
4 749
4 749
4 749
4 749
4 749
4 749
4 749
4 749
4 749
4 749
4 749
4 749
4 749
4 749
4 749
40 902
40 902
40 902
40 902
40 902
40 902
40 902
40 902
40 902
40 902
40 902
40 902
40 902
40 902
53 773
53 773
53 773
53 773
53 773
53 773
53 773
53 773
53 773
53 773
53 773
53 773
53 773
53 773
53 773
53 773
53 773
45 898
45 898
45 898
45 898
45 898
45 898
45 898
45 898
45 898
45 898
48 910
48 910
48 910
6 847
6 847
6 847
6 847
6 847
6 847
6 847
6 847
6 847
6 847
6 847
6 847
6 847
6 847
6 847
6 847
6 847
6 847
6 847
6 847
6 847
6 847
6 847
6 847
6 847
6 847
6 847
6 847
6 847
6 847
55 863
55 863
55 863
55 863
55 863
55 863
55 863
55 863
55 863
55 863
55 863
55 863
55 863
55 863
55 863
55 863
55 863
55 863
55 863
55 863
55 863
57 858
57 858
57 858
57 858
57 858
57 858
10 863
10 863
10 863
10 863
10 863
10 863
10 863
10 863
10 863
10 863
10 863
10 863
10 863
10 863
10 863
10 863
10 863
10 863
10 863
10 863
10 863
10 863
10 863
10 863
10 863
10 863
10 863
12 846
12 846
12 846
12 846
12 846
12 846
12 846
12 846
12 846
12 846
12 846
12 846
12 846
12 846
12 846
12 846
12 846
12 846
56 945
56 945
56 945
56 945
56 945
56 945
56 945
56 945
56 945
56 945
56 945
56 945
56 945
56 945
56 945
56 945
56 945
56 945
56 945
56 945
56 945
56 945
56 945
56 945
68 833
68 833
68 833
68 833
68 833
68 833
68 833
68 833
68 833
68 833
68 833
68 833
68 833
68 833
68 833
68 833
68 833
68 833
68 833
68 833
20 836
20 836
20 836
20 836
20 836
20 836
20 836
20 836
20 836
20 836
20 836
70 863
70 863
11 1008
11 1008
11 1008
11 1008
11 1008
11 1008
11 1008
11 1008
11 1008
11 1008
11 1008
11 1008
11 1008
11 1008
11 1008
11 1008
11 1008
11 1008
11 1008
11 1008
11 1008
11 1008
11 1008
27 888
27 888
27 888
27 888
27 888
27 888
27 888
27 888
27 888
27 888
27 888
27 888
27 888
27 888
27 888
27 888
9 1097
14 1048
14 1048
14 1048
14 1048
14 1048
14 1048
14 1048
14 1048
14 1048
14 1048
14 1048
14 1048
14 1048
14 1048
14 1048
76 953
76 953
76 953
76 953
76 953
76 953
76 953
76 953
76 953
76 953
76 953
76 953
76 953
76 953
76 953
76 953
76 953
76 953
76 953
19 1043
19 1043
19 1043
19 1043
19 1043
19 1043
19 1043
19 1043
19 1043
19 1043
19 1043
19 1043
19 1043
19 1043
19 1043
19 1043
19 1043
19 1043
19 1043
19 1043
19 1043
19 1043
19 1043
19 1043
19 1043
83 967
83 967
83 967
83 967
42 887
42 887
42 887
42 887
42 887
42 887
42 887
75 1070
75 1070
75 1070
75 1070
75 1070
75 1070
75 1070
75 1070
75 1070
36 987
36 987
36 987
36 987
36 987
36 987
36 987
36 987
41 955
41 955
41 955
41 955
41 955
41 955
41 955
41 955
41 955
41 955
41 955
41 955
41 955
41 955
41 955
41 955
41 955
41 955
41 955
41 955
41 955
41 955
41 955
41 955
41 955
41 955
77 1096
77 1096
77 1096
77 1096
77 1096
77 1096
77 1096
77 1096
77 1096
77 1096
77 1096
77 1096
31 1086
31 1086
31 1086
31 1086
31 1086
31 1086
31 1086
31 1086
31 1086
31 1086
31 1086
31 1086
31 1086
49 946
49 946
49 946
49 946
49 946
49 946
49 946
49 946
49 946
49 946
49 946
49 946
49 946
49 946
49 946
49 946
49 946
49 946
49 946
49 946
49 946
49 946
49 946
49 946
49 946
49 946
49 946
49 946
6 943
6 943
6 943
6 943
6 943
6 943
6 943
6 943
6 943
6 943
6 943
6 943
6 943
6 943
6 943
6 943
6 943
6 943
6 943
6 943
6 943
6 943
6 943
6 943
6 943
6 943
6 943
6 943
6 943
6 943
44 1080
44 1080
44 1080
44 1080
44 1080
44 1080
44 1080
44 1080
44 1080
44 1080
44 1080
44 1080
44 1080
44 1080
44 1080
44 1080
44 1080
44 1080
44 1080
44 1080
44 1080
44 1080
44 1080
44 1080
44 1080
44 1080
44 1080
44 1080
44 1080
47 1093
47 1093
47 1093
47 1093
47 1093
40 1194
40 1194
40 1194
40 1194
40 1194
40 1194
40 1194
40 1194
40 1194
40 1194
40 1194
40 1194
40 1194
40 1194
10 995
10 995
10 995
10 995
10 995
10 995
10 995
10 995
10 995
10 995
10 995
10 995
10 995
10 995
10 995
10 995
10 995
10 995
10 995
10 995
10 995
10 995
10 995
10 995
10 995
10 995
10 995
12 989
12 989
12 989
12 989
12 989
12 989
12 989
12 989
12 989
12 989
12 989
12 989
12 989
12 989
12 989
12 989
12 989
12 989
53 1103
53 1103
53 1103
53 1103
53 1103
53 1103
53 1103
53 1103
53 1103
53 1103
53 1103
53 1103
53 1103
53 1103
53 1103
53 1103
53 1103
4 1104
4 1104
4 1104
4 1104
4 1104
4 1104
4 1104
4 1104
4 1104
4 1104
4 1104
4 1104
4 1104
4 1104
4 1104
4 1104
4 1104
4 1104
4 1104
4 1104
4 1104
4 1104
55 1106
55 1106
55 1106
55 1106
55 1106
55 1106
55 1106
55 1106
55 1106
55 1106
55 1106
55 1106
55 1106
55 1106
55 1106
55 1106
55 1106
55 1106
55 1106
55 1106
55 1106
68 992
68 992
68 992
68 992
68 992
68 992
68 992
68 992
68 992
68 992
68 992
68 992
68 992
68 992
68 992
68 992
68 992
68 992
68 992
68 992
57 1109
57 1109
57 1109
57 1109
57 1109
57 1109
45 1237
45 1237
45 1237
45 1237
45 1237
45 1237
45 1237
45 1237
45 1237
45 1237
20 1007
20 1007
20 1007
20 1007
20 1007
20 1007
20 1007
20 1007
20 1007
20 1007
20 1007
48 1246
48 1246
48 1246
9 1147
56 1231
56 1231
56 1231
56 1231
56 1231
56 1231
56 1231
56 1231
56 1231
56 1231
56 1231
56 1231
56 1231
56 1231
56 1231
56 1231
56 1231
56 1231
56 1231
56 1231
56 1231
56 1231
56 1231
56 1231
11 1272
11 1272
11 1272
11 1272
11 1272
11 1272
11 1272
11 1272
11 1272
11 1272
11 1272
11 1272
11 1272
11 1272
11 1272
11 1272
11 1272
11 1272
11 1272
11 1272
11 1272
11 1272
11 1272
27 1122
27 1122
27 1122
27 1122
27 1122
27 1122
27 1122
27 1122
27 1122
27 1122
27 1122
27 1122
27 1122
27 1122
27 1122
27 1122
14 1282
14 1282
14 1282
14 1282
14 1282
14 1282
14 1282
14 1282
14 1282
14 1282
14 1282
14 1282
14 1282
14 1282
14 1282
70 1240
70 1240
36 1118
36 1118
36 1118
36 1118
36 1118
36 1118
36 1118
36 1118
19 1296
19 1296
19 1296
19 1296
19 1296
19 1296
19 1296
19 1296
19 1296
19 1296
19 1296
19 1296
19 1296
19 1296
19 1296
19 1296
19 1296
19 1296
19 1296
19 1296
19 1296
19 1296
19 1296
19 1296
19 1296
76 1232
76 1232
76 1232
76 1232
76 1232
76 1232
76 1232
76 1232
76 1232
76 1232
76 1232
76 1232
76 1232
76 1232
76 1232
76 1232
76 1232
76 1232
76 1232
41 1138
41 1138
41 1138
41 1138
41 1138
41 1138
41 1138
41 1138
41 1138
41 1138
41 1138
41 1138
41 1138
41 1138
41 1138
41 1138
41 1138
41 1138
41 1138
41 1138
41 1138
41 1138
41 1138
41 1138
41 1138
41 1138
42 1131
42 1131
42 1131
42 1131
42 1131
42 1131
42 1131
75 1348
75 1348
75 1348
75 1348
75 1348
75 1348
75 1348
75 1348
75 1348
77 1350
77 1350
77 1350
77 1350
77 1350
77 1350
77 1350
77 1350
77 1350
77 1350
77 1350
77 1350
83 1300
83 1300
83 1300
83 1300
49 1161
49 1161
49 1161
49 1161
49 1161
49 1161
49 1161
49 1161
49 1161
49 1161
49 1161
49 1161
49 1161
49 1161
49 1161
49 1161
49 1161
49 1161
49 1161
49 1161
49 1161
49 1161
49 1161
49 1161
49 1161
49 1161
49 1161
49 1161
31 1386
31 1386
31 1386
31 1386
31 1386
31 1386
31 1386
31 1386
31 1386
31 1386
31 1386
31 1386
31 1386
6 1167
6 1167
6 1167
6 1167
6 1167
6 1167
6 1167
6 1167
6 1167
6 1167
6 1167
6 1167
6 1167
6 1167
6 1167
6 1167
6 1167
6 1167
6 1167
6 1167
6 1167
6 1167
6 1167
6 1167
6 1167
6 1167
6 1167
6 1167
6 1167
6 1167
47 1304
47 1304
47 1304
47 1304
47 1304
40 1392
40 1392
40 1392
40 1392
40 1392
40 1392
40 1392
40 1392
40 1392
40 1392
40 1392
40 1392
40 1392
40 1392
44 1397
44 1397
44 1397
44 1397
44 1397
44 1397
44 1397
44 1397
44 1397
44 1397
44 1397
44 1397
44 1397
44 1397
44 1397
44 1397
44 1397
44 1397
44 1397
44 1397
44 1397
44 1397
44 1397
44 1397
44 1397
44 1397
44 1397
44 1397
44 1397
12 1217
12 1217
12 1217
12 1217
12 1217
12 1217
12 1217
12 1217
12 1217
12 1217
12 1217
12 1217
12 1217
12 1217
12 1217
12 1217
12 1217
12 1217
53 1326
53 1326
53 1326
53 1326
53 1326
53 1326
53 1326
53 1326
53 1326
53 1326
53 1326
53 1326
53 1326
53 1326
53 1326
53 1326
53 1326
4 1336
4 1336
4 1336
4 1336
4 1336
4 1336
4 1336
4 1336
4 1336
4 1336
4 1336
4 1336
4 1336
4 1336
4 1336
4 1336
4 1336
4 1336
4 1336
4 1336
4 1336
4 1336
45 1441
45 1441
45 1441
45 1441
45 1441
45 1441
45 1441
45 1441
45 1441
45 1441
48 1436
48 1436
48 1436
55 1371
55 1371
55 1371
55 1371
55 1371
55 1371
55 1371
55 1371
55 1371
55 1371
55 1371
55 1371
55 1371
55 1371
55 1371
55 1371
55 1371
55 1371
55 1371
55 1371
55 1371
57 1352
57 1352
57 1352
57 1352
57 1352
57 1352
10 1342
10 1342
10 1342
10 1342
10 1342
10 1342
10 1342
10 1342
10 1342
10 1342
10 1342
10 1342
10 1342
10 1342
10 1342
10 1342
10 1342
10 1342
10 1342
10 1342
10 1342
10 1342
10 1342
10 1342
10 1342
10 1342
10 1342
68 1280
68 1280
68 1280
68 1280
68 1280
68 1280
68 1280
68 1280
68 1280
68 1280
68 1280
68 1280
68 1280
68 1280
68 1280
68 1280
68 1280
68 1280
68 1280
68 1280
20 1282
20 1282
20 1282
20 1282
20 1282
20 1282
20 1282
20 1282
20 1282
20 1282
20 1282
27 1297
27 1297
27 1297
27 1297
27 1297
27 1297
27 1297
27 1297
27 1297
27 1297
27 1297
27 1297
27 1297
27 1297
27 1297
27 1297
56 1512
56 1512
56 1512
56 1512
56 1512
56 1512
56 1512
56 1512
56 1512
56 1512
56 1512
56 1512
56 1512
56 1512
56 1512
56 1512
56 1512
56 1512
56 1512
56 1512
56 1512
56 1512
56 1512
56 1512
9 1485
14 1493
14 1493
14 1493
14 1493
14 1493
14 1493
14 1493
14 1493
14 1493
14 1493
14 1493
14 1493
14 1493
14 1493
14 1493
36 1324
36 1324
36 1324
36 1324
36 1324
36 1324
36 1324
36 1324
70 1488
70 1488
76 1459
76 1459
76 1459
76 1459
76 1459
76 1459
76 1459
76 1459
76 1459
76 1459
76 1459
76 1459
76 1459
76 1459
76 1459
76 1459
76 1459
76 1459
76 1459
41 1321
41 1321
41 1321
41 1321
41 1321
41 1321
41 1321
41 1321
41 1321
41 1321
41 1321
41 1321
41 1321
41 1321
41 1321
41 1321
41 1321
41 1321
41 1321
41 1321
41 1321
41 1321
41 1321
41 1321
41 1321
41 1321
42 1341
42 1341
42 1341
42 1341
42 1341
42 1341
42 1341
83 1487
83 1487
83 1487
83 1487
75 1616
75 1616
75 1616
75 1616
75 1616
75 1616
75 1616
75 1616
75 1616
77 1658
77 1658
77 1658
77 1658
77 1658
77 1658
77 1658
77 1658
77 1658
77 1658
77 1658
77 1658
49 1473
49 1473
49 1473
49 1473
49 1473
49 1473
49 1473
49 1473
49 1473
49 1473
49 1473
49 1473
49 1473
49 1473
49 1473
49 1473
49 1473
49 1473
49 1473
49 1473
49 1473
49 1473
49 1473
49 1473
49 1473
49 1473
49 1473
49 1473
68 1437
68 1437
68 1437
68 1437
68 1437
68 1437
68 1437
68 1437
68 1437
68 1437
68 1437
68 1437
68 1437
68 1437
68 1437
68 1437
68 1437
68 1437
68 1437
68 1437
