1 1 2
2 4 3
3 2 3
4 1 2
5 4 3
6 4 3
7 3 1
8 1 2
9 3 1
10 2 1
11 3 1
12 3 1
13 3 1
14 2 1
15 2 1
16 1 2
17 3 1
18 4 1
19 2 1
20 3 1
21 4 1
22 3 1
23 2 1
24 3 1
25 3 1
26 4 1
27 1 2
28 4 1
29 3 1
30 2 1
31 1 2
32 1 1
33 3 1
34 2 1
35 1 1
36 4 1
37 3 1
38 1 1
39 2 1
40 1 1
41 3 1
42 3 1
43 3 1
44 2 1
45 4 1
46 2 1
47 3 1
48 2 1
49 1 1
50 3 1
51 2 1
52 4 1
53 1 1
54 1 1
55 1 1
56 2 1
57 3 3
58 3 3
59 3 3
60 4 3
61 3 3
62 4 3
63 3 3
64 1 1
65 1 1
66 3 3
67 4 3
68 2 3
69 1 1
70 2 3
71 1 1
72 2 3
73 3 3
74 2 3
75 2 3
76 2 3
77 2 3
78 3 3
79 3 3
80 4 3
81 2 3
