1 1 2 82.8716 -71.8058
2 4 1 45.1917 -91.4721
3 2 3 28.0205 13.872
4 1 3 -95.0287 -84.0847
5 4 1 3.05194 34.0437
6 4 3 49.9182 -57.2402
7 3 1 -77.3513 22.3847
8 1 3 -77.2284 -36.2313
9 3 2 89.8671 -56.5633
10 2 3 -65.6052 -53.7349
11 3 3 -34.6278 32.4938
12 3 2 -27.7291 -48.6415
13 3 2 -38.825 79.9363
14 2 3 65.2795 -58.3222
15 2 1 82.1249 60.4971
16 1 2 97.451 -32.6704
17 3 2 -69.3043 -50.241
18 4 3 96.2214 87.2372
19 2 2 -66.6882 1.55506
20 3 1 63.1966 68.383
21 4 1 -10.4815 -9.17306
22 3 3 10.1999 92.9649
23 2 3 24.8935 -66.3566
24 3 1 -66.0309 -35.851
25 3 3 2.95575 26.3708
26 4 3 -85.7764 70.52
27 1 1 -42.0168 7.3142
28 4 1 -51.7932 -26.1912
29 3 2 69.3829 -49.3364
30 2 2 -99.2501 -70.1813
31 1 2 -4.52698 -56.5424
32 1 1 -32.4975 61.2269
33 3 3 14.4209 -80.2623
34 2 3 -41.1494 -57.2098
35 1 1 47.442 -75.577
36 4 1 -71.0493 -22.9516
37 3 3 -38.0106 34.8886
38 1 2 -16.1523 9.58457
39 2 3 47.2603 92.3303
40 1 3 87.8855 -83.4708
41 3 3 -42.735 -0.861988
42 3 1 82.4826 99.0928
43 3 2 58.3909 78.3814
44 2 1 -55.3698 87.5914
45 4 1 70.6217 20.6799
46 2 2 -42.7279 -81.6236
47 3 3 63.5844 52.0003
48 2 2 -0.593823 70.0604
49 1 2 22.9184 -67.7591
50 3 2 -3.70684 78.4651
51 2 1 60.6844 62.0365
52 4 1 23.2664 -27.4694
53 1 1 -14.5118 -3.85358
54 1 2 -30.8641 93.4463
55 1 1 -87.6173 -61.0238
56 2 2 -40.5489 45.2071
57 3 1 -2.86231 -39.0126
58 3 1 14.2209 -58.9852
59 3 3 29.3793 -72.4606
60 4 2 -38.7864 28.2089
61 3 1 25.105 59.3932
62 4 1 -72.9874 92.6469
63 3 3 77.7903 76.054
64 1 3 -57.701 -28.0906
65 1 2 44.3137 32.6287
66 3 3 -82.3468 -84.9957
67 4 2 51.5869 -54.9821
68 2 1 70.0382 -19.77
69 1 3 -0.527106 -60.9064
70 2 3 56.5301 85.1284
71 1 1 78.8552 90.4722
72 2 2 -87.9789 80.0421
73 3 2 -71.9893 -48.5251
74 2 1 -18.2547 54.1009
75 2 2 -75.0328 -68.3925
76 2 1 93.4966 -65.6825
77 2 2 81.0866 19.08
78 3 1 -66.9261 80.5509
79 3 1 -11.4607 -61.3997
80 4 1 84.8157 98.9277
81 2 1 36.6752 16.575
