15 764
15 764
15 764
15 764
15 764
15 764
15 764
15 764
15 764
15 764
15 764
15 764
15 764
15 764
15 764
15 764
15 764
15 764
15 764
15 764
15 764
15 764
15 764
15 764
65 1012
65 1012
65 1012
65 1012
65 1012
65 1012
65 1012
65 1012
65 1012
65 1012
65 1012
65 1012
65 1012
65 1012
65 1012
65 1012
65 1012
65 1012
65 1012
65 1012
65 1012
105 1347
105 1347
105 1347
105 1347
68 1718
68 1718
68 1718
68 1718
68 1718
68 1718
68 1718
68 1718
68 1718
68 1718
68 1718
68 1718
68 1718
68 1718
68 1718
68 1718
40 2010
40 2010
40 2010
40 2010
40 2010
40 2010
40 2010
40 2010
40 2010
40 2010
40 2010
40 2010
40 2010
40 2010
40 2010
40 2010
40 2010
40 2010
40 2010
40 2010
40 2010
40 2010
40 2010
40 2010
40 2010
40 1513
40 1513
40 1513
40 1513
40 1513
40 1513
40 1513
40 1513
40 1513
40 1513
40 1513
40 1513
40 1513
40 1513
40 1513
40 1513
40 1513
40 1513
40 1513
40 1513
40 1513
40 1513
40 1513
40 1513
40 1513
68 1238
68 1238
68 1238
68 1238
68 1238
68 1238
68 1238
68 1238
68 1238
68 1238
68 1238
68 1238
68 1238
68 1238
68 1238
68 1238
15 1543
15 1543
15 1543
15 1543
15 1543
15 1543
15 1543
15 1543
15 1543
15 1543
15 1543
15 1543
15 1543
15 1543
15 1543
15 1543
15 1543
15 1543
15 1543
15 1543
15 1543
15 1543
15 1543
15 1543
116 1535
116 1535
116 1535
116 1535
116 1535
65 1547
65 1547
65 1547
65 1547
65 1547
65 1547
65 1547
65 1547
65 1547
65 1547
65 1547
65 1547
65 1547
65 1547
65 1547
65 1547
65 1547
65 1547
65 1547
65 1547
65 1547
40 1468
40 1468
40 1468
40 1468
40 1468
40 1468
40 1468
40 1468
40 1468
40 1468
40 1468
40 1468
40 1468
40 1468
40 1468
40 1468
40 1468
40 1468
40 1468
40 1468
40 1468
40 1468
40 1468
40 1468
40 1468
105 1621
105 1621
105 1621
105 1621
15 1697
15 1697
15 1697
15 1697
15 1697
15 1697
15 1697
15 1697
15 1697
15 1697
15 1697
15 1697
15 1697
15 1697
15 1697
15 1697
15 1697
15 1697
15 1697
15 1697
15 1697
15 1697
15 1697
15 1697
116 1799
116 1799
116 1799
116 1799
116 1799
65 1809
65 1809
65 1809
65 1809
65 1809
65 1809
65 1809
65 1809
65 1809
65 1809
65 1809
65 1809
65 1809
65 1809
65 1809
65 1809
65 1809
65 1809
65 1809
65 1809
65 1809
121 2269
121 2269
121 2269
121 2269
121 2269
121 2269
121 2269
121 2269
121 2269
121 2269
121 2269
68 1845
68 1845
68 1845
68 1845
68 1845
68 1845
68 1845
68 1845
68 1845
68 1845
68 1845
68 1845
68 1845
68 1845
68 1845
68 1845
125 2298
125 2298
125 2298
125 2298
125 2298
125 2298
125 2298
121 1843
121 1843
121 1843
121 1843
121 1843
121 1843
121 1843
121 1843
121 1843
121 1843
121 1843
125 1992
125 1992
125 1992
125 1992
125 1992
125 1992
125 1992
60 3248
60 3248
60 3248
60 3248
60 3248
60 3248
60 3248
60 3248
60 3248
60 3248
60 3248
60 3248
60 3248
60 3248
60 3248
60 3248
60 3248
60 3248
60 2749
60 2749
60 2749
60 2749
60 2749
60 2749
60 2749
60 2749
60 2749
60 2749
60 2749
60 2749
60 2749
60 2749
60 2749
60 2749
60 2749
60 2749
60 2250
60 2250
60 2250
60 2250
60 2250
60 2250
60 2250
60 2250
60 2250
60 2250
60 2250
60 2250
60 2250
60 2250
60 2250
60 2250
60 2250
60 2250
40 2090
40 2090
40 2090
40 2090
40 2090
40 2090
40 2090
40 2090
40 2090
40 2090
40 2090
40 2090
40 2090
40 2090
40 2090
40 2090
40 2090
40 2090
40 2090
40 2090
40 2090
40 2090
40 2090
40 2090
40 2090
68 2166
68 2166
68 2166
68 2166
68 2166
68 2166
68 2166
68 2166
68 2166
68 2166
68 2166
68 2166
68 2166
68 2166
68 2166
68 2166
121 2137
121 2137
121 2137
121 2137
121 2137
121 2137
121 2137
121 2137
121 2137
121 2137
121 2137
125 2240
125 2240
125 2240
125 2240
125 2240
125 2240
125 2240
105 2084
105 2084
105 2084
105 2084
116 2138
116 2138
116 2138
116 2138
116 2138
