17 23
17 23
17 23
17 23
14 59
14 59
14 59
14 59
14 59
14 59
14 59
14 59
14 59
14 59
14 59
14 59
14 15
14 15
14 15
14 15
14 15
14 15
14 15
14 15
14 15
14 15
14 15
14 15
17 5
17 5
17 5
17 5
14 29
14 29
14 29
14 29
14 29
14 29
14 29
14 29
14 29
14 29
14 29
14 29
17 35
17 35
17 35
17 35
126 7
126 7
126 7
126 7
126 7
126 7
126 7
127 12
127 12
127 12
127 12
127 12
127 12
127 12
127 12
127 12
50 784
50 784
50 784
50 784
50 784
50 784
50 784
50 784
50 784
50 784
50 784
50 784
50 784
128 13
128 13
128 13
129 10
129 10
129 10
129 10
129 10
129 10
129 10
129 10
130 19
130 19
130 19
130 19
130 19
130 19
132 19
132 19
132 19
132 19
132 19
133 14
133 14
134 13
50 456
50 456
50 456
50 456
50 456
50 456
50 456
50 456
50 456
50 456
50 456
50 456
50 456
14 2
14 2
14 2
14 2
14 2
14 2
14 2
14 2
14 2
14 2
14 2
14 2
17 7
17 7
17 7
17 7
126 11
126 11
126 11
126 11
126 11
126 11
126 11
127 2
127 2
127 2
127 2
127 2
127 2
127 2
127 2
127 2
128 3
128 3
128 3
129 5
129 5
129 5
129 5
129 5
129 5
129 5
129 5
130 1
130 1
130 1
130 1
130 1
130 1
132 1
132 1
132 1
132 1
132 1
133 18
133 18
134 10
50 549
50 549
50 549
50 549
50 549
50 549
50 549
50 549
50 549
50 549
50 549
50 549
50 549
14 3
14 3
14 3
14 3
14 3
14 3
14 3
14 3
14 3
14 3
14 3
14 3
17 10
17 10
17 10
17 10
126 10
126 10
126 10
126 10
126 10
126 10
126 10
127 5
127 5
127 5
127 5
127 5
127 5
127 5
127 5
127 5
128 11
128 11
128 11
129 3
129 3
129 3
129 3
129 3
129 3
129 3
129 3
130 2
130 2
130 2
130 2
130 2
130 2
38 1937
38 1937
38 1937
38 1937
38 1937
38 1937
38 1937
38 1937
38 1937
38 1937
38 1937
38 1937
38 1937
38 1937
38 1937
38 1937
38 1937
38 1937
38 1937
38 1937
38 1937
38 1937
38 1937
38 1937
38 1937
38 1937
38 1937
38 1937
38 1937
38 1937
132 2
132 2
132 2
132 2
132 2
133 10
133 10
134 6
86 1110
86 1110
86 1110
86 1110
86 1110
86 1110
86 1110
86 1110
86 1110
86 1110
86 1110
86 1110
86 1110
86 1110
86 1110
86 1110
86 1110
86 1110
86 1110
86 1110
86 1110
112 1477
112 1477
112 1477
112 1477
112 1477
112 1477
112 1477
112 1477
112 1477
112 1477
112 1477
112 1477
112 1477
112 1477
112 1477
14 2
14 2
14 2
14 2
14 2
14 2
14 2
14 2
14 2
14 2
14 2
14 2
38 1264
38 1264
38 1264
38 1264
38 1264
38 1264
38 1264
38 1264
38 1264
38 1264
38 1264
38 1264
38 1264
38 1264
38 1264
38 1264
38 1264
38 1264
38 1264
38 1264
38 1264
38 1264
38 1264
38 1264
38 1264
38 1264
38 1264
38 1264
38 1264
38 1264
17 5
17 5
17 5
17 5
126 1
126 1
126 1
126 1
126 1
126 1
126 1
127 7
127 7
127 7
127 7
127 7
127 7
127 7
127 7
127 7
128 2
128 2
128 2
129 18
129 18
129 18
129 18
129 18
129 18
129 18
129 18
130 17
130 17
130 17
130 17
130 17
130 17
132 7
132 7
132 7
132 7
132 7
133 4
133 4
134 10
116 1424
116 1424
116 1424
116 1424
116 1424
116 1424
116 1424
116 1424
116 1424
116 1424
116 1424
14 2
14 2
14 2
14 2
14 2
14 2
14 2
14 2
14 2
14 2
14 2
14 2
50 1182
50 1182
50 1182
50 1182
50 1182
50 1182
50 1182
50 1182
50 1182
50 1182
50 1182
50 1182
50 1182
17 25
17 25
17 25
17 25
86 1376
86 1376
86 1376
86 1376
86 1376
86 1376
86 1376
86 1376
86 1376
86 1376
86 1376
86 1376
86 1376
86 1376
86 1376
86 1376
86 1376
86 1376
86 1376
86 1376
86 1376
38 1359
38 1359
38 1359
38 1359
38 1359
38 1359
38 1359
38 1359
38 1359
38 1359
38 1359
38 1359
38 1359
38 1359
38 1359
38 1359
38 1359
38 1359
38 1359
38 1359
38 1359
38 1359
38 1359
38 1359
38 1359
38 1359
38 1359
38 1359
38 1359
38 1359
126 3
126 3
126 3
126 3
126 3
126 3
126 3
127 4
127 4
127 4
127 4
127 4
127 4
127 4
127 4
127 4
27 3032
27 3032
27 3032
27 3032
27 3032
27 3032
27 3032
27 3032
27 3032
27 3032
27 3032
27 3032
27 3032
27 3032
27 3032
27 3032
27 3032
27 3032
27 3032
27 3032
27 3032
27 3032
27 3032
27 3032
27 3032
27 3032
128 28
128 28
128 28
27 1548
27 1548
27 1548
27 1548
27 1548
27 1548
27 1548
27 1548
27 1548
27 1548
27 1548
27 1548
27 1548
27 1548
27 1548
27 1548
27 1548
27 1548
27 1548
27 1548
27 1548
27 1548
27 1548
27 1548
27 1548
27 1548
129 39
129 39
129 39
129 39
129 39
129 39
129 39
129 39
130 33
130 33
130 33
130 33
130 33
130 33
132 46
132 46
132 46
132 46
132 46
133 61
133 61
134 63
112 1321
112 1321
112 1321
112 1321
112 1321
112 1321
112 1321
112 1321
112 1321
112 1321
112 1321
112 1321
112 1321
112 1321
112 1321
50 1110
50 1110
50 1110
50 1110
50 1110
50 1110
50 1110
50 1110
50 1110
50 1110
50 1110
50 1110
50 1110
123 2391
123 2391
123 2391
123 2391
123 2391
123 2391
123 2391
123 2391
123 2391
123 2391
123 2391
123 2391
123 2391
123 2391
123 2391
123 2391
123 2391
123 2391
123 2391
123 2391
123 2391
123 2391
123 2391
123 2391
123 2391
123 1904
123 1904
123 1904
123 1904
123 1904
123 1904
123 1904
123 1904
123 1904
123 1904
123 1904
123 1904
123 1904
123 1904
123 1904
123 1904
123 1904
123 1904
123 1904
123 1904
123 1904
123 1904
123 1904
123 1904
123 1904
123 1406
123 1406
123 1406
123 1406
123 1406
123 1406
123 1406
123 1406
123 1406
123 1406
123 1406
123 1406
123 1406
123 1406
123 1406
123 1406
123 1406
123 1406
123 1406
123 1406
123 1406
123 1406
123 1406
123 1406
123 1406
14 27
14 27
14 27
14 27
14 27
14 27
14 27
14 27
14 27
14 27
14 27
14 27
17 30
17 30
17 30
17 30
126 11
126 11
126 11
126 11
126 11
126 11
126 11
127 4
127 4
127 4
127 4
127 4
127 4
127 4
127 4
127 4
128 3
128 3
128 3
129 7
129 7
129 7
129 7
129 7
129 7
129 7
129 7
130 4
130 4
130 4
130 4
130 4
130 4
132 1
132 1
132 1
132 1
132 1
118 2652
118 2652
118 2652
118 2652
118 2652
118 2652
118 2652
118 2652
118 2652
118 2652
118 2652
118 2652
118 2652
118 2652
118 2652
118 2652
118 2652
133 3
133 3
118 2156
118 2156
118 2156
118 2156
118 2156
118 2156
118 2156
118 2156
118 2156
118 2156
118 2156
118 2156
118 2156
118 2156
118 2156
118 2156
118 2156
134 2
118 1662
118 1662
118 1662
118 1662
118 1662
118 1662
118 1662
118 1662
118 1662
118 1662
118 1662
118 1662
118 1662
118 1662
118 1662
118 1662
118 1662
89 2996
89 2996
89 2996
89 2996
89 2996
89 2996
89 2996
89 2996
89 2996
89 2996
89 2996
89 2996
89 2996
89 2996
89 2996
89 2996
89 2996
89 2996
89 2996
89 2996
89 2501
89 2501
89 2501
89 2501
89 2501
89 2501
89 2501
89 2501
89 2501
89 2501
89 2501
89 2501
89 2501
89 2501
89 2501
89 2501
89 2501
89 2501
89 2501
89 2501
89 2002
89 2002
89 2002
89 2002
89 2002
89 2002
89 2002
89 2002
89 2002
89 2002
89 2002
89 2002
89 2002
89 2002
89 2002
89 2002
89 2002
89 2002
89 2002
89 2002
112 1312
112 1312
112 1312
112 1312
112 1312
112 1312
112 1312
112 1312
112 1312
112 1312
112 1312
112 1312
112 1312
112 1312
112 1312
27 1703
27 1703
27 1703
27 1703
27 1703
27 1703
27 1703
27 1703
27 1703
27 1703
27 1703
27 1703
27 1703
27 1703
27 1703
27 1703
27 1703
27 1703
27 1703
27 1703
27 1703
27 1703
27 1703
27 1703
27 1703
27 1703
89 1169
89 1169
89 1169
89 1169
89 1169
89 1169
89 1169
89 1169
89 1169
89 1169
89 1169
89 1169
89 1169
89 1169
89 1169
89 1169
89 1169
89 1169
89 1169
89 1169
123 1360
123 1360
123 1360
123 1360
123 1360
123 1360
123 1360
123 1360
123 1360
123 1360
123 1360
123 1360
123 1360
123 1360
123 1360
123 1360
123 1360
123 1360
123 1360
123 1360
123 1360
123 1360
123 1360
123 1360
123 1360
120 2438
120 2438
120 2438
120 2438
120 2438
120 2438
120 2438
120 2438
120 2438
120 2438
120 2438
120 2438
120 2438
120 2438
120 2438
120 2438
120 2438
120 2438
120 2438
120 2438
120 2438
120 2438
38 1787
38 1787
38 1787
38 1787
38 1787
38 1787
38 1787
38 1787
38 1787
38 1787
38 1787
38 1787
38 1787
38 1787
38 1787
38 1787
38 1787
38 1787
38 1787
38 1787
38 1787
38 1787
38 1787
38 1787
38 1787
38 1787
38 1787
38 1787
38 1787
38 1787
50 1204
50 1204
50 1204
50 1204
50 1204
50 1204
50 1204
50 1204
50 1204
50 1204
50 1204
50 1204
50 1204
118 1525
118 1525
118 1525
118 1525
118 1525
118 1525
118 1525
118 1525
118 1525
118 1525
118 1525
118 1525
118 1525
118 1525
118 1525
118 1525
118 1525
116 2054
116 2054
116 2054
116 2054
116 2054
116 2054
116 2054
116 2054
116 2054
116 2054
116 2054
126 6
126 6
126 6
126 6
126 6
126 6
126 6
116 1636
116 1636
116 1636
116 1636
116 1636
116 1636
116 1636
116 1636
116 1636
116 1636
116 1636
127 37
127 37
127 37
127 37
127 37
127 37
127 37
127 37
127 37
128 33
128 33
128 33
129 29
129 29
129 29
129 29
129 29
129 29
129 29
129 29
130 23
130 23
130 23
130 23
130 23
130 23
132 15
132 15
132 15
132 15
132 15
133 7
133 7
134 18
76 3153
76 3153
76 3153
76 3153
76 3153
76 3153
76 3153
76 3153
76 3153
76 3153
76 3153
76 3153
76 3153
76 3153
76 3153
76 3153
76 3153
76 3153
76 3153
76 3153
76 3153
76 3153
76 3153
86 2060
86 2060
86 2060
86 2060
86 2060
86 2060
86 2060
86 2060
86 2060
86 2060
86 2060
86 2060
86 2060
86 2060
86 2060
86 2060
86 2060
86 2060
86 2060
86 2060
86 2060
112 1387
112 1387
112 1387
112 1387
112 1387
112 1387
112 1387
112 1387
112 1387
112 1387
112 1387
112 1387
112 1387
112 1387
112 1387
116 1366
116 1366
116 1366
116 1366
116 1366
116 1366
116 1366
116 1366
116 1366
116 1366
116 1366
118 1415
118 1415
118 1415
118 1415
118 1415
118 1415
118 1415
118 1415
118 1415
118 1415
118 1415
118 1415
118 1415
118 1415
118 1415
118 1415
118 1415
76 2474
76 2474
76 2474
76 2474
76 2474
76 2474
76 2474
76 2474
76 2474
76 2474
76 2474
76 2474
76 2474
76 2474
76 2474
76 2474
76 2474
76 2474
76 2474
76 2474
76 2474
76 2474
76 2474
126 14
126 14
126 14
126 14
126 14
126 14
126 14
127 25
127 25
127 25
127 25
127 25
127 25
127 25
127 25
127 25
128 24
128 24
128 24
129 20
129 20
129 20
129 20
129 20
129 20
129 20
129 20
130 12
130 12
130 12
130 12
130 12
130 12
132 1
132 1
132 1
132 1
132 1
133 4
133 4
134 9
123 1670
123 1670
123 1670
123 1670
123 1670
123 1670
123 1670
123 1670
123 1670
123 1670
123 1670
123 1670
123 1670
123 1670
123 1670
123 1670
123 1670
123 1670
123 1670
123 1670
123 1670
123 1670
123 1670
123 1670
123 1670
116 1448
116 1448
116 1448
116 1448
116 1448
116 1448
116 1448
116 1448
116 1448
116 1448
116 1448
