16 81
16 81
16 81
16 81
16 81
16 81
16 81
16 81
16 81
23 141
23 141
23 141
23 141
23 141
23 141
25 123
25 123
25 123
25 123
25 123
25 123
25 123
25 123
25 123
25 123
25 123
25 123
25 123
25 123
30 407
30 407
30 407
30 407
30 407
30 407
30 407
30 407
30 407
30 407
30 407
30 407
30 407
30 407
30 407
30 407
30 407
30 407
30 407
30 407
30 407
16 406
16 406
16 406
16 406
16 406
16 406
16 406
16 406
16 406
21 925
21 925
21 925
21 925
21 925
21 925
21 925
21 925
21 925
21 925
21 428
21 428
21 428
21 428
21 428
21 428
21 428
21 428
21 428
21 428
23 412
23 412
23 412
23 412
23 412
23 412
30 827
30 827
30 827
30 827
30 827
30 827
30 827
30 827
30 827
30 827
30 827
30 827
30 827
30 827
30 827
30 827
30 827
30 827
30 827
30 827
30 827
23 746
23 746
23 746
23 746
23 746
23 746
21 823
21 823
21 823
21 823
21 823
21 823
21 823
21 823
21 823
21 823
30 850
30 850
30 850
30 850
30 850
30 850
30 850
30 850
30 850
30 850
30 850
30 850
30 850
30 850
30 850
30 850
30 850
30 850
30 850
30 850
30 850
25 1436
25 1436
25 1436
25 1436
25 1436
25 1436
25 1436
25 1436
25 1436
25 1436
25 1436
25 1436
25 1436
25 1436
47 2290
47 2290
47 2290
47 2290
47 2290
47 2290
47 2290
47 2290
47 2290
47 2290
47 2290
47 2290
16 1602
16 1602
16 1602
16 1602
16 1602
16 1602
16 1602
16 1602
16 1602
3 2734
3 2734
3 2734
3 2734
3 2734
3 2734
3 2734
3 2734
3 2734
3 2734
3 2734
3 2734
3 2734
3 2234
3 2234
3 2234
3 2234
3 2234
3 2234
3 2234
3 2234
3 2234
3 2234
3 2234
3 2234
3 2234
3 1736
3 1736
3 1736
3 1736
3 1736
3 1736
3 1736
3 1736
3 1736
3 1736
3 1736
3 1736
3 1736
3 1236
3 1236
3 1236
3 1236
3 1236
3 1236
3 1236
3 1236
3 1236
3 1236
3 1236
3 1236
3 1236
16 1175
16 1175
16 1175
16 1175
16 1175
16 1175
16 1175
16 1175
16 1175
23 1157
23 1157
23 1157
23 1157
23 1157
23 1157
25 1174
25 1174
25 1174
25 1174
25 1174
25 1174
25 1174
25 1174
25 1174
25 1174
25 1174
25 1174
25 1174
25 1174
47 1681
47 1681
47 1681
47 1681
47 1681
47 1681
47 1681
47 1681
47 1681
47 1681
47 1681
47 1681
21 1715
21 1715
21 1715
21 1715
21 1715
21 1715
21 1715
21 1715
21 1715
21 1715
34 3109
34 3109
34 3109
34 3109
34 3109
34 3109
34 3109
34 3109
34 3109
34 3109
34 3109
37 3097
37 3097
44 2081
44 2081
44 2081
44 2081
44 2081
16 1407
16 1407
16 1407
16 1407
16 1407
16 1407
16 1407
16 1407
16 1407
3 1618
3 1618
3 1618
3 1618
3 1618
3 1618
3 1618
3 1618
3 1618
3 1618
3 1618
3 1618
3 1618
57 2168
57 2168
57 2168
57 2168
23 1521
23 1521
23 1521
23 1521
23 1521
23 1521
47 1800
47 1800
47 1800
47 1800
47 1800
47 1800
47 1800
47 1800
47 1800
47 1800
47 1800
47 1800
21 1806
21 1806
21 1806
21 1806
21 1806
21 1806
21 1806
21 1806
21 1806
21 1806
70 2314
70 2314
70 2314
70 2314
70 2314
70 2314
70 2314
70 2314
