3 42
14 4
14 4
14 4
14 4
14 4
14 4
14 4
14 4
14 4
14 4
17 12
17 12
3 7
14 2
14 2
14 2
14 2
14 2
14 2
14 2
14 2
14 2
14 2
47 179
47 179
47 179
47 179
17 6
17 6
87 145
87 145
87 145
87 145
87 145
87 145
87 145
87 145
87 145
87 145
87 145
87 145
87 145
3 6
95 167
95 167
95 167
95 167
95 167
14 3
14 3
14 3
14 3
14 3
14 3
14 3
14 3
14 3
14 3
17 2
17 2
103 214
103 214
103 214
103 214
103 214
103 214
106 463
106 463
106 463
3 5
15 895
15 895
15 895
15 895
15 895
15 895
15 895
15 895
15 895
15 895
15 895
15 398
15 398
15 398
15 398
15 398
15 398
15 398
15 398
15 398
15 398
15 398
23 1333
23 1333
23 1333
23 1333
23 1333
23 1333
23 1333
23 833
23 833
23 833
23 833
23 833
23 833
23 833
87 237
87 237
87 237
87 237
87 237
87 237
87 237
87 237
87 237
87 237
87 237
87 237
87 237
14 3
14 3
14 3
14 3
14 3
14 3
14 3
14 3
14 3
14 3
17 3
17 3
23 468
23 468
23 468
23 468
23 468
23 468
23 468
95 309
95 309
95 309
95 309
95 309
103 274
103 274
103 274
103 274
103 274
103 274
106 280
106 280
106 280
3 3
15 412
15 412
15 412
15 412
15 412
15 412
15 412
15 412
15 412
15 412
15 412
14 6
14 6
14 6
14 6
14 6
14 6
14 6
14 6
14 6
14 6
17 8
17 8
87 362
87 362
87 362
87 362
87 362
87 362
87 362
87 362
87 362
87 362
87 362
87 362
87 362
47 775
47 775
47 775
47 775
95 353
95 353
95 353
95 353
95 353
103 352
103 352
103 352
103 352
103 352
103 352
9 2366
9 2366
9 2366
9 2366
9 2366
9 2366
9 2366
9 2366
9 2366
9 2366
9 2366
9 2366
9 1909
9 1909
9 1909
9 1909
9 1909
9 1909
9 1909
9 1909
9 1909
9 1909
9 1909
9 1909
9 1414
9 1414
9 1414
9 1414
9 1414
9 1414
9 1414
9 1414
9 1414
9 1414
9 1414
9 1414
9 423
9 423
9 423
9 423
9 423
9 423
9 423
9 423
9 423
9 423
9 423
9 423
106 453
106 453
106 453
3 6
14 3
14 3
14 3
14 3
14 3
14 3
14 3
14 3
14 3
14 3
17 2
17 2
15 605
15 605
15 605
15 605
15 605
15 605
15 605
15 605
15 605
15 605
15 605
87 425
87 425
87 425
87 425
87 425
87 425
87 425
87 425
87 425
87 425
87 425
87 425
87 425
3 6
14 1
14 1
14 1
14 1
14 1
14 1
14 1
14 1
14 1
14 1
17 11
17 11
3 4
14 3
14 3
14 3
14 3
14 3
14 3
14 3
14 3
14 3
14 3
17 3
17 3
103 1371
103 1371
103 1371
103 1371
103 1371
103 1371
87 1035
87 1035
87 1035
87 1035
87 1035
87 1035
87 1035
87 1035
87 1035
87 1035
87 1035
87 1035
87 1035
15 1260
15 1260
15 1260
15 1260
15 1260
15 1260
15 1260
15 1260
15 1260
15 1260
15 1260
103 893
103 893
103 893
103 893
103 893
103 893
9 834
9 834
9 834
9 834
9 834
9 834
9 834
9 834
9 834
9 834
9 834
9 834
23 1285
23 1285
23 1285
23 1285
23 1285
23 1285
23 1285
95 1071
95 1071
95 1071
95 1071
95 1071
15 916
15 916
15 916
15 916
15 916
15 916
15 916
15 916
15 916
15 916
15 916
106 1007
106 1007
106 1007
23 898
23 898
23 898
23 898
23 898
23 898
23 898
87 763
87 763
87 763
87 763
87 763
87 763
87 763
87 763
87 763
87 763
87 763
87 763
87 763
100 2646
100 2646
100 2646
100 2646
100 2646
100 2646
100 2646
100 2646
100 2646
100 1155
100 1155
100 1155
100 1155
100 1155
100 1155
100 1155
100 1155
100 1155
32 3839
32 3839
32 3839
32 3839
32 3839
32 3839
32 3839
32 3839
32 3353
32 3353
32 3353
32 3353
32 3353
32 3353
32 3353
32 3353
32 2862
32 2862
32 2862
32 2862
32 2862
32 2862
32 2862
32 2862
106 988
106 988
106 988
103 1037
103 1037
103 1037
103 1037
103 1037
103 1037
87 745
87 745
87 745
87 745
87 745
87 745
87 745
87 745
87 745
87 745
87 745
87 745
87 745
100 998
100 998
100 998
100 998
100 998
100 998
100 998
100 998
100 998
