9 136
9 136
9 136
9 136
9 136
9 136
9 136
9 136
9 136
9 136
9 136
9 136
9 136
9 136
9 136
9 136
9 136
9 136
9 136
5 176
5 176
5 176
8 149
8 149
8 149
8 149
13 191
13 191
13 191
13 191
13 191
13 191
13 191
13 191
13 191
13 191
13 191
13 191
13 191
13 191
13 191
13 191
13 191
13 191
13 191
13 191
13 191
13 191
13 191
13 191
13 191
13 191
13 191
20 177
20 177
20 177
20 177
20 177
20 177
20 177
20 177
20 177
20 177
20 177
20 177
20 177
20 177
20 177
20 177
20 177
20 177
20 177
20 177
20 177
32 404
32 404
32 404
32 404
32 404
32 404
32 404
32 404
32 404
9 337
9 337
9 337
9 337
9 337
9 337
9 337
9 337
9 337
9 337
9 337
9 337
9 337
9 337
9 337
9 337
9 337
9 337
9 337
8 365
8 365
8 365
8 365
5 429
5 429
5 429
3 549
3 549
3 549
3 549
3 549
3 549
3 549
3 549
3 549
3 549
3 549
3 549
3 549
3 549
3 549
3 549
3 549
3 549
3 549
3 549
3 549
3 549
3 549
3 549
3 549
3 549
13 478
13 478
13 478
13 478
13 478
13 478
13 478
13 478
13 478
13 478
13 478
13 478
13 478
13 478
13 478
13 478
13 478
13 478
13 478
13 478
13 478
13 478
13 478
13 478
13 478
13 478
13 478
20 561
20 561
20 561
20 561
20 561
20 561
20 561
20 561
20 561
20 561
20 561
20 561
20 561
20 561
20 561
20 561
20 561
20 561
20 561
20 561
20 561
7 1206
7 1206
7 1206
7 1206
7 1206
7 1206
7 1206
7 1206
7 1206
7 1206
7 1206
7 1206
7 1206
7 1206
7 1206
7 1206
7 1206
7 706
7 706
7 706
7 706
7 706
7 706
7 706
7 706
7 706
7 706
7 706
7 706
7 706
7 706
7 706
7 706
7 706
7 663
7 663
7 663
7 663
7 663
7 663
7 663
7 663
7 663
7 663
7 663
7 663
7 663
7 663
7 663
7 663
7 663
5 699
5 699
5 699
3 730
3 730
3 730
3 730
3 730
3 730
3 730
3 730
3 730
3 730
3 730
3 730
3 730
3 730
3 730
3 730
3 730
3 730
3 730
3 730
3 730
3 730
3 730
3 730
3 730
3 730
8 695
8 695
8 695
8 695
32 976
32 976
32 976
32 976
32 976
32 976
32 976
32 976
32 976
9 719
9 719
9 719
9 719
9 719
9 719
9 719
9 719
9 719
9 719
9 719
9 719
9 719
9 719
9 719
9 719
9 719
9 719
9 719
13 739
13 739
13 739
13 739
13 739
13 739
13 739
13 739
13 739
13 739
13 739
13 739
13 739
13 739
13 739
13 739
13 739
13 739
13 739
13 739
13 739
13 739
13 739
13 739
13 739
13 739
13 739
20 761
20 761
20 761
20 761
20 761
20 761
20 761
20 761
20 761
20 761
20 761
20 761
20 761
20 761
20 761
20 761
20 761
20 761
20 761
20 761
20 761
32 833
32 833
32 833
32 833
32 833
32 833
32 833
32 833
32 833
26 1990
26 1990
26 1990
26 1990
26 1990
26 1990
26 1990
26 1990
26 1990
26 1990
26 1990
26 1990
26 1990
26 1990
26 1990
26 1990
26 1990
26 1990
26 1490
26 1490
26 1490
26 1490
26 1490
26 1490
26 1490
26 1490
26 1490
26 1490
26 1490
26 1490
26 1490
26 1490
26 1490
26 1490
26 1490
26 1490
26 1001
26 1001
26 1001
26 1001
26 1001
26 1001
26 1001
26 1001
26 1001
26 1001
26 1001
26 1001
26 1001
26 1001
26 1001
26 1001
26 1001
26 1001
48 1792
48 1792
48 1792
48 1792
48 1792
48 1792
48 1792
48 1301
48 1301
48 1301
48 1301
48 1301
48 1301
48 1301
5 984
5 984
5 984
7 988
7 988
7 988
7 988
7 988
7 988
7 988
7 988
7 988
7 988
7 988
7 988
7 988
7 988
7 988
7 988
7 988
9 1003
9 1003
9 1003
9 1003
9 1003
9 1003
9 1003
9 1003
9 1003
9 1003
9 1003
9 1003
9 1003
9 1003
9 1003
9 1003
9 1003
9 1003
9 1003
48 1138
48 1138
48 1138
48 1138
48 1138
48 1138
48 1138
8 1056
8 1056
8 1056
8 1056
3 1124
3 1124
3 1124
3 1124
3 1124
3 1124
3 1124
3 1124
3 1124
3 1124
3 1124
3 1124
3 1124
3 1124
3 1124
3 1124
3 1124
3 1124
3 1124
3 1124
3 1124
3 1124
3 1124
3 1124
3 1124
3 1124
13 1086
13 1086
13 1086
13 1086
13 1086
13 1086
13 1086
13 1086
13 1086
13 1086
13 1086
13 1086
13 1086
13 1086
13 1086
13 1086
13 1086
13 1086
13 1086
13 1086
13 1086
13 1086
13 1086
13 1086
13 1086
13 1086
13 1086
20 1271
20 1271
20 1271
20 1271
20 1271
20 1271
20 1271
20 1271
20 1271
20 1271
20 1271
20 1271
20 1271
20 1271
20 1271
20 1271
20 1271
20 1271
20 1271
20 1271
20 1271
26 1213
26 1213
26 1213
26 1213
26 1213
26 1213
26 1213
26 1213
26 1213
26 1213
26 1213
26 1213
26 1213
26 1213
26 1213
26 1213
26 1213
26 1213
32 1154
32 1154
32 1154
32 1154
32 1154
32 1154
32 1154
32 1154
32 1154
5 1518
5 1518
5 1518
7 1528
7 1528
7 1528
7 1528
7 1528
7 1528
7 1528
7 1528
7 1528
7 1528
7 1528
7 1528
7 1528
7 1528
7 1528
7 1528
7 1528
9 1508
9 1508
9 1508
9 1508
9 1508
9 1508
9 1508
9 1508
9 1508
9 1508
9 1508
9 1508
9 1508
9 1508
9 1508
9 1508
9 1508
9 1508
9 1508
48 1622
48 1622
48 1622
48 1622
48 1622
48 1622
48 1622
13 1477
13 1477
13 1477
13 1477
13 1477
13 1477
13 1477
13 1477
13 1477
13 1477
13 1477
13 1477
13 1477
13 1477
13 1477
13 1477
13 1477
13 1477
13 1477
13 1477
13 1477
13 1477
13 1477
13 1477
13 1477
13 1477
13 1477
20 1426
20 1426
20 1426
20 1426
20 1426
20 1426
20 1426
20 1426
20 1426
20 1426
20 1426
20 1426
20 1426
20 1426
20 1426
20 1426
20 1426
20 1426
20 1426
20 1426
20 1426
26 1422
26 1422
26 1422
26 1422
26 1422
26 1422
26 1422
26 1422
26 1422
26 1422
26 1422
26 1422
26 1422
26 1422
26 1422
26 1422
26 1422
26 1422
32 1599
32 1599
32 1599
32 1599
32 1599
32 1599
32 1599
32 1599
32 1599
8 1897
8 1897
8 1897
8 1897
48 1618
48 1618
48 1618
48 1618
48 1618
48 1618
48 1618
