23 1444
58 1107
58 1107
58 1107
58 1107
58 1107
58 1107
58 1052
58 1052
58 1052
58 1052
58 1052
58 1052
61 1278
61 1278
61 1278
61 1278
23 1182
60 1389
60 1389
60 1389
60 1389
60 1389
60 1389
60 1389
60 1389
60 1389
60 1389
60 1389
60 1389
60 1389
60 1389
60 1389
60 1389
60 1389
60 1389
60 1389
60 1389
60 1389
60 1389
60 1389
60 1389
68 1342
68 1342
68 1342
68 1342
68 1342
121 1514
121 1514
121 1514
121 1514
121 1514
121 1514
121 1514
121 1514
121 1514
121 1514
121 1514
121 1514
121 1514
121 1514
121 1514
121 1514
121 1514
121 1514
121 1514
116 1721
116 1721
116 1721
116 1721
116 1721
116 1721
116 1721
116 1721
116 1721
116 1721
116 1721
116 1721
116 1721
116 1721
116 1721
116 1721
116 1721
116 1721
116 1721
116 1721
116 1721
116 1721
116 1721
58 1544
58 1544
58 1544
58 1544
58 1544
58 1544
61 1605
61 1605
61 1605
61 1605
68 1935
68 1935
68 1935
68 1935
68 1935
116 1956
116 1956
116 1956
116 1956
116 1956
116 1956
116 1956
116 1956
116 1956
116 1956
116 1956
116 1956
116 1956
116 1956
116 1956
116 1956
116 1956
116 1956
116 1956
116 1956
116 1956
116 1956
116 1956
23 1886
121 1907
121 1907
121 1907
121 1907
121 1907
121 1907
121 1907
121 1907
121 1907
121 1907
121 1907
121 1907
121 1907
121 1907
121 1907
121 1907
121 1907
121 1907
121 1907
26 3418
26 3418
26 3418
26 3418
26 3418
26 3418
26 3418
67 2525
67 2525
67 2525
60 2352
60 2352
60 2352
60 2352
60 2352
60 2352
60 2352
60 2352
60 2352
60 2352
60 2352
60 2352
60 2352
60 2352
60 2352
60 2352
60 2352
60 2352
60 2352
60 2352
60 2352
60 2352
60 2352
60 2352
66 2795
66 2795
66 2795
66 2795
66 2795
66 2795
66 2795
66 2795
66 2795
66 2795
66 2795
66 2795
66 2795
66 2795
66 2795
66 2298
66 2298
66 2298
66 2298
66 2298
66 2298
66 2298
66 2298
66 2298
66 2298
66 2298
66 2298
66 2298
66 2298
66 2298
58 2113
58 2113
58 2113
58 2113
58 2113
58 2113
97 2312
97 2312
97 2312
97 2312
97 2312
97 2312
97 2312
97 2312
97 2312
97 2312
97 2312
97 2312
97 2312
97 2312
97 2312
97 2312
97 2312
66 2246
66 2246
66 2246
66 2246
66 2246
66 2246
66 2246
66 2246
66 2246
66 2246
66 2246
66 2246
66 2246
66 2246
66 2246
67 2244
67 2244
67 2244
60 2354
60 2354
60 2354
60 2354
60 2354
60 2354
60 2354
60 2354
60 2354
60 2354
60 2354
60 2354
60 2354
60 2354
60 2354
60 2354
60 2354
60 2354
60 2354
60 2354
60 2354
60 2354
60 2354
60 2354
69 2289
69 2289
69 2289
69 2289
69 2289
69 2289
69 2289
69 2289
69 2289
69 2289
69 2289
75 2269
75 2269
75 2269
75 2269
75 2269
75 2269
75 2269
75 2269
75 2269
75 2269
75 2269
75 2269
75 2269
75 2269
75 2269
75 2269
75 2269
75 2269
75 2269
75 2269
75 2269
75 2269
75 2269
75 2269
75 2269
75 2269
75 2269
75 2269
121 2356
121 2356
121 2356
121 2356
121 2356
121 2356
121 2356
121 2356
121 2356
121 2356
121 2356
121 2356
121 2356
121 2356
121 2356
121 2356
121 2356
121 2356
121 2356
111 2560
111 2560
111 2560
111 2560
111 2560
111 2560
111 2560
111 2560
111 2560
111 2560
111 2560
111 2560
111 2560
111 2560
111 2560
111 2560
111 2560
111 2560
111 2560
111 2560
111 2560
111 2560
111 2560
111 2560
111 2560
111 2560
111 2560
68 2492
68 2492
68 2492
68 2492
68 2492
111 2277
111 2277
111 2277
111 2277
111 2277
111 2277
111 2277
111 2277
111 2277
111 2277
111 2277
111 2277
111 2277
111 2277
111 2277
111 2277
111 2277
111 2277
111 2277
111 2277
111 2277
111 2277
111 2277
111 2277
111 2277
111 2277
111 2277
