6 98
6 98
6 98
6 98
6 98
6 98
6 98
6 98
6 98
6 98
6 98
6 98
6 98
6 98
6 98
6 98
6 98
6 98
6 98
6 98
6 98
6 98
6 98
9 76
9 76
9 76
9 76
9 76
9 76
9 76
9 76
9 76
12 80
12 80
12 80
12 80
12 80
12 80
12 80
12 80
12 80
12 80
12 80
12 80
12 80
4 214
4 214
4 214
4 214
4 214
4 214
4 214
4 214
4 214
4 214
4 214
4 214
4 214
4 214
4 214
4 214
4 214
4 214
4 214
4 214
4 214
24 66
24 66
24 66
24 66
24 66
24 66
23 82
23 82
23 82
23 82
23 82
23 82
23 82
23 82
23 82
23 82
23 82
23 82
23 82
23 82
23 82
23 82
23 82
23 82
23 82
23 82
28 225
28 225
28 225
28 225
28 225
28 225
28 225
28 225
28 225
28 225
18 330
18 330
18 330
18 330
18 330
18 330
18 330
18 330
18 330
18 330
18 330
18 330
18 330
18 330
18 330
18 330
18 330
18 330
18 330
18 330
18 330
18 330
18 330
18 330
18 330
22 293
22 293
22 293
22 293
22 293
22 293
22 293
22 293
22 293
22 293
22 293
22 293
22 293
22 293
22 293
22 293
22 293
22 293
22 293
22 293
22 293
22 293
22 293
22 293
22 293
22 293
22 293
22 293
38 143
38 143
38 143
38 143
38 143
38 143
38 143
38 143
38 143
38 143
38 143
38 143
38 143
38 143
39 206
39 206
39 206
39 206
39 206
39 206
39 206
39 206
39 206
39 206
39 206
39 206
39 206
39 206
39 206
39 206
39 206
39 206
39 206
39 206
39 206
39 206
39 206
39 206
39 206
39 206
40 208
40 208
40 208
40 208
40 208
40 208
40 208
40 208
40 208
40 208
40 208
40 208
40 208
40 208
40 208
48 143
48 143
48 143
48 143
48 143
43 262
43 262
43 262
43 262
43 262
43 262
43 262
43 262
43 262
43 262
43 262
43 262
55 153
55 153
55 153
6 151
6 151
6 151
6 151
6 151
6 151
6 151
6 151
6 151
6 151
6 151
6 151
6 151
6 151
6 151
6 151
6 151
6 151
6 151
6 151
6 151
6 151
6 151
9 154
9 154
9 154
9 154
9 154
9 154
9 154
9 154
9 154
12 142
12 142
12 142
12 142
12 142
12 142
12 142
12 142
12 142
12 142
12 142
12 142
12 142
62 218
62 218
62 218
62 218
62 218
62 218
62 218
62 218
47 385
47 385
47 385
47 385
47 385
47 385
47 385
47 385
47 385
47 385
47 385
47 385
47 385
47 385
47 385
47 385
47 385
47 385
47 385
47 385
47 385
47 385
47 385
47 385
47 385
47 385
47 385
47 385
47 385
47 385
50 363
50 363
50 363
50 363
50 363
50 363
50 363
50 363
50 363
50 363
50 363
50 363
50 363
50 363
50 363
50 363
50 363
50 363
50 363
50 363
50 363
50 363
50 363
50 363
50 363
50 363
50 363
65 227
65 227
65 227
65 227
65 227
65 227
65 227
65 227
65 227
65 227
65 227
65 227
65 227
65 227
65 227
65 227
4 346
4 346
4 346
4 346
4 346
4 346
4 346
4 346
4 346
4 346
4 346
4 346
4 346
4 346
4 346
4 346
4 346
4 346
4 346
4 346
4 346
18 226
18 226
18 226
18 226
18 226
18 226
18 226
18 226
18 226
18 226
18 226
18 226
18 226
18 226
18 226
18 226
18 226
18 226
18 226
18 226
18 226
18 226
18 226
18 226
18 226
67 238
67 238
67 238
67 238
67 238
67 238
67 238
67 238
67 238
67 238
67 238
67 238
67 238
67 238
67 238
67 238
67 238
67 238
23 204
23 204
23 204
23 204
23 204
23 204
23 204
23 204
23 204
23 204
23 204
23 204
23 204
23 204
23 204
23 204
23 204
23 204
23 204
23 204
24 201
24 201
24 201
24 201
24 201
24 201
22 227
22 227
22 227
22 227
22 227
22 227
22 227
22 227
22 227
22 227
22 227
22 227
22 227
22 227
22 227
22 227
22 227
22 227
22 227
22 227
22 227
22 227
22 227
22 227
22 227
22 227
22 227
22 227
60 359
28 366
28 366
28 366
28 366
28 366
28 366
28 366
28 366
28 366
28 366
61 563
61 563
61 563
61 563
61 563
61 563
61 563
61 563
61 563
61 563
61 563
61 563
61 563
61 563
61 563
61 563
61 563
21 969
21 969
21 969
21 969
21 969
21 969
21 969
21 969
21 969
21 969
21 969
21 969
21 969
21 969
21 969
21 969
21 969
21 969
21 969
21 969
21 969
21 969
21 969
21 969
21 472
21 472
21 472
21 472
21 472
21 472
21 472
21 472
21 472
21 472
21 472
21 472
21 472
21 472
21 472
21 472
21 472
21 472
21 472
21 472
21 472
21 472
21 472
21 472
32 886
32 886
32 886
32 886
32 886
32 886
32 886
32 886
32 886
32 886
32 886
32 886
32 886
32 886
32 886
32 886
32 886
32 886
32 886
64 601
64 601
64 601
64 601
64 601
64 601
64 601
71 704
71 704
32 616
32 616
32 616
32 616
32 616
32 616
32 616
32 616
32 616
32 616
32 616
32 616
32 616
32 616
32 616
32 616
32 616
32 616
32 616
53 977
53 977
53 977
53 977
53 977
53 977
53 977
53 977
53 977
53 977
53 977
53 977
53 977
53 977
53 977
53 977
53 977
53 977
53 977
53 977
53 977
53 977
38 709
38 709
38 709
38 709
38 709
38 709
38 709
38 709
38 709
38 709
38 709
38 709
38 709
38 709
40 693
40 693
40 693
40 693
40 693
40 693
40 693
40 693
40 693
40 693
40 693
40 693
40 693
40 693
40 693
48 613
48 613
48 613
48 613
48 613
43 664
43 664
43 664
43 664
43 664
43 664
43 664
43 664
43 664
43 664
43 664
43 664
55 551
55 551
55 551
6 543
6 543
6 543
6 543
6 543
6 543
6 543
6 543
6 543
6 543
6 543
6 543
6 543
6 543
6 543
6 543
6 543
6 543
6 543
6 543
6 543
6 543
6 543
53 573
53 573
53 573
53 573
53 573
53 573
53 573
53 573
53 573
53 573
53 573
53 573
53 573
53 573
53 573
53 573
53 573
53 573
53 573
53 573
53 573
53 573
9 516
9 516
9 516
9 516
9 516
9 516
9 516
9 516
9 516
12 493
12 493
12 493
12 493
12 493
12 493
12 493
12 493
12 493
12 493
12 493
12 493
12 493
61 505
61 505
61 505
61 505
61 505
61 505
61 505
61 505
61 505
61 505
61 505
61 505
61 505
61 505
61 505
61 505
61 505
62 534
62 534
62 534
62 534
62 534
62 534
62 534
62 534
21 469
21 469
21 469
21 469
21 469
21 469
21 469
21 469
21 469
21 469
21 469
21 469
21 469
21 469
21 469
21 469
21 469
21 469
21 469
21 469
21 469
21 469
21 469
21 469
23 486
23 486
23 486
23 486
23 486
23 486
23 486
23 486
23 486
23 486
23 486
23 486
23 486
23 486
23 486
23 486
23 486
23 486
23 486
23 486
24 495
24 495
24 495
24 495
24 495
24 495
65 589
65 589
65 589
65 589
65 589
65 589
65 589
65 589
65 589
65 589
65 589
65 589
65 589
65 589
65 589
65 589
67 585
67 585
67 585
67 585
67 585
67 585
67 585
67 585
67 585
67 585
67 585
67 585
67 585
67 585
67 585
67 585
67 585
67 585
18 589
18 589
18 589
18 589
18 589
18 589
18 589
18 589
18 589
18 589
18 589
18 589
18 589
18 589
18 589
18 589
18 589
18 589
18 589
18 589
18 589
18 589
18 589
18 589
18 589
39 887
39 887
39 887
39 887
39 887
39 887
39 887
39 887
39 887
39 887
39 887
39 887
39 887
39 887
39 887
39 887
39 887
39 887
39 887
39 887
39 887
39 887
39 887
39 887
39 887
39 887
47 808
47 808
47 808
47 808
47 808
47 808
47 808
47 808
47 808
47 808
47 808
47 808
47 808
47 808
47 808
47 808
47 808
47 808
47 808
47 808
47 808
47 808
47 808
47 808
47 808
47 808
47 808
47 808
47 808
47 808
50 779
50 779
50 779
50 779
50 779
50 779
50 779
50 779
50 779
50 779
50 779
50 779
50 779
50 779
50 779
50 779
50 779
50 779
50 779
50 779
50 779
50 779
50 779
50 779
50 779
50 779
50 779
4 744
4 744
4 744
4 744
4 744
4 744
4 744
4 744
4 744
4 744
4 744
4 744
4 744
4 744
4 744
4 744
4 744
4 744
4 744
4 744
4 744
75 1036
75 1036
75 1036
75 1036
75 1036
75 1036
75 1036
75 1036
75 1036
75 1036
75 1036
75 1036
75 1036
75 1036
75 1036
75 1036
75 1036
75 1036
75 1036
75 1036
75 1036
75 1036
75 1036
75 1036
75 1036
75 1036
75 1036
75 1036
75 1036
32 480
32 480
32 480
32 480
32 480
32 480
32 480
32 480
32 480
32 480
32 480
32 480
32 480
32 480
32 480
32 480
32 480
32 480
32 480
22 611
22 611
22 611
22 611
22 611
22 611
22 611
22 611
22 611
22 611
22 611
22 611
22 611
22 611
22 611
22 611
22 611
22 611
22 611
22 611
22 611
22 611
22 611
22 611
22 611
22 611
22 611
22 611
60 767
64 763
64 763
64 763
64 763
64 763
64 763
64 763
28 627
28 627
28 627
28 627
28 627
28 627
28 627
28 627
28 627
28 627
48 539
48 539
48 539
48 539
48 539
71 818
71 818
38 669
38 669
38 669
38 669
38 669
38 669
38 669
38 669
38 669
38 669
38 669
38 669
38 669
38 669
40 689
40 689
40 689
40 689
40 689
40 689
40 689
40 689
40 689
40 689
40 689
40 689
40 689
40 689
40 689
75 860
75 860
75 860
75 860
75 860
75 860
75 860
75 860
75 860
75 860
75 860
75 860
75 860
75 860
75 860
75 860
75 860
75 860
75 860
75 860
75 860
75 860
75 860
75 860
75 860
75 860
75 860
75 860
75 860
43 692
43 692
43 692
43 692
43 692
43 692
43 692
43 692
43 692
43 692
43 692
43 692
6 576
6 576
6 576
6 576
6 576
6 576
6 576
6 576
6 576
6 576
6 576
6 576
6 576
6 576
6 576
6 576
6 576
6 576
6 576
6 576
6 576
6 576
6 576
55 602
55 602
55 602
9 589
9 589
9 589
9 589
9 589
9 589
9 589
9 589
9 589
61 615
61 615
61 615
61 615
61 615
61 615
61 615
61 615
61 615
61 615
61 615
61 615
61 615
61 615
61 615
61 615
61 615
12 607
12 607
12 607
12 607
12 607
12 607
12 607
12 607
12 607
12 607
12 607
12 607
12 607
21 568
21 568
21 568
21 568
21 568
21 568
21 568
21 568
21 568
21 568
21 568
21 568
21 568
21 568
21 568
21 568
21 568
21 568
21 568
21 568
21 568
21 568
21 568
21 568
53 765
53 765
53 765
53 765
53 765
53 765
53 765
53 765
53 765
53 765
53 765
53 765
53 765
53 765
53 765
53 765
53 765
53 765
53 765
53 765
53 765
53 765
39 913
39 913
39 913
39 913
39 913
39 913
39 913
39 913
39 913
39 913
39 913
39 913
39 913
39 913
39 913
39 913
39 913
39 913
39 913
39 913
39 913
39 913
39 913
39 913
39 913
39 913
23 588
23 588
23 588
23 588
23 588
23 588
23 588
23 588
23 588
23 588
23 588
23 588
23 588
23 588
23 588
23 588
23 588
23 588
23 588
23 588
24 587
24 587
24 587
24 587
24 587
24 587
80 1576
80 1576
80 1576
80 1576
80 1076
80 1076
80 1076
80 1076
77 1607
77 1607
77 1607
77 1607
77 1607
77 1607
77 1607
77 1607
77 1607
77 1607
77 1607
77 1107
77 1107
77 1107
77 1107
77 1107
77 1107
77 1107
77 1107
77 1107
77 1107
77 1107
62 775
62 775
62 775
62 775
62 775
62 775
62 775
62 775
47 944
47 944
47 944
47 944
47 944
47 944
47 944
47 944
47 944
47 944
47 944
47 944
47 944
47 944
47 944
47 944
47 944
47 944
47 944
47 944
47 944
47 944
47 944
47 944
47 944
47 944
47 944
47 944
47 944
47 944
32 600
32 600
32 600
32 600
32 600
32 600
32 600
32 600
32 600
32 600
32 600
32 600
32 600
32 600
32 600
32 600
32 600
32 600
32 600
65 778
65 778
65 778
65 778
65 778
65 778
65 778
65 778
65 778
65 778
65 778
65 778
65 778
65 778
65 778
65 778
67 788
67 788
67 788
67 788
67 788
67 788
67 788
67 788
67 788
67 788
67 788
67 788
67 788
67 788
67 788
67 788
67 788
67 788
18 803
18 803
18 803
18 803
18 803
18 803
18 803
18 803
18 803
18 803
18 803
18 803
18 803
18 803
18 803
18 803
18 803
18 803
18 803
18 803
18 803
18 803
18 803
18 803
18 803
50 1012
50 1012
50 1012
50 1012
50 1012
50 1012
50 1012
50 1012
50 1012
50 1012
50 1012
50 1012
50 1012
50 1012
50 1012
50 1012
50 1012
50 1012
50 1012
50 1012
50 1012
50 1012
50 1012
50 1012
50 1012
50 1012
50 1012
22 808
22 808
22 808
22 808
22 808
22 808
22 808
22 808
22 808
22 808
22 808
22 808
22 808
22 808
22 808
22 808
22 808
22 808
22 808
22 808
22 808
22 808
22 808
22 808
22 808
22 808
22 808
22 808
4 1029
4 1029
4 1029
4 1029
4 1029
4 1029
4 1029
4 1029
4 1029
4 1029
4 1029
4 1029
4 1029
4 1029
4 1029
4 1029
4 1029
4 1029
4 1029
4 1029
4 1029
28 858
28 858
28 858
28 858
28 858
28 858
28 858
28 858
28 858
28 858
60 1042
48 673
48 673
48 673
48 673
48 673
64 1037
64 1037
64 1037
64 1037
64 1037
64 1037
64 1037
55 687
55 687
55 687
6 682
6 682
6 682
6 682
6 682
6 682
6 682
6 682
6 682
6 682
6 682
6 682
6 682
6 682
6 682
6 682
6 682
6 682
6 682
6 682
6 682
6 682
6 682
38 886
38 886
38 886
38 886
38 886
38 886
38 886
38 886
38 886
38 886
38 886
38 886
38 886
38 886
9 695
9 695
9 695
9 695
9 695
9 695
9 695
9 695
9 695
75 1048
75 1048
75 1048
75 1048
75 1048
75 1048
75 1048
75 1048
75 1048
75 1048
75 1048
75 1048
75 1048
75 1048
75 1048
75 1048
75 1048
75 1048
75 1048
75 1048
75 1048
75 1048
75 1048
75 1048
75 1048
75 1048
75 1048
75 1048
75 1048
40 903
40 903
40 903
40 903
40 903
40 903
40 903
40 903
40 903
40 903
40 903
40 903
40 903
40 903
40 903
61 713
61 713
61 713
61 713
61 713
61 713
61 713
61 713
61 713
61 713
61 713
61 713
61 713
61 713
61 713
61 713
61 713
71 1117
71 1117
12 714
12 714
12 714
12 714
12 714
12 714
12 714
12 714
12 714
12 714
12 714
12 714
12 714
43 920
43 920
43 920
43 920
43 920
43 920
43 920
43 920
43 920
43 920
43 920
43 920
77 1084
77 1084
77 1084
77 1084
77 1084
77 1084
77 1084
77 1084
77 1084
77 1084
77 1084
80 1133
80 1133
80 1133
80 1133
21 737
21 737
21 737
21 737
21 737
21 737
21 737
21 737
21 737
21 737
21 737
21 737
21 737
21 737
21 737
21 737
21 737
21 737
21 737
21 737
21 737
21 737
21 737
21 737
53 920
53 920
53 920
53 920
53 920
53 920
53 920
53 920
53 920
53 920
53 920
53 920
53 920
53 920
53 920
53 920
53 920
53 920
53 920
53 920
53 920
53 920
23 749
23 749
23 749
23 749
23 749
23 749
23 749
23 749
23 749
23 749
23 749
23 749
23 749
23 749
23 749
23 749
23 749
23 749
23 749
23 749
24 763
24 763
24 763
24 763
24 763
24 763
39 1205
39 1205
39 1205
39 1205
39 1205
39 1205
39 1205
39 1205
39 1205
39 1205
39 1205
39 1205
39 1205
39 1205
39 1205
39 1205
39 1205
39 1205
39 1205
39 1205
39 1205
39 1205
39 1205
39 1205
39 1205
39 1205
62 979
62 979
62 979
62 979
62 979
62 979
62 979
62 979
32 793
32 793
32 793
32 793
32 793
32 793
32 793
32 793
32 793
32 793
32 793
32 793
32 793
32 793
32 793
32 793
32 793
32 793
32 793
65 995
65 995
65 995
65 995
65 995
65 995
65 995
65 995
65 995
65 995
65 995
65 995
65 995
65 995
65 995
65 995
67 981
67 981
67 981
67 981
67 981
67 981
67 981
67 981
67 981
67 981
67 981
67 981
67 981
67 981
67 981
67 981
67 981
67 981
18 986
18 986
18 986
18 986
18 986
18 986
18 986
18 986
18 986
18 986
18 986
18 986
18 986
18 986
18 986
18 986
18 986
18 986
18 986
18 986
18 986
18 986
18 986
18 986
18 986
47 1228
47 1228
47 1228
47 1228
47 1228
47 1228
47 1228
47 1228
47 1228
47 1228
47 1228
47 1228
47 1228
47 1228
47 1228
47 1228
47 1228
47 1228
47 1228
47 1228
47 1228
47 1228
47 1228
47 1228
47 1228
47 1228
47 1228
47 1228
47 1228
47 1228
22 1014
22 1014
22 1014
22 1014
22 1014
22 1014
22 1014
22 1014
22 1014
22 1014
22 1014
22 1014
22 1014
22 1014
22 1014
22 1014
22 1014
22 1014
22 1014
22 1014
22 1014
22 1014
22 1014
22 1014
22 1014
22 1014
22 1014
22 1014
50 1237
50 1237
50 1237
50 1237
50 1237
50 1237
50 1237
50 1237
50 1237
50 1237
50 1237
50 1237
50 1237
50 1237
50 1237
50 1237
50 1237
50 1237
50 1237
50 1237
50 1237
50 1237
50 1237
50 1237
50 1237
50 1237
50 1237
4 1251
4 1251
4 1251
4 1251
4 1251
4 1251
4 1251
4 1251
4 1251
4 1251
4 1251
4 1251
4 1251
4 1251
4 1251
4 1251
4 1251
4 1251
4 1251
4 1251
4 1251
28 1059
28 1059
28 1059
28 1059
28 1059
28 1059
28 1059
28 1059
28 1059
28 1059
48 861
48 861
48 861
48 861
48 861
55 818
55 818
55 818
60 1277
6 859
6 859
6 859
6 859
6 859
6 859
6 859
6 859
6 859
6 859
6 859
6 859
6 859
6 859
6 859
6 859
6 859
6 859
6 859
6 859
6 859
6 859
6 859
9 841
9 841
9 841
9 841
9 841
9 841
9 841
9 841
9 841
38 1059
38 1059
38 1059
38 1059
38 1059
38 1059
38 1059
38 1059
38 1059
38 1059
38 1059
38 1059
38 1059
38 1059
61 839
61 839
61 839
61 839
61 839
61 839
61 839
61 839
61 839
61 839
61 839
61 839
61 839
61 839
61 839
61 839
61 839
40 1068
40 1068
40 1068
40 1068
40 1068
40 1068
40 1068
40 1068
40 1068
40 1068
40 1068
40 1068
40 1068
40 1068
40 1068
64 1338
64 1338
64 1338
64 1338
64 1338
64 1338
64 1338
12 866
12 866
12 866
12 866
12 866
12 866
12 866
12 866
12 866
12 866
12 866
12 866
12 866
71 1349
71 1349
43 1144
43 1144
43 1144
43 1144
43 1144
43 1144
43 1144
43 1144
43 1144
43 1144
43 1144
43 1144
21 903
21 903
21 903
21 903
21 903
21 903
21 903
21 903
21 903
21 903
21 903
21 903
21 903
21 903
21 903
21 903
21 903
21 903
21 903
21 903
21 903
21 903
21 903
21 903
23 889
23 889
23 889
23 889
23 889
23 889
23 889
23 889
23 889
23 889
23 889
23 889
23 889
23 889
23 889
23 889
23 889
23 889
23 889
23 889
53 1110
53 1110
53 1110
53 1110
53 1110
53 1110
53 1110
53 1110
53 1110
53 1110
53 1110
53 1110
53 1110
53 1110
53 1110
53 1110
53 1110
53 1110
53 1110
53 1110
53 1110
53 1110
24 914
24 914
24 914
24 914
24 914
24 914
75 1410
75 1410
75 1410
75 1410
75 1410
75 1410
75 1410
75 1410
75 1410
75 1410
75 1410
75 1410
75 1410
75 1410
75 1410
75 1410
75 1410
75 1410
75 1410
75 1410
75 1410
75 1410
75 1410
75 1410
75 1410
75 1410
75 1410
75 1410
75 1410
77 1393
77 1393
77 1393
77 1393
77 1393
77 1393
77 1393
77 1393
77 1393
77 1393
77 1393
80 1422
80 1422
80 1422
80 1422
32 936
32 936
32 936
32 936
32 936
32 936
32 936
32 936
32 936
32 936
32 936
32 936
32 936
32 936
32 936
32 936
32 936
32 936
32 936
62 1194
62 1194
62 1194
62 1194
62 1194
62 1194
62 1194
62 1194
39 1466
39 1466
39 1466
39 1466
39 1466
39 1466
39 1466
39 1466
39 1466
39 1466
39 1466
39 1466
39 1466
39 1466
39 1466
39 1466
39 1466
39 1466
39 1466
39 1466
39 1466
39 1466
39 1466
39 1466
39 1466
39 1466
65 1247
65 1247
65 1247
65 1247
65 1247
65 1247
65 1247
65 1247
65 1247
65 1247
65 1247
65 1247
65 1247
65 1247
65 1247
65 1247
67 1235
67 1235
67 1235
67 1235
67 1235
67 1235
67 1235
67 1235
67 1235
67 1235
67 1235
67 1235
67 1235
67 1235
67 1235
67 1235
67 1235
67 1235
18 1225
18 1225
18 1225
18 1225
18 1225
18 1225
18 1225
18 1225
18 1225
18 1225
18 1225
18 1225
18 1225
18 1225
18 1225
18 1225
18 1225
18 1225
18 1225
18 1225
18 1225
18 1225
18 1225
18 1225
18 1225
22 1222
22 1222
22 1222
22 1222
22 1222
22 1222
22 1222
22 1222
22 1222
22 1222
22 1222
22 1222
22 1222
22 1222
22 1222
22 1222
22 1222
22 1222
22 1222
22 1222
22 1222
22 1222
22 1222
22 1222
22 1222
22 1222
22 1222
22 1222
48 966
48 966
48 966
48 966
48 966
28 1218
28 1218
28 1218
28 1218
28 1218
28 1218
28 1218
28 1218
28 1218
28 1218
47 1551
47 1551
47 1551
47 1551
47 1551
47 1551
47 1551
47 1551
47 1551
47 1551
47 1551
47 1551
47 1551
47 1551
47 1551
47 1551
47 1551
47 1551
47 1551
47 1551
47 1551
47 1551
47 1551
47 1551
47 1551
47 1551
47 1551
47 1551
47 1551
47 1551
55 991
55 991
55 991
9 984
9 984
9 984
9 984
9 984
9 984
9 984
9 984
9 984
61 978
61 978
61 978
61 978
61 978
61 978
61 978
61 978
61 978
61 978
61 978
61 978
61 978
61 978
61 978
61 978
61 978
12 974
12 974
12 974
12 974
12 974
12 974
12 974
12 974
12 974
12 974
12 974
12 974
12 974
50 1615
50 1615
50 1615
50 1615
50 1615
50 1615
50 1615
50 1615
50 1615
50 1615
50 1615
50 1615
50 1615
50 1615
50 1615
50 1615
50 1615
50 1615
50 1615
50 1615
50 1615
50 1615
50 1615
50 1615
50 1615
50 1615
50 1615
38 1239
38 1239
38 1239
38 1239
38 1239
38 1239
38 1239
38 1239
38 1239
38 1239
38 1239
38 1239
38 1239
38 1239
40 1244
40 1244
40 1244
40 1244
40 1244
40 1244
40 1244
40 1244
40 1244
40 1244
40 1244
40 1244
40 1244
40 1244
40 1244
60 1586
43 1284
43 1284
43 1284
43 1284
43 1284
43 1284
43 1284
43 1284
43 1284
43 1284
43 1284
43 1284
64 1633
64 1633
64 1633
64 1633
64 1633
64 1633
64 1633
53 1359
53 1359
53 1359
53 1359
53 1359
53 1359
53 1359
53 1359
53 1359
53 1359
53 1359
53 1359
53 1359
53 1359
53 1359
53 1359
53 1359
53 1359
53 1359
53 1359
53 1359
53 1359
71 1705
71 1705
75 1704
75 1704
75 1704
75 1704
75 1704
75 1704
75 1704
75 1704
75 1704
75 1704
75 1704
75 1704
75 1704
75 1704
75 1704
75 1704
75 1704
75 1704
75 1704
75 1704
75 1704
75 1704
75 1704
75 1704
75 1704
75 1704
75 1704
75 1704
75 1704
77 1697
77 1697
77 1697
77 1697
77 1697
77 1697
77 1697
77 1697
77 1697
77 1697
77 1697
62 1349
62 1349
62 1349
62 1349
62 1349
62 1349
62 1349
62 1349
65 1358
65 1358
65 1358
65 1358
65 1358
65 1358
65 1358
65 1358
65 1358
65 1358
65 1358
65 1358
65 1358
65 1358
65 1358
65 1358
67 1366
67 1366
67 1366
67 1366
67 1366
67 1366
67 1366
67 1366
67 1366
67 1366
67 1366
67 1366
67 1366
67 1366
67 1366
67 1366
67 1366
67 1366
80 1753
80 1753
80 1753
80 1753
