4 25
7 18
7 18
7 18
7 18
7 18
7 18
10 6
10 6
10 6
10 6
16 20
16 20
16 20
16 20
16 20
16 20
16 20
16 20
16 20
16 20
16 20
16 20
16 20
16 20
16 20
18 12
18 12
18 12
17 29
17 29
5 193
5 193
5 193
5 193
5 193
5 193
5 193
5 193
5 193
5 193
5 193
5 193
5 193
5 193
5 193
5 193
13 116
13 116
13 116
13 116
13 116
13 116
13 116
13 116
13 116
13 116
13 116
13 116
13 116
13 116
13 116
13 116
13 116
13 116
13 116
13 116
13 116
13 116
13 116
11 140
11 140
11 140
11 140
11 140
11 140
11 140
11 140
11 140
11 140
11 140
11 140
11 140
11 140
11 140
11 140
11 140
21 117
21 117
21 117
21 117
21 117
21 117
21 117
21 117
21 117
21 117
21 117
21 117
21 117
21 117
21 117
21 117
21 117
21 117
21 117
21 117
31 117
31 117
31 117
31 117
31 117
31 117
31 117
31 117
31 117
31 117
31 117
31 117
31 117
31 117
31 117
31 117
31 117
31 117
31 117
31 117
31 117
31 117
28 215
28 215
28 215
28 215
28 215
28 215
28 215
28 215
28 215
28 215
28 215
28 215
28 215
28 215
28 215
28 215
28 215
28 215
28 215
28 215
28 215
28 215
28 215
28 215
4 6
7 13
7 13
7 13
7 13
7 13
7 13
10 1
10 1
10 1
10 1
5 106
5 106
5 106
5 106
5 106
5 106
5 106
5 106
5 106
5 106
5 106
5 106
5 106
5 106
5 106
5 106
16 3
16 3
16 3
16 3
16 3
16 3
16 3
16 3
16 3
16 3
16 3
16 3
16 3
16 3
16 3
17 4
17 4
18 2
18 2
18 2
51 195
51 195
51 195
51 195
51 195
51 195
51 195
51 195
51 195
51 195
51 195
51 195
13 152
13 152
13 152
13 152
13 152
13 152
13 152
13 152
13 152
13 152
13 152
13 152
13 152
13 152
13 152
13 152
13 152
13 152
13 152
13 152
13 152
13 152
13 152
11 193
11 193
11 193
11 193
11 193
11 193
11 193
11 193
11 193
11 193
11 193
11 193
11 193
11 193
11 193
11 193
11 193
21 133
21 133
21 133
21 133
21 133
21 133
21 133
21 133
21 133
21 133
21 133
21 133
21 133
21 133
21 133
21 133
21 133
21 133
21 133
21 133
75 189
75 189
75 189
75 189
75 189
75 189
75 189
75 189
75 189
75 189
75 189
75 189
75 189
75 189
75 189
75 189
75 189
75 189
75 189
31 252
31 252
31 252
31 252
31 252
31 252
31 252
31 252
31 252
31 252
31 252
31 252
31 252
31 252
31 252
31 252
31 252
31 252
31 252
31 252
31 252
31 252
4 33
7 62
7 62
7 62
7 62
7 62
7 62
10 108
10 108
10 108
10 108
16 213
16 213
16 213
16 213
16 213
16 213
16 213
16 213
16 213
16 213
16 213
16 213
16 213
16 213
16 213
17 214
17 214
18 251
18 251
18 251
4 7
7 8
7 8
7 8
7 8
7 8
7 8
10 7
10 7
10 7
10 7
16 2
16 2
16 2
16 2
16 2
16 2
16 2
16 2
16 2
16 2
16 2
16 2
16 2
16 2
16 2
17 8
17 8
18 13
18 13
18 13
28 1034
28 1034
28 1034
28 1034
28 1034
28 1034
28 1034
28 1034
28 1034
28 1034
28 1034
28 1034
28 1034
28 1034
28 1034
28 1034
28 1034
28 1034
28 1034
28 1034
28 1034
28 1034
28 1034
28 1034
4 2
7 7
7 7
7 7
7 7
7 7
7 7
10 1
10 1
10 1
10 1
21 923
21 923
21 923
21 923
21 923
21 923
21 923
21 923
21 923
21 923
21 923
21 923
21 923
21 923
21 923
21 923
21 923
21 923
21 923
21 923
23 908
23 908
23 908
23 908
23 908
23 908
23 908
23 908
23 908
23 908
23 908
23 908
23 908
23 908
23 908
23 908
23 908
23 908
23 908
23 908
23 908
75 894
75 894
75 894
75 894
75 894
75 894
75 894
75 894
75 894
75 894
75 894
75 894
75 894
75 894
75 894
75 894
75 894
75 894
75 894
28 865
28 865
28 865
28 865
28 865
28 865
28 865
28 865
28 865
28 865
28 865
28 865
28 865
28 865
28 865
28 865
28 865
28 865
28 865
28 865
28 865
28 865
28 865
28 865
30 845
30 845
30 845
30 845
30 845
30 845
30 845
30 845
30 845
30 845
30 845
30 845
30 845
30 845
31 840
31 840
31 840
31 840
31 840
31 840
31 840
31 840
31 840
31 840
31 840
31 840
31 840
31 840
31 840
31 840
31 840
31 840
31 840
31 840
31 840
31 840
51 649
51 649
51 649
51 649
51 649
51 649
51 649
51 649
51 649
51 649
51 649
51 649
16 1
16 1
16 1
16 1
16 1
16 1
16 1
16 1
16 1
16 1
16 1
16 1
16 1
16 1
16 1
5 616
5 616
5 616
5 616
5 616
5 616
5 616
5 616
5 616
5 616
5 616
5 616
5 616
5 616
5 616
5 616
17 10
17 10
18 6
18 6
18 6
13 599
13 599
13 599
13 599
13 599
13 599
13 599
13 599
13 599
13 599
13 599
13 599
13 599
13 599
13 599
13 599
13 599
13 599
13 599
13 599
13 599
13 599
13 599
11 722
11 722
11 722
11 722
11 722
11 722
11 722
11 722
11 722
11 722
11 722
11 722
11 722
11 722
11 722
11 722
11 722
21 624
21 624
21 624
21 624
21 624
21 624
21 624
21 624
21 624
21 624
21 624
21 624
21 624
21 624
21 624
21 624
21 624
21 624
21 624
21 624
75 599
75 599
75 599
75 599
75 599
75 599
75 599
75 599
75 599
75 599
75 599
75 599
75 599
75 599
75 599
75 599
75 599
75 599
75 599
28 654
28 654
28 654
28 654
28 654
28 654
28 654
28 654
28 654
28 654
28 654
28 654
28 654
28 654
28 654
28 654
28 654
28 654
28 654
28 654
28 654
28 654
28 654
28 654
4 11
23 848
23 848
23 848
23 848
23 848
23 848
23 848
23 848
23 848
23 848
23 848
23 848
23 848
23 848
23 848
23 848
23 848
23 848
23 848
23 848
23 848
7 17
7 17
7 17
7 17
7 17
7 17
30 798
30 798
30 798
30 798
30 798
30 798
30 798
30 798
30 798
30 798
30 798
30 798
30 798
30 798
10 9
10 9
10 9
10 9
31 845
31 845
31 845
31 845
31 845
31 845
31 845
31 845
31 845
31 845
31 845
31 845
31 845
31 845
31 845
31 845
31 845
31 845
31 845
31 845
31 845
31 845
51 655
51 655
51 655
51 655
51 655
51 655
51 655
51 655
51 655
51 655
51 655
51 655
16 18
16 18
16 18
16 18
16 18
16 18
16 18
16 18
16 18
16 18
16 18
16 18
16 18
16 18
16 18
17 25
17 25
18 21
18 21
18 21
5 657
5 657
5 657
5 657
5 657
5 657
5 657
5 657
5 657
5 657
5 657
5 657
5 657
5 657
5 657
5 657
11 677
11 677
11 677
11 677
11 677
11 677
11 677
11 677
11 677
11 677
11 677
11 677
11 677
11 677
11 677
11 677
11 677
13 713
13 713
13 713
13 713
13 713
13 713
13 713
13 713
13 713
13 713
13 713
13 713
13 713
13 713
13 713
13 713
13 713
13 713
13 713
13 713
13 713
13 713
13 713
21 736
21 736
21 736
21 736
21 736
21 736
21 736
21 736
21 736
21 736
21 736
21 736
21 736
21 736
21 736
21 736
21 736
21 736
21 736
21 736
75 720
75 720
75 720
75 720
75 720
75 720
75 720
75 720
75 720
75 720
75 720
75 720
75 720
75 720
75 720
75 720
75 720
75 720
75 720
4 13
28 784
28 784
28 784
28 784
28 784
28 784
28 784
28 784
28 784
28 784
28 784
28 784
28 784
28 784
28 784
28 784
28 784
28 784
28 784
28 784
28 784
28 784
28 784
28 784
7 16
7 16
7 16
7 16
7 16
7 16
10 5
10 5
10 5
10 5
30 863
30 863
30 863
30 863
30 863
30 863
30 863
30 863
30 863
30 863
30 863
30 863
30 863
30 863
16 6
16 6
16 6
16 6
16 6
16 6
16 6
16 6
16 6
16 6
16 6
16 6
16 6
16 6
16 6
17 10
17 10
18 2
18 2
18 2
31 900
31 900
31 900
31 900
31 900
31 900
31 900
31 900
31 900
31 900
31 900
31 900
31 900
31 900
31 900
31 900
31 900
31 900
31 900
31 900
31 900
31 900
36 2861
36 2861
36 2861
36 2861
36 2861
36 2861
36 2861
36 2861
22 3005
22 3005
22 3005
22 3005
22 3005
22 3005
22 3005
22 3005
22 3005
33 2897
33 2897
33 2897
33 2897
33 2897
33 2897
33 2897
33 2897
33 2897
33 2897
33 2897
33 2897
33 2897
73 1498
73 1498
73 1498
73 1498
73 1498
73 1498
73 1498
73 1498
73 1498
73 1498
73 1498
73 1498
73 1498
73 1498
73 1498
73 1498
73 1498
73 1498
73 1498
73 1498
73 1498
73 1498
73 1498
73 1498
73 1498
73 1498
51 829
51 829
51 829
51 829
51 829
51 829
51 829
51 829
51 829
51 829
51 829
51 829
33 1528
33 1528
33 1528
33 1528
33 1528
33 1528
33 1528
33 1528
33 1528
33 1528
33 1528
33 1528
33 1528
23 1167
23 1167
23 1167
23 1167
23 1167
23 1167
23 1167
23 1167
23 1167
23 1167
23 1167
23 1167
23 1167
23 1167
23 1167
23 1167
23 1167
23 1167
23 1167
23 1167
23 1167
36 1540
36 1540
36 1540
36 1540
36 1540
36 1540
36 1540
36 1540
83 1578
83 1578
83 1578
83 1578
83 1578
83 1578
83 1578
83 1578
83 1578
83 1578
83 1578
83 1578
83 1578
83 1578
83 1578
83 1578
83 1578
83 1578
83 1578
83 1578
83 1578
83 1578
83 1578
83 1578
83 1578
37 1575
37 1575
37 1575
37 1575
37 1575
5 905
5 905
5 905
5 905
5 905
5 905
5 905
5 905
5 905
5 905
5 905
5 905
5 905
5 905
5 905
5 905
11 887
11 887
11 887
11 887
11 887
11 887
11 887
11 887
11 887
11 887
11 887
11 887
11 887
11 887
11 887
11 887
11 887
4 1
13 922
13 922
13 922
13 922
13 922
13 922
13 922
13 922
13 922
13 922
13 922
13 922
13 922
13 922
13 922
13 922
13 922
13 922
13 922
13 922
13 922
13 922
13 922
7 8
7 8
7 8
7 8
7 8
7 8
10 5
10 5
10 5
10 5
16 7
16 7
16 7
16 7
16 7
16 7
16 7
16 7
16 7
16 7
16 7
16 7
16 7
16 7
16 7
17 16
17 16
18 12
18 12
18 12
21 994
21 994
21 994
21 994
21 994
21 994
21 994
21 994
21 994
21 994
21 994
21 994
21 994
21 994
21 994
21 994
21 994
21 994
21 994
21 994
23 982
23 982
23 982
23 982
23 982
23 982
23 982
23 982
23 982
23 982
23 982
23 982
23 982
23 982
23 982
23 982
23 982
23 982
23 982
23 982
23 982
75 1037
75 1037
75 1037
75 1037
75 1037
75 1037
75 1037
75 1037
75 1037
75 1037
75 1037
75 1037
75 1037
75 1037
75 1037
75 1037
75 1037
75 1037
75 1037
28 1017
28 1017
28 1017
28 1017
28 1017
28 1017
28 1017
28 1017
28 1017
28 1017
28 1017
28 1017
28 1017
28 1017
28 1017
28 1017
28 1017
28 1017
28 1017
28 1017
28 1017
28 1017
28 1017
28 1017
31 1169
31 1169
31 1169
31 1169
31 1169
31 1169
31 1169
31 1169
31 1169
31 1169
31 1169
31 1169
31 1169
31 1169
31 1169
31 1169
31 1169
31 1169
31 1169
31 1169
31 1169
31 1169
51 1021
51 1021
51 1021
51 1021
51 1021
51 1021
51 1021
51 1021
51 1021
51 1021
51 1021
51 1021
73 1848
73 1848
73 1848
73 1848
73 1848
73 1848
73 1848
73 1848
73 1848
73 1848
73 1848
73 1848
73 1848
73 1848
73 1848
73 1848
73 1848
73 1848
73 1848
73 1848
73 1848
73 1848
73 1848
73 1848
73 1848
73 1848
30 1314
30 1314
30 1314
30 1314
30 1314
30 1314
30 1314
30 1314
30 1314
30 1314
30 1314
30 1314
30 1314
30 1314
33 1813
33 1813
33 1813
33 1813
33 1813
33 1813
33 1813
33 1813
33 1813
33 1813
33 1813
33 1813
33 1813
83 1826
83 1826
83 1826
83 1826
83 1826
83 1826
83 1826
83 1826
83 1826
83 1826
83 1826
83 1826
83 1826
83 1826
83 1826
83 1826
83 1826
83 1826
83 1826
83 1826
83 1826
83 1826
83 1826
83 1826
83 1826
37 1835
37 1835
37 1835
37 1835
37 1835
70 2021
70 2021
70 2021
70 2021
70 2021
70 2021
70 2021
70 2021
70 2021
70 2021
70 2021
70 2021
70 2021
70 2021
70 2021
70 2021
70 2021
70 2021
81 2411
81 2411
81 2411
81 2411
81 2411
81 2411
81 2411
81 2411
81 2411
81 2411
81 2411
81 1912
81 1912
81 1912
81 1912
81 1912
81 1912
81 1912
81 1912
81 1912
81 1912
81 1912
62 2102
62 2102
62 2102
62 2102
62 2102
62 2102
62 2102
75 1211
75 1211
75 1211
75 1211
75 1211
75 1211
75 1211
75 1211
75 1211
75 1211
75 1211
75 1211
75 1211
75 1211
75 1211
75 1211
75 1211
75 1211
75 1211
62 1859
62 1859
62 1859
62 1859
62 1859
62 1859
62 1859
73 1859
73 1859
73 1859
73 1859
73 1859
73 1859
73 1859
73 1859
73 1859
73 1859
73 1859
73 1859
73 1859
73 1859
73 1859
73 1859
73 1859
73 1859
73 1859
73 1859
73 1859
73 1859
73 1859
73 1859
73 1859
73 1859
83 1849
83 1849
83 1849
83 1849
83 1849
83 1849
83 1849
83 1849
83 1849
83 1849
83 1849
83 1849
83 1849
83 1849
83 1849
83 1849
83 1849
83 1849
83 1849
83 1849
83 1849
83 1849
83 1849
83 1849
83 1849
