4 157
4 157
4 157
4 157
4 157
4 157
4 157
4 157
4 157
4 157
4 157
4 157
4 157
4 157
4 157
4 157
4 157
7 127
7 127
7 127
7 127
7 127
7 127
7 127
7 127
8 251
8 251
8 251
8 251
8 251
8 251
8 251
8 251
8 251
8 251
8 251
8 251
8 251
8 251
8 251
8 251
8 251
8 251
8 251
8 251
8 251
26 92
26 92
26 92
26 92
20 175
20 175
20 175
20 175
20 175
20 175
20 175
20 175
20 175
20 175
20 175
17 211
17 211
17 211
17 211
17 211
17 211
17 211
17 211
17 211
17 211
17 211
17 211
17 211
17 211
17 211
17 211
17 211
17 211
17 211
17 211
27 112
27 112
35 145
35 145
35 145
35 145
35 145
35 145
35 145
35 145
35 145
35 145
35 145
35 145
35 145
35 145
35 145
35 145
35 145
35 145
35 145
35 145
35 145
35 145
35 145
35 145
35 145
35 145
35 145
35 145
35 145
35 145
39 148
39 148
39 148
39 148
39 148
39 148
39 148
39 148
39 148
39 148
39 148
39 148
41 139
41 139
41 139
43 183
43 183
43 183
43 183
43 183
43 183
43 183
43 183
43 183
43 183
43 183
43 183
43 183
43 183
43 183
45 188
45 188
45 188
45 188
45 188
45 188
45 188
45 188
45 188
45 188
45 188
45 188
45 188
45 188
45 188
45 188
45 188
45 188
45 188
45 188
45 188
45 188
45 188
45 188
45 188
45 188
45 188
4 252
4 252
4 252
4 252
4 252
4 252
4 252
4 252
4 252
4 252
4 252
4 252
4 252
4 252
4 252
4 252
4 252
7 280
7 280
7 280
7 280
7 280
7 280
7 280
7 280
8 279
8 279
8 279
8 279
8 279
8 279
8 279
8 279
8 279
8 279
8 279
8 279
8 279
8 279
8 279
8 279
8 279
8 279
8 279
8 279
8 279
51 436
51 436
51 436
51 436
51 436
51 436
51 436
51 436
51 436
51 436
51 436
51 436
51 436
51 436
51 436
51 436
51 436
51 436
51 436
51 436
51 436
51 436
51 436
51 436
51 436
51 436
51 436
51 436
55 418
55 418
55 418
55 418
55 418
55 418
55 418
55 418
55 418
55 418
55 418
55 418
55 418
55 418
55 418
55 418
55 418
55 418
55 418
55 418
55 418
55 418
55 418
55 418
55 418
55 418
56 416
56 416
56 416
56 416
56 416
56 416
56 416
56 416
56 416
56 416
54 437
54 437
54 437
54 437
54 437
54 437
17 318
17 318
17 318
17 318
17 318
17 318
17 318
17 318
17 318
17 318
17 318
17 318
17 318
17 318
17 318
17 318
17 318
17 318
17 318
17 318
20 322
20 322
20 322
20 322
20 322
20 322
20 322
20 322
20 322
20 322
20 322
23 408
23 408
23 408
23 408
23 408
23 408
23 408
23 408
23 408
23 408
23 408
23 408
23 408
23 408
23 408
23 408
23 408
23 408
23 408
24 444
24 444
24 444
24 444
24 444
24 444
24 444
24 444
24 444
24 444
24 444
24 444
24 444
24 444
24 444
24 444
24 444
24 444
24 444
24 444
24 444
24 444
24 444
24 444
24 444
24 444
24 444
24 444
24 444
12 1254
12 1254
12 1254
12 1254
12 1254
12 1254
12 1254
12 1254
12 1254
12 1254
12 1254
12 1254
12 1254
12 1254
12 1254
12 1254
12 1254
12 1254
12 1254
12 1254
12 1254
12 1254
12 756
12 756
12 756
12 756
12 756
12 756
12 756
12 756
12 756
12 756
12 756
12 756
12 756
12 756
12 756
12 756
12 756
12 756
12 756
12 756
12 756
12 756
26 751
26 751
26 751
26 751
35 664
35 664
35 664
35 664
35 664
35 664
35 664
35 664
35 664
35 664
35 664
35 664
35 664
35 664
35 664
35 664
35 664
35 664
35 664
35 664
35 664
35 664
35 664
35 664
35 664
35 664
35 664
35 664
35 664
35 664
39 632
39 632
39 632
39 632
39 632
39 632
39 632
39 632
39 632
39 632
39 632
39 632
41 614
41 614
41 614
43 597
43 597
43 597
43 597
43 597
43 597
43 597
43 597
43 597
43 597
43 597
43 597
43 597
43 597
43 597
27 759
27 759
45 587
45 587
45 587
45 587
45 587
45 587
45 587
45 587
45 587
45 587
45 587
45 587
45 587
45 587
45 587
45 587
45 587
45 587
45 587
45 587
45 587
45 587
45 587
45 587
45 587
45 587
45 587
54 538
54 538
54 538
54 538
54 538
54 538
55 528
55 528
55 528
55 528
55 528
55 528
55 528
55 528
55 528
55 528
55 528
55 528
55 528
55 528
55 528
55 528
55 528
55 528
55 528
55 528
55 528
55 528
55 528
55 528
55 528
55 528
56 519
56 519
56 519
56 519
56 519
56 519
56 519
56 519
56 519
56 519
58 501
58 501
58 501
58 501
58 501
58 501
58 501
58 501
58 501
58 501
58 501
58 501
58 501
58 501
58 501
58 501
58 501
58 501
58 501
58 501
58 501
58 501
58 501
61 477
61 477
61 477
61 477
61 477
61 477
61 477
61 477
61 477
61 477
61 477
61 477
61 477
61 477
65 440
65 440
65 440
65 440
65 440
70 394
70 394
70 394
70 394
70 394
70 394
70 394
70 394
70 394
70 394
70 394
70 394
70 394
70 394
70 394
70 394
75 393
75 393
75 393
75 393
75 393
75 393
75 393
75 393
75 393
75 393
75 393
75 393
75 393
75 393
75 393
75 393
75 393
75 393
77 403
77 403
77 403
77 403
77 403
77 403
77 403
77 403
77 403
77 403
77 403
77 403
77 403
12 596
12 596
12 596
12 596
12 596
12 596
12 596
12 596
12 596
12 596
12 596
12 596
12 596
12 596
12 596
12 596
12 596
12 596
12 596
12 596
12 596
12 596
51 736
51 736
51 736
51 736
51 736
51 736
51 736
51 736
51 736
51 736
51 736
51 736
51 736
51 736
51 736
51 736
51 736
51 736
51 736
51 736
51 736
51 736
51 736
51 736
51 736
51 736
51 736
51 736
4 734
4 734
4 734
4 734
4 734
4 734
4 734
4 734
4 734
4 734
4 734
4 734
4 734
4 734
4 734
4 734
4 734
7 705
7 705
7 705
7 705
7 705
7 705
7 705
7 705
8 704
8 704
8 704
8 704
8 704
8 704
8 704
8 704
8 704
8 704
8 704
8 704
8 704
8 704
8 704
8 704
8 704
8 704
8 704
8 704
8 704
17 643
17 643
17 643
17 643
17 643
17 643
17 643
17 643
17 643
17 643
17 643
17 643
17 643
17 643
17 643
17 643
17 643
17 643
17 643
17 643
20 656
20 656
20 656
20 656
20 656
20 656
20 656
20 656
20 656
20 656
20 656
23 670
23 670
23 670
23 670
23 670
23 670
23 670
23 670
23 670
23 670
23 670
23 670
23 670
23 670
23 670
23 670
23 670
23 670
23 670
24 684
24 684
24 684
24 684
24 684
24 684
24 684
24 684
24 684
24 684
24 684
24 684
24 684
24 684
24 684
24 684
24 684
24 684
24 684
24 684
24 684
24 684
24 684
24 684
24 684
24 684
24 684
24 684
24 684
62 848
62 848
62 848
62 848
62 848
62 848
62 848
62 848
62 848
62 848
62 848
62 848
62 848
62 848
62 848
62 848
62 848
62 848
62 848
62 848
62 848
62 848
62 848
62 848
62 848
54 433
54 433
54 433
54 433
54 433
54 433
55 448
55 448
55 448
55 448
55 448
55 448
55 448
55 448
55 448
55 448
55 448
55 448
55 448
55 448
55 448
55 448
55 448
55 448
55 448
55 448
55 448
55 448
55 448
55 448
55 448
55 448
56 444
56 444
56 444
56 444
56 444
56 444
56 444
56 444
56 444
56 444
27 740
27 740
58 463
58 463
58 463
58 463
58 463
58 463
58 463
58 463
58 463
58 463
58 463
58 463
58 463
58 463
58 463
58 463
58 463
58 463
58 463
58 463
58 463
58 463
58 463
61 467
61 467
61 467
61 467
61 467
61 467
61 467
61 467
61 467
61 467
61 467
61 467
61 467
61 467
62 464
62 464
62 464
62 464
62 464
62 464
62 464
62 464
62 464
62 464
62 464
62 464
62 464
62 464
62 464
62 464
62 464
62 464
62 464
62 464
62 464
62 464
62 464
62 464
62 464
35 746
35 746
35 746
35 746
35 746
35 746
35 746
35 746
35 746
35 746
35 746
35 746
35 746
35 746
35 746
35 746
35 746
35 746
35 746
35 746
35 746
35 746
35 746
35 746
35 746
35 746
35 746
35 746
35 746
35 746
39 743
39 743
39 743
39 743
39 743
39 743
39 743
39 743
39 743
39 743
39 743
39 743
65 501
65 501
65 501
65 501
65 501
41 744
41 744
41 744
44 1722
44 1722
44 1722
44 1722
44 1722
44 1722
44 1722
44 1722
44 1722
44 1722
44 1722
44 1722
44 1722
44 1722
44 1722
44 1722
44 1722
44 1722
44 1722
44 1722
44 1722
44 1722
44 1722
44 1722
44 1223
44 1223
44 1223
44 1223
44 1223
44 1223
44 1223
44 1223
44 1223
44 1223
44 1223
44 1223
44 1223
44 1223
44 1223
44 1223
44 1223
44 1223
44 1223
44 1223
44 1223
44 1223
44 1223
44 1223
42 1743
42 1243
49 1674
49 1674
49 1674
49 1674
49 1674
49 1674
49 1674
49 1174
49 1174
49 1174
49 1174
49 1174
49 1174
49 1174
9 2074
9 2074
9 2074
9 2074
9 2074
9 2074
9 2074
9 2074
9 2074
9 1575
9 1575
9 1575
9 1575
9 1575
9 1575
9 1575
9 1575
9 1575
9 1075
9 1075
9 1075
9 1075
9 1075
9 1075
9 1075
9 1075
9 1075
26 909
26 909
26 909
26 909
43 761
43 761
43 761
43 761
43 761
43 761
43 761
43 761
43 761
43 761
43 761
43 761
43 761
43 761
43 761
70 507
70 507
70 507
70 507
70 507
70 507
70 507
70 507
70 507
70 507
70 507
70 507
70 507
70 507
70 507
70 507
45 786
45 786
45 786
45 786
45 786
45 786
45 786
45 786
45 786
45 786
45 786
45 786
45 786
45 786
45 786
45 786
45 786
45 786
45 786
45 786
45 786
45 786
45 786
45 786
45 786
45 786
45 786
75 507
75 507
75 507
75 507
75 507
75 507
75 507
75 507
75 507
75 507
75 507
75 507
75 507
75 507
75 507
75 507
75 507
75 507
42 877
77 533
77 533
77 533
77 533
77 533
77 533
77 533
77 533
77 533
77 533
77 533
77 533
77 533
44 895
44 895
44 895
44 895
44 895
44 895
44 895
44 895
44 895
44 895
44 895
44 895
44 895
44 895
44 895
44 895
44 895
44 895
44 895
44 895
44 895
44 895
44 895
44 895
12 822
12 822
12 822
12 822
12 822
12 822
12 822
12 822
12 822
12 822
12 822
12 822
12 822
12 822
12 822
12 822
12 822
12 822
12 822
12 822
12 822
12 822
4 922
4 922
4 922
4 922
4 922
4 922
4 922
4 922
4 922
4 922
4 922
4 922
4 922
4 922
4 922
4 922
4 922
17 840
17 840
17 840
17 840
17 840
17 840
17 840
17 840
17 840
17 840
17 840
17 840
17 840
17 840
17 840
17 840
17 840
17 840
17 840
17 840
7 950
7 950
7 950
7 950
7 950
7 950
7 950
7 950
8 945
8 945
8 945
8 945
8 945
8 945
8 945
8 945
8 945
8 945
8 945
8 945
8 945
8 945
8 945
8 945
8 945
8 945
8 945
8 945
8 945
9 950
9 950
9 950
9 950
9 950
9 950
9 950
9 950
9 950
20 875
20 875
20 875
20 875
20 875
20 875
20 875
20 875
20 875
20 875
20 875
23 879
23 879
23 879
23 879
23 879
23 879
23 879
23 879
23 879
23 879
23 879
23 879
23 879
23 879
23 879
23 879
23 879
23 879
23 879
24 881
24 881
24 881
24 881
24 881
24 881
24 881
24 881
24 881
24 881
24 881
24 881
24 881
24 881
24 881
24 881
24 881
24 881
24 881
24 881
24 881
24 881
24 881
24 881
24 881
24 881
24 881
24 881
24 881
54 599
54 599
54 599
54 599
54 599
54 599
55 604
55 604
55 604
55 604
55 604
55 604
55 604
55 604
55 604
55 604
55 604
55 604
55 604
55 604
55 604
55 604
55 604
55 604
55 604
55 604
55 604
55 604
55 604
55 604
55 604
55 604
56 597
56 597
56 597
56 597
56 597
56 597
56 597
56 597
56 597
56 597
51 1159
51 1159
51 1159
51 1159
51 1159
51 1159
51 1159
51 1159
51 1159
51 1159
51 1159
51 1159
51 1159
51 1159
51 1159
51 1159
51 1159
51 1159
51 1159
51 1159
51 1159
51 1159
51 1159
51 1159
51 1159
51 1159
51 1159
51 1159
58 606
58 606
58 606
58 606
58 606
58 606
58 606
58 606
58 606
58 606
58 606
58 606
58 606
58 606
58 606
58 606
58 606
58 606
58 606
58 606
58 606
58 606
58 606
61 594
61 594
61 594
61 594
61 594
61 594
61 594
61 594
61 594
61 594
61 594
61 594
61 594
61 594
62 595
62 595
62 595
62 595
62 595
62 595
62 595
62 595
62 595
62 595
62 595
62 595
62 595
62 595
62 595
62 595
62 595
62 595
62 595
62 595
62 595
62 595
62 595
62 595
62 595
65 600
65 600
65 600
65 600
65 600
49 1298
49 1298
49 1298
49 1298
49 1298
49 1298
49 1298
35 946
35 946
35 946
35 946
35 946
35 946
35 946
35 946
35 946
35 946
35 946
35 946
35 946
35 946
35 946
35 946
35 946
35 946
35 946
35 946
35 946
35 946
35 946
35 946
35 946
35 946
35 946
35 946
35 946
35 946
70 601
70 601
70 601
70 601
70 601
70 601
70 601
70 601
70 601
70 601
70 601
70 601
70 601
70 601
70 601
70 601
39 952
39 952
39 952
39 952
39 952
39 952
39 952
39 952
39 952
39 952
39 952
39 952
26 1102
26 1102
26 1102
26 1102
75 613
75 613
75 613
75 613
75 613
75 613
75 613
75 613
75 613
75 613
75 613
75 613
75 613
75 613
75 613
75 613
75 613
75 613
77 606
77 606
77 606
77 606
77 606
77 606
77 606
77 606
77 606
77 606
77 606
77 606
77 606
41 978
41 978
41 978
27 1129
27 1129
43 980
43 980
43 980
43 980
43 980
43 980
43 980
43 980
43 980
43 980
43 980
43 980
43 980
43 980
43 980
45 993
45 993
45 993
45 993
45 993
45 993
45 993
45 993
45 993
45 993
45 993
45 993
45 993
45 993
45 993
45 993
45 993
45 993
45 993
45 993
45 993
45 993
45 993
45 993
45 993
45 993
45 993
42 1213
44 1201
44 1201
44 1201
44 1201
44 1201
44 1201
44 1201
44 1201
44 1201
44 1201
44 1201
44 1201
44 1201
44 1201
44 1201
44 1201
44 1201
44 1201
44 1201
44 1201
44 1201
44 1201
44 1201
44 1201
12 1046
12 1046
12 1046
12 1046
12 1046
12 1046
12 1046
12 1046
12 1046
12 1046
12 1046
12 1046
12 1046
12 1046
12 1046
12 1046
12 1046
12 1046
12 1046
12 1046
12 1046
12 1046
51 1205
51 1205
51 1205
51 1205
51 1205
51 1205
51 1205
51 1205
51 1205
51 1205
51 1205
51 1205
51 1205
51 1205
51 1205
51 1205
51 1205
51 1205
51 1205
51 1205
51 1205
51 1205
51 1205
51 1205
51 1205
51 1205
51 1205
51 1205
17 1072
17 1072
17 1072
17 1072
17 1072
17 1072
17 1072
17 1072
17 1072
17 1072
17 1072
17 1072
17 1072
17 1072
17 1072
17 1072
17 1072
17 1072
17 1072
17 1072
54 704
54 704
54 704
54 704
54 704
54 704
55 700
55 700
55 700
55 700
55 700
55 700
55 700
55 700
55 700
55 700
55 700
55 700
55 700
55 700
55 700
55 700
55 700
55 700
55 700
55 700
55 700
55 700
55 700
55 700
55 700
55 700
4 1213
4 1213
4 1213
4 1213
4 1213
4 1213
4 1213
4 1213
4 1213
4 1213
4 1213
4 1213
4 1213
4 1213
4 1213
4 1213
4 1213
56 701
56 701
56 701
56 701
56 701
56 701
56 701
56 701
56 701
56 701
49 1279
49 1279
49 1279
49 1279
49 1279
49 1279
49 1279
58 705
58 705
58 705
58 705
58 705
58 705
58 705
58 705
58 705
58 705
58 705
58 705
58 705
58 705
58 705
58 705
58 705
58 705
58 705
58 705
58 705
58 705
58 705
20 1106
20 1106
20 1106
20 1106
20 1106
20 1106
20 1106
20 1106
20 1106
20 1106
20 1106
7 1251
7 1251
7 1251
7 1251
7 1251
7 1251
7 1251
7 1251
61 726
61 726
61 726
61 726
61 726
61 726
61 726
61 726
61 726
61 726
61 726
61 726
61 726
61 726
62 722
62 722
62 722
62 722
62 722
62 722
62 722
62 722
62 722
62 722
62 722
62 722
62 722
62 722
62 722
62 722
62 722
62 722
62 722
62 722
62 722
62 722
62 722
62 722
62 722
8 1283
8 1283
8 1283
8 1283
8 1283
8 1283
8 1283
8 1283
8 1283
8 1283
8 1283
8 1283
8 1283
8 1283
8 1283
8 1283
8 1283
8 1283
8 1283
8 1283
8 1283
9 1274
9 1274
9 1274
9 1274
9 1274
9 1274
9 1274
9 1274
9 1274
23 1141
23 1141
23 1141
23 1141
23 1141
23 1141
23 1141
23 1141
23 1141
23 1141
23 1141
23 1141
23 1141
23 1141
23 1141
23 1141
23 1141
23 1141
23 1141
65 722
65 722
65 722
65 722
65 722
24 1134
24 1134
24 1134
24 1134
24 1134
24 1134
24 1134
24 1134
24 1134
24 1134
24 1134
24 1134
24 1134
24 1134
24 1134
24 1134
24 1134
24 1134
24 1134
24 1134
24 1134
24 1134
24 1134
24 1134
24 1134
24 1134
24 1134
24 1134
24 1134
70 740
70 740
70 740
70 740
70 740
70 740
70 740
70 740
70 740
70 740
70 740
70 740
70 740
70 740
70 740
70 740
75 764
75 764
75 764
75 764
75 764
75 764
75 764
75 764
75 764
75 764
75 764
75 764
75 764
75 764
75 764
75 764
75 764
75 764
77 751
77 751
77 751
77 751
77 751
77 751
77 751
77 751
77 751
77 751
77 751
77 751
77 751
35 1179
35 1179
35 1179
35 1179
35 1179
35 1179
35 1179
35 1179
35 1179
35 1179
35 1179
35 1179
35 1179
35 1179
35 1179
35 1179
35 1179
35 1179
35 1179
35 1179
35 1179
35 1179
35 1179
35 1179
35 1179
35 1179
35 1179
35 1179
35 1179
35 1179
39 1224
39 1224
39 1224
39 1224
39 1224
39 1224
39 1224
39 1224
39 1224
39 1224
39 1224
39 1224
41 1211
41 1211
41 1211
43 1246
43 1246
43 1246
43 1246
43 1246
43 1246
43 1246
43 1246
43 1246
43 1246
43 1246
43 1246
43 1246
43 1246
43 1246
45 1255
45 1255
45 1255
45 1255
45 1255
45 1255
45 1255
45 1255
45 1255
45 1255
45 1255
45 1255
45 1255
45 1255
45 1255
45 1255
45 1255
45 1255
45 1255
45 1255
45 1255
45 1255
45 1255
45 1255
45 1255
45 1255
45 1255
26 1467
26 1467
26 1467
26 1467
27 1512
27 1512
42 1424
54 808
54 808
54 808
54 808
54 808
54 808
55 811
55 811
55 811
55 811
55 811
55 811
55 811
55 811
55 811
55 811
55 811
55 811
55 811
55 811
55 811
55 811
55 811
55 811
55 811
55 811
55 811
55 811
55 811
55 811
55 811
55 811
56 814
56 814
56 814
56 814
56 814
56 814
56 814
56 814
56 814
56 814
58 808
58 808
58 808
58 808
58 808
58 808
58 808
58 808
58 808
58 808
58 808
58 808
58 808
58 808
58 808
58 808
58 808
58 808
58 808
58 808
58 808
58 808
58 808
61 816
61 816
61 816
61 816
61 816
61 816
61 816
61 816
61 816
61 816
61 816
61 816
61 816
61 816
62 816
62 816
62 816
62 816
62 816
62 816
62 816
62 816
62 816
62 816
62 816
62 816
62 816
62 816
62 816
62 816
62 816
62 816
62 816
62 816
62 816
62 816
62 816
62 816
62 816
49 1446
49 1446
49 1446
49 1446
49 1446
49 1446
49 1446
44 1507
44 1507
44 1507
44 1507
44 1507
44 1507
44 1507
44 1507
44 1507
44 1507
44 1507
44 1507
44 1507
44 1507
44 1507
44 1507
44 1507
44 1507
44 1507
44 1507
44 1507
44 1507
44 1507
44 1507
12 1333
12 1333
12 1333
12 1333
12 1333
12 1333
12 1333
12 1333
12 1333
12 1333
12 1333
12 1333
12 1333
12 1333
12 1333
12 1333
12 1333
12 1333
12 1333
12 1333
12 1333
12 1333
65 832
65 832
65 832
65 832
65 832
70 842
70 842
70 842
70 842
70 842
70 842
70 842
70 842
70 842
70 842
70 842
70 842
70 842
70 842
70 842
70 842
17 1377
17 1377
17 1377
17 1377
17 1377
17 1377
17 1377
17 1377
17 1377
17 1377
17 1377
17 1377
17 1377
17 1377
17 1377
17 1377
17 1377
17 1377
17 1377
17 1377
51 1566
51 1566
51 1566
51 1566
51 1566
51 1566
51 1566
51 1566
51 1566
51 1566
51 1566
51 1566
51 1566
51 1566
51 1566
51 1566
51 1566
51 1566
51 1566
51 1566
51 1566
51 1566
51 1566
51 1566
51 1566
51 1566
51 1566
51 1566
20 1384
20 1384
20 1384
20 1384
20 1384
20 1384
20 1384
20 1384
20 1384
20 1384
20 1384
23 1388
23 1388
23 1388
23 1388
23 1388
23 1388
23 1388
23 1388
23 1388
23 1388
23 1388
23 1388
23 1388
23 1388
23 1388
23 1388
23 1388
23 1388
23 1388
75 871
75 871
75 871
75 871
75 871
75 871
75 871
75 871
75 871
75 871
75 871
75 871
75 871
75 871
75 871
75 871
75 871
75 871
24 1400
24 1400
24 1400
24 1400
24 1400
24 1400
24 1400
24 1400
24 1400
24 1400
24 1400
24 1400
24 1400
24 1400
24 1400
24 1400
24 1400
24 1400
24 1400
24 1400
24 1400
24 1400
24 1400
24 1400
24 1400
24 1400
24 1400
24 1400
24 1400
77 873
77 873
77 873
77 873
77 873
77 873
77 873
77 873
77 873
77 873
77 873
77 873
77 873
35 1437
35 1437
35 1437
35 1437
35 1437
35 1437
35 1437
35 1437
35 1437
35 1437
35 1437
35 1437
35 1437
35 1437
35 1437
35 1437
35 1437
35 1437
35 1437
35 1437
35 1437
35 1437
35 1437
35 1437
35 1437
35 1437
35 1437
35 1437
35 1437
35 1437
39 1476
39 1476
39 1476
39 1476
39 1476
39 1476
39 1476
39 1476
39 1476
39 1476
39 1476
39 1476
41 1467
41 1467
41 1467
43 1467
43 1467
43 1467
43 1467
43 1467
43 1467
43 1467
43 1467
43 1467
43 1467
43 1467
43 1467
43 1467
43 1467
43 1467
54 930
54 930
54 930
54 930
54 930
54 930
55 927
55 927
55 927
55 927
55 927
55 927
55 927
55 927
55 927
55 927
55 927
55 927
55 927
55 927
55 927
55 927
55 927
55 927
55 927
55 927
55 927
55 927
55 927
55 927
55 927
55 927
56 927
56 927
56 927
56 927
56 927
56 927
56 927
56 927
56 927
56 927
58 927
58 927
58 927
58 927
58 927
58 927
58 927
58 927
58 927
58 927
58 927
58 927
58 927
58 927
58 927
58 927
58 927
58 927
58 927
58 927
58 927
58 927
58 927
61 947
61 947
61 947
61 947
61 947
61 947
61 947
61 947
61 947
61 947
61 947
61 947
61 947
61 947
62 938
62 938
62 938
62 938
62 938
62 938
62 938
62 938
62 938
62 938
62 938
62 938
62 938
62 938
62 938
62 938
62 938
62 938
62 938
62 938
62 938
62 938
62 938
62 938
62 938
65 959
65 959
65 959
65 959
65 959
70 968
70 968
70 968
70 968
70 968
70 968
70 968
70 968
70 968
70 968
70 968
70 968
70 968
70 968
70 968
70 968
75 971
75 971
75 971
75 971
75 971
75 971
75 971
75 971
75 971
75 971
75 971
75 971
75 971
75 971
75 971
75 971
75 971
75 971
77 955
77 955
77 955
77 955
77 955
77 955
77 955
77 955
77 955
77 955
77 955
77 955
77 955
