1 2 1
2 1 2
3 4 1
4 3 1
5 1 2
6 4 1
7 4 1
8 1 2
9 2 1
10 4 1
11 4 1
12 4 1
13 4 1
14 1 2
15 1 2
16 1 2
17 1 3
18 4 1
19 4 1
20 1 3
21 4 1
22 1 3
23 3 1
24 3 1
25 3 1
26 3 1
27 4 1
28 3 1
29 3 1
30 3 1
31 1 3
32 2 1
33 2 1
34 1 3
35 1 3
36 2 1
37 2 1
38 3 1
39 1 3
40 3 1
41 4 1
42 3 1
43 1 3
44 1 3
45 4 1
46 2 1
47 3 1
48 3 1
49 3 1
50 1 3
51 2 1
52 4 1
53 2 1
54 2 1
55 2 1
56 2 1
57 4 1
58 1 3
59 4 1
60 1 3
61 1 3
62 4 1
63 2 1
64 3 1
65 2 1
66 4 1
67 4 1
68 1 3
69 1 3
70 2 1
71 1 3
72 1 3
73 4 1
74 3 3
75 2 3
76 3 3
77 2 3
78 3 3
79 4 3
80 3 3
81 4 3
