1 2 2 29.7793 -62.4403
2 1 1 -60.9285 -24.0004
3 4 3 62.0813 8.60828
4 3 2 71.1695 -42.8963
5 1 2 -82.2007 -70.9149
6 4 3 11.7168 69.7858
7 4 2 84.1935 -22.6271
8 1 3 45.8376 95.1053
9 2 2 60.3934 -73.2054
10 4 2 -80.3156 10.4787
11 4 3 -79.4138 6.02498
12 4 1 -78.7943 16.5575
13 4 1 33.3747 -82.1488
14 1 2 76.6994 -11.1734
15 1 1 15.5536 19.2752
16 1 3 -70.857 -98.6404
17 1 3 69.4687 -4.37156
18 4 2 -47.5897 66.0299
19 4 2 -16.8453 -35.5808
20 1 3 17.9562 -68.8045
21 4 2 29.3411 33.9615
22 1 2 3.80066 -31.1772
23 3 1 -86.09 26.3446
24 3 2 12.1134 -86.5227
25 3 1 -84.0539 42.4367
26 3 3 -57.9894 -21.4705
27 4 2 83.3556 -77.8349
28 3 2 -87.7332 68.3914
29 3 2 78.4612 -13.5321
30 3 2 52.2421 43.8048
31 1 2 -93.3395 70.8252
32 2 2 -98.0754 -59.8869
33 2 3 -14.9045 27.8263
34 1 3 -74.4401 -22.4488
35 1 3 -3.01717 78.0054
36 2 3 96.4179 18.0283
37 2 1 23.1258 -61.6988
38 3 3 -52.1557 21.328
39 1 3 54.9095 57.824
40 3 2 -42.7772 43.6535
41 4 3 -40.1213 -22.0106
42 3 3 22.8486 -83.0805
43 1 1 78.6113 52.9294
44 1 2 -41.9836 53.6708
45 4 1 19.8708 8.42446
46 2 2 75.7898 -22.7276
47 3 3 -55.6438 -75.3657
48 3 1 30.2238 31.4994
49 3 2 99.269 -75.5124
50 1 2 -86.9089 -78.3861
51 2 3 64.2184 5.85569
52 4 1 -76.4315 86.7204
53 2 2 84.9407 -46.7954
54 2 1 36.7693 -17.5512
55 2 1 1.87977 15.7806
56 2 3 -7.38596 3.6313
57 4 1 67.2861 -75.4207
58 1 1 -76.5425 -65.1684
59 4 2 -98.5586 14.282
60 1 3 71.5259 27.2217
61 1 1 -9.98092 34.2793
62 4 1 98.7216 53.857
63 2 3 50.8994 94.1674
64 3 3 -77.315 -87.5981
65 2 3 -58.758 30.3302
66 4 3 -85.5049 -66.3891
67 4 3 55.1761 -41.0087
68 1 1 -55.0015 -49.7688
69 1 1 -40.8257 -70.3989
70 2 1 51.5498 23.5914
71 1 1 -43.5985 3.09944
72 1 1 -8.82952 50.8799
73 4 1 -42.4185 19.1385
74 3 1 -0.582725 -54.5949
75 2 1 -28.8175 -74.5097
76 3 1 -20.6667 -60.0675
77 2 1 18.5653 -46.4157
78 3 1 45.0146 -39.4619
79 4 1 -74.4471 57.2965
80 3 1 39.8687 73.1053
81 4 1 61.725 -17.8268
