8 139
8 139
8 139
8 139
8 139
13 91
13 91
13 91
13 91
13 91
13 91
13 91
13 91
13 91
13 91
13 91
13 91
13 91
13 91
13 91
11 118
11 118
11 118
11 118
11 118
11 118
11 118
11 118
11 118
17 89
17 89
17 89
17 89
17 89
17 89
17 89
17 89
17 89
17 89
17 89
17 89
17 89
17 89
17 89
17 89
17 89
17 89
17 89
17 89
17 89
17 89
17 89
17 89
23 109
23 109
23 109
23 109
23 109
23 109
23 109
23 109
23 109
23 109
23 109
23 109
23 109
23 109
23 109
23 109
23 109
23 109
23 109
23 109
26 85
26 85
26 85
26 85
26 85
26 85
26 85
26 85
26 85
26 85
26 85
26 85
26 85
26 85
26 85
26 85
8 211
8 211
8 211
8 211
8 211
76 38
76 38
76 38
76 38
76 38
76 38
76 38
76 38
76 38
76 38
75 51
75 51
75 51
75 51
75 51
75 51
75 51
75 51
75 51
75 51
75 51
77 32
77 32
78 31
11 208
11 208
11 208
11 208
11 208
11 208
11 208
11 208
11 208
13 214
13 214
13 214
13 214
13 214
13 214
13 214
13 214
13 214
13 214
13 214
13 214
13 214
13 214
13 214
17 243
17 243
17 243
17 243
17 243
17 243
17 243
17 243
17 243
17 243
17 243
17 243
17 243
17 243
17 243
17 243
17 243
17 243
17 243
17 243
17 243
17 243
17 243
17 243
71 238
71 238
71 238
71 238
71 238
71 238
71 238
23 220
23 220
23 220
23 220
23 220
23 220
23 220
23 220
23 220
23 220
23 220
23 220
23 220
23 220
23 220
23 220
23 220
23 220
23 220
23 220
26 219
26 219
26 219
26 219
26 219
26 219
26 219
26 219
26 219
26 219
26 219
26 219
26 219
26 219
26 219
26 219
70 526
70 526
70 526
75 7
75 7
75 7
75 7
75 7
75 7
75 7
75 7
75 7
75 7
75 7
76 5
76 5
76 5
76 5
76 5
76 5
76 5
76 5
76 5
76 5
77 2
77 2
69 589
69 589
69 589
69 589
78 2
8 339
8 339
8 339
8 339
8 339
11 350
11 350
11 350
11 350
11 350
11 350
11 350
11 350
11 350
13 364
13 364
13 364
13 364
13 364
13 364
13 364
13 364
13 364
13 364
13 364
13 364
13 364
13 364
13 364
70 407
70 407
70 407
17 458
17 458
17 458
17 458
17 458
17 458
17 458
17 458
17 458
17 458
17 458
17 458
17 458
17 458
17 458
17 458
17 458
17 458
17 458
17 458
17 458
17 458
17 458
17 458
71 419
71 419
71 419
71 419
71 419
71 419
71 419
23 403
23 403
23 403
23 403
23 403
23 403
23 403
23 403
23 403
23 403
23 403
23 403
23 403
23 403
23 403
23 403
23 403
23 403
23 403
23 403
26 417
26 417
26 417
26 417
26 417
26 417
26 417
26 417
26 417
26 417
26 417
26 417
26 417
26 417
26 417
26 417
69 533
69 533
69 533
69 533
75 2
75 2
75 2
75 2
75 2
75 2
75 2
75 2
75 2
75 2
75 2
76 2
76 2
76 2
76 2
76 2
76 2
76 2
76 2
76 2
76 2
77 2
77 2
78 9
8 567
8 567
8 567
8 567
8 567
11 564
11 564
11 564
11 564
11 564
11 564
11 564
11 564
11 564
13 562
13 562
13 562
13 562
13 562
13 562
13 562
13 562
13 562
13 562
13 562
13 562
13 562
13 562
13 562
10 1646
10 1646
10 1646
10 1646
10 1646
10 1646
10 1646
10 1646
75 4
75 4
75 4
75 4
75 4
75 4
75 4
75 4
75 4
75 4
75 4
10 1158
10 1158
10 1158
10 1158
10 1158
10 1158
10 1158
10 1158
10 661
10 661
10 661
10 661
10 661
10 661
10 661
10 661
76 4
76 4
76 4
76 4
76 4
76 4
76 4
76 4
76 4
76 4
77 3
77 3
78 3
17 624
17 624
17 624
17 624
17 624
17 624
17 624
17 624
17 624
17 624
17 624
17 624
17 624
17 624
17 624
17 624
17 624
17 624
17 624
17 624
17 624
17 624
17 624
17 624
69 636
69 636
69 636
69 636
70 628
70 628
70 628
71 619
71 619
71 619
71 619
71 619
71 619
71 619
23 618
23 618
23 618
23 618
23 618
23 618
23 618
23 618
23 618
23 618
23 618
23 618
23 618
23 618
23 618
23 618
23 618
23 618
23 618
23 618
26 634
26 634
26 634
26 634
26 634
26 634
26 634
26 634
26 634
26 634
26 634
26 634
26 634
26 634
26 634
26 634
75 3
75 3
75 3
75 3
75 3
75 3
75 3
75 3
75 3
75 3
75 3
76 1
76 1
76 1
76 1
76 1
76 1
76 1
76 1
76 1
76 1
8 693
8 693
8 693
8 693
8 693
77 7
77 7
78 2
10 711
10 711
10 711
10 711
10 711
10 711
10 711
10 711
11 707
11 707
11 707
11 707
11 707
11 707
11 707
11 707
11 707
13 737
13 737
13 737
13 737
13 737
13 737
13 737
13 737
13 737
13 737
13 737
13 737
13 737
13 737
13 737
17 711
17 711
17 711
17 711
17 711
17 711
17 711
17 711
17 711
17 711
17 711
17 711
17 711
17 711
17 711
17 711
17 711
17 711
17 711
17 711
17 711
17 711
17 711
17 711
69 713
69 713
69 713
69 713
71 728
71 728
71 728
71 728
71 728
71 728
71 728
23 834
23 834
23 834
23 834
23 834
23 834
23 834
23 834
23 834
23 834
23 834
23 834
23 834
23 834
23 834
23 834
23 834
23 834
23 834
23 834
70 865
70 865
70 865
26 806
26 806
26 806
26 806
26 806
26 806
26 806
26 806
26 806
26 806
26 806
26 806
26 806
26 806
26 806
26 806
75 2
75 2
75 2
75 2
75 2
75 2
75 2
75 2
75 2
75 2
75 2
76 2
76 2
76 2
76 2
76 2
76 2
76 2
76 2
76 2
76 2
77 10
77 10
78 20
8 865
8 865
8 865
8 865
8 865
11 875
11 875
11 875
11 875
11 875
11 875
11 875
11 875
11 875
13 931
13 931
13 931
13 931
13 931
13 931
13 931
13 931
13 931
13 931
13 931
13 931
13 931
13 931
13 931
69 929
69 929
69 929
69 929
17 954
17 954
17 954
17 954
17 954
17 954
17 954
17 954
17 954
17 954
17 954
17 954
17 954
17 954
17 954
17 954
17 954
17 954
17 954
17 954
17 954
17 954
17 954
17 954
10 1057
10 1057
10 1057
10 1057
10 1057
10 1057
10 1057
10 1057
70 1018
70 1018
70 1018
71 1010
71 1010
71 1010
71 1010
71 1010
71 1010
71 1010
23 992
23 992
23 992
23 992
23 992
23 992
23 992
23 992
23 992
23 992
23 992
23 992
23 992
23 992
23 992
23 992
23 992
23 992
23 992
23 992
75 3
75 3
75 3
75 3
75 3
75 3
75 3
75 3
75 3
75 3
75 3
26 994
26 994
26 994
26 994
26 994
26 994
26 994
26 994
26 994
26 994
26 994
26 994
26 994
26 994
26 994
26 994
76 2
76 2
76 2
76 2
76 2
76 2
76 2
76 2
76 2
76 2
77 3
77 3
78 1
75 2
75 2
75 2
75 2
75 2
75 2
75 2
75 2
75 2
75 2
75 2
76 1
76 1
76 1
76 1
76 1
76 1
76 1
76 1
76 1
76 1
77 2
77 2
78 3
69 1096
69 1096
69 1096
69 1096
70 1106
70 1106
70 1106
71 1108
71 1108
71 1108
71 1108
71 1108
71 1108
71 1108
