4 197
4 197
4 197
4 197
4 197
4 197
4 197
4 197
4 197
4 197
4 197
4 197
4 197
4 197
4 197
4 197
4 197
4 197
4 197
4 197
4 197
4 197
17 86
17 86
17 86
17 86
17 86
17 86
17 86
17 86
17 86
17 86
17 86
17 86
17 86
17 86
17 86
17 86
17 86
17 86
17 86
17 86
17 86
17 86
17 86
17 86
17 86
20 56
20 56
20 56
20 56
20 56
20 56
20 56
20 56
20 56
20 56
20 56
20 56
20 56
20 56
20 56
20 56
20 56
20 56
20 56
20 56
20 56
20 56
20 56
20 56
20 56
20 56
20 56
12 138
12 138
12 138
8 231
8 231
8 231
8 231
8 231
8 231
8 231
8 231
8 231
8 231
21 103
21 103
21 103
21 103
21 103
21 103
21 103
21 103
21 103
21 103
21 103
21 103
21 103
21 103
21 103
21 103
21 103
21 103
21 103
21 103
21 103
21 103
21 103
21 103
21 103
21 103
21 103
21 103
21 103
7 250
7 250
7 250
7 250
7 250
7 250
7 250
7 250
7 250
7 250
7 250
7 250
7 250
7 250
7 250
7 250
7 250
7 250
7 250
7 250
7 250
7 250
7 250
7 250
7 250
7 250
7 250
7 250
7 250
7 250
33 90
33 90
33 90
33 90
33 90
35 79
45 94
45 94
45 94
45 94
45 94
45 94
45 94
45 94
45 94
45 94
45 94
45 94
45 94
45 94
45 94
45 94
45 94
45 94
45 94
45 94
45 94
45 94
45 94
45 94
43 116
43 116
43 116
43 116
43 116
43 116
43 116
43 116
43 116
43 116
43 116
43 116
43 116
43 116
43 116
43 116
43 116
43 116
40 166
40 166
40 166
40 166
40 166
40 166
40 166
40 166
40 166
40 166
40 166
40 166
40 166
40 166
42 180
42 180
42 180
42 180
42 180
42 180
42 180
42 180
42 180
42 180
42 180
51 117
51 117
51 117
51 117
51 117
51 117
51 117
51 117
51 117
51 117
51 117
51 117
39 286
39 286
39 286
39 286
39 286
39 286
39 286
39 286
46 253
46 253
46 253
46 253
12 112
12 112
12 112
41 336
41 336
41 336
41 336
41 336
41 336
41 336
41 336
41 336
41 336
41 336
41 336
41 336
41 336
41 336
41 336
41 336
41 336
41 336
41 336
41 336
41 336
41 336
50 289
50 289
50 289
50 289
50 289
50 289
50 289
50 289
50 289
50 289
50 289
50 289
50 289
50 289
50 289
50 289
50 289
50 289
50 289
50 289
50 289
50 289
50 289
50 289
50 289
50 289
7 247
7 247
7 247
7 247
7 247
7 247
7 247
7 247
7 247
7 247
7 247
7 247
7 247
7 247
7 247
7 247
7 247
7 247
7 247
7 247
7 247
7 247
7 247
7 247
7 247
7 247
7 247
7 247
7 247
7 247
8 241
8 241
8 241
8 241
8 241
8 241
8 241
8 241
8 241
8 241
17 153
17 153
17 153
17 153
17 153
17 153
17 153
17 153
17 153
17 153
17 153
17 153
17 153
17 153
17 153
17 153
17 153
17 153
17 153
17 153
17 153
17 153
17 153
17 153
17 153
58 261
58 261
58 261
58 261
58 261
58 261
58 261
58 261
58 261
58 261
58 261
58 261
58 261
58 261
58 261
58 261
20 171
20 171
20 171
20 171
20 171
20 171
20 171
20 171
20 171
20 171
20 171
20 171
20 171
20 171
20 171
20 171
20 171
20 171
20 171
20 171
20 171
20 171
20 171
20 171
20 171
20 171
20 171
70 179
70 179
70 179
70 179
70 179
70 179
70 179
70 179
70 179
70 179
70 179
70 179
70 179
70 179
70 179
70 179
70 179
70 179
70 179
70 179
70 179
70 179
70 179
70 179
70 179
70 179
70 179
70 179
4 347
4 347
4 347
4 347
4 347
4 347
4 347
4 347
4 347
4 347
4 347
4 347
4 347
4 347
4 347
4 347
4 347
4 347
4 347
4 347
4 347
4 347
75 168
75 168
75 168
75 168
75 168
75 168
75 168
75 168
75 168
75 168
75 168
75 168
75 168
75 168
75 168
75 168
75 168
75 168
75 168
75 168
75 168
67 276
67 276
67 276
67 276
67 276
67 276
65 304
65 304
65 304
65 304
65 304
65 304
65 304
65 304
65 304
65 304
65 304
65 304
65 304
65 304
65 304
65 304
65 304
68 305
68 305
68 305
68 305
68 305
68 305
68 305
68 305
68 305
68 305
68 305
68 305
68 305
21 290
21 290
21 290
21 290
21 290
21 290
21 290
21 290
21 290
21 290
21 290
21 290
21 290
21 290
21 290
21 290
21 290
21 290
21 290
21 290
21 290
21 290
21 290
21 290
21 290
21 290
21 290
21 290
21 290
33 243
33 243
33 243
33 243
33 243
35 231
43 249
43 249
43 249
43 249
43 249
43 249
43 249
43 249
43 249
43 249
43 249
43 249
43 249
43 249
43 249
43 249
43 249
43 249
45 264
45 264
45 264
45 264
45 264
45 264
45 264
45 264
45 264
45 264
45 264
45 264
45 264
45 264
45 264
45 264
45 264
45 264
45 264
45 264
45 264
45 264
45 264
45 264
74 486
74 486
74 486
74 486
74 486
74 486
74 486
74 486
74 486
74 486
74 486
74 486
74 486
74 486
74 486
74 486
74 486
74 486
74 486
77 457
77 457
40 370
40 370
40 370
40 370
40 370
40 370
40 370
40 370
40 370
40 370
40 370
40 370
40 370
40 370
63 646
63 646
63 646
63 646
63 646
63 646
63 646
63 646
63 646
63 646
63 646
63 646
63 646
63 646
63 646
42 366
42 366
42 366
42 366
42 366
42 366
42 366
42 366
42 366
42 366
42 366
51 286
51 286
51 286
51 286
51 286
51 286
51 286
51 286
51 286
51 286
51 286
51 286
79 602
79 602
79 602
79 602
79 602
79 602
79 602
79 602
79 602
12 276
12 276
12 276
50 445
50 445
50 445
50 445
50 445
50 445
50 445
50 445
50 445
50 445
50 445
50 445
50 445
50 445
50 445
50 445
50 445
50 445
50 445
50 445
50 445
50 445
50 445
50 445
50 445
50 445
41 548
41 548
41 548
41 548
41 548
41 548
41 548
41 548
41 548
41 548
41 548
41 548
41 548
41 548
41 548
41 548
41 548
41 548
41 548
41 548
41 548
41 548
41 548
17 316
17 316
17 316
17 316
17 316
17 316
17 316
17 316
17 316
17 316
17 316
17 316
17 316
17 316
17 316
17 316
17 316
17 316
17 316
17 316
17 316
17 316
17 316
17 316
17 316
39 606
39 606
39 606
39 606
39 606
39 606
39 606
39 606
7 434
7 434
7 434
7 434
7 434
7 434
7 434
7 434
7 434
7 434
7 434
7 434
7 434
7 434
7 434
7 434
7 434
7 434
7 434
7 434
7 434
7 434
7 434
7 434
7 434
7 434
7 434
7 434
7 434
7 434
8 433
8 433
8 433
8 433
8 433
8 433
8 433
8 433
8 433
8 433
46 564
46 564
46 564
46 564
58 463
58 463
58 463
58 463
58 463
58 463
58 463
58 463
58 463
58 463
58 463
58 463
58 463
58 463
58 463
58 463
70 367
70 367
70 367
70 367
70 367
70 367
70 367
70 367
70 367
70 367
70 367
70 367
70 367
70 367
70 367
70 367
70 367
70 367
70 367
70 367
70 367
70 367
70 367
70 367
70 367
70 367
70 367
70 367
20 368
20 368
20 368
20 368
20 368
20 368
20 368
20 368
20 368
20 368
20 368
20 368
20 368
20 368
20 368
20 368
20 368
20 368
20 368
20 368
20 368
20 368
20 368
20 368
20 368
20 368
20 368
75 348
75 348
75 348
75 348
75 348
75 348
75 348
75 348
75 348
75 348
75 348
75 348
75 348
75 348
75 348
75 348
75 348
75 348
75 348
75 348
75 348
65 493
65 493
65 493
65 493
65 493
65 493
65 493
65 493
65 493
65 493
65 493
65 493
65 493
65 493
65 493
65 493
65 493
4 607
4 607
4 607
4 607
4 607
4 607
4 607
4 607
4 607
4 607
4 607
4 607
4 607
4 607
4 607
4 607
4 607
4 607
4 607
4 607
4 607
4 607
33 328
33 328
33 328
33 328
33 328
68 523
68 523
68 523
68 523
68 523
68 523
68 523
68 523
68 523
68 523
68 523
68 523
68 523
35 378
21 537
21 537
21 537
21 537
21 537
21 537
21 537
21 537
21 537
21 537
21 537
21 537
21 537
21 537
21 537
21 537
21 537
21 537
21 537
21 537
21 537
21 537
21 537
21 537
21 537
21 537
21 537
21 537
21 537
67 608
67 608
67 608
67 608
67 608
67 608
43 386
43 386
43 386
43 386
43 386
43 386
43 386
43 386
43 386
43 386
43 386
43 386
43 386
43 386
43 386
43 386
43 386
43 386
45 398
45 398
45 398
45 398
45 398
45 398
45 398
45 398
45 398
45 398
45 398
45 398
45 398
45 398
45 398
45 398
45 398
45 398
45 398
45 398
45 398
45 398
45 398
45 398
63 727
63 727
63 727
63 727
63 727
63 727
63 727
63 727
63 727
63 727
63 727
63 727
63 727
63 727
63 727
51 413
51 413
51 413
51 413
51 413
51 413
51 413
51 413
51 413
51 413
51 413
51 413
74 694
74 694
74 694
74 694
74 694
74 694
74 694
74 694
74 694
74 694
74 694
74 694
74 694
74 694
74 694
74 694
74 694
74 694
74 694
77 714
77 714
40 605
40 605
40 605
40 605
40 605
40 605
40 605
40 605
40 605
40 605
40 605
40 605
40 605
40 605
42 594
42 594
42 594
42 594
42 594
42 594
42 594
42 594
42 594
42 594
42 594
79 763
79 763
79 763
79 763
79 763
79 763
79 763
79 763
79 763
50 587
50 587
50 587
50 587
50 587
50 587
50 587
50 587
50 587
50 587
50 587
50 587
50 587
50 587
50 587
50 587
50 587
50 587
50 587
50 587
50 587
50 587
50 587
50 587
50 587
50 587
12 482
12 482
12 482
17 479
17 479
17 479
17 479
17 479
17 479
17 479
17 479
17 479
17 479
17 479
17 479
17 479
17 479
17 479
17 479
17 479
17 479
17 479
17 479
17 479
17 479
17 479
17 479
17 479
39 797
39 797
39 797
39 797
39 797
39 797
39 797
39 797
70 505
70 505
70 505
70 505
70 505
70 505
70 505
70 505
70 505
70 505
70 505
70 505
70 505
70 505
70 505
70 505
70 505
70 505
70 505
70 505
70 505
70 505
70 505
70 505
70 505
70 505
70 505
70 505
20 513
20 513
20 513
20 513
20 513
20 513
20 513
20 513
20 513
20 513
20 513
20 513
20 513
20 513
20 513
20 513
20 513
20 513
20 513
20 513
20 513
20 513
20 513
20 513
20 513
20 513
20 513
41 816
41 816
41 816
41 816
41 816
41 816
41 816
41 816
41 816
41 816
41 816
41 816
41 816
41 816
41 816
41 816
41 816
41 816
41 816
41 816
41 816
41 816
41 816
46 785
46 785
46 785
46 785
7 690
7 690
7 690
7 690
7 690
7 690
7 690
7 690
7 690
7 690
7 690
7 690
7 690
7 690
7 690
7 690
7 690
7 690
7 690
7 690
7 690
7 690
7 690
7 690
7 690
7 690
7 690
7 690
7 690
7 690
58 696
58 696
58 696
58 696
58 696
58 696
58 696
58 696
58 696
58 696
58 696
58 696
58 696
58 696
58 696
58 696
8 706
8 706
8 706
8 706
8 706
8 706
8 706
8 706
8 706
8 706
75 564
75 564
75 564
75 564
75 564
75 564
75 564
75 564
75 564
75 564
75 564
75 564
75 564
75 564
75 564
75 564
75 564
75 564
75 564
75 564
75 564
33 522
33 522
33 522
33 522
33 522
65 703
65 703
65 703
65 703
65 703
65 703
65 703
65 703
65 703
65 703
65 703
65 703
65 703
65 703
65 703
65 703
65 703
67 698
67 698
67 698
67 698
67 698
67 698
68 706
68 706
68 706
68 706
68 706
68 706
68 706
68 706
68 706
68 706
68 706
68 706
68 706
35 575
21 718
21 718
21 718
21 718
21 718
21 718
21 718
21 718
21 718
21 718
21 718
21 718
21 718
21 718
21 718
21 718
21 718
21 718
21 718
21 718
21 718
21 718
21 718
21 718
21 718
21 718
21 718
21 718
21 718
4 929
4 929
4 929
4 929
4 929
4 929
4 929
4 929
4 929
4 929
4 929
4 929
4 929
4 929
4 929
4 929
4 929
4 929
4 929
4 929
4 929
4 929
63 934
63 934
63 934
63 934
63 934
63 934
63 934
63 934
63 934
63 934
63 934
63 934
63 934
63 934
63 934
43 657
43 657
43 657
43 657
43 657
43 657
43 657
43 657
43 657
43 657
43 657
43 657
43 657
43 657
43 657
43 657
43 657
43 657
45 652
45 652
45 652
45 652
45 652
45 652
45 652
45 652
45 652
45 652
45 652
45 652
45 652
45 652
45 652
45 652
45 652
45 652
45 652
45 652
45 652
45 652
45 652
45 652
40 763
40 763
40 763
40 763
40 763
40 763
40 763
40 763
40 763
40 763
40 763
40 763
40 763
40 763
51 672
51 672
51 672
51 672
51 672
51 672
51 672
51 672
51 672
51 672
51 672
51 672
74 975
74 975
74 975
74 975
74 975
74 975
74 975
74 975
74 975
74 975
74 975
74 975
74 975
74 975
74 975
74 975
74 975
74 975
74 975
42 800
42 800
42 800
42 800
42 800
42 800
42 800
42 800
42 800
42 800
42 800
77 1008
77 1008
12 690
12 690
12 690
79 1032
79 1032
79 1032
79 1032
79 1032
79 1032
79 1032
79 1032
79 1032
50 831
50 831
50 831
50 831
50 831
50 831
50 831
50 831
50 831
50 831
50 831
50 831
50 831
50 831
50 831
50 831
50 831
50 831
50 831
50 831
50 831
50 831
50 831
50 831
50 831
50 831
17 672
17 672
17 672
17 672
17 672
17 672
17 672
17 672
17 672
17 672
17 672
17 672
17 672
17 672
17 672
17 672
17 672
17 672
17 672
17 672
17 672
17 672
17 672
17 672
17 672
20 683
20 683
20 683
20 683
20 683
20 683
20 683
20 683
20 683
20 683
20 683
20 683
20 683
20 683
20 683
20 683
20 683
20 683
20 683
20 683
20 683
20 683
20 683
20 683
20 683
20 683
20 683
7 821
7 821
7 821
7 821
7 821
7 821
7 821
7 821
7 821
7 821
7 821
7 821
7 821
7 821
7 821
7 821
7 821
7 821
7 821
7 821
7 821
7 821
7 821
7 821
7 821
7 821
7 821
7 821
7 821
7 821
58 817
58 817
58 817
58 817
58 817
58 817
58 817
58 817
58 817
58 817
58 817
58 817
58 817
58 817
58 817
58 817
8 822
8 822
8 822
8 822
8 822
8 822
8 822
8 822
8 822
8 822
65 839
65 839
65 839
65 839
65 839
65 839
65 839
65 839
65 839
65 839
65 839
65 839
65 839
65 839
65 839
65 839
65 839
67 843
67 843
67 843
67 843
67 843
67 843
70 817
70 817
70 817
70 817
70 817
70 817
70 817
70 817
70 817
70 817
70 817
70 817
70 817
70 817
70 817
70 817
70 817
70 817
70 817
70 817
70 817
70 817
70 817
70 817
70 817
70 817
70 817
70 817
39 1127
39 1127
39 1127
39 1127
39 1127
39 1127
39 1127
39 1127
68 845
68 845
68 845
68 845
68 845
68 845
68 845
68 845
68 845
68 845
68 845
68 845
68 845
46 1085
46 1085
46 1085
46 1085
75 823
75 823
75 823
75 823
75 823
75 823
75 823
75 823
75 823
75 823
75 823
75 823
75 823
75 823
75 823
75 823
75 823
75 823
75 823
75 823
75 823
21 866
21 866
21 866
21 866
21 866
21 866
21 866
21 866
21 866
21 866
21 866
21 866
21 866
21 866
21 866
21 866
21 866
21 866
21 866
21 866
21 866
21 866
21 866
21 866
21 866
21 866
21 866
21 866
21 866
33 815
33 815
33 815
33 815
33 815
41 1236
41 1236
41 1236
41 1236
41 1236
41 1236
41 1236
41 1236
41 1236
41 1236
41 1236
41 1236
41 1236
41 1236
41 1236
41 1236
41 1236
41 1236
41 1236
41 1236
41 1236
41 1236
41 1236
35 807
71 2525
71 2525
71 2525
71 2525
71 2525
71 2525
71 2525
71 2026
71 2026
71 2026
71 2026
71 2026
71 2026
71 2026
71 1526
71 1526
71 1526
71 1526
71 1526
71 1526
71 1526
52 2717
52 2717
52 2717
52 2717
52 2717
52 2717
52 2717
52 2717
52 2717
52 2717
52 2717
52 2717
52 2717
52 2717
52 2717
52 2717
52 2717
52 2717
52 2717
52 2717
52 2217
52 2217
52 2217
52 2217
52 2217
52 2217
52 2217
52 2217
52 2217
52 2217
52 2217
52 2217
52 2217
52 2217
52 2217
52 2217
52 2217
52 2217
52 2217
52 2217
52 1717
52 1717
52 1717
52 1717
52 1717
52 1717
52 1717
52 1717
52 1717
52 1717
52 1717
52 1717
52 1717
52 1717
52 1717
52 1717
52 1717
52 1717
52 1717
52 1717
45 811
45 811
45 811
45 811
45 811
45 811
45 811
45 811
45 811
45 811
45 811
45 811
45 811
45 811
45 811
45 811
45 811
45 811
45 811
45 811
45 811
45 811
45 811
45 811
43 832
43 832
43 832
43 832
43 832
43 832
43 832
43 832
43 832
43 832
43 832
43 832
43 832
43 832
43 832
43 832
43 832
43 832
4 1226
4 1226
4 1226
4 1226
4 1226
4 1226
4 1226
4 1226
4 1226
4 1226
4 1226
4 1226
4 1226
4 1226
4 1226
4 1226
4 1226
4 1226
4 1226
4 1226
4 1226
4 1226
40 904
40 904
40 904
40 904
40 904
40 904
40 904
40 904
40 904
40 904
40 904
40 904
40 904
40 904
42 918
42 918
42 918
42 918
42 918
42 918
42 918
42 918
42 918
42 918
42 918
51 844
51 844
51 844
51 844
51 844
51 844
51 844
51 844
51 844
51 844
51 844
51 844
50 906
50 906
50 906
50 906
50 906
50 906
50 906
50 906
50 906
50 906
50 906
50 906
50 906
50 906
50 906
50 906
50 906
50 906
50 906
50 906
50 906
50 906
50 906
50 906
50 906
50 906
63 1288
63 1288
63 1288
63 1288
63 1288
63 1288
63 1288
63 1288
63 1288
63 1288
63 1288
63 1288
63 1288
63 1288
63 1288
71 1271
71 1271
71 1271
71 1271
71 1271
71 1271
71 1271
7 927
7 927
7 927
7 927
7 927
7 927
7 927
7 927
7 927
7 927
7 927
7 927
7 927
7 927
7 927
7 927
7 927
7 927
7 927
7 927
7 927
7 927
7 927
7 927
7 927
7 927
7 927
7 927
7 927
7 927
12 900
12 900
12 900
8 946
8 946
8 946
8 946
8 946
8 946
8 946
8 946
8 946
8 946
58 970
58 970
58 970
58 970
58 970
58 970
58 970
58 970
58 970
58 970
58 970
58 970
58 970
58 970
58 970
58 970
17 944
17 944
17 944
17 944
17 944
17 944
17 944
17 944
17 944
17 944
17 944
17 944
17 944
17 944
17 944
17 944
17 944
17 944
17 944
17 944
17 944
17 944
17 944
17 944
17 944
20 969
20 969
20 969
20 969
20 969
20 969
20 969
20 969
20 969
20 969
20 969
20 969
20 969
20 969
20 969
20 969
20 969
20 969
20 969
20 969
20 969
20 969
20 969
20 969
20 969
20 969
20 969
70 972
70 972
70 972
70 972
70 972
70 972
70 972
70 972
70 972
70 972
70 972
70 972
70 972
70 972
70 972
70 972
70 972
70 972
70 972
70 972
70 972
70 972
70 972
70 972
70 972
70 972
70 972
70 972
65 1037
65 1037
65 1037
65 1037
65 1037
65 1037
65 1037
65 1037
65 1037
65 1037
65 1037
65 1037
65 1037
65 1037
65 1037
65 1037
65 1037
67 1039
67 1039
67 1039
67 1039
67 1039
67 1039
79 1426
79 1426
79 1426
79 1426
79 1426
79 1426
79 1426
79 1426
79 1426
68 1045
68 1045
68 1045
68 1045
68 1045
68 1045
68 1045
68 1045
68 1045
68 1045
68 1045
68 1045
68 1045
74 1491
74 1491
74 1491
74 1491
74 1491
74 1491
74 1491
74 1491
74 1491
74 1491
74 1491
74 1491
74 1491
74 1491
74 1491
74 1491
74 1491
74 1491
74 1491
75 985
75 985
75 985
75 985
75 985
75 985
75 985
75 985
75 985
75 985
75 985
75 985
75 985
75 985
75 985
75 985
75 985
75 985
75 985
75 985
75 985
21 1037
21 1037
21 1037
21 1037
21 1037
21 1037
21 1037
21 1037
21 1037
21 1037
21 1037
21 1037
21 1037
21 1037
21 1037
21 1037
21 1037
21 1037
21 1037
21 1037
21 1037
21 1037
21 1037
21 1037
21 1037
21 1037
21 1037
21 1037
21 1037
77 1496
77 1496
39 1399
39 1399
39 1399
39 1399
39 1399
39 1399
39 1399
39 1399
41 1388
41 1388
41 1388
41 1388
41 1388
41 1388
41 1388
41 1388
41 1388
41 1388
41 1388
41 1388
41 1388
41 1388
41 1388
41 1388
41 1388
41 1388
41 1388
41 1388
41 1388
41 1388
41 1388
33 1016
33 1016
33 1016
33 1016
33 1016
46 1398
46 1398
46 1398
46 1398
35 1010
40 1057
40 1057
40 1057
40 1057
40 1057
40 1057
40 1057
40 1057
40 1057
40 1057
40 1057
40 1057
40 1057
40 1057
52 1445
52 1445
52 1445
52 1445
52 1445
52 1445
52 1445
52 1445
52 1445
52 1445
52 1445
52 1445
52 1445
52 1445
52 1445
52 1445
52 1445
52 1445
52 1445
52 1445
43 1043
43 1043
43 1043
43 1043
43 1043
43 1043
43 1043
43 1043
43 1043
43 1043
43 1043
43 1043
43 1043
43 1043
43 1043
43 1043
43 1043
43 1043
42 1055
42 1055
42 1055
42 1055
42 1055
42 1055
42 1055
42 1055
42 1055
42 1055
42 1055
4 1482
4 1482
4 1482
4 1482
4 1482
4 1482
4 1482
4 1482
4 1482
4 1482
4 1482
4 1482
4 1482
4 1482
4 1482
4 1482
4 1482
4 1482
4 1482
4 1482
4 1482
4 1482
45 1072
45 1072
45 1072
45 1072
45 1072
45 1072
45 1072
45 1072
45 1072
45 1072
45 1072
45 1072
45 1072
45 1072
45 1072
45 1072
45 1072
45 1072
45 1072
45 1072
45 1072
45 1072
45 1072
45 1072
51 1077
51 1077
51 1077
51 1077
51 1077
51 1077
51 1077
51 1077
51 1077
51 1077
51 1077
51 1077
50 1125
50 1125
50 1125
50 1125
50 1125
50 1125
50 1125
50 1125
50 1125
50 1125
50 1125
50 1125
50 1125
50 1125
50 1125
50 1125
50 1125
50 1125
50 1125
50 1125
50 1125
50 1125
50 1125
50 1125
50 1125
50 1125
63 1555
63 1555
63 1555
63 1555
63 1555
63 1555
63 1555
63 1555
63 1555
63 1555
63 1555
63 1555
63 1555
63 1555
63 1555
58 1175
58 1175
58 1175
58 1175
58 1175
58 1175
58 1175
58 1175
58 1175
58 1175
58 1175
58 1175
58 1175
58 1175
58 1175
58 1175
65 1146
65 1146
65 1146
65 1146
65 1146
65 1146
65 1146
65 1146
65 1146
65 1146
65 1146
65 1146
65 1146
65 1146
65 1146
65 1146
65 1146
70 1112
70 1112
70 1112
70 1112
70 1112
70 1112
70 1112
70 1112
70 1112
70 1112
70 1112
70 1112
70 1112
70 1112
70 1112
70 1112
70 1112
70 1112
70 1112
70 1112
70 1112
70 1112
70 1112
70 1112
70 1112
70 1112
70 1112
70 1112
67 1159
67 1159
67 1159
67 1159
67 1159
67 1159
71 1641
71 1641
71 1641
71 1641
71 1641
71 1641
71 1641
75 1103
75 1103
75 1103
75 1103
75 1103
75 1103
75 1103
75 1103
75 1103
75 1103
75 1103
75 1103
75 1103
75 1103
75 1103
75 1103
75 1103
75 1103
75 1103
75 1103
75 1103
68 1193
68 1193
68 1193
68 1193
68 1193
68 1193
68 1193
68 1193
68 1193
68 1193
68 1193
68 1193
68 1193
74 1657
74 1657
74 1657
74 1657
74 1657
74 1657
74 1657
74 1657
74 1657
74 1657
74 1657
74 1657
74 1657
74 1657
74 1657
74 1657
74 1657
74 1657
74 1657
77 1723
77 1723
79 1705
79 1705
79 1705
79 1705
79 1705
79 1705
79 1705
79 1705
79 1705
