22 149
22 149
22 149
22 149
22 149
22 149
22 149
22 149
12 251
12 251
12 251
12 251
12 251
12 251
12 251
12 251
12 251
12 251
12 251
12 251
12 251
4 354
4 354
4 354
4 354
4 354
4 354
4 354
4 97
4 97
4 97
4 97
4 97
4 97
4 97
59 133
59 133
59 133
59 133
59 133
59 133
59 133
59 133
59 133
59 133
59 133
12 136
12 136
12 136
12 136
12 136
12 136
12 136
12 136
12 136
12 136
12 136
12 136
12 136
22 133
22 133
22 133
22 133
22 133
22 133
22 133
22 133
33 549
33 549
33 549
33 549
33 549
33 549
33 549
33 549
33 549
33 549
33 549
33 549
33 549
33 549
33 549
33 549
51 370
57 331
57 331
57 331
57 331
60 340
60 340
60 340
60 340
60 340
60 340
60 340
60 340
60 340
60 340
60 340
60 340
60 340
60 340
60 340
60 340
60 340
60 340
60 340
68 397
68 397
68 397
68 397
68 397
68 397
68 397
68 397
68 397
68 397
68 397
68 397
68 397
68 397
25 342
25 342
25 342
25 342
25 342
25 342
25 342
25 342
25 342
25 342
25 342
25 342
25 342
25 342
25 342
25 342
25 342
25 342
25 342
25 342
71 392
71 392
73 474
73 474
73 474
73 474
73 474
4 207
4 207
4 207
4 207
4 207
4 207
4 207
33 477
33 477
33 477
33 477
33 477
33 477
33 477
33 477
33 477
33 477
33 477
33 477
33 477
33 477
33 477
33 477
31 1039
31 1039
31 1039
31 1039
31 1039
31 1039
31 1039
31 1039
31 1039
31 658
31 658
31 658
31 658
31 658
31 658
31 658
31 658
31 658
27 1200
27 1200
27 1200
27 1200
27 1200
27 1200
27 1200
27 1200
27 1200
27 1200
27 1200
27 1200
27 1200
27 1200
27 1200
27 1200
27 1200
27 1200
27 712
27 712
27 712
27 712
27 712
27 712
27 712
27 712
27 712
27 712
27 712
27 712
27 712
27 712
27 712
27 712
27 712
27 712
51 559
52 605
52 605
52 605
52 605
52 605
52 605
52 605
52 605
52 605
52 605
52 605
52 605
52 605
52 605
52 605
57 629
57 629
57 629
57 629
60 657
60 657
60 657
60 657
60 657
60 657
60 657
60 657
60 657
60 657
60 657
60 657
60 657
60 657
60 657
60 657
60 657
60 657
60 657
68 781
68 781
68 781
68 781
68 781
68 781
68 781
68 781
68 781
68 781
68 781
68 781
68 781
68 781
73 739
73 739
73 739
73 739
73 739
58 1403
58 1403
58 1403
58 1403
58 1403
58 1403
26 1723
26 1723
26 1723
26 1723
26 1723
26 1723
26 1723
26 1723
26 1723
26 1723
26 1723
26 1723
58 903
58 903
58 903
58 903
58 903
58 903
38 1604
38 1604
38 1604
38 1105
38 1105
38 1105
71 775
71 775
25 736
25 736
25 736
25 736
25 736
25 736
25 736
25 736
25 736
25 736
25 736
25 736
25 736
25 736
25 736
25 736
25 736
25 736
25 736
25 736
27 718
27 718
27 718
27 718
27 718
27 718
27 718
27 718
27 718
27 718
27 718
27 718
27 718
27 718
27 718
27 718
27 718
27 718
31 681
31 681
31 681
31 681
31 681
31 681
31 681
31 681
31 681
59 902
59 902
59 902
59 902
59 902
59 902
59 902
59 902
59 902
59 902
59 902
26 1250
26 1250
26 1250
26 1250
26 1250
26 1250
26 1250
26 1250
26 1250
26 1250
26 1250
26 1250
32 702
32 702
32 702
32 702
32 702
32 702
32 702
32 702
32 702
32 702
26 765
26 765
26 765
26 765
26 765
26 765
26 765
26 765
26 765
26 765
26 765
26 765
4 507
4 507
4 507
4 507
4 507
4 507
4 507
12 435
12 435
12 435
12 435
12 435
12 435
12 435
12 435
12 435
12 435
12 435
12 435
12 435
22 344
22 344
22 344
22 344
22 344
22 344
22 344
22 344
25 321
25 321
25 321
25 321
25 321
25 321
25 321
25 321
25 321
25 321
25 321
25 321
25 321
25 321
25 321
25 321
25 321
25 321
25 321
25 321
26 315
26 315
26 315
26 315
26 315
26 315
26 315
26 315
26 315
26 315
26 315
26 315
27 362
27 362
27 362
27 362
27 362
27 362
27 362
27 362
27 362
27 362
27 362
27 362
27 362
27 362
27 362
27 362
27 362
27 362
33 813
33 813
33 813
33 813
33 813
33 813
33 813
33 813
33 813
33 813
33 813
33 813
33 813
33 813
33 813
33 813
38 848
38 848
38 848
31 517
31 517
31 517
31 517
31 517
31 517
31 517
31 517
31 517
32 508
32 508
32 508
32 508
32 508
32 508
32 508
32 508
32 508
32 508
24 1665
24 1665
24 1665
24 1665
24 1665
24 1665
24 1665
24 1665
24 1665
24 1665
24 1665
24 1665
24 1665
24 1665
24 1665
24 1665
24 1665
59 818
59 818
59 818
59 818
59 818
59 818
59 818
59 818
59 818
59 818
59 818
51 915
4 410
4 410
4 410
4 410
4 410
4 410
4 410
58 928
58 928
58 928
58 928
58 928
58 928
57 952
57 952
57 952
57 952
12 403
12 403
12 403
12 403
12 403
12 403
12 403
12 403
12 403
12 403
12 403
12 403
12 403
24 794
24 794
24 794
24 794
24 794
24 794
24 794
24 794
24 794
24 794
24 794
24 794
24 794
24 794
24 794
24 794
24 794
52 1031
52 1031
52 1031
52 1031
52 1031
52 1031
52 1031
52 1031
52 1031
52 1031
52 1031
52 1031
52 1031
52 1031
52 1031
22 400
22 400
22 400
22 400
22 400
22 400
22 400
22 400
60 1025
60 1025
60 1025
60 1025
60 1025
60 1025
60 1025
60 1025
60 1025
60 1025
60 1025
60 1025
60 1025
60 1025
60 1025
60 1025
60 1025
60 1025
60 1025
68 1058
68 1058
68 1058
68 1058
68 1058
68 1058
68 1058
68 1058
68 1058
68 1058
68 1058
68 1058
68 1058
68 1058
26 503
26 503
26 503
26 503
26 503
26 503
26 503
26 503
26 503
26 503
26 503
26 503
32 459
32 459
32 459
32 459
32 459
32 459
32 459
32 459
32 459
32 459
24 544
24 544
24 544
24 544
24 544
24 544
24 544
24 544
24 544
24 544
24 544
24 544
24 544
24 544
24 544
24 544
24 544
71 1118
71 1118
73 1135
73 1135
73 1135
73 1135
73 1135
59 960
59 960
59 960
59 960
59 960
59 960
59 960
59 960
59 960
59 960
59 960
25 804
25 804
25 804
25 804
25 804
25 804
25 804
25 804
25 804
25 804
25 804
25 804
25 804
25 804
25 804
25 804
25 804
25 804
25 804
25 804
12 446
12 446
12 446
12 446
12 446
12 446
12 446
12 446
12 446
12 446
12 446
12 446
12 446
38 1187
38 1187
38 1187
22 459
22 459
22 459
22 459
22 459
22 459
22 459
22 459
26 467
26 467
26 467
26 467
26 467
26 467
26 467
26 467
26 467
26 467
26 467
26 467
25 478
25 478
25 478
25 478
25 478
25 478
25 478
25 478
25 478
25 478
25 478
25 478
25 478
25 478
25 478
25 478
25 478
25 478
25 478
25 478
24 489
24 489
24 489
24 489
24 489
24 489
24 489
24 489
24 489
24 489
24 489
24 489
24 489
24 489
24 489
24 489
24 489
33 1438
33 1438
33 1438
33 1438
33 1438
33 1438
33 1438
33 1438
33 1438
33 1438
33 1438
33 1438
33 1438
33 1438
33 1438
33 1438
51 1295
52 1294
52 1294
52 1294
52 1294
52 1294
52 1294
52 1294
52 1294
52 1294
52 1294
52 1294
52 1294
52 1294
52 1294
52 1294
27 551
27 551
27 551
27 551
27 551
27 551
27 551
27 551
27 551
27 551
27 551
27 551
27 551
27 551
27 551
27 551
27 551
27 551
32 547
32 547
32 547
32 547
32 547
32 547
32 547
32 547
32 547
32 547
59 800
59 800
59 800
59 800
59 800
59 800
59 800
59 800
59 800
59 800
59 800
57 1325
57 1325
57 1325
57 1325
58 1327
58 1327
58 1327
58 1327
58 1327
58 1327
60 1347
60 1347
60 1347
60 1347
60 1347
60 1347
60 1347
60 1347
60 1347
60 1347
60 1347
60 1347
60 1347
60 1347
60 1347
60 1347
60 1347
60 1347
60 1347
68 1371
68 1371
68 1371
68 1371
68 1371
68 1371
68 1371
68 1371
68 1371
68 1371
68 1371
68 1371
68 1371
68 1371
71 1385
71 1385
12 564
12 564
12 564
12 564
12 564
12 564
12 564
12 564
12 564
12 564
12 564
12 564
12 564
73 1564
73 1564
73 1564
73 1564
73 1564
33 1490
33 1490
33 1490
33 1490
33 1490
33 1490
33 1490
33 1490
33 1490
33 1490
33 1490
33 1490
33 1490
33 1490
33 1490
33 1490
38 1572
38 1572
38 1572
22 766
22 766
22 766
22 766
22 766
22 766
22 766
22 766
59 898
59 898
59 898
59 898
59 898
59 898
59 898
59 898
59 898
59 898
59 898
24 749
24 749
24 749
24 749
24 749
24 749
24 749
24 749
24 749
24 749
24 749
24 749
24 749
24 749
24 749
24 749
24 749
25 740
25 740
25 740
25 740
25 740
25 740
25 740
25 740
25 740
25 740
25 740
25 740
25 740
25 740
25 740
25 740
25 740
25 740
25 740
25 740
26 764
26 764
26 764
26 764
26 764
26 764
26 764
26 764
26 764
26 764
26 764
26 764
51 1639
52 1657
52 1657
52 1657
52 1657
52 1657
52 1657
52 1657
52 1657
52 1657
52 1657
52 1657
52 1657
52 1657
52 1657
52 1657
58 1718
58 1718
58 1718
58 1718
58 1718
58 1718
71 1667
71 1667
