1 3 3 12.0641 68.76
2 4 3 -98.9726 61.0164
3 2 3 40.686 -4.36442
4 1 2 -56.7428 80.8735
5 1 2 -7.3103 50.0437
6 3 3 53.9979 58.4936
7 3 3 55.8422 -30.7993
8 2 2 -47.3846 -55.6853
9 4 2 -79.6659 30.3862
10 4 2 61.5283 22.7983
11 1 2 89.6891 -28.8921
12 3 3 -65.0172 -49.674
13 2 2 85.2364 74.6569
14 1 2 -13.5249 -38.2943
15 2 2 -82.8346 74.2614
16 4 2 -35.7606 -86.439
17 2 2 -6.17405 -27.5946
18 1 2 69.2096 90.403
19 4 2 -16.3748 -90.2655
20 1 2 97.7798 39.5822
21 3 3 -31.4577 -79.373
22 1 2 -93.3602 -78.3584
23 3 3 -7.41294 -45.7916
24 2 2 2.45569 30.1593
25 2 2 -2.67827 79.9476
26 2 2 38.6444 -98.6663
27 3 3 15.0954 -90.7927
28 1 2 93.994 -11.3577
29 2 2 -18.4909 -56.4263
30 4 2 -32.5199 44.0786
31 3 3 -68.1221 33.3757
32 2 1 34.3759 -14.1415
33 3 3 -70.358 -24.0947
34 4 1 -62.028 57.5593
35 1 1 4.56314 10.3565
36 1 1 44.2153 81.8271
37 2 1 -11.2341 68.0742
38 3 3 58.2981 89.3709
39 1 1 -89.8981 -58.022
40 1 1 -85.2262 25.0161
41 1 1 -7.70853 23.9543
42 4 1 -70.6653 -52.2781
43 2 1 -32.3303 1.43215
44 1 1 95.4919 -65.8441
45 2 1 60.0624 54.7258
46 1 1 -95.4805 -72.486
47 3 3 -79.9933 -39.8495
48 2 1 -50.2034 -9.58776
49 1 1 24.4722 38.363
50 3 3 20.7503 -79.0031
51 3 3 14.752 19.4664
52 3 3 -50.1313 74.9776
53 3 3 -30.2514 -74.3617
54 4 1 -5.67229 -83.6354
55 3 3 -78.9444 -81.3071
56 4 1 4.75256 8.87496
57 3 3 18.8135 -31.133
58 1 1 -27.1692 89.1665
59 3 3 -5.36867 -4.78533
60 1 1 68.8422 -47.9807
61 1 1 5.20417 64.8984
62 3 3 70.2018 38.071
63 2 1 -87.6804 -17.1296
64 2 1 -33.2648 -42.7633
