10 564
10 564
10 564
10 564
10 564
10 564
10 564
10 564
10 564
10 564
10 564
10 564
10 564
10 564
10 564
10 564
10 564
10 564
10 564
10 564
10 564
10 564
10 564
10 564
10 564
10 564
10 564
10 564
16 510
16 510
16 510
16 510
16 510
16 510
16 510
16 510
16 510
16 510
16 510
16 510
16 510
31 363
31 363
31 363
31 363
31 363
31 363
31 363
31 363
31 363
31 363
31 363
31 363
31 363
31 363
31 363
31 363
31 363
31 363
31 363
31 363
47 518
47 518
47 518
47 518
47 518
47 518
10 698
10 698
10 698
10 698
10 698
10 698
10 698
10 698
10 698
10 698
10 698
10 698
10 698
10 698
10 698
10 698
10 698
10 698
10 698
10 698
10 698
10 698
10 698
10 698
10 698
10 698
10 698
10 698
12 722
12 722
12 722
12 722
16 755
16 755
16 755
16 755
16 755
16 755
16 755
16 755
16 755
16 755
16 755
16 755
16 755
11 1535
11 1535
11 1535
11 1535
11 1535
11 1535
11 1535
11 1535
11 1535
11 1535
11 1535
11 1535
11 1535
11 1535
11 1535
11 1535
11 1035
11 1035
11 1035
11 1035
11 1035
11 1035
11 1035
11 1035
11 1035
11 1035
11 1035
11 1035
11 1035
11 1035
11 1035
11 1035
53 1116
31 978
31 978
31 978
31 978
31 978
31 978
31 978
31 978
31 978
31 978
31 978
31 978
31 978
31 978
31 978
31 978
31 978
31 978
31 978
31 978
47 1091
47 1091
47 1091
47 1091
47 1091
47 1091
53 1160
10 1248
10 1248
10 1248
10 1248
10 1248
10 1248
10 1248
10 1248
10 1248
10 1248
10 1248
10 1248
10 1248
10 1248
10 1248
10 1248
10 1248
10 1248
10 1248
10 1248
10 1248
10 1248
10 1248
10 1248
10 1248
10 1248
10 1248
10 1248
12 1275
12 1275
12 1275
12 1275
11 1291
11 1291
11 1291
11 1291
11 1291
11 1291
11 1291
11 1291
11 1291
11 1291
11 1291
11 1291
11 1291
11 1291
11 1291
11 1291
113 1290
113 1290
113 1290
113 1290
113 1290
113 1290
113 1290
113 1290
113 1290
113 1290
113 1290
113 1290
113 1290
113 1290
113 1290
113 1290
113 1290
113 1290
113 1290
113 1290
113 1290
113 1290
113 1290
113 1290
113 1290
13 2334
13 2334
13 2334
13 2334
13 2334
13 2334
13 2334
13 2334
13 2334
13 2334
13 2334
13 2334
13 2334
13 2334
13 2334
13 2334
13 2334
16 1460
16 1460
16 1460
16 1460
16 1460
16 1460
16 1460
16 1460
16 1460
16 1460
16 1460
16 1460
16 1460
49 1199
49 1199
49 1199
49 1199
49 1199
49 1199
49 1199
49 1199
49 1199
49 1199
49 1199
49 1199
49 1199
49 1199
49 1199
49 1199
49 1199
49 1199
99 1211
99 1211
99 1211
99 1211
99 1211
99 1211
99 1211
99 1211
125 1480
125 1480
125 1480
125 1480
125 1480
125 1480
125 1480
125 1480
125 1480
125 1480
125 1480
125 1480
125 1480
125 1480
125 1480
125 1480
125 1480
125 1480
125 1480
125 1480
125 1480
125 1480
125 1480
125 1480
125 1480
125 1480
31 1509
31 1509
31 1509
31 1509
31 1509
31 1509
31 1509
31 1509
31 1509
31 1509
31 1509
31 1509
31 1509
31 1509
31 1509
31 1509
31 1509
31 1509
31 1509
31 1509
13 1393
13 1393
13 1393
13 1393
13 1393
13 1393
13 1393
13 1393
13 1393
13 1393
13 1393
13 1393
13 1393
13 1393
13 1393
13 1393
13 1393
47 1678
47 1678
47 1678
47 1678
47 1678
47 1678
74 1502
74 1502
74 1502
74 1502
74 1502
74 1502
74 1502
74 1502
74 1502
53 1819
64 1821
64 1821
64 1821
64 1821
64 1821
104 1922
104 1922
37 2092
37 2092
37 2092
37 2092
37 2092
37 2092
37 2092
37 2092
37 2092
37 2092
37 2092
37 2092
37 2092
37 2092
37 2092
37 2092
37 2092
37 2092
37 2092
37 2092
37 2092
37 2092
37 2092
89 2073
89 2073
89 2073
89 1573
89 1573
89 1573
27 3193
27 3193
27 3193
27 3193
27 3193
27 3193
27 3193
27 3193
27 3193
27 3193
27 3193
27 3193
27 3193
27 3193
27 3193
27 3193
27 3193
27 3193
27 3193
27 3193
27 3193
27 1694
27 1694
27 1694
27 1694
27 1694
27 1694
27 1694
27 1694
27 1694
27 1694
27 1694
27 1694
27 1694
27 1694
27 1694
27 1694
27 1694
27 1694
27 1694
27 1694
27 1694
10 1874
10 1874
10 1874
10 1874
10 1874
10 1874
10 1874
10 1874
10 1874
10 1874
10 1874
10 1874
10 1874
10 1874
10 1874
10 1874
10 1874
10 1874
10 1874
10 1874
10 1874
10 1874
10 1874
10 1874
10 1874
10 1874
10 1874
10 1874
11 1888
11 1888
11 1888
11 1888
11 1888
11 1888
11 1888
11 1888
11 1888
11 1888
11 1888
11 1888
11 1888
11 1888
11 1888
11 1888
12 1901
12 1901
12 1901
12 1901
113 1893
113 1893
113 1893
113 1893
113 1893
113 1893
113 1893
113 1893
113 1893
113 1893
113 1893
113 1893
113 1893
113 1893
113 1893
113 1893
113 1893
113 1893
113 1893
113 1893
113 1893
113 1893
113 1893
113 1893
113 1893
37 1662
37 1662
37 1662
37 1662
37 1662
37 1662
37 1662
37 1662
37 1662
37 1662
37 1662
37 1662
37 1662
37 1662
37 1662
37 1662
37 1662
37 1662
37 1662
37 1662
37 1662
37 1662
37 1662
16 1932
16 1932
16 1932
16 1932
16 1932
16 1932
16 1932
16 1932
16 1932
16 1932
16 1932
16 1932
16 1932
99 1657
99 1657
99 1657
99 1657
99 1657
99 1657
99 1657
99 1657
49 1692
49 1692
49 1692
49 1692
49 1692
49 1692
49 1692
49 1692
49 1692
49 1692
49 1692
49 1692
49 1692
49 1692
49 1692
49 1692
49 1692
49 1692
104 1721
104 1721
125 2042
125 2042
125 2042
125 2042
125 2042
125 2042
125 2042
125 2042
125 2042
125 2042
125 2042
125 2042
125 2042
125 2042
125 2042
125 2042
125 2042
125 2042
125 2042
125 2042
125 2042
125 2042
125 2042
125 2042
125 2042
125 2042
91 2385
91 2385
91 2385
91 2385
91 2385
91 2385
91 2385
91 2385
91 2385
91 2385
91 2385
91 2385
91 2385
91 2385
91 2385
91 2385
91 2385
91 2385
91 2385
91 2385
91 2385
91 2385
91 2385
91 2385
31 2107
31 2107
31 2107
31 2107
31 2107
31 2107
31 2107
31 2107
31 2107
31 2107
31 2107
31 2107
31 2107
31 2107
31 2107
31 2107
31 2107
31 2107
31 2107
31 2107
13 1814
13 1814
13 1814
13 1814
13 1814
13 1814
13 1814
13 1814
13 1814
13 1814
13 1814
13 1814
13 1814
13 1814
13 1814
13 1814
13 1814
64 1817
64 1817
64 1817
64 1817
64 1817
47 2150
47 2150
47 2150
47 2150
47 2150
47 2150
27 1923
27 1923
27 1923
27 1923
27 1923
27 1923
27 1923
27 1923
27 1923
27 1923
27 1923
27 1923
27 1923
27 1923
27 1923
27 1923
27 1923
27 1923
27 1923
27 1923
27 1923
53 2172
59 2223
59 2223
59 2223
59 2223
59 2223
59 2223
59 2223
59 2223
59 2223
59 2223
59 2223
74 2138
74 2138
74 2138
74 2138
74 2138
74 2138
74 2138
74 2138
74 2138
125 2185
125 2185
125 2185
125 2185
125 2185
125 2185
125 2185
125 2185
125 2185
125 2185
125 2185
125 2185
125 2185
125 2185
125 2185
125 2185
125 2185
125 2185
125 2185
125 2185
125 2185
125 2185
125 2185
125 2185
125 2185
125 2185
89 2076
89 2076
89 2076
99 2162
99 2162
99 2162
99 2162
99 2162
99 2162
99 2162
99 2162
104 2187
104 2187
135 3378
135 3378
135 3378
135 3378
135 3378
135 3378
135 3378
135 3378
135 3378
135 3378
135 3378
135 3378
135 3378
135 3378
135 3378
135 3378
135 3378
135 3378
135 3378
135 2879
135 2879
135 2879
135 2879
135 2879
135 2879
135 2879
135 2879
135 2879
135 2879
135 2879
135 2879
135 2879
135 2879
135 2879
135 2879
135 2879
135 2879
135 2879
113 2195
113 2195
113 2195
113 2195
113 2195
113 2195
113 2195
113 2195
113 2195
113 2195
113 2195
113 2195
113 2195
113 2195
113 2195
113 2195
113 2195
113 2195
113 2195
113 2195
113 2195
113 2195
113 2195
113 2195
113 2195
91 2497
91 2497
91 2497
91 2497
91 2497
91 2497
91 2497
91 2497
91 2497
91 2497
91 2497
91 2497
91 2497
91 2497
91 2497
91 2497
91 2497
91 2497
91 2497
91 2497
91 2497
91 2497
91 2497
91 2497
125 2193
125 2193
125 2193
125 2193
125 2193
125 2193
125 2193
125 2193
125 2193
125 2193
125 2193
125 2193
125 2193
125 2193
125 2193
125 2193
125 2193
125 2193
125 2193
125 2193
125 2193
125 2193
125 2193
125 2193
125 2193
125 2193
