3 37
3 37
14 34
14 34
14 34
14 34
14 34
14 34
14 34
14 34
14 34
14 34
14 34
14 34
14 34
14 34
14 34
14 34
14 34
14 34
14 34
14 34
14 34
14 34
14 34
14 34
14 34
14 34
3 15
3 15
15 473
15 473
15 473
15 473
15 473
15 473
15 473
15 473
15 473
15 473
14 16
14 16
14 16
14 16
14 16
14 16
14 16
14 16
14 16
14 16
14 16
14 16
14 16
14 16
14 16
14 16
14 16
14 16
14 16
14 16
14 16
14 16
14 16
14 16
14 16
14 16
3 25
3 25
15 431
15 431
15 431
15 431
15 431
15 431
15 431
15 431
15 431
15 431
14 24
14 24
14 24
14 24
14 24
14 24
14 24
14 24
14 24
14 24
14 24
14 24
14 24
14 24
14 24
14 24
14 24
14 24
14 24
14 24
14 24
14 24
14 24
14 24
14 24
14 24
127 4
127 4
127 4
127 4
127 4
128 28
128 28
128 28
129 21
131 16
131 16
131 16
131 16
131 16
131 16
131 16
131 16
131 16
131 16
131 16
131 16
131 16
131 16
131 16
132 25
132 25
132 25
132 25
132 25
132 25
132 25
132 25
132 25
132 25
132 25
132 25
132 25
132 25
132 25
132 25
132 25
132 25
132 25
132 25
132 25
132 25
132 25
132 25
135 27
135 27
135 27
135 27
135 27
135 27
135 27
135 27
135 27
135 27
135 27
135 27
135 27
135 27
135 27
135 27
135 27
135 27
135 27
135 27
136 45
136 45
136 45
136 45
89 516
89 516
89 516
89 516
89 516
89 516
89 516
89 516
89 516
89 516
89 516
89 516
89 516
89 516
89 516
89 516
89 516
89 516
89 516
89 516
89 516
89 516
89 516
137 43
137 43
137 43
137 43
137 43
137 43
137 43
137 43
137 43
83 590
83 590
83 590
83 590
83 590
83 590
83 590
83 590
83 590
83 590
83 590
83 590
83 590
83 590
3 24
3 24
8 1481
8 1481
8 1481
8 1481
8 1481
8 1481
8 1481
8 1481
8 1481
8 1481
8 1481
8 1481
8 986
8 986
8 986
8 986
8 986
8 986
8 986
8 986
8 986
8 986
8 986
8 986
9 1478
9 1478
9 1478
9 1478
9 1478
9 1478
9 986
9 986
9 986
9 986
9 986
9 986
62 964
62 964
62 964
62 964
62 964
62 964
62 964
62 964
62 964
62 964
62 964
62 964
62 964
62 964
62 964
62 964
62 964
62 964
108 517
108 517
108 517
108 517
108 517
108 517
108 517
14 12
14 12
14 12
14 12
14 12
14 12
14 12
14 12
14 12
14 12
14 12
14 12
14 12
14 12
14 12
14 12
14 12
14 12
14 12
14 12
14 12
14 12
14 12
14 12
14 12
14 12
8 576
8 576
8 576
8 576
8 576
8 576
8 576
8 576
8 576
8 576
8 576
8 576
9 580
9 580
9 580
9 580
9 580
9 580
15 539
15 539
15 539
15 539
15 539
15 539
15 539
15 539
15 539
15 539
121 578
121 578
121 578
121 578
121 578
121 578
121 578
121 578
127 23
127 23
127 23
127 23
127 23
128 37
128 37
128 37
129 35
131 32
131 32
131 32
131 32
131 32
131 32
131 32
131 32
131 32
131 32
131 32
131 32
131 32
131 32
131 32
132 28
132 28
132 28
132 28
132 28
132 28
132 28
132 28
132 28
132 28
132 28
132 28
132 28
132 28
132 28
132 28
132 28
132 28
132 28
132 28
132 28
132 28
132 28
132 28
135 44
135 44
135 44
135 44
135 44
135 44
135 44
135 44
135 44
135 44
135 44
135 44
135 44
135 44
135 44
135 44
135 44
135 44
135 44
135 44
136 46
136 46
136 46
136 46
137 59
137 59
137 59
137 59
137 59
137 59
137 59
137 59
137 59
83 668
83 668
83 668
83 668
83 668
83 668
83 668
83 668
83 668
83 668
83 668
83 668
83 668
83 668
102 1003
102 1003
102 1003
102 1003
102 1003
102 1003
102 1003
102 1003
102 1003
102 1003
102 1003
102 1003
102 1003
102 1003
102 1003
102 1003
102 1003
102 1003
102 1003
102 1003
102 1003
102 1003
102 1003
102 1003
102 1003
62 908
62 908
62 908
62 908
62 908
62 908
62 908
62 908
62 908
62 908
62 908
62 908
62 908
62 908
62 908
62 908
62 908
62 908
3 10
3 10
89 710
89 710
89 710
89 710
89 710
89 710
89 710
89 710
89 710
89 710
89 710
89 710
89 710
89 710
89 710
89 710
89 710
89 710
89 710
89 710
89 710
89 710
89 710
14 16
14 16
14 16
14 16
14 16
14 16
14 16
14 16
14 16
14 16
14 16
14 16
14 16
14 16
14 16
14 16
14 16
14 16
14 16
14 16
14 16
14 16
14 16
14 16
14 16
14 16
127 49
127 49
127 49
127 49
127 49
128 42
128 42
128 42
129 41
131 39
131 39
131 39
131 39
131 39
131 39
131 39
131 39
131 39
131 39
131 39
131 39
131 39
131 39
131 39
132 35
132 35
132 35
132 35
132 35
132 35
132 35
132 35
132 35
132 35
132 35
132 35
132 35
132 35
132 35
132 35
132 35
132 35
132 35
132 35
132 35
132 35
132 35
132 35
8 789
8 789
8 789
8 789
8 789
8 789
8 789
8 789
8 789
8 789
8 789
8 789
135 34
135 34
135 34
135 34
135 34
135 34
135 34
135 34
135 34
135 34
135 34
135 34
135 34
135 34
135 34
135 34
135 34
135 34
135 34
135 34
136 26
136 26
136 26
136 26
108 813
108 813
108 813
108 813
108 813
108 813
108 813
137 25
137 25
137 25
137 25
137 25
137 25
137 25
137 25
137 25
9 807
9 807
9 807
9 807
9 807
9 807
15 869
15 869
15 869
15 869
15 869
15 869
15 869
15 869
15 869
15 869
27 2259
27 2259
27 2259
27 2259
27 2259
27 2259
27 2259
27 2259
27 2259
27 2259
27 2259
27 2259
27 2259
27 2259
27 2259
27 2259
27 2259
27 2259
27 2259
27 2259
27 2259
27 2259
3 9
3 9
14 34
14 34
14 34
14 34
14 34
14 34
14 34
14 34
14 34
14 34
14 34
14 34
14 34
14 34
14 34
14 34
14 34
14 34
14 34
14 34
14 34
14 34
14 34
14 34
14 34
14 34
121 983
121 983
121 983
121 983
121 983
121 983
121 983
121 983
127 15
127 15
127 15
127 15
127 15
128 14
128 14
128 14
129 17
131 19
131 19
131 19
131 19
131 19
131 19
131 19
131 19
131 19
131 19
131 19
131 19
131 19
131 19
131 19
132 13
132 13
132 13
132 13
132 13
132 13
132 13
132 13
132 13
132 13
132 13
132 13
132 13
132 13
132 13
132 13
132 13
132 13
132 13
132 13
132 13
132 13
132 13
132 13
135 14
135 14
135 14
135 14
135 14
135 14
135 14
135 14
135 14
135 14
135 14
135 14
135 14
135 14
135 14
135 14
135 14
135 14
135 14
135 14
136 11
136 11
136 11
136 11
137 5
137 5
137 5
137 5
137 5
137 5
137 5
137 5
137 5
3 22
3 22
14 7
14 7
14 7
14 7
14 7
14 7
14 7
14 7
14 7
14 7
14 7
14 7
14 7
14 7
14 7
14 7
14 7
14 7
14 7
14 7
14 7
14 7
14 7
14 7
14 7
14 7
102 1680
102 1680
102 1680
102 1680
102 1680
102 1680
102 1680
102 1680
102 1680
102 1680
102 1680
102 1680
102 1680
102 1680
102 1680
102 1680
102 1680
102 1680
102 1680
102 1680
102 1680
102 1680
102 1680
102 1680
102 1680
27 1463
27 1463
27 1463
27 1463
27 1463
27 1463
27 1463
27 1463
27 1463
27 1463
27 1463
27 1463
27 1463
27 1463
27 1463
27 1463
27 1463
27 1463
27 1463
27 1463
27 1463
27 1463
127 6
127 6
127 6
127 6
127 6
128 26
128 26
128 26
129 42
132 31
132 31
132 31
132 31
132 31
132 31
132 31
132 31
132 31
132 31
132 31
132 31
132 31
132 31
132 31
132 31
132 31
132 31
132 31
132 31
132 31
132 31
132 31
132 31
131 44
131 44
131 44
131 44
131 44
131 44
131 44
131 44
131 44
131 44
131 44
131 44
131 44
131 44
131 44
62 1768
62 1768
62 1768
62 1768
62 1768
62 1768
62 1768
62 1768
62 1768
62 1768
62 1768
62 1768
62 1768
62 1768
62 1768
62 1768
62 1768
62 1768
135 53
135 53
135 53
135 53
135 53
135 53
135 53
135 53
135 53
135 53
135 53
135 53
135 53
135 53
135 53
135 53
135 53
135 53
135 53
135 53
136 51
136 51
136 51
136 51
137 50
137 50
137 50
137 50
137 50
137 50
137 50
137 50
137 50
83 1677
83 1677
83 1677
83 1677
83 1677
83 1677
83 1677
83 1677
83 1677
83 1677
83 1677
83 1677
83 1677
83 1677
8 1433
8 1433
8 1433
8 1433
8 1433
8 1433
8 1433
8 1433
8 1433
8 1433
8 1433
8 1433
15 1383
15 1383
15 1383
15 1383
15 1383
15 1383
15 1383
15 1383
15 1383
15 1383
9 1449
9 1449
9 1449
9 1449
9 1449
9 1449
3 22
3 22
95 1676
95 1676
95 1676
95 1676
95 1676
95 1676
95 1676
95 1676
95 1676
95 1676
95 1676
14 39
14 39
14 39
14 39
14 39
14 39
14 39
14 39
14 39
14 39
14 39
14 39
14 39
14 39
14 39
14 39
14 39
14 39
14 39
14 39
14 39
14 39
14 39
14 39
14 39
14 39
102 1683
102 1683
102 1683
102 1683
102 1683
102 1683
102 1683
102 1683
102 1683
102 1683
102 1683
102 1683
102 1683
102 1683
102 1683
102 1683
102 1683
102 1683
102 1683
102 1683
102 1683
102 1683
102 1683
102 1683
102 1683
100 2752
100 2752
100 2752
100 2752
100 2752
100 2752
100 2752
100 2752
100 2752
100 2752
100 2752
100 2752
100 2752
100 2275
100 2275
100 2275
100 2275
100 2275
100 2275
100 2275
100 2275
100 2275
100 2275
100 2275
100 2275
100 2275
100 1780
100 1780
100 1780
100 1780
100 1780
100 1780
100 1780
100 1780
100 1780
100 1780
100 1780
100 1780
100 1780
123 2552
123 2552
123 2552
123 2552
123 2552
123 2552
123 2552
123 2552
123 2552
123 2552
123 2552
123 2552
123 2552
123 2552
123 2552
123 2552
123 2552
123 2552
123 2552
127 47
127 47
127 47
127 47
127 47
128 48
128 48
128 48
129 52
123 2121
123 2121
123 2121
123 2121
123 2121
123 2121
123 2121
123 2121
123 2121
123 2121
123 2121
123 2121
123 2121
123 2121
123 2121
123 2121
123 2121
123 2121
123 2121
131 45
131 45
131 45
131 45
131 45
131 45
131 45
131 45
131 45
131 45
131 45
131 45
131 45
131 45
131 45
123 1626
123 1626
123 1626
123 1626
123 1626
123 1626
123 1626
123 1626
123 1626
123 1626
123 1626
123 1626
123 1626
123 1626
123 1626
123 1626
123 1626
123 1626
123 1626
132 37
132 37
132 37
132 37
132 37
132 37
132 37
132 37
132 37
132 37
132 37
132 37
132 37
132 37
132 37
132 37
132 37
132 37
132 37
132 37
132 37
132 37
132 37
132 37
8 1285
8 1285
8 1285
8 1285
8 1285
8 1285
8 1285
8 1285
8 1285
8 1285
8 1285
8 1285
121 1658
121 1658
121 1658
121 1658
121 1658
121 1658
121 1658
121 1658
62 1759
62 1759
62 1759
62 1759
62 1759
62 1759
62 1759
62 1759
62 1759
62 1759
62 1759
62 1759
62 1759
62 1759
62 1759
62 1759
62 1759
62 1759
135 31
135 31
135 31
135 31
135 31
135 31
135 31
135 31
135 31
135 31
135 31
135 31
135 31
135 31
135 31
135 31
135 31
135 31
135 31
135 31
83 1555
83 1555
83 1555
83 1555
83 1555
83 1555
83 1555
83 1555
83 1555
83 1555
83 1555
83 1555
83 1555
83 1555
136 33
136 33
136 33
136 33
137 27
137 27
137 27
137 27
137 27
137 27
137 27
137 27
137 27
28 3129
28 3129
28 3129
28 3129
28 3129
28 3129
28 3129
28 3129
28 3129
28 3129
28 3129
28 3129
28 3129
28 3129
28 3129
28 3129
28 3129
15 1260
15 1260
15 1260
15 1260
15 1260
15 1260
15 1260
15 1260
15 1260
15 1260
123 1397
123 1397
123 1397
123 1397
123 1397
123 1397
123 1397
123 1397
123 1397
123 1397
123 1397
123 1397
123 1397
123 1397
123 1397
123 1397
123 1397
123 1397
123 1397
27 1859
27 1859
27 1859
27 1859
27 1859
27 1859
27 1859
27 1859
27 1859
27 1859
27 1859
27 1859
27 1859
27 1859
27 1859
27 1859
27 1859
27 1859
27 1859
27 1859
27 1859
27 1859
95 1758
95 1758
95 1758
95 1758
95 1758
95 1758
95 1758
95 1758
95 1758
95 1758
95 1758
83 1424
83 1424
83 1424
83 1424
83 1424
83 1424
83 1424
83 1424
83 1424
83 1424
83 1424
83 1424
83 1424
83 1424
127 34
127 34
127 34
127 34
127 34
128 26
128 26
128 26
108 1752
108 1752
108 1752
108 1752
108 1752
108 1752
108 1752
129 44
131 27
131 27
131 27
131 27
131 27
131 27
131 27
131 27
131 27
131 27
131 27
131 27
131 27
131 27
131 27
132 25
132 25
132 25
132 25
132 25
132 25
132 25
132 25
132 25
132 25
132 25
132 25
132 25
132 25
132 25
132 25
132 25
132 25
132 25
132 25
132 25
132 25
132 25
132 25
135 27
135 27
135 27
135 27
135 27
135 27
135 27
135 27
135 27
135 27
135 27
135 27
135 27
135 27
135 27
135 27
135 27
135 27
135 27
135 27
136 58
136 58
136 58
136 58
137 50
137 50
137 50
137 50
137 50
137 50
137 50
137 50
137 50
95 1520
95 1520
95 1520
95 1520
95 1520
95 1520
95 1520
95 1520
95 1520
95 1520
95 1520
108 1448
108 1448
108 1448
108 1448
108 1448
108 1448
108 1448
68 3852
68 3852
68 3852
68 3852
68 3852
68 3852
68 3852
68 3852
68 3852
68 3852
68 3852
68 3852
68 3852
68 3852
68 3852
68 3852
68 3852
68 3852
68 3852
68 3852
68 3852
68 3356
68 3356
68 3356
68 3356
68 3356
68 3356
68 3356
68 3356
68 3356
68 3356
68 3356
68 3356
68 3356
68 3356
68 3356
68 3356
68 3356
68 3356
68 3356
68 3356
68 3356
68 2859
68 2859
68 2859
68 2859
68 2859
68 2859
68 2859
68 2859
68 2859
68 2859
68 2859
68 2859
68 2859
68 2859
68 2859
68 2859
68 2859
68 2859
68 2859
68 2859
68 2859
89 1725
89 1725
89 1725
89 1725
89 1725
89 1725
89 1725
89 1725
89 1725
89 1725
89 1725
89 1725
89 1725
89 1725
89 1725
89 1725
89 1725
89 1725
89 1725
89 1725
89 1725
89 1725
89 1725
123 1486
123 1486
123 1486
123 1486
123 1486
123 1486
123 1486
123 1486
123 1486
123 1486
123 1486
123 1486
123 1486
123 1486
123 1486
123 1486
123 1486
123 1486
123 1486
100 1774
100 1774
100 1774
100 1774
100 1774
100 1774
100 1774
100 1774
100 1774
100 1774
100 1774
100 1774
100 1774
127 65
127 65
127 65
127 65
127 65
128 63
128 63
128 63
129 58
131 53
131 53
131 53
131 53
131 53
131 53
131 53
131 53
131 53
131 53
131 53
131 53
131 53
131 53
131 53
132 46
132 46
132 46
132 46
132 46
132 46
132 46
132 46
132 46
132 46
132 46
132 46
132 46
132 46
132 46
132 46
132 46
132 46
132 46
132 46
132 46
132 46
132 46
132 46
135 39
135 39
135 39
135 39
135 39
135 39
135 39
135 39
135 39
135 39
135 39
135 39
135 39
135 39
135 39
135 39
135 39
135 39
135 39
135 39
136 34
136 34
136 34
136 34
137 34
137 34
137 34
137 34
137 34
137 34
137 34
137 34
137 34
121 1900
121 1900
121 1900
121 1900
121 1900
121 1900
121 1900
121 1900
