11 227
16 180
16 180
16 180
16 180
16 180
16 180
16 180
16 180
16 180
16 180
16 180
16 180
16 180
16 180
35 364
35 364
35 364
35 364
36 358
36 358
11 279
41 522
41 522
41 522
41 522
41 522
41 522
41 522
41 522
41 522
41 522
41 522
41 522
41 522
41 522
41 522
41 522
41 522
41 522
41 522
16 380
16 380
16 380
16 380
16 380
16 380
16 380
16 380
16 380
16 380
16 380
16 380
16 380
16 380
31 1086
31 1086
31 1086
31 1086
31 1086
31 1086
31 1086
31 1086
31 1086
31 1086
31 1086
31 1086
36 559
36 559
41 599
41 599
41 599
41 599
41 599
41 599
41 599
41 599
41 599
41 599
41 599
41 599
41 599
41 599
41 599
41 599
41 599
41 599
41 599
35 780
35 780
35 780
35 780
11 715
16 761
16 761
16 761
16 761
16 761
16 761
16 761
16 761
16 761
16 761
16 761
16 761
16 761
16 761
4 986
4 986
4 986
31 1343
31 1343
31 1343
31 1343
31 1343
31 1343
31 1343
31 1343
31 1343
31 1343
31 1343
31 1343
35 842
35 842
35 842
35 842
31 990
31 990
31 990
31 990
31 990
31 990
31 990
31 990
31 990
31 990
31 990
31 990
41 945
41 945
41 945
41 945
41 945
41 945
41 945
41 945
41 945
41 945
41 945
41 945
41 945
41 945
41 945
41 945
41 945
41 945
41 945
36 997
36 997
6 2365
6 2365
6 2365
6 2365
6 2365
6 2365
6 2365
6 2365
6 2365
6 2365
6 2365
6 2365
6 2365
6 2365
6 2365
6 2365
6 2365
6 2365
6 1870
6 1870
6 1870
6 1870
6 1870
6 1870
6 1870
6 1870
6 1870
6 1870
6 1870
6 1870
6 1870
6 1870
6 1870
6 1870
6 1870
6 1870
6 1447
6 1447
6 1447
6 1447
6 1447
6 1447
6 1447
6 1447
6 1447
6 1447
6 1447
6 1447
6 1447
6 1447
6 1447
6 1447
6 1447
6 1447
4 1032
4 1032
4 1032
11 975
16 983
16 983
16 983
16 983
16 983
16 983
16 983
16 983
16 983
16 983
16 983
16 983
16 983
16 983
53 1640
53 1640
53 1640
53 1640
53 1640
53 1640
53 1640
53 1640
53 1640
53 1640
53 1640
53 1640
53 1640
53 1330
53 1330
53 1330
53 1330
53 1330
53 1330
53 1330
53 1330
53 1330
53 1330
53 1330
53 1330
53 1330
31 1155
31 1155
31 1155
31 1155
31 1155
31 1155
31 1155
31 1155
31 1155
31 1155
31 1155
31 1155
6 1537
6 1537
6 1537
6 1537
6 1537
6 1537
6 1537
6 1537
6 1537
6 1537
6 1537
6 1537
6 1537
6 1537
6 1537
6 1537
6 1537
6 1537
35 1259
35 1259
35 1259
35 1259
36 1491
36 1491
4 1367
4 1367
4 1367
6 1364
6 1364
6 1364
6 1364
6 1364
6 1364
6 1364
6 1364
6 1364
6 1364
6 1364
6 1364
6 1364
6 1364
6 1364
6 1364
6 1364
6 1364
11 1383
16 1440
16 1440
16 1440
16 1440
16 1440
16 1440
16 1440
16 1440
16 1440
16 1440
16 1440
16 1440
16 1440
16 1440
31 1591
31 1591
31 1591
31 1591
31 1591
31 1591
31 1591
31 1591
31 1591
31 1591
31 1591
31 1591
53 1896
53 1896
53 1896
53 1896
53 1896
53 1896
53 1896
53 1896
53 1896
53 1896
53 1896
53 1896
53 1896
36 1575
36 1575
35 1614
35 1614
35 1614
35 1614
131 2115
131 2115
131 2115
131 2115
131 2115
131 2115
131 2115
131 2115
131 2115
131 2115
131 2115
131 2115
131 2115
131 2115
131 2115
131 2115
131 2115
131 2115
131 2115
131 2115
53 1937
53 1937
53 1937
53 1937
53 1937
53 1937
53 1937
53 1937
53 1937
53 1937
53 1937
53 1937
53 1937
96 2917
96 2917
96 2917
96 2917
96 2917
96 2917
96 2917
96 2917
96 2917
96 2917
96 2917
96 2917
96 2917
96 2917
96 2917
96 2917
96 2917
96 2917
96 2917
96 2917
96 2917
96 2917
96 2917
96 2917
96 2917
96 2917
131 2284
131 2284
131 2284
131 2284
131 2284
131 2284
131 2284
131 2284
131 2284
131 2284
131 2284
131 2284
131 2284
131 2284
131 2284
131 2284
131 2284
131 2284
131 2284
131 2284
