8 112
8 112
8 112
8 112
8 112
8 112
8 112
8 112
8 112
8 112
8 112
8 112
8 112
8 112
8 112
8 112
8 112
8 112
8 112
8 112
8 112
8 112
8 112
8 112
8 112
8 112
8 112
8 112
5 147
5 147
5 147
5 147
5 147
5 147
5 147
5 147
5 147
19 68
19 68
19 68
19 68
19 68
19 68
19 68
19 68
19 68
19 68
19 68
19 68
23 139
23 139
23 139
23 139
23 139
23 139
23 139
23 139
23 139
23 139
23 139
32 393
32 393
32 393
32 393
32 393
32 393
32 393
32 393
32 393
32 393
32 393
32 393
32 393
32 393
32 393
32 393
32 393
32 393
32 393
32 393
32 393
32 393
32 393
32 393
32 393
32 393
32 393
32 393
32 393
32 393
48 260
48 260
48 260
48 260
48 260
48 260
48 260
48 260
48 260
48 260
48 260
48 260
48 260
48 260
48 260
48 260
48 260
48 260
48 260
48 260
48 260
48 260
48 260
48 260
48 260
48 260
48 260
5 231
5 231
5 231
5 231
5 231
5 231
5 231
5 231
5 231
85 93
85 93
85 93
85 93
85 93
85 93
85 93
85 93
85 93
85 93
85 93
85 93
85 93
85 93
85 93
85 93
85 93
85 93
85 93
85 93
85 93
85 93
85 93
85 93
84 107
84 107
84 107
84 107
84 107
84 107
84 107
84 107
84 107
84 107
84 107
84 107
84 107
84 107
84 107
84 107
84 107
84 107
84 107
86 89
93 26
93 26
93 26
93 26
94 19
94 19
94 19
94 19
94 19
96 16
96 16
96 16
96 16
96 16
96 16
19 348
19 348
19 348
19 348
19 348
19 348
19 348
19 348
19 348
19 348
19 348
19 348
23 342
23 342
23 342
23 342
23 342
23 342
23 342
23 342
23 342
23 342
23 342
3 1053
3 1053
3 1053
3 1053
3 1053
3 1053
3 1053
3 1053
3 1053
3 1053
3 1053
3 1053
3 1053
3 1053
3 555
3 555
3 555
3 555
3 555
3 555
3 555
3 555
3 555
3 555
3 555
3 555
3 555
3 555
8 525
8 525
8 525
8 525
8 525
8 525
8 525
8 525
8 525
8 525
8 525
8 525
8 525
8 525
8 525
8 525
8 525
8 525
8 525
8 525
8 525
8 525
8 525
8 525
8 525
8 525
8 525
8 525
84 8
84 8
84 8
84 8
84 8
84 8
84 8
84 8
84 8
84 8
84 8
84 8
84 8
84 8
84 8
84 8
84 8
84 8
84 8
85 19
85 19
85 19
85 19
85 19
85 19
85 19
85 19
85 19
85 19
85 19
85 19
85 19
85 19
85 19
85 19
85 19
85 19
85 19
85 19
85 19
85 19
85 19
85 19
86 12
88 21
88 21
88 21
89 12
89 12
89 12
89 12
89 12
89 12
89 12
89 12
89 12
89 12
89 12
89 12
89 12
89 12
89 12
89 12
89 12
89 12
89 12
89 12
89 12
89 12
89 12
89 12
89 12
89 12
90 8
90 8
92 9
92 9
92 9
92 9
92 9
92 9
92 9
92 9
92 9
92 9
93 12
93 12
93 12
93 12
94 15
94 15
94 15
94 15
94 15
96 1
96 1
96 1
96 1
96 1
96 1
85 14
85 14
85 14
85 14
85 14
85 14
85 14
85 14
85 14
85 14
85 14
85 14
85 14
85 14
85 14
85 14
85 14
85 14
85 14
85 14
85 14
85 14
85 14
85 14
86 34
84 54
84 54
84 54
84 54
84 54
84 54
84 54
84 54
84 54
84 54
84 54
84 54
84 54
84 54
84 54
84 54
84 54
84 54
84 54
88 31
88 31
88 31
89 26
89 26
89 26
89 26
89 26
89 26
89 26
89 26
89 26
89 26
89 26
89 26
89 26
89 26
89 26
89 26
89 26
89 26
89 26
89 26
89 26
89 26
89 26
89 26
89 26
89 26
90 39
90 39
92 33
92 33
92 33
92 33
92 33
92 33
92 33
92 33
92 33
92 33
93 25
93 25
93 25
93 25
94 38
94 38
94 38
94 38
94 38
96 22
96 22
96 22
96 22
96 22
96 22
48 1166
48 1166
48 1166
48 1166
48 1166
48 1166
48 1166
48 1166
48 1166
48 1166
48 1166
48 1166
48 1166
48 1166
48 1166
48 1166
48 1166
48 1166
48 1166
48 1166
48 1166
48 1166
48 1166
48 1166
48 1166
48 1166
48 1166
56 1635
56 1635
56 1635
56 1635
56 1635
56 1635
56 1635
56 1635
56 1635
56 1635
56 1635
56 1635
56 1635
56 1635
56 1635
56 1635
56 1635
56 1635
56 1635
56 1635
56 1635
56 1635
56 1635
56 1635
56 1635
23 978
23 978
23 978
23 978
23 978
23 978
23 978
23 978
23 978
23 978
23 978
5 1168
5 1168
5 1168
5 1168
5 1168
5 1168
5 1168
5 1168
5 1168
19 1032
19 1032
19 1032
19 1032
19 1032
19 1032
19 1032
19 1032
19 1032
19 1032
19 1032
19 1032
32 1404
32 1404
32 1404
32 1404
32 1404
32 1404
32 1404
32 1404
32 1404
32 1404
32 1404
32 1404
32 1404
32 1404
32 1404
32 1404
32 1404
32 1404
32 1404
32 1404
32 1404
32 1404
32 1404
32 1404
32 1404
32 1404
32 1404
32 1404
32 1404
32 1404
32 911
32 911
32 911
32 911
32 911
32 911
32 911
32 911
32 911
32 911
32 911
32 911
32 911
32 911
32 911
32 911
32 911
32 911
32 911
32 911
32 911
32 911
32 911
32 911
32 911
32 911
32 911
32 911
32 911
32 911
5 779
5 779
5 779
5 779
5 779
5 779
5 779
5 779
5 779
8 787
8 787
8 787
8 787
8 787
8 787
8 787
8 787
8 787
8 787
8 787
8 787
8 787
8 787
8 787
8 787
8 787
8 787
8 787
8 787
8 787
8 787
8 787
8 787
8 787
8 787
8 787
8 787
84 33
84 33
84 33
84 33
84 33
84 33
84 33
84 33
84 33
84 33
84 33
84 33
84 33
84 33
84 33
84 33
84 33
84 33
84 33
85 33
85 33
85 33
85 33
85 33
85 33
85 33
85 33
85 33
85 33
85 33
85 33
85 33
85 33
85 33
85 33
85 33
85 33
85 33
85 33
85 33
85 33
85 33
85 33
86 24
88 19
88 19
88 19
89 21
89 21
89 21
89 21
89 21
89 21
89 21
89 21
89 21
89 21
89 21
89 21
89 21
89 21
89 21
89 21
89 21
89 21
89 21
89 21
89 21
89 21
89 21
89 21
89 21
89 21
90 13
90 13
92 4
92 4
92 4
92 4
92 4
92 4
92 4
92 4
92 4
92 4
94 35
94 35
94 35
94 35
94 35
93 57
93 57
93 57
93 57
96 41
96 41
96 41
96 41
96 41
96 41
23 1064
23 1064
23 1064
23 1064
23 1064
23 1064
23 1064
23 1064
23 1064
23 1064
23 1064
56 1258
56 1258
56 1258
56 1258
56 1258
56 1258
56 1258
56 1258
56 1258
56 1258
56 1258
56 1258
56 1258
56 1258
56 1258
56 1258
56 1258
56 1258
56 1258
56 1258
56 1258
56 1258
56 1258
56 1258
56 1258
32 1000
32 1000
32 1000
32 1000
32 1000
32 1000
32 1000
32 1000
32 1000
32 1000
32 1000
32 1000
32 1000
32 1000
32 1000
32 1000
32 1000
32 1000
32 1000
32 1000
32 1000
32 1000
32 1000
32 1000
32 1000
32 1000
32 1000
32 1000
32 1000
32 1000
48 1359
48 1359
48 1359
48 1359
48 1359
48 1359
48 1359
48 1359
48 1359
48 1359
48 1359
48 1359
48 1359
48 1359
48 1359
48 1359
48 1359
48 1359
48 1359
48 1359
48 1359
48 1359
48 1359
48 1359
48 1359
48 1359
48 1359
84 12
84 12
84 12
84 12
84 12
84 12
84 12
84 12
84 12
84 12
84 12
84 12
84 12
84 12
84 12
84 12
84 12
84 12
84 12
85 6
85 6
85 6
85 6
85 6
85 6
85 6
85 6
85 6
85 6
85 6
85 6
85 6
85 6
85 6
85 6
85 6
85 6
85 6
85 6
85 6
85 6
85 6
85 6
86 2
88 4
88 4
88 4
89 12
89 12
89 12
89 12
89 12
89 12
89 12
89 12
89 12
89 12
89 12
89 12
89 12
89 12
89 12
89 12
89 12
89 12
89 12
89 12
89 12
89 12
89 12
89 12
89 12
89 12
90 4
90 4
93 40
93 40
93 40
93 40
94 44
94 44
94 44
94 44
94 44
92 75
92 75
92 75
92 75
92 75
92 75
92 75
92 75
92 75
92 75
19 1315
19 1315
19 1315
19 1315
19 1315
19 1315
19 1315
19 1315
19 1315
19 1315
19 1315
19 1315
96 72
96 72
96 72
96 72
96 72
96 72
5 1069
5 1069
5 1069
5 1069
5 1069
5 1069
5 1069
5 1069
5 1069
48 1366
48 1366
48 1366
48 1366
48 1366
48 1366
48 1366
48 1366
48 1366
48 1366
48 1366
48 1366
48 1366
48 1366
48 1366
48 1366
48 1366
48 1366
48 1366
48 1366
48 1366
48 1366
48 1366
48 1366
48 1366
48 1366
48 1366
19 1157
19 1157
19 1157
19 1157
19 1157
19 1157
19 1157
19 1157
19 1157
19 1157
19 1157
19 1157
47 2910
47 2910
47 2910
47 2910
47 2910
47 2910
47 2910
47 2910
47 2418
47 2418
47 2418
47 2418
47 2418
47 2418
47 2418
47 2418
47 1920
47 1920
47 1920
47 1920
47 1920
47 1920
47 1920
47 1920
84 59
84 59
84 59
84 59
84 59
84 59
84 59
84 59
84 59
84 59
84 59
84 59
84 59
84 59
84 59
84 59
84 59
84 59
84 59
85 54
85 54
85 54
85 54
85 54
85 54
85 54
85 54
85 54
85 54
85 54
85 54
85 54
85 54
85 54
85 54
85 54
85 54
85 54
85 54
85 54
85 54
85 54
85 54
86 56
88 46
88 46
88 46
89 44
89 44
89 44
89 44
89 44
89 44
89 44
89 44
89 44
89 44
89 44
89 44
89 44
89 44
89 44
89 44
89 44
89 44
89 44
89 44
89 44
89 44
89 44
89 44
89 44
89 44
90 42
90 42
92 26
92 26
92 26
92 26
92 26
92 26
92 26
92 26
92 26
92 26
93 21
93 21
93 21
93 21
94 20
94 20
94 20
94 20
94 20
96 4
96 4
96 4
96 4
96 4
96 4
3 1566
3 1566
3 1566
3 1566
3 1566
3 1566
3 1566
3 1566
3 1566
3 1566
3 1566
3 1566
3 1566
3 1566
32 1281
32 1281
32 1281
32 1281
32 1281
32 1281
32 1281
32 1281
32 1281
32 1281
32 1281
32 1281
32 1281
32 1281
32 1281
32 1281
32 1281
32 1281
32 1281
32 1281
32 1281
32 1281
32 1281
32 1281
32 1281
32 1281
32 1281
32 1281
32 1281
32 1281
47 1278
47 1278
47 1278
47 1278
47 1278
47 1278
47 1278
47 1278
8 1677
8 1677
8 1677
8 1677
8 1677
8 1677
8 1677
8 1677
8 1677
8 1677
8 1677
8 1677
8 1677
8 1677
8 1677
8 1677
8 1677
8 1677
8 1677
8 1677
8 1677
8 1677
8 1677
8 1677
8 1677
8 1677
8 1677
8 1677
84 4
84 4
84 4
84 4
84 4
84 4
84 4
84 4
84 4
84 4
84 4
84 4
84 4
84 4
84 4
84 4
84 4
84 4
84 4
85 7
85 7
85 7
85 7
85 7
85 7
85 7
85 7
85 7
85 7
85 7
85 7
85 7
85 7
85 7
85 7
85 7
85 7
85 7
85 7
85 7
85 7
85 7
85 7
86 7
89 27
89 27
89 27
89 27
89 27
89 27
89 27
89 27
89 27
89 27
89 27
89 27
89 27
89 27
89 27
89 27
89 27
89 27
89 27
89 27
89 27
89 27
89 27
89 27
89 27
89 27
88 41
88 41
88 41
90 28
90 28
92 14
92 14
92 14
92 14
92 14
92 14
92 14
92 14
92 14
92 14
93 22
93 22
93 22
93 22
94 13
94 13
94 13
94 13
94 13
96 2
96 2
96 2
96 2
96 2
96 2
48 1520
48 1520
48 1520
48 1520
48 1520
48 1520
48 1520
48 1520
48 1520
48 1520
48 1520
48 1520
48 1520
48 1520
48 1520
48 1520
48 1520
48 1520
48 1520
48 1520
48 1520
48 1520
48 1520
48 1520
48 1520
48 1520
48 1520
5 1472
5 1472
5 1472
5 1472
5 1472
5 1472
5 1472
5 1472
5 1472
8 1442
8 1442
8 1442
8 1442
8 1442
8 1442
8 1442
8 1442
8 1442
8 1442
8 1442
8 1442
8 1442
8 1442
8 1442
8 1442
8 1442
8 1442
8 1442
8 1442
8 1442
8 1442
8 1442
8 1442
8 1442
8 1442
8 1442
8 1442
56 2141
56 2141
56 2141
56 2141
56 2141
56 2141
56 2141
56 2141
56 2141
56 2141
56 2141
56 2141
56 2141
56 2141
56 2141
56 2141
56 2141
56 2141
56 2141
56 2141
56 2141
56 2141
56 2141
56 2141
56 2141
59 3619
59 3619
59 3619
59 3619
59 3619
59 3619
59 3619
59 3121
59 3121
59 3121
59 3121
59 3121
59 3121
59 3121
59 2625
59 2625
59 2625
59 2625
59 2625
59 2625
59 2625
84 7
84 7
84 7
84 7
84 7
84 7
84 7
84 7
84 7
84 7
84 7
84 7
84 7
84 7
84 7
84 7
84 7
84 7
84 7
85 18
85 18
85 18
85 18
85 18
85 18
85 18
85 18
85 18
85 18
85 18
85 18
85 18
85 18
85 18
85 18
85 18
85 18
85 18
85 18
85 18
85 18
85 18
85 18
86 13
56 1817
56 1817
56 1817
56 1817
56 1817
56 1817
56 1817
56 1817
56 1817
56 1817
56 1817
56 1817
56 1817
56 1817
56 1817
56 1817
56 1817
56 1817
56 1817
56 1817
56 1817
56 1817
56 1817
56 1817
56 1817
88 35
88 35
88 35
89 51
89 51
89 51
89 51
89 51
89 51
89 51
89 51
89 51
89 51
89 51
89 51
89 51
89 51
89 51
89 51
89 51
89 51
89 51
89 51
89 51
89 51
89 51
89 51
89 51
89 51
90 57
90 57
92 74
92 74
92 74
92 74
92 74
92 74
92 74
92 74
92 74
92 74
93 67
93 67
93 67
93 67
94 68
94 68
94 68
94 68
94 68
96 58
96 58
96 58
96 58
96 58
96 58
