21 395
21 395
21 395
21 395
21 395
21 395
21 395
21 395
21 395
21 395
21 395
21 395
21 395
21 395
21 395
21 395
21 395
21 395
21 395
21 395
21 395
21 395
16 448
16 448
16 448
16 448
16 448
16 448
16 448
16 448
16 448
16 448
16 448
16 448
16 448
16 448
16 448
16 448
16 448
16 448
16 448
16 448
16 448
16 448
16 448
16 448
16 448
16 448
16 448
16 448
16 448
19 419
19 419
19 419
19 419
19 419
19 419
19 419
19 419
19 419
19 419
19 419
19 419
19 419
19 419
19 419
19 419
19 419
55 348
55 348
55 348
55 348
55 348
55 348
55 348
55 348
55 348
55 348
49 429
49 429
49 429
49 429
49 429
49 429
49 429
59 382
59 382
59 382
59 382
59 382
59 382
59 382
59 382
59 382
59 382
59 382
59 382
59 382
59 382
59 382
59 382
59 382
59 382
59 382
59 382
62 363
62 363
62 363
62 363
62 363
62 363
62 363
62 363
62 363
62 363
62 363
62 363
62 363
62 363
62 363
62 363
62 363
62 363
62 363
62 363
62 363
62 363
62 363
16 390
16 390
16 390
16 390
16 390
16 390
16 390
16 390
16 390
16 390
16 390
16 390
16 390
16 390
16 390
16 390
16 390
16 390
16 390
16 390
16 390
16 390
16 390
16 390
16 390
16 390
16 390
16 390
16 390
66 394
66 394
66 394
66 394
66 394
66 394
66 394
66 394
66 394
66 394
66 394
66 394
66 394
66 394
66 394
66 394
66 394
66 394
66 394
66 394
66 394
19 392
19 392
19 392
19 392
19 392
19 392
19 392
19 392
19 392
19 392
19 392
19 392
19 392
19 392
19 392
19 392
19 392
21 376
21 376
21 376
21 376
21 376
21 376
21 376
21 376
21 376
21 376
21 376
21 376
21 376
21 376
21 376
21 376
21 376
21 376
21 376
21 376
21 376
21 376
29 421
29 421
29 421
29 421
29 421
29 421
29 421
29 421
29 421
29 421
29 421
29 421
29 421
29 421
29 421
29 421
29 421
29 421
29 421
29 421
29 421
29 421
29 421
29 421
29 421
29 421
78 508
78 508
78 508
78 508
78 508
78 508
78 508
78 508
78 508
78 508
78 508
72 574
72 574
72 574
72 574
72 574
72 574
72 574
72 574
72 574
72 574
72 574
72 574
73 585
73 585
73 585
73 585
73 585
73 585
73 585
73 585
73 585
73 585
73 585
73 585
73 585
73 585
73 585
73 585
73 585
73 585
73 585
37 507
37 507
37 507
37 507
37 507
47 984
47 984
47 984
47 984
47 984
47 984
47 984
47 984
47 984
51 559
51 559
51 559
32 1258
31 1279
31 1279
31 1279
31 1279
31 1279
31 1279
31 1279
31 1279
31 1279
31 1279
31 1279
31 1279
31 1279
31 1279
31 1279
31 1279
31 1279
31 1279
55 576
55 576
55 576
55 576
55 576
55 576
55 576
55 576
55 576
55 576
84 829
84 829
84 829
84 829
84 829
84 829
84 829
84 829
84 829
84 829
84 829
84 829
84 829
84 829
84 829
84 829
84 829
84 829
84 829
84 829
84 829
84 829
84 829
84 829
84 829
84 829
84 829
47 712
47 712
47 712
47 712
47 712
47 712
47 712
47 712
47 712
62 603
62 603
62 603
62 603
62 603
62 603
62 603
62 603
62 603
62 603
62 603
62 603
62 603
62 603
62 603
62 603
62 603
62 603
62 603
62 603
62 603
62 603
62 603
66 622
66 622
66 622
66 622
66 622
66 622
66 622
66 622
66 622
66 622
66 622
66 622
66 622
66 622
66 622
66 622
66 622
66 622
66 622
66 622
66 622
49 807
49 807
49 807
49 807
49 807
49 807
49 807
89 918
89 918
89 918
89 918
89 918
89 918
89 918
89 918
89 918
89 918
89 918
89 918
89 918
21 654
21 654
21 654
21 654
21 654
21 654
21 654
21 654
21 654
21 654
21 654
21 654
21 654
21 654
21 654
21 654
21 654
21 654
21 654
21 654
21 654
21 654
19 716
19 716
19 716
19 716
19 716
19 716
19 716
19 716
19 716
19 716
19 716
19 716
19 716
19 716
19 716
19 716
19 716
69 752
69 752
69 752
69 752
69 752
69 752
69 752
69 752
69 752
69 752
69 752
69 752
69 752
69 752
69 752
69 752
69 752
69 752
69 752
69 752
69 752
69 752
69 752
69 752
69 752
74 1210
74 1210
74 1210
74 1210
74 1210
74 1210
74 1210
74 1210
74 1210
74 1210
74 1210
74 1210
74 1210
74 1210
74 1210
74 1210
31 658
31 658
31 658
31 658
31 658
31 658
31 658
31 658
31 658
31 658
31 658
31 658
31 658
31 658
31 658
31 658
31 658
31 658
16 808
16 808
16 808
16 808
16 808
16 808
16 808
16 808
16 808
16 808
16 808
16 808
16 808
16 808
16 808
16 808
16 808
16 808
16 808
16 808
16 808
16 808
16 808
16 808
16 808
16 808
16 808
16 808
16 808
32 655
59 885
59 885
59 885
59 885
59 885
59 885
59 885
59 885
59 885
59 885
59 885
59 885
59 885
59 885
59 885
59 885
59 885
59 885
59 885
59 885
83 654
83 654
83 654
83 654
78 753
78 753
78 753
78 753
78 753
78 753
78 753
78 753
78 753
78 753
78 753
29 747
29 747
29 747
29 747
29 747
29 747
29 747
29 747
29 747
29 747
29 747
29 747
29 747
29 747
29 747
29 747
29 747
29 747
29 747
29 747
29 747
29 747
29 747
29 747
29 747
29 747
85 751
85 751
85 751
85 751
85 751
85 751
85 751
85 751
85 751
85 751
85 751
85 751
85 751
85 751
37 735
37 735
37 735
37 735
37 735
36 767
36 767
36 767
36 767
36 767
36 767
36 767
36 767
36 767
36 767
36 767
36 767
36 767
36 767
36 767
36 767
36 767
36 767
36 767
36 767
36 767
36 767
36 767
36 767
36 767
36 767
36 767
36 767
73 968
73 968
73 968
73 968
73 968
73 968
73 968
73 968
73 968
73 968
73 968
73 968
73 968
73 968
73 968
73 968
73 968
73 968
73 968
72 1029
72 1029
72 1029
72 1029
72 1029
72 1029
72 1029
72 1029
72 1029
72 1029
72 1029
72 1029
51 779
51 779
51 779
84 1084
84 1084
84 1084
84 1084
84 1084
84 1084
84 1084
84 1084
84 1084
84 1084
84 1084
84 1084
84 1084
84 1084
84 1084
84 1084
84 1084
84 1084
84 1084
84 1084
84 1084
84 1084
84 1084
84 1084
84 1084
84 1084
84 1084
62 901
62 901
62 901
62 901
62 901
62 901
62 901
62 901
62 901
62 901
62 901
62 901
62 901
62 901
62 901
62 901
62 901
62 901
62 901
62 901
62 901
62 901
62 901
14 2388
14 2388
14 2388
14 2388
14 2388
14 2388
14 2388
14 2388
55 979
55 979
55 979
55 979
55 979
55 979
55 979
55 979
55 979
55 979
14 1910
14 1910
14 1910
14 1910
14 1910
14 1910
14 1910
14 1910
14 1433
14 1433
14 1433
14 1433
14 1433
14 1433
14 1433
14 1433
16 951
16 951
16 951
16 951
16 951
16 951
16 951
16 951
16 951
16 951
16 951
16 951
16 951
16 951
16 951
16 951
16 951
16 951
16 951
16 951
16 951
16 951
16 951
16 951
16 951
16 951
16 951
16 951
16 951
66 951
66 951
66 951
66 951
66 951
66 951
66 951
66 951
66 951
66 951
66 951
66 951
66 951
66 951
66 951
66 951
66 951
66 951
66 951
66 951
66 951
19 923
19 923
19 923
19 923
19 923
19 923
19 923
19 923
19 923
19 923
19 923
19 923
19 923
19 923
19 923
19 923
19 923
69 942
69 942
69 942
69 942
69 942
69 942
69 942
69 942
69 942
69 942
69 942
69 942
69 942
69 942
69 942
69 942
69 942
69 942
69 942
69 942
69 942
69 942
69 942
69 942
69 942
70 1443
70 1443
70 1443
70 1443
70 1443
70 1443
21 933
21 933
21 933
21 933
21 933
21 933
21 933
21 933
21 933
21 933
21 933
21 933
21 933
21 933
21 933
21 933
21 933
21 933
21 933
21 933
21 933
21 933
70 945
70 945
70 945
70 945
70 945
70 945
88 1770
88 1770
88 1770
88 1770
88 1770
88 1770
88 1770
88 1770
88 1770
88 1770
88 1770
88 1770
88 1770
88 1770
88 1770
88 1770
88 1770
88 1770
88 1770
88 1770
88 1770
88 1770
88 1770
88 1770
88 1272
88 1272
88 1272
88 1272
88 1272
88 1272
88 1272
88 1272
88 1272
88 1272
88 1272
88 1272
88 1272
88 1272
88 1272
88 1272
88 1272
88 1272
88 1272
88 1272
88 1272
88 1272
88 1272
88 1272
78 957
78 957
78 957
78 957
78 957
78 957
78 957
78 957
78 957
78 957
78 957
47 1278
47 1278
47 1278
47 1278
47 1278
47 1278
47 1278
47 1278
47 1278
29 963
29 963
29 963
29 963
29 963
29 963
29 963
29 963
29 963
29 963
29 963
29 963
29 963
29 963
29 963
29 963
29 963
29 963
29 963
29 963
29 963
29 963
29 963
29 963
29 963
29 963
31 946
31 946
31 946
31 946
31 946
31 946
31 946
31 946
31 946
31 946
31 946
31 946
31 946
31 946
31 946
31 946
31 946
31 946
32 949
83 966
83 966
83 966
83 966
49 1319
49 1319
49 1319
49 1319
49 1319
49 1319
49 1319
37 999
37 999
37 999
37 999
37 999
85 1063
85 1063
85 1063
85 1063
85 1063
85 1063
85 1063
85 1063
85 1063
85 1063
85 1063
85 1063
85 1063
85 1063
59 1364
59 1364
59 1364
59 1364
59 1364
59 1364
59 1364
59 1364
59 1364
59 1364
59 1364
59 1364
59 1364
59 1364
59 1364
59 1364
59 1364
59 1364
59 1364
59 1364
36 1104
36 1104
36 1104
36 1104
36 1104
36 1104
36 1104
36 1104
36 1104
36 1104
36 1104
36 1104
36 1104
36 1104
36 1104
36 1104
36 1104
36 1104
36 1104
36 1104
36 1104
36 1104
36 1104
36 1104
36 1104
36 1104
36 1104
36 1104
88 1104
88 1104
88 1104
88 1104
88 1104
88 1104
88 1104
88 1104
88 1104
88 1104
88 1104
88 1104
88 1104
88 1104
88 1104
88 1104
88 1104
88 1104
88 1104
88 1104
88 1104
88 1104
88 1104
88 1104
14 1411
14 1411
14 1411
14 1411
14 1411
14 1411
14 1411
14 1411
51 1092
51 1092
51 1092
74 1873
74 1873
74 1873
74 1873
74 1873
74 1873
74 1873
74 1873
74 1873
74 1873
74 1873
74 1873
74 1873
74 1873
74 1873
74 1873
55 1122
55 1122
55 1122
55 1122
55 1122
55 1122
55 1122
55 1122
55 1122
55 1122
72 1520
72 1520
72 1520
72 1520
72 1520
72 1520
72 1520
72 1520
72 1520
72 1520
72 1520
72 1520
62 1132
62 1132
62 1132
62 1132
62 1132
62 1132
62 1132
62 1132
62 1132
62 1132
62 1132
62 1132
62 1132
62 1132
62 1132
62 1132
62 1132
62 1132
62 1132
62 1132
62 1132
62 1132
62 1132
73 1585
73 1585
73 1585
73 1585
73 1585
73 1585
73 1585
73 1585
73 1585
73 1585
73 1585
73 1585
73 1585
73 1585
73 1585
73 1585
73 1585
73 1585
73 1585
89 1995
89 1995
89 1995
89 1995
89 1995
89 1995
89 1995
89 1995
89 1995
89 1995
89 1995
89 1995
89 1995
69 1198
69 1198
69 1198
69 1198
69 1198
69 1198
69 1198
69 1198
69 1198
69 1198
69 1198
69 1198
69 1198
69 1198
69 1198
69 1198
69 1198
69 1198
69 1198
69 1198
69 1198
69 1198
69 1198
69 1198
69 1198
66 1263
66 1263
66 1263
66 1263
66 1263
66 1263
66 1263
66 1263
66 1263
66 1263
66 1263
66 1263
66 1263
66 1263
66 1263
66 1263
66 1263
66 1263
66 1263
66 1263
66 1263
16 1264
16 1264
16 1264
16 1264
16 1264
16 1264
16 1264
16 1264
16 1264
16 1264
16 1264
16 1264
16 1264
16 1264
16 1264
16 1264
16 1264
16 1264
16 1264
16 1264
16 1264
16 1264
16 1264
16 1264
16 1264
16 1264
16 1264
16 1264
16 1264
19 1234
19 1234
19 1234
19 1234
19 1234
19 1234
19 1234
19 1234
19 1234
19 1234
19 1234
19 1234
19 1234
19 1234
19 1234
19 1234
19 1234
21 1215
21 1215
21 1215
21 1215
21 1215
21 1215
21 1215
21 1215
21 1215
21 1215
21 1215
21 1215
21 1215
21 1215
21 1215
21 1215
21 1215
21 1215
21 1215
21 1215
21 1215
21 1215
29 1183
29 1183
29 1183
29 1183
29 1183
29 1183
29 1183
29 1183
29 1183
29 1183
29 1183
29 1183
29 1183
29 1183
29 1183
29 1183
29 1183
29 1183
29 1183
29 1183
29 1183
29 1183
29 1183
29 1183
29 1183
29 1183
70 1309
70 1309
70 1309
70 1309
70 1309
70 1309
43 2124
43 2124
43 1624
43 1624
78 1286
78 1286
78 1286
78 1286
78 1286
78 1286
78 1286
78 1286
78 1286
78 1286
78 1286
89 1681
89 1681
89 1681
89 1681
89 1681
89 1681
89 1681
89 1681
89 1681
89 1681
89 1681
89 1681
89 1681
31 1283
31 1283
31 1283
31 1283
31 1283
31 1283
31 1283
31 1283
31 1283
31 1283
31 1283
31 1283
31 1283
31 1283
31 1283
31 1283
31 1283
31 1283
32 1282
81 2800
81 2800
81 2800
81 2800
81 2800
81 2800
81 2800
81 2800
81 2800
81 2800
81 2800
81 2800
81 2800
81 2800
81 2800
81 2301
81 2301
81 2301
81 2301
81 2301
81 2301
81 2301
81 2301
81 2301
81 2301
81 2301
81 2301
81 2301
81 2301
81 2301
81 1801
81 1801
81 1801
81 1801
81 1801
81 1801
81 1801
81 1801
81 1801
81 1801
81 1801
81 1801
81 1801
81 1801
81 1801
37 1257
37 1257
37 1257
37 1257
37 1257
83 1317
83 1317
83 1317
83 1317
88 1272
88 1272
88 1272
88 1272
88 1272
88 1272
88 1272
88 1272
88 1272
88 1272
88 1272
88 1272
88 1272
88 1272
88 1272
88 1272
88 1272
88 1272
88 1272
88 1272
88 1272
88 1272
88 1272
88 1272
85 1310
85 1310
85 1310
85 1310
85 1310
85 1310
85 1310
85 1310
85 1310
85 1310
85 1310
85 1310
85 1310
85 1310
36 1315
36 1315
36 1315
36 1315
36 1315
36 1315
36 1315
36 1315
36 1315
36 1315
36 1315
36 1315
36 1315
36 1315
36 1315
36 1315
36 1315
36 1315
36 1315
36 1315
36 1315
36 1315
36 1315
36 1315
36 1315
36 1315
36 1315
36 1315
49 1710
49 1710
49 1710
49 1710
49 1710
49 1710
49 1710
74 1994
74 1994
74 1994
74 1994
74 1994
74 1994
74 1994
74 1994
74 1994
74 1994
74 1994
74 1994
74 1994
74 1994
74 1994
74 1994
43 1311
43 1311
55 1309
55 1309
55 1309
55 1309
55 1309
55 1309
55 1309
55 1309
55 1309
55 1309
47 1912
47 1912
47 1912
47 1912
47 1912
47 1912
47 1912
47 1912
47 1912
51 1390
51 1390
51 1390
62 1346
62 1346
62 1346
62 1346
62 1346
62 1346
62 1346
62 1346
62 1346
62 1346
62 1346
62 1346
62 1346
62 1346
62 1346
62 1346
62 1346
62 1346
62 1346
62 1346
62 1346
62 1346
62 1346
66 1436
66 1436
66 1436
66 1436
66 1436
66 1436
66 1436
66 1436
66 1436
66 1436
66 1436
66 1436
66 1436
66 1436
66 1436
66 1436
66 1436
66 1436
66 1436
66 1436
66 1436
14 1969
14 1969
14 1969
14 1969
14 1969
14 1969
14 1969
14 1969
72 1927
72 1927
72 1927
72 1927
72 1927
72 1927
72 1927
72 1927
72 1927
72 1927
72 1927
72 1927
19 1488
19 1488
19 1488
19 1488
19 1488
19 1488
19 1488
19 1488
19 1488
19 1488
19 1488
19 1488
19 1488
19 1488
19 1488
19 1488
19 1488
59 2092
59 2092
59 2092
59 2092
59 2092
59 2092
59 2092
59 2092
59 2092
59 2092
59 2092
59 2092
59 2092
59 2092
59 2092
59 2092
59 2092
59 2092
59 2092
59 2092
69 1496
69 1496
69 1496
69 1496
69 1496
69 1496
69 1496
69 1496
69 1496
69 1496
69 1496
69 1496
69 1496
69 1496
69 1496
69 1496
69 1496
69 1496
69 1496
69 1496
69 1496
69 1496
69 1496
69 1496
69 1496
73 1961
73 1961
73 1961
73 1961
73 1961
73 1961
73 1961
73 1961
73 1961
73 1961
73 1961
73 1961
73 1961
73 1961
73 1961
73 1961
73 1961
73 1961
73 1961
70 1493
70 1493
70 1493
70 1493
70 1493
70 1493
21 1497
21 1497
21 1497
21 1497
21 1497
21 1497
21 1497
21 1497
21 1497
21 1497
21 1497
21 1497
21 1497
21 1497
21 1497
21 1497
21 1497
21 1497
21 1497
21 1497
21 1497
21 1497
78 1491
78 1491
78 1491
78 1491
78 1491
78 1491
78 1491
78 1491
78 1491
78 1491
78 1491
74 2093
74 2093
74 2093
74 2093
74 2093
74 2093
74 2093
74 2093
74 2093
74 2093
74 2093
74 2093
74 2093
74 2093
74 2093
74 2093
83 1551
83 1551
83 1551
83 1551
85 1541
85 1541
85 1541
85 1541
85 1541
85 1541
85 1541
85 1541
85 1541
85 1541
85 1541
85 1541
85 1541
85 1541
88 1561
88 1561
88 1561
88 1561
88 1561
88 1561
88 1561
88 1561
88 1561
88 1561
88 1561
88 1561
88 1561
88 1561
88 1561
88 1561
88 1561
88 1561
88 1561
88 1561
88 1561
88 1561
88 1561
88 1561
89 2075
89 2075
89 2075
89 2075
89 2075
89 2075
89 2075
89 2075
89 2075
89 2075
89 2075
89 2075
89 2075
84 2241
84 2241
84 2241
84 2241
84 2241
84 2241
84 2241
84 2241
84 2241
84 2241
84 2241
84 2241
84 2241
84 2241
84 2241
84 2241
84 2241
84 2241
84 2241
84 2241
84 2241
84 2241
84 2241
84 2241
84 2241
84 2241
84 2241
