10 98
10 98
10 98
10 98
10 98
10 98
10 98
10 98
10 98
10 98
10 98
10 98
10 98
10 98
6 176
6 176
6 176
6 176
6 176
6 176
6 176
6 176
6 176
6 176
6 176
6 176
6 176
6 176
6 176
14 485
14 485
14 485
14 485
14 485
14 485
14 485
14 485
14 485
14 485
14 485
14 485
14 485
14 485
14 485
14 485
14 485
14 485
6 122
6 122
6 122
6 122
6 122
6 122
6 122
6 122
6 122
6 122
6 122
6 122
6 122
6 122
6 122
56 165
56 165
56 165
96 21
97 13
97 13
97 13
97 13
97 13
97 13
97 13
97 13
97 13
97 13
97 13
14 584
14 584
14 584
14 584
14 584
14 584
14 584
14 584
14 584
14 584
14 584
14 584
14 584
14 584
14 584
14 584
14 584
14 584
10 633
10 633
10 633
10 633
10 633
10 633
10 633
10 633
10 633
10 633
10 633
10 633
10 633
10 633
52 791
52 791
52 791
52 791
52 791
52 791
52 791
52 791
55 845
55 845
55 845
55 845
55 845
55 845
55 845
55 845
55 845
55 845
55 845
55 845
55 845
55 845
55 845
55 845
55 845
6 368
6 368
6 368
6 368
6 368
6 368
6 368
6 368
6 368
6 368
6 368
6 368
6 368
6 368
6 368
56 376
56 376
56 376
23 707
23 707
23 707
23 707
23 707
23 707
23 707
23 707
23 707
23 707
10 355
10 355
10 355
10 355
10 355
10 355
10 355
10 355
10 355
10 355
10 355
10 355
10 355
10 355
73 728
73 728
73 728
73 728
73 728
73 728
73 728
73 228
73 228
73 228
73 228
73 228
73 228
73 228
96 2
86 603
86 603
86 603
86 603
86 603
86 603
86 603
86 603
86 603
86 603
86 603
86 603
86 603
86 105
86 105
86 105
86 105
86 105
86 105
86 105
86 105
86 105
86 105
86 105
86 105
86 105
70 768
70 768
70 768
70 768
70 768
70 768
70 768
70 768
70 768
70 768
70 768
70 768
70 768
70 768
70 768
70 768
70 768
70 768
70 768
70 768
97 3
97 3
97 3
97 3
97 3
97 3
97 3
97 3
97 3
97 3
97 3
70 354
70 354
70 354
70 354
70 354
70 354
70 354
70 354
70 354
70 354
70 354
70 354
70 354
70 354
70 354
70 354
70 354
70 354
70 354
70 354
34 738
34 738
34 738
34 738
34 738
34 738
34 738
34 738
34 738
34 738
34 738
34 738
34 738
34 738
34 738
34 738
34 738
34 738
34 738
34 738
34 738
34 738
41 1209
41 1209
41 1209
41 1209
41 1209
41 1209
41 1209
41 1209
41 1209
41 1209
41 1209
41 1209
41 1209
41 1209
41 1209
41 1209
41 1209
41 1209
41 1209
41 1209
41 1209
10 84
10 84
10 84
10 84
10 84
10 84
10 84
10 84
10 84
10 84
10 84
10 84
10 84
10 84
52 859
52 859
52 859
52 859
52 859
52 859
52 859
52 859
55 899
55 899
55 899
55 899
55 899
55 899
55 899
55 899
55 899
55 899
55 899
55 899
55 899
55 899
55 899
55 899
55 899
96 2
86 115
86 115
86 115
86 115
86 115
86 115
86 115
86 115
86 115
86 115
86 115
86 115
86 115
97 5
97 5
97 5
97 5
97 5
97 5
97 5
97 5
97 5
97 5
97 5
42 1629
42 1629
42 1629
42 1629
42 1629
42 1629
42 1629
42 1629
42 1629
42 1629
42 1629
42 1629
42 1629
42 1629
42 1629
42 1629
42 1629
42 1629
42 1629
73 360
73 360
73 360
73 360
73 360
73 360
73 360
6 578
6 578
6 578
6 578
6 578
6 578
6 578
6 578
6 578
6 578
6 578
6 578
6 578
6 578
6 578
14 1016
14 1016
14 1016
14 1016
14 1016
14 1016
14 1016
14 1016
14 1016
14 1016
14 1016
14 1016
14 1016
14 1016
14 1016
14 1016
14 1016
14 1016
56 611
56 611
56 611
64 1534
64 1534
64 1534
64 1534
64 1534
64 1534
64 1534
64 1534
64 1534
64 1534
64 1534
64 1534
23 1046
23 1046
23 1046
23 1046
23 1046
23 1046
23 1046
23 1046
23 1046
23 1046
64 1302
64 1302
64 1302
64 1302
64 1302
64 1302
64 1302
64 1302
64 1302
64 1302
64 1302
64 1302
64 821
64 821
64 821
64 821
64 821
64 821
64 821
64 821
64 821
64 821
64 821
64 821
96 2
41 1560
41 1560
41 1560
41 1560
41 1560
41 1560
41 1560
41 1560
41 1560
41 1560
41 1560
41 1560
41 1560
41 1560
41 1560
41 1560
41 1560
41 1560
41 1560
41 1560
41 1560
97 2
97 2
97 2
97 2
97 2
97 2
97 2
97 2
97 2
97 2
97 2
34 1140
34 1140
34 1140
34 1140
34 1140
34 1140
34 1140
34 1140
34 1140
34 1140
34 1140
34 1140
34 1140
34 1140
34 1140
34 1140
34 1140
34 1140
34 1140
34 1140
34 1140
34 1140
91 1630
91 1630
91 1630
91 1630
91 1135
91 1135
91 1135
91 1135
91 653
91 653
91 653
91 653
4 2701
4 2701
4 708
4 708
64 637
64 637
64 637
64 637
64 637
64 637
64 637
64 637
64 637
64 637
64 637
64 637
10 696
10 696
10 696
10 696
10 696
10 696
10 696
10 696
10 696
10 696
10 696
10 696
10 696
10 696
6 739
6 739
6 739
6 739
6 739
6 739
6 739
6 739
6 739
6 739
6 739
6 739
6 739
6 739
6 739
86 444
86 444
86 444
86 444
86 444
86 444
86 444
86 444
86 444
86 444
86 444
86 444
86 444
73 575
73 575
73 575
73 575
73 575
73 575
73 575
91 407
91 407
91 407
91 407
77 2048
77 2048
77 2048
77 2048
77 2048
77 2048
4 282
4 282
6 306
6 306
6 306
6 306
6 306
6 306
6 306
6 306
6 306
6 306
6 306
6 306
6 306
6 306
6 306
55 1338
55 1338
55 1338
55 1338
55 1338
55 1338
55 1338
55 1338
55 1338
55 1338
55 1338
55 1338
55 1338
55 1338
55 1338
55 1338
55 1338
52 1423
52 1423
52 1423
52 1423
52 1423
52 1423
52 1423
52 1423
96 2
97 3
97 3
97 3
97 3
97 3
97 3
97 3
97 3
97 3
97 3
97 3
64 418
64 418
64 418
64 418
64 418
64 418
64 418
64 418
64 418
64 418
64 418
64 418
10 461
10 461
10 461
10 461
10 461
10 461
10 461
10 461
10 461
10 461
10 461
10 461
10 461
10 461
86 281
86 281
86 281
86 281
86 281
86 281
86 281
86 281
86 281
86 281
86 281
86 281
86 281
91 257
91 257
91 257
91 257
23 1451
23 1451
23 1451
23 1451
23 1451
23 1451
23 1451
23 1451
23 1451
23 1451
56 722
56 722
56 722
4 258
4 258
73 607
73 607
73 607
73 607
73 607
73 607
73 607
70 672
70 672
70 672
70 672
70 672
70 672
70 672
70 672
70 672
70 672
70 672
70 672
70 672
70 672
70 672
70 672
70 672
70 672
70 672
70 672
76 2620
76 2620
76 2620
76 2620
76 2620
76 2187
76 2187
76 2187
76 2187
76 2187
76 1694
76 1694
76 1694
76 1694
76 1694
64 314
64 314
64 314
64 314
64 314
64 314
64 314
64 314
64 314
64 314
64 314
64 314
6 400
6 400
6 400
6 400
6 400
6 400
6 400
6 400
6 400
6 400
6 400
6 400
6 400
6 400
6 400
56 401
56 401
56 401
96 1
97 6
97 6
97 6
97 6
97 6
97 6
97 6
97 6
97 6
97 6
97 6
10 377
10 377
10 377
10 377
10 377
10 377
10 377
10 377
10 377
10 377
10 377
10 377
10 377
10 377
73 357
73 357
73 357
73 357
73 357
73 357
73 357
76 349
76 349
76 349
76 349
76 349
86 334
86 334
86 334
86 334
86 334
86 334
86 334
86 334
86 334
86 334
86 334
86 334
86 334
91 288
91 288
91 288
91 288
34 2004
34 2004
34 2004
34 2004
34 2004
34 2004
34 2004
34 2004
34 2004
34 2004
34 2004
34 2004
34 2004
34 2004
34 2004
34 2004
34 2004
34 2004
34 2004
34 2004
34 2004
34 2004
4 305
4 305
10 306
10 306
10 306
10 306
10 306
10 306
10 306
10 306
10 306
10 306
10 306
10 306
10 306
10 306
64 301
64 301
64 301
64 301
64 301
64 301
64 301
64 301
64 301
64 301
64 301
64 301
96 1
97 4
97 4
97 4
97 4
97 4
97 4
97 4
97 4
97 4
97 4
97 4
34 1700
34 1700
34 1700
34 1700
34 1700
34 1700
34 1700
34 1700
34 1700
34 1700
34 1700
34 1700
34 1700
34 1700
34 1700
34 1700
34 1700
34 1700
34 1700
34 1700
34 1700
34 1700
56 530
56 530
56 530
41 2699
41 2699
41 2699
41 2699
41 2699
41 2699
41 2699
41 2699
41 2699
41 2699
41 2699
41 2699
41 2699
41 2699
41 2699
41 2699
41 2699
41 2699
41 2699
41 2699
41 2699
86 384
86 384
86 384
86 384
86 384
86 384
86 384
86 384
86 384
86 384
86 384
86 384
86 384
76 506
76 506
76 506
76 506
76 506
91 384
91 384
91 384
91 384
73 579
73 579
73 579
73 579
73 579
73 579
73 579
42 1892
42 1892
42 1892
42 1892
42 1892
42 1892
42 1892
42 1892
42 1892
42 1892
42 1892
42 1892
42 1892
42 1892
42 1892
42 1892
42 1892
42 1892
42 1892
96 2
97 2
97 2
97 2
97 2
97 2
97 2
97 2
97 2
97 2
97 2
97 2
64 438
64 438
64 438
64 438
64 438
64 438
64 438
64 438
64 438
64 438
64 438
64 438
70 878
70 878
70 878
70 878
70 878
70 878
70 878
70 878
70 878
70 878
70 878
70 878
70 878
70 878
70 878
70 878
70 878
70 878
70 878
70 878
73 405
73 405
73 405
73 405
73 405
73 405
73 405
