3 72
3 72
3 72
3 72
3 72
3 72
3 72
3 72
3 72
3 72
3 72
3 72
3 72
3 72
3 72
3 72
3 72
11 57
11 57
11 57
11 57
11 57
11 57
11 57
11 57
11 57
11 57
17 28
17 28
17 28
17 28
17 28
17 28
17 28
17 28
17 28
17 28
17 28
17 28
17 28
26 29
6 252
6 252
6 252
6 252
6 252
6 252
6 252
6 252
6 252
6 252
6 252
6 252
6 252
6 252
6 252
6 252
6 252
6 252
6 252
6 252
6 252
6 252
6 252
6 252
6 252
6 252
6 252
6 252
6 252
15 179
15 179
15 179
15 179
15 179
15 179
15 179
15 179
15 179
15 179
15 179
15 179
15 179
15 179
15 179
15 179
15 179
15 179
15 179
15 179
15 179
15 179
15 179
15 179
15 179
15 179
15 179
15 179
12 224
12 224
12 224
12 224
12 224
12 224
12 224
12 224
12 224
12 224
12 224
12 224
12 224
12 224
12 224
12 224
12 224
12 224
12 224
12 224
12 224
12 224
12 224
12 224
12 224
12 224
7 284
7 284
7 284
7 284
7 284
7 284
7 284
7 284
7 284
7 284
7 284
7 284
7 284
7 284
7 284
7 284
7 284
7 284
7 284
7 284
25 123
25 123
25 123
25 123
25 123
25 123
25 123
25 123
25 123
25 123
25 123
25 123
25 123
25 123
25 123
25 123
25 123
25 123
25 123
25 123
25 123
25 123
25 123
25 123
25 123
25 123
25 123
24 147
24 147
24 147
24 147
24 147
24 147
24 147
24 147
24 147
24 147
24 147
24 147
24 147
24 147
24 147
24 147
24 147
24 147
41 53
41 53
41 53
41 53
30 163
30 163
30 163
30 163
30 163
30 163
30 163
30 163
30 163
30 163
30 163
30 163
30 163
30 163
39 87
39 87
39 87
39 87
39 87
39 87
39 87
39 87
39 87
39 87
39 87
39 87
39 87
39 87
39 87
39 87
39 87
39 87
39 87
39 87
39 87
39 87
45 95
45 95
34 226
34 226
34 226
34 226
34 226
34 226
34 226
34 226
34 226
34 226
34 226
34 226
34 226
34 226
34 226
34 226
34 226
34 226
34 226
34 226
34 226
49 88
49 88
49 88
49 88
49 88
49 88
49 88
49 88
49 88
49 88
49 88
49 88
49 88
49 88
49 88
49 88
49 88
49 88
49 88
52 69
52 69
52 69
52 69
52 69
52 69
52 69
52 69
52 69
52 69
52 69
52 69
52 69
52 69
52 69
52 69
3 61
3 61
3 61
3 61
3 61
3 61
3 61
3 61
3 61
3 61
3 61
3 61
3 61
3 61
3 61
3 61
3 61
11 34
11 34
11 34
11 34
11 34
11 34
11 34
11 34
11 34
11 34
17 38
17 38
17 38
17 38
17 38
17 38
17 38
17 38
17 38
17 38
17 38
17 38
17 38
63 82
63 82
63 82
26 19
47 392
47 392
47 392
47 392
47 392
47 392
47 392
47 392
47 392
47 392
47 392
47 392
47 392
47 392
47 392
6 311
6 311
6 311
6 311
6 311
6 311
6 311
6 311
6 311
6 311
6 311
6 311
6 311
6 311
6 311
6 311
6 311
6 311
6 311
6 311
6 311
6 311
6 311
6 311
6 311
6 311
6 311
6 311
6 311
60 312
60 312
60 312
60 312
60 312
60 312
60 312
60 312
60 312
60 312
60 312
60 312
60 312
60 312
60 312
60 312
60 312
60 312
60 312
60 312
60 312
60 312
60 312
60 312
60 312
39 62
39 62
39 62
39 62
39 62
39 62
39 62
39 62
39 62
39 62
39 62
39 62
39 62
39 62
39 62
39 62
39 62
39 62
39 62
39 62
39 62
39 62
41 47
41 47
41 47
41 47
15 338
15 338
15 338
15 338
15 338
15 338
15 338
15 338
15 338
15 338
15 338
15 338
15 338
15 338
15 338
15 338
15 338
15 338
15 338
15 338
15 338
15 338
15 338
15 338
15 338
15 338
15 338
15 338
45 45
45 45
7 432
7 432
7 432
7 432
7 432
7 432
7 432
7 432
7 432
7 432
7 432
7 432
7 432
7 432
7 432
7 432
7 432
7 432
7 432
7 432
67 354
67 354
67 354
67 354
67 354
67 354
67 354
49 40
49 40
49 40
49 40
49 40
49 40
49 40
49 40
49 40
49 40
49 40
49 40
49 40
49 40
49 40
49 40
49 40
49 40
49 40
52 166
52 166
52 166
52 166
52 166
52 166
52 166
52 166
52 166
52 166
52 166
52 166
52 166
52 166
52 166
52 166
3 174
3 174
3 174
3 174
3 174
3 174
3 174
3 174
3 174
3 174
3 174
3 174
3 174
3 174
3 174
3 174
3 174
12 586
12 586
12 586
12 586
12 586
12 586
12 586
12 586
12 586
12 586
12 586
12 586
12 586
12 586
12 586
12 586
12 586
12 586
12 586
12 586
12 586
12 586
12 586
12 586
12 586
12 586
71 552
71 552
71 552
71 552
71 552
71 552
71 552
71 552
71 552
71 552
71 552
71 552
71 552
71 552
71 552
71 552
71 552
71 552
71 552
71 552
71 552
71 552
71 552
65 623
65 623
65 623
65 623
65 623
65 623
65 623
65 623
65 623
19 1083
19 1083
19 1083
19 1083
19 1083
19 1083
19 1083
19 1083
19 584
19 584
19 584
19 584
19 584
19 584
19 584
19 584
25 563
25 563
25 563
25 563
25 563
25 563
25 563
25 563
25 563
25 563
25 563
25 563
25 563
25 563
25 563
25 563
25 563
25 563
25 563
25 563
25 563
25 563
25 563
25 563
25 563
25 563
25 563
58 765
58 765
58 765
58 765
58 765
58 765
66 695
66 695
66 695
66 695
66 695
30 706
30 706
30 706
30 706
30 706
30 706
30 706
30 706
30 706
30 706
30 706
30 706
30 706
30 706
11 411
11 411
11 411
11 411
11 411
11 411
11 411
11 411
11 411
11 411
63 397
63 397
63 397
17 364
17 364
17 364
17 364
17 364
17 364
17 364
17 364
17 364
17 364
17 364
17 364
17 364
26 278
39 243
39 243
39 243
39 243
39 243
39 243
39 243
39 243
39 243
39 243
39 243
39 243
39 243
39 243
39 243
39 243
39 243
39 243
39 243
39 243
39 243
39 243
41 228
41 228
41 228
41 228
45 219
45 219
49 222
49 222
49 222
49 222
49 222
49 222
49 222
49 222
49 222
49 222
49 222
49 222
49 222
49 222
49 222
49 222
49 222
49 222
49 222
6 668
6 668
6 668
6 668
6 668
6 668
6 668
6 668
6 668
6 668
6 668
6 668
6 668
6 668
6 668
6 668
6 668
6 668
6 668
6 668
6 668
6 668
6 668
6 668
6 668
6 668
6 668
6 668
6 668
52 230
52 230
52 230
52 230
52 230
52 230
52 230
52 230
52 230
52 230
52 230
52 230
52 230
52 230
52 230
52 230
24 1029
24 1029
24 1029
24 1029
24 1029
24 1029
24 1029
24 1029
24 1029
24 1029
24 1029
24 1029
24 1029
24 1029
24 1029
24 1029
24 1029
24 1029
3 239
3 239
3 239
3 239
3 239
3 239
3 239
3 239
3 239
3 239
3 239
3 239
3 239
3 239
3 239
3 239
3 239
34 938
34 938
34 938
34 938
34 938
34 938
34 938
34 938
34 938
34 938
34 938
34 938
34 938
34 938
34 938
34 938
34 938
34 938
34 938
34 938
34 938
47 809
47 809
47 809
47 809
47 809
47 809
47 809
47 809
47 809
47 809
47 809
47 809
47 809
47 809
47 809
81 969
81 969
81 969
81 969
81 969
81 969
81 969
81 969
81 969
81 969
81 969
81 969
81 969
81 969
81 969
81 969
81 969
81 969
81 969
81 969
81 969
81 969
81 969
81 969
60 685
60 685
60 685
60 685
60 685
60 685
60 685
60 685
60 685
60 685
60 685
60 685
60 685
60 685
60 685
60 685
60 685
60 685
60 685
60 685
60 685
60 685
60 685
60 685
60 685
11 228
11 228
11 228
11 228
11 228
11 228
11 228
11 228
11 228
11 228
63 213
63 213
63 213
17 203
17 203
17 203
17 203
17 203
17 203
17 203
17 203
17 203
17 203
17 203
17 203
17 203
7 872
7 872
7 872
7 872
7 872
7 872
7 872
7 872
7 872
7 872
7 872
7 872
7 872
7 872
7 872
7 872
7 872
7 872
7 872
7 872
19 760
19 760
19 760
19 760
19 760
19 760
19 760
19 760
65 807
65 807
65 807
65 807
65 807
65 807
65 807
65 807
65 807
67 790
67 790
67 790
67 790
67 790
67 790
67 790
58 881
58 881
58 881
58 881
58 881
58 881
26 205
12 874
12 874
12 874
12 874
12 874
12 874
12 874
12 874
12 874
12 874
12 874
12 874
12 874
12 874
12 874
12 874
12 874
12 874
12 874
12 874
12 874
12 874
12 874
12 874
12 874
12 874
25 850
25 850
25 850
25 850
25 850
25 850
25 850
25 850
25 850
25 850
25 850
25 850
25 850
25 850
25 850
25 850
25 850
25 850
25 850
25 850
25 850
25 850
25 850
25 850
25 850
25 850
25 850
71 896
71 896
71 896
71 896
71 896
71 896
71 896
71 896
71 896
71 896
71 896
71 896
71 896
71 896
71 896
71 896
71 896
71 896
71 896
71 896
71 896
71 896
71 896
15 966
15 966
15 966
15 966
15 966
15 966
15 966
15 966
15 966
15 966
15 966
15 966
15 966
15 966
15 966
15 966
15 966
15 966
15 966
15 966
15 966
15 966
15 966
15 966
15 966
15 966
15 966
15 966
39 236
39 236
39 236
39 236
39 236
39 236
39 236
39 236
39 236
39 236
39 236
39 236
39 236
39 236
39 236
39 236
39 236
39 236
39 236
39 236
39 236
39 236
41 234
41 234
41 234
41 234
45 217
45 217
66 1013
66 1013
66 1013
66 1013
66 1013
30 878
30 878
30 878
30 878
30 878
30 878
30 878
30 878
30 878
30 878
30 878
30 878
30 878
30 878
49 204
49 204
49 204
49 204
49 204
49 204
49 204
49 204
49 204
49 204
49 204
49 204
49 204
49 204
49 204
49 204
49 204
49 204
49 204
52 198
52 198
52 198
52 198
52 198
52 198
52 198
52 198
52 198
52 198
52 198
52 198
52 198
52 198
52 198
52 198
3 193
3 193
3 193
3 193
3 193
3 193
3 193
3 193
3 193
3 193
3 193
3 193
3 193
3 193
3 193
3 193
3 193
24 1032
24 1032
24 1032
24 1032
24 1032
24 1032
24 1032
24 1032
24 1032
24 1032
24 1032
24 1032
24 1032
24 1032
24 1032
24 1032
24 1032
24 1032
11 202
11 202
11 202
11 202
11 202
11 202
11 202
11 202
11 202
11 202
63 184
63 184
63 184
77 1574
77 1574
77 1574
77 1574
77 1574
77 1574
77 1574
77 1574
77 1574
77 1574
77 1574
77 1075
77 1075
77 1075
77 1075
77 1075
77 1075
77 1075
77 1075
77 1075
77 1075
77 1075
76 1585
76 1585
76 1585
76 1585
76 1585
76 1585
76 1585
76 1585
76 1585
76 1585
76 1585
76 1585
76 1585
76 1585
76 1585
76 1585
76 1585
76 1585
76 1585
76 1585
76 1585
76 1585
76 1585
76 1585
76 1585
76 1585
76 1585
76 1585
76 1585
76 1585
76 1085
76 1085
76 1085
76 1085
76 1085
76 1085
76 1085
76 1085
76 1085
76 1085
76 1085
76 1085
76 1085
76 1085
76 1085
76 1085
76 1085
76 1085
76 1085
76 1085
76 1085
76 1085
76 1085
76 1085
76 1085
76 1085
76 1085
76 1085
76 1085
76 1085
17 177
17 177
17 177
17 177
17 177
17 177
17 177
17 177
17 177
17 177
17 177
17 177
17 177
81 1046
81 1046
81 1046
81 1046
81 1046
81 1046
81 1046
81 1046
81 1046
81 1046
81 1046
81 1046
81 1046
81 1046
81 1046
81 1046
81 1046
81 1046
81 1046
81 1046
81 1046
81 1046
81 1046
81 1046
34 1073
34 1073
34 1073
34 1073
34 1073
34 1073
34 1073
34 1073
34 1073
34 1073
34 1073
34 1073
34 1073
34 1073
34 1073
34 1073
34 1073
34 1073
34 1073
34 1073
34 1073
26 226
39 200
39 200
39 200
39 200
39 200
39 200
39 200
39 200
39 200
39 200
39 200
39 200
39 200
39 200
39 200
39 200
39 200
39 200
39 200
39 200
39 200
39 200
41 195
41 195
41 195
41 195
45 204
45 204
47 1203
47 1203
47 1203
47 1203
47 1203
47 1203
47 1203
47 1203
47 1203
47 1203
47 1203
47 1203
47 1203
47 1203
47 1203
49 206
49 206
49 206
49 206
49 206
49 206
49 206
49 206
49 206
49 206
49 206
49 206
49 206
49 206
49 206
49 206
49 206
49 206
49 206
6 1146
6 1146
6 1146
6 1146
6 1146
6 1146
6 1146
6 1146
6 1146
6 1146
6 1146
6 1146
6 1146
6 1146
6 1146
6 1146
6 1146
6 1146
6 1146
6 1146
6 1146
6 1146
6 1146
6 1146
6 1146
6 1146
6 1146
6 1146
6 1146
60 1106
60 1106
60 1106
60 1106
60 1106
60 1106
60 1106
60 1106
60 1106
60 1106
60 1106
60 1106
60 1106
60 1106
60 1106
60 1106
60 1106
60 1106
60 1106
60 1106
60 1106
60 1106
60 1106
60 1106
60 1106
52 187
52 187
52 187
52 187
52 187
52 187
52 187
52 187
52 187
52 187
52 187
52 187
52 187
52 187
52 187
52 187
3 190
3 190
3 190
3 190
3 190
3 190
3 190
3 190
3 190
3 190
3 190
3 190
3 190
3 190
3 190
3 190
3 190
65 1079
65 1079
65 1079
65 1079
65 1079
65 1079
65 1079
65 1079
65 1079
15 1090
15 1090
15 1090
15 1090
15 1090
15 1090
15 1090
15 1090
15 1090
15 1090
15 1090
15 1090
15 1090
15 1090
15 1090
15 1090
15 1090
15 1090
15 1090
15 1090
15 1090
15 1090
15 1090
15 1090
15 1090
15 1090
15 1090
15 1090
67 1089
67 1089
67 1089
67 1089
67 1089
67 1089
67 1089
19 1087
19 1087
19 1087
19 1087
19 1087
19 1087
19 1087
19 1087
71 1092
71 1092
71 1092
71 1092
71 1092
71 1092
71 1092
71 1092
71 1092
71 1092
71 1092
71 1092
71 1092
71 1092
71 1092
71 1092
71 1092
71 1092
71 1092
71 1092
71 1092
71 1092
71 1092
7 1250
7 1250
7 1250
7 1250
7 1250
7 1250
7 1250
7 1250
7 1250
7 1250
7 1250
7 1250
7 1250
7 1250
7 1250
7 1250
7 1250
7 1250
7 1250
7 1250
11 225
11 225
11 225
11 225
11 225
11 225
11 225
11 225
11 225
11 225
63 239
63 239
63 239
17 209
17 209
17 209
17 209
17 209
17 209
17 209
17 209
17 209
17 209
17 209
17 209
17 209
25 1139
25 1139
25 1139
25 1139
25 1139
25 1139
25 1139
25 1139
25 1139
25 1139
25 1139
25 1139
25 1139
25 1139
25 1139
25 1139
25 1139
25 1139
25 1139
25 1139
25 1139
25 1139
25 1139
25 1139
25 1139
25 1139
25 1139
12 1271
12 1271
12 1271
12 1271
12 1271
12 1271
12 1271
12 1271
12 1271
12 1271
12 1271
12 1271
12 1271
12 1271
12 1271
12 1271
12 1271
12 1271
12 1271
12 1271
12 1271
12 1271
12 1271
12 1271
12 1271
12 1271
26 174
58 1366
58 1366
58 1366
58 1366
58 1366
58 1366
30 1198
30 1198
30 1198
30 1198
30 1198
30 1198
30 1198
30 1198
30 1198
30 1198
30 1198
30 1198
30 1198
30 1198
24 1293
24 1293
24 1293
24 1293
24 1293
24 1293
24 1293
24 1293
24 1293
24 1293
24 1293
24 1293
24 1293
24 1293
24 1293
24 1293
24 1293
24 1293
39 160
39 160
39 160
39 160
39 160
39 160
39 160
39 160
39 160
39 160
39 160
39 160
39 160
39 160
39 160
39 160
39 160
39 160
39 160
39 160
39 160
39 160
76 1302
76 1302
76 1302
76 1302
76 1302
76 1302
76 1302
76 1302
76 1302
76 1302
76 1302
76 1302
76 1302
76 1302
76 1302
76 1302
76 1302
76 1302
76 1302
76 1302
76 1302
76 1302
76 1302
76 1302
76 1302
76 1302
76 1302
76 1302
76 1302
76 1302
77 1316
77 1316
77 1316
77 1316
77 1316
77 1316
77 1316
77 1316
77 1316
77 1316
77 1316
41 186
41 186
41 186
41 186
66 1462
66 1462
66 1462
66 1462
66 1462
45 197
45 197
81 1385
81 1385
81 1385
81 1385
81 1385
81 1385
81 1385
81 1385
81 1385
81 1385
81 1385
81 1385
81 1385
81 1385
81 1385
81 1385
81 1385
81 1385
81 1385
81 1385
81 1385
81 1385
81 1385
81 1385
49 227
49 227
49 227
49 227
49 227
49 227
49 227
49 227
49 227
49 227
49 227
49 227
49 227
49 227
49 227
49 227
49 227
49 227
49 227
52 207
52 207
52 207
52 207
52 207
52 207
52 207
52 207
52 207
52 207
52 207
52 207
52 207
52 207
52 207
52 207
3 209
3 209
3 209
3 209
3 209
3 209
3 209
3 209
3 209
3 209
3 209
3 209
3 209
3 209
3 209
3 209
3 209
34 1410
34 1410
34 1410
34 1410
34 1410
34 1410
34 1410
34 1410
34 1410
34 1410
34 1410
34 1410
34 1410
34 1410
34 1410
34 1410
34 1410
34 1410
34 1410
34 1410
34 1410
11 207
11 207
11 207
11 207
11 207
11 207
11 207
11 207
11 207
11 207
63 195
63 195
63 195
17 219
17 219
17 219
17 219
17 219
17 219
17 219
17 219
17 219
17 219
17 219
17 219
17 219
6 1332
6 1332
6 1332
6 1332
6 1332
6 1332
6 1332
6 1332
6 1332
6 1332
6 1332
6 1332
6 1332
6 1332
6 1332
6 1332
6 1332
6 1332
6 1332
6 1332
6 1332
6 1332
6 1332
6 1332
6 1332
6 1332
6 1332
6 1332
6 1332
26 201
60 1365
60 1365
60 1365
60 1365
60 1365
60 1365
60 1365
60 1365
60 1365
60 1365
60 1365
60 1365
60 1365
60 1365
60 1365
60 1365
60 1365
60 1365
60 1365
60 1365
60 1365
60 1365
60 1365
60 1365
60 1365
47 1527
47 1527
47 1527
47 1527
47 1527
47 1527
47 1527
47 1527
47 1527
47 1527
47 1527
47 1527
47 1527
47 1527
47 1527
15 1401
15 1401
15 1401
15 1401
15 1401
15 1401
15 1401
15 1401
15 1401
15 1401
15 1401
15 1401
15 1401
15 1401
15 1401
15 1401
15 1401
15 1401
15 1401
15 1401
15 1401
15 1401
15 1401
15 1401
15 1401
15 1401
15 1401
15 1401
65 1404
65 1404
65 1404
65 1404
65 1404
65 1404
65 1404
65 1404
65 1404
67 1394
67 1394
67 1394
67 1394
67 1394
67 1394
67 1394
7 1587
7 1587
7 1587
7 1587
7 1587
7 1587
7 1587
7 1587
7 1587
7 1587
7 1587
7 1587
7 1587
7 1587
7 1587
7 1587
7 1587
7 1587
7 1587
7 1587
39 269
39 269
39 269
39 269
39 269
39 269
39 269
39 269
39 269
39 269
39 269
39 269
39 269
39 269
39 269
39 269
39 269
39 269
39 269
39 269
39 269
39 269
41 251
41 251
41 251
41 251
45 237
45 237
49 217
49 217
49 217
49 217
49 217
49 217
49 217
49 217
49 217
49 217
49 217
49 217
49 217
49 217
49 217
49 217
49 217
49 217
49 217
19 1519
19 1519
19 1519
19 1519
19 1519
19 1519
19 1519
19 1519
58 1638
58 1638
58 1638
58 1638
58 1638
58 1638
71 1525
71 1525
71 1525
71 1525
71 1525
71 1525
71 1525
71 1525
71 1525
71 1525
71 1525
71 1525
71 1525
71 1525
71 1525
71 1525
71 1525
71 1525
71 1525
71 1525
71 1525
71 1525
71 1525
12 1623
12 1623
12 1623
12 1623
12 1623
12 1623
12 1623
12 1623
12 1623
12 1623
12 1623
12 1623
12 1623
12 1623
12 1623
12 1623
12 1623
12 1623
12 1623
12 1623
12 1623
12 1623
12 1623
12 1623
12 1623
12 1623
66 1622
66 1622
66 1622
66 1622
66 1622
52 264
52 264
52 264
52 264
52 264
52 264
52 264
52 264
52 264
52 264
52 264
52 264
52 264
52 264
52 264
52 264
3 263
3 263
3 263
3 263
3 263
3 263
3 263
3 263
3 263
3 263
3 263
3 263
3 263
3 263
3 263
3 263
3 263
30 1519
30 1519
30 1519
30 1519
30 1519
30 1519
30 1519
30 1519
30 1519
30 1519
30 1519
30 1519
30 1519
30 1519
11 237
11 237
11 237
11 237
11 237
11 237
11 237
11 237
11 237
11 237
63 227
63 227
63 227
25 1644
25 1644
25 1644
25 1644
25 1644
25 1644
25 1644
25 1644
25 1644
25 1644
25 1644
25 1644
25 1644
25 1644
25 1644
25 1644
25 1644
25 1644
25 1644
25 1644
25 1644
25 1644
25 1644
25 1644
25 1644
25 1644
25 1644
76 1666
76 1666
76 1666
76 1666
76 1666
76 1666
76 1666
76 1666
76 1666
76 1666
76 1666
76 1666
76 1666
76 1666
76 1666
76 1666
76 1666
76 1666
76 1666
76 1666
76 1666
76 1666
76 1666
76 1666
76 1666
76 1666
76 1666
76 1666
76 1666
76 1666
17 267
17 267
17 267
17 267
17 267
17 267
17 267
17 267
17 267
17 267
17 267
17 267
17 267
26 264
77 1759
77 1759
77 1759
77 1759
77 1759
77 1759
77 1759
77 1759
77 1759
77 1759
77 1759
24 1814
24 1814
24 1814
24 1814
24 1814
24 1814
24 1814
24 1814
24 1814
24 1814
24 1814
24 1814
24 1814
24 1814
24 1814
24 1814
24 1814
24 1814
81 1771
81 1771
81 1771
81 1771
81 1771
81 1771
81 1771
81 1771
81 1771
81 1771
81 1771
81 1771
81 1771
81 1771
81 1771
81 1771
81 1771
81 1771
81 1771
81 1771
81 1771
81 1771
81 1771
81 1771
39 221
39 221
39 221
39 221
39 221
39 221
39 221
39 221
39 221
39 221
39 221
39 221
39 221
39 221
39 221
39 221
39 221
39 221
39 221
39 221
39 221
39 221
34 1787
34 1787
34 1787
34 1787
34 1787
34 1787
34 1787
34 1787
34 1787
34 1787
34 1787
34 1787
34 1787
34 1787
34 1787
34 1787
34 1787
34 1787
34 1787
34 1787
34 1787
41 231
41 231
41 231
41 231
45 214
45 214
49 237
49 237
49 237
49 237
49 237
49 237
49 237
49 237
49 237
49 237
49 237
49 237
49 237
49 237
49 237
49 237
49 237
49 237
49 237
52 236
52 236
52 236
52 236
52 236
52 236
52 236
52 236
52 236
52 236
52 236
52 236
52 236
52 236
52 236
52 236
60 1670
60 1670
60 1670
60 1670
60 1670
60 1670
60 1670
60 1670
60 1670
60 1670
60 1670
60 1670
60 1670
60 1670
60 1670
60 1670
60 1670
60 1670
60 1670
60 1670
60 1670
60 1670
60 1670
60 1670
60 1670
47 1872
47 1872
47 1872
47 1872
47 1872
47 1872
47 1872
47 1872
47 1872
47 1872
47 1872
47 1872
47 1872
47 1872
47 1872
65 1729
65 1729
65 1729
65 1729
65 1729
65 1729
65 1729
65 1729
65 1729
63 271
63 271
63 271
67 1762
67 1762
67 1762
67 1762
67 1762
67 1762
67 1762
71 1806
71 1806
71 1806
71 1806
71 1806
71 1806
71 1806
71 1806
71 1806
71 1806
71 1806
71 1806
71 1806
71 1806
71 1806
71 1806
71 1806
71 1806
71 1806
71 1806
71 1806
71 1806
71 1806
