4 125
4 125
4 125
4 125
4 125
4 125
4 125
4 125
4 125
4 125
4 125
4 125
4 125
4 125
27 75
27 75
27 75
27 75
27 75
27 75
27 75
27 75
27 75
27 75
27 75
27 75
27 75
27 75
27 75
27 75
27 75
27 75
27 75
27 75
27 75
9 281
11 269
11 269
11 269
11 269
11 269
11 269
11 269
11 269
26 135
26 135
26 135
26 135
26 135
26 135
26 135
26 135
26 135
26 135
26 135
26 135
26 135
26 135
26 135
26 135
26 135
26 135
26 135
26 135
26 135
26 135
26 135
26 135
26 135
32 173
32 173
32 173
32 173
32 173
32 173
32 173
32 173
32 173
32 173
32 173
32 173
32 173
32 173
32 173
32 173
32 173
38 184
38 184
38 184
38 184
38 184
38 184
38 184
38 184
38 184
38 184
38 184
38 184
38 184
38 184
38 184
38 184
38 184
38 184
39 231
39 231
41 230
41 230
41 230
41 230
41 230
41 230
41 230
41 230
41 230
41 230
41 230
41 230
41 230
41 230
41 230
41 230
41 230
41 230
41 230
41 230
41 230
41 230
41 230
41 230
41 230
41 230
4 155
4 155
4 155
4 155
4 155
4 155
4 155
4 155
4 155
4 155
4 155
4 155
4 155
4 155
54 204
54 204
54 204
54 204
54 204
54 204
54 204
54 204
54 204
54 204
43 321
43 321
43 321
43 321
43 321
43 321
43 321
43 321
43 321
43 321
43 321
43 321
43 321
43 321
43 321
62 141
62 141
62 141
62 141
62 141
62 141
62 141
62 141
62 141
62 141
62 141
62 141
62 141
62 141
62 141
62 141
62 141
62 141
62 141
62 141
62 141
62 141
62 141
62 141
62 141
62 141
62 141
63 158
63 158
63 158
63 158
63 158
63 158
63 158
63 158
63 158
63 158
63 158
63 158
63 158
63 158
63 158
63 158
63 158
63 158
63 158
63 158
63 158
63 158
63 158
70 177
70 177
70 177
70 177
70 177
70 177
70 177
70 177
70 177
70 177
70 177
70 177
70 177
70 177
70 177
70 177
70 177
70 177
70 177
70 177
70 177
70 177
71 170
71 170
71 170
71 170
71 170
9 298
74 179
74 179
74 179
74 179
74 179
74 179
74 179
74 179
74 179
74 179
74 179
74 179
74 179
74 179
74 179
74 179
74 179
74 179
74 179
74 179
74 179
74 179
74 179
74 179
74 179
74 179
74 179
74 179
11 329
11 329
11 329
11 329
11 329
11 329
11 329
11 329
55 431
55 431
55 431
55 431
55 431
55 431
55 431
55 431
55 431
55 431
55 431
55 431
55 431
55 431
55 431
55 431
55 431
55 431
55 431
55 431
58 407
58 407
58 407
58 407
58 407
58 407
58 407
18 346
18 346
18 346
18 346
18 346
18 346
18 346
18 346
18 346
18 346
18 346
18 346
18 346
18 346
18 346
18 346
81 229
81 229
81 229
81 229
81 229
81 229
23 549
23 549
23 549
23 549
23 549
23 549
23 549
23 549
23 549
23 549
23 549
23 549
23 549
23 549
23 549
23 549
23 549
23 549
23 549
77 543
77 543
77 543
77 543
77 543
77 543
77 543
77 543
77 543
77 543
77 543
68 647
68 647
68 647
68 647
68 647
68 647
68 647
68 647
68 647
68 647
68 647
68 647
68 647
68 647
68 647
68 647
68 647
68 647
68 647
68 647
68 647
68 647
68 647
68 647
68 647
68 647
68 647
68 647
68 647
68 647
16 1209
16 1209
16 1209
16 1209
16 710
16 710
16 710
16 710
26 662
26 662
26 662
26 662
26 662
26 662
26 662
26 662
26 662
26 662
26 662
26 662
26 662
26 662
26 662
26 662
26 662
26 662
26 662
26 662
26 662
26 662
26 662
26 662
26 662
27 665
27 665
27 665
27 665
27 665
27 665
27 665
27 665
27 665
27 665
27 665
27 665
27 665
27 665
27 665
27 665
27 665
27 665
27 665
27 665
27 665
32 724
32 724
32 724
32 724
32 724
32 724
32 724
32 724
32 724
32 724
32 724
32 724
32 724
32 724
32 724
32 724
32 724
43 614
43 614
43 614
43 614
43 614
43 614
43 614
43 614
43 614
43 614
43 614
43 614
43 614
43 614
43 614
38 665
38 665
38 665
38 665
38 665
38 665
38 665
38 665
38 665
38 665
38 665
38 665
38 665
38 665
38 665
38 665
38 665
38 665
39 666
39 666
41 648
41 648
41 648
41 648
41 648
41 648
41 648
41 648
41 648
41 648
41 648
41 648
41 648
41 648
41 648
41 648
41 648
41 648
41 648
41 648
41 648
41 648
41 648
41 648
41 648
41 648
54 572
54 572
54 572
54 572
54 572
54 572
54 572
54 572
54 572
54 572
62 493
62 493
62 493
62 493
62 493
62 493
62 493
62 493
62 493
62 493
62 493
62 493
62 493
62 493
62 493
62 493
62 493
62 493
62 493
62 493
62 493
62 493
62 493
62 493
62 493
62 493
62 493
63 483
63 483
63 483
63 483
63 483
63 483
63 483
63 483
63 483
63 483
63 483
63 483
63 483
63 483
63 483
63 483
63 483
63 483
63 483
63 483
63 483
63 483
63 483
70 414
70 414
70 414
70 414
70 414
70 414
70 414
70 414
70 414
70 414
70 414
70 414
70 414
70 414
70 414
70 414
70 414
70 414
70 414
70 414
70 414
70 414
71 430
71 430
71 430
71 430
71 430
74 418
74 418
74 418
74 418
74 418
74 418
74 418
74 418
74 418
74 418
74 418
74 418
74 418
74 418
74 418
74 418
74 418
74 418
74 418
74 418
74 418
74 418
74 418
74 418
74 418
74 418
74 418
74 418
55 619
55 619
55 619
55 619
55 619
55 619
55 619
55 619
55 619
55 619
55 619
55 619
55 619
55 619
55 619
55 619
55 619
55 619
55 619
55 619
58 601
58 601
58 601
58 601
58 601
58 601
58 601
4 655
4 655
4 655
4 655
4 655
4 655
4 655
4 655
4 655
4 655
4 655
4 655
4 655
4 655
45 1292
45 1292
45 1292
45 792
45 792
45 792
56 684
56 684
56 684
56 684
56 684
56 684
56 684
56 684
56 684
56 684
56 684
56 684
56 684
81 434
81 434
81 434
81 434
81 434
81 434
9 699
11 698
11 698
11 698
11 698
11 698
11 698
11 698
11 698
16 718
16 718
16 718
16 718
45 453
45 453
45 453
18 725
18 725
18 725
18 725
18 725
18 725
18 725
18 725
18 725
18 725
18 725
18 725
18 725
18 725
18 725
18 725
43 486
43 486
43 486
43 486
43 486
43 486
43 486
43 486
43 486
43 486
43 486
43 486
43 486
43 486
43 486
77 703
77 703
77 703
77 703
77 703
77 703
77 703
77 703
77 703
77 703
77 703
23 754
23 754
23 754
23 754
23 754
23 754
23 754
23 754
23 754
23 754
23 754
23 754
23 754
23 754
23 754
23 754
23 754
23 754
23 754
56 461
56 461
56 461
56 461
56 461
56 461
56 461
56 461
56 461
56 461
56 461
56 461
56 461
26 778
26 778
26 778
26 778
26 778
26 778
26 778
26 778
26 778
26 778
26 778
26 778
26 778
26 778
26 778
26 778
26 778
26 778
26 778
26 778
26 778
26 778
26 778
26 778
26 778
54 517
54 517
54 517
54 517
54 517
54 517
54 517
54 517
54 517
54 517
27 795
27 795
27 795
27 795
27 795
27 795
27 795
27 795
27 795
27 795
27 795
27 795
27 795
27 795
27 795
27 795
27 795
27 795
27 795
27 795
27 795
62 472
62 472
62 472
62 472
62 472
62 472
62 472
62 472
62 472
62 472
62 472
62 472
62 472
62 472
62 472
62 472
62 472
62 472
62 472
62 472
62 472
62 472
62 472
62 472
62 472
62 472
62 472
68 926
68 926
68 926
68 926
68 926
68 926
68 926
68 926
68 926
68 926
68 926
68 926
68 926
68 926
68 926
68 926
68 926
68 926
68 926
68 926
68 926
68 926
68 926
68 926
68 926
68 926
68 926
68 926
68 926
68 926
32 807
32 807
32 807
32 807
32 807
32 807
32 807
32 807
32 807
32 807
32 807
32 807
32 807
32 807
32 807
32 807
32 807
63 504
63 504
63 504
63 504
63 504
63 504
63 504
63 504
63 504
63 504
63 504
63 504
63 504
63 504
63 504
63 504
63 504
63 504
63 504
63 504
63 504
63 504
63 504
70 500
70 500
70 500
70 500
70 500
70 500
70 500
70 500
70 500
70 500
70 500
70 500
70 500
70 500
70 500
70 500
70 500
70 500
70 500
70 500
70 500
70 500
71 498
71 498
71 498
71 498
71 498
38 842
38 842
38 842
38 842
38 842
38 842
38 842
38 842
38 842
38 842
38 842
38 842
38 842
38 842
38 842
38 842
38 842
38 842
74 504
74 504
74 504
74 504
74 504
74 504
74 504
74 504
74 504
74 504
74 504
74 504
74 504
74 504
74 504
74 504
74 504
74 504
74 504
74 504
74 504
74 504
74 504
74 504
74 504
74 504
74 504
74 504
39 873
39 873
41 869
41 869
41 869
41 869
41 869
41 869
41 869
41 869
41 869
41 869
41 869
41 869
41 869
41 869
41 869
41 869
41 869
41 869
41 869
41 869
41 869
41 869
41 869
41 869
41 869
41 869
4 808
4 808
4 808
4 808
4 808
4 808
4 808
4 808
4 808
4 808
4 808
4 808
4 808
4 808
81 545
81 545
81 545
81 545
81 545
81 545
43 593
43 593
43 593
43 593
43 593
43 593
43 593
43 593
43 593
43 593
43 593
43 593
43 593
43 593
43 593
45 586
45 586
45 586
68 861
68 861
68 861
68 861
68 861
68 861
68 861
68 861
68 861
68 861
68 861
68 861
68 861
68 861
68 861
68 861
68 861
68 861
68 861
68 861
68 861
68 861
68 861
68 861
68 861
68 861
68 861
68 861
68 861
68 861
9 959
55 1014
55 1014
55 1014
55 1014
55 1014
55 1014
55 1014
55 1014
55 1014
55 1014
55 1014
55 1014
55 1014
55 1014
55 1014
55 1014
55 1014
55 1014
55 1014
55 1014
11 967
11 967
11 967
11 967
11 967
11 967
11 967
11 967
54 593
54 593
54 593
54 593
54 593
54 593
54 593
54 593
54 593
54 593
27 880
27 880
27 880
27 880
27 880
27 880
27 880
27 880
27 880
27 880
27 880
27 880
27 880
27 880
27 880
27 880
27 880
27 880
27 880
27 880
27 880
77 883
77 883
77 883
77 883
77 883
77 883
77 883
77 883
77 883
77 883
77 883
16 999
16 999
16 999
16 999
56 612
56 612
56 612
56 612
56 612
56 612
56 612
56 612
56 612
56 612
56 612
56 612
56 612
18 1001
18 1001
18 1001
18 1001
18 1001
18 1001
18 1001
18 1001
18 1001
18 1001
18 1001
18 1001
18 1001
18 1001
18 1001
18 1001
58 1161
58 1161
58 1161
58 1161
58 1161
58 1161
58 1161
62 629
62 629
62 629
62 629
62 629
62 629
62 629
62 629
62 629
62 629
62 629
62 629
62 629
62 629
62 629
62 629
62 629
62 629
62 629
62 629
62 629
62 629
62 629
62 629
62 629
62 629
62 629
23 1036
23 1036
23 1036
23 1036
23 1036
23 1036
23 1036
23 1036
23 1036
23 1036
23 1036
23 1036
23 1036
23 1036
23 1036
23 1036
23 1036
23 1036
23 1036
63 649
63 649
63 649
63 649
63 649
63 649
63 649
63 649
63 649
63 649
63 649
63 649
63 649
63 649
63 649
63 649
63 649
63 649
63 649
63 649
63 649
63 649
63 649
26 1073
26 1073
26 1073
26 1073
26 1073
26 1073
26 1073
26 1073
26 1073
26 1073
26 1073
26 1073
26 1073
26 1073
26 1073
26 1073
26 1073
26 1073
26 1073
26 1073
26 1073
26 1073
26 1073
26 1073
26 1073
70 654
70 654
70 654
70 654
70 654
70 654
70 654
70 654
70 654
70 654
70 654
70 654
70 654
70 654
70 654
70 654
70 654
70 654
70 654
70 654
70 654
70 654
71 660
71 660
71 660
71 660
71 660
74 652
74 652
74 652
74 652
74 652
74 652
74 652
74 652
74 652
74 652
74 652
74 652
74 652
74 652
74 652
74 652
74 652
74 652
74 652
74 652
74 652
74 652
74 652
74 652
74 652
74 652
74 652
74 652
32 1112
32 1112
32 1112
32 1112
32 1112
32 1112
32 1112
32 1112
32 1112
32 1112
32 1112
32 1112
32 1112
32 1112
32 1112
32 1112
32 1112
81 672
81 672
81 672
81 672
81 672
81 672
4 993
4 993
4 993
4 993
4 993
4 993
4 993
4 993
4 993
4 993
4 993
4 993
4 993
4 993
38 1157
38 1157
38 1157
38 1157
38 1157
38 1157
38 1157
38 1157
38 1157
38 1157
38 1157
38 1157
38 1157
38 1157
38 1157
38 1157
38 1157
38 1157
55 993
55 993
55 993
55 993
55 993
55 993
55 993
55 993
55 993
55 993
55 993
55 993
55 993
55 993
55 993
55 993
55 993
55 993
55 993
55 993
39 1169
39 1169
41 1180
41 1180
41 1180
41 1180
41 1180
41 1180
41 1180
41 1180
41 1180
41 1180
41 1180
41 1180
41 1180
41 1180
41 1180
41 1180
41 1180
41 1180
41 1180
41 1180
41 1180
41 1180
41 1180
41 1180
41 1180
41 1180
43 702
43 702
43 702
43 702
43 702
43 702
43 702
43 702
43 702
43 702
43 702
43 702
43 702
43 702
43 702
58 1058
58 1058
58 1058
58 1058
58 1058
58 1058
58 1058
25 2899
25 2899
25 2899
25 2899
25 2899
25 2899
25 2899
25 2899
25 2899
25 2410
25 2410
25 2410
25 2410
25 2410
25 2410
25 2410
25 2410
25 2410
25 1920
25 1920
25 1920
25 1920
25 1920
25 1920
25 1920
25 1920
25 1920
45 722
45 722
45 722
7 3133
7 3133
7 3133
7 3133
7 3133
7 3133
7 3133
7 3133
7 3133
7 3133
7 3133
7 3133
7 3133
7 3133
7 3133
7 3133
7 3133
7 3133
7 3133
7 3133
7 3133
7 3133
7 3133
7 3133
7 2654
7 2654
7 2654
7 2654
7 2654
7 2654
7 2654
7 2654
7 2654
7 2654
7 2654
7 2654
7 2654
7 2654
7 2654
7 2654
7 2654
7 2654
7 2654
7 2654
7 2654
7 2654
7 2654
7 2654
7 2186
7 2186
7 2186
7 2186
7 2186
7 2186
7 2186
7 2186
7 2186
7 2186
7 2186
7 2186
7 2186
7 2186
7 2186
7 2186
7 2186
7 2186
7 2186
7 2186
7 2186
7 2186
7 2186
7 2186
7 1187
7 1187
7 1187
7 1187
7 1187
7 1187
7 1187
7 1187
7 1187
7 1187
7 1187
7 1187
7 1187
7 1187
7 1187
7 1187
7 1187
7 1187
7 1187
7 1187
7 1187
7 1187
7 1187
7 1187
17 3091
17 3091
17 3091
17 3091
17 3091
17 3091
17 3091
17 3091
17 3091
17 3091
17 3091
17 3091
17 3091
17 3091
17 3091
17 3091
17 3091
17 3091
17 3091
17 3091
17 3091
17 3091
17 3091
17 3091
17 3091
17 3091
17 3091
17 3091
17 3091
17 2591
17 2591
17 2591
17 2591
17 2591
17 2591
17 2591
17 2591
17 2591
17 2591
17 2591
17 2591
17 2591
17 2591
17 2591
17 2591
17 2591
17 2591
17 2591
17 2591
17 2591
17 2591
17 2591
17 2591
17 2591
17 2591
17 2591
17 2591
17 2591
17 2096
17 2096
17 2096
17 2096
17 2096
17 2096
17 2096
17 2096
17 2096
17 2096
17 2096
17 2096
17 2096
17 2096
17 2096
17 2096
17 2096
17 2096
17 2096
17 2096
17 2096
17 2096
17 2096
17 2096
17 2096
17 2096
17 2096
17 2096
17 2096
68 1087
68 1087
68 1087
68 1087
68 1087
68 1087
68 1087
68 1087
68 1087
68 1087
68 1087
68 1087
68 1087
68 1087
68 1087
68 1087
68 1087
68 1087
68 1087
68 1087
68 1087
68 1087
68 1087
68 1087
68 1087
68 1087
68 1087
68 1087
68 1087
68 1087
54 747
54 747
54 747
54 747
54 747
54 747
54 747
54 747
54 747
54 747
56 744
56 744
56 744
56 744
56 744
56 744
56 744
56 744
56 744
56 744
56 744
56 744
56 744
62 743
62 743
62 743
62 743
62 743
62 743
62 743
62 743
62 743
62 743
62 743
62 743
62 743
62 743
62 743
62 743
62 743
62 743
62 743
62 743
62 743
62 743
62 743
62 743
62 743
62 743
62 743
63 744
63 744
63 744
63 744
63 744
63 744
63 744
63 744
63 744
63 744
63 744
63 744
63 744
63 744
63 744
63 744
63 744
63 744
63 744
63 744
63 744
63 744
63 744
9 1285
11 1289
11 1289
11 1289
11 1289
11 1289
11 1289
11 1289
11 1289
77 1194
77 1194
77 1194
77 1194
77 1194
77 1194
77 1194
77 1194
77 1194
77 1194
77 1194
16 1313
16 1313
16 1313
16 1313
70 788
70 788
70 788
70 788
70 788
70 788
70 788
70 788
70 788
70 788
70 788
70 788
70 788
70 788
70 788
70 788
70 788
70 788
70 788
70 788
70 788
70 788
71 782
71 782
71 782
71 782
71 782
18 1323
18 1323
18 1323
18 1323
18 1323
18 1323
18 1323
18 1323
18 1323
18 1323
18 1323
18 1323
18 1323
18 1323
18 1323
18 1323
74 805
74 805
74 805
74 805
74 805
74 805
74 805
74 805
74 805
74 805
74 805
74 805
74 805
74 805
74 805
74 805
74 805
74 805
74 805
74 805
74 805
74 805
74 805
74 805
74 805
74 805
74 805
74 805
27 1284
27 1284
27 1284
27 1284
27 1284
27 1284
27 1284
27 1284
27 1284
27 1284
27 1284
27 1284
27 1284
27 1284
27 1284
27 1284
27 1284
27 1284
27 1284
27 1284
27 1284
23 1330
23 1330
23 1330
23 1330
23 1330
23 1330
23 1330
23 1330
23 1330
23 1330
23 1330
23 1330
23 1330
23 1330
23 1330
23 1330
23 1330
23 1330
23 1330
25 1324
25 1324
25 1324
25 1324
25 1324
25 1324
25 1324
25 1324
25 1324
26 1352
26 1352
26 1352
26 1352
26 1352
26 1352
26 1352
26 1352
26 1352
26 1352
26 1352
26 1352
26 1352
26 1352
26 1352
26 1352
26 1352
26 1352
26 1352
26 1352
26 1352
26 1352
26 1352
26 1352
26 1352
81 815
81 815
81 815
81 815
81 815
81 815
32 1380
32 1380
32 1380
32 1380
32 1380
32 1380
32 1380
32 1380
32 1380
32 1380
32 1380
32 1380
32 1380
32 1380
32 1380
32 1380
32 1380
43 850
43 850
43 850
43 850
43 850
43 850
43 850
43 850
43 850
43 850
43 850
43 850
43 850
43 850
43 850
38 1421
38 1421
38 1421
38 1421
38 1421
38 1421
38 1421
38 1421
38 1421
38 1421
38 1421
38 1421
38 1421
38 1421
38 1421
38 1421
38 1421
38 1421
45 866
45 866
45 866
4 1297
4 1297
4 1297
4 1297
4 1297
4 1297
4 1297
4 1297
4 1297
4 1297
4 1297
4 1297
4 1297
4 1297
39 1455
39 1455
7 1276
7 1276
7 1276
7 1276
7 1276
7 1276
7 1276
7 1276
7 1276
7 1276
7 1276
7 1276
7 1276
7 1276
7 1276
7 1276
7 1276
7 1276
7 1276
7 1276
7 1276
7 1276
7 1276
7 1276
41 1453
41 1453
41 1453
41 1453
41 1453
41 1453
41 1453
41 1453
41 1453
41 1453
41 1453
41 1453
41 1453
41 1453
41 1453
41 1453
41 1453
41 1453
41 1453
41 1453
41 1453
41 1453
41 1453
41 1453
41 1453
41 1453
55 1314
55 1314
55 1314
55 1314
55 1314
55 1314
55 1314
55 1314
55 1314
55 1314
55 1314
55 1314
55 1314
55 1314
55 1314
55 1314
55 1314
55 1314
55 1314
55 1314
54 899
54 899
54 899
54 899
54 899
54 899
54 899
54 899
54 899
54 899
56 907
56 907
56 907
56 907
56 907
56 907
56 907
56 907
56 907
56 907
56 907
56 907
56 907
62 924
62 924
62 924
62 924
62 924
62 924
62 924
62 924
62 924
62 924
62 924
62 924
62 924
62 924
62 924
62 924
62 924
62 924
62 924
62 924
62 924
62 924
62 924
62 924
62 924
62 924
62 924
63 922
63 922
63 922
63 922
63 922
63 922
63 922
63 922
63 922
63 922
63 922
63 922
63 922
63 922
63 922
63 922
63 922
63 922
63 922
63 922
63 922
63 922
63 922
70 960
70 960
70 960
70 960
70 960
70 960
70 960
70 960
70 960
70 960
70 960
70 960
70 960
70 960
70 960
70 960
70 960
70 960
70 960
70 960
70 960
70 960
71 958
71 958
71 958
71 958
71 958
74 961
74 961
74 961
74 961
74 961
74 961
74 961
74 961
74 961
74 961
74 961
74 961
74 961
74 961
74 961
74 961
74 961
74 961
74 961
74 961
74 961
74 961
74 961
74 961
74 961
74 961
74 961
74 961
58 1635
58 1635
58 1635
58 1635
58 1635
58 1635
58 1635
25 1465
25 1465
25 1465
25 1465
25 1465
25 1465
25 1465
25 1465
25 1465
27 1453
27 1453
27 1453
27 1453
27 1453
27 1453
27 1453
27 1453
27 1453
27 1453
27 1453
27 1453
27 1453
27 1453
27 1453
27 1453
27 1453
27 1453
27 1453
27 1453
27 1453
81 956
81 956
81 956
81 956
81 956
81 956
77 1552
77 1552
77 1552
77 1552
77 1552
77 1552
77 1552
77 1552
77 1552
77 1552
77 1552
43 979
43 979
43 979
43 979
43 979
43 979
43 979
43 979
43 979
43 979
43 979
43 979
43 979
43 979
43 979
68 1736
68 1736
68 1736
68 1736
68 1736
68 1736
68 1736
68 1736
68 1736
68 1736
68 1736
68 1736
68 1736
68 1736
68 1736
68 1736
68 1736
68 1736
68 1736
68 1736
68 1736
68 1736
68 1736
68 1736
68 1736
68 1736
68 1736
68 1736
68 1736
68 1736
