6 50
6 50
6 50
6 50
6 50
6 50
6 50
6 50
6 50
6 50
6 50
6 50
6 50
6 50
6 50
6 50
3 89
3 89
3 89
3 89
3 89
3 89
3 89
3 89
3 89
3 89
3 89
3 89
3 89
3 89
3 89
3 89
3 89
3 89
3 89
3 89
3 89
3 89
3 89
3 89
3 89
3 89
3 89
3 89
17 47
17 47
17 47
17 47
17 47
17 47
17 47
17 47
17 47
17 47
17 47
17 47
17 47
17 47
17 47
20 41
20 41
20 41
20 41
20 41
20 41
20 41
20 41
20 41
20 41
20 41
20 41
20 41
20 41
20 41
20 41
20 41
20 41
20 41
20 41
20 41
20 41
20 41
24 23
24 23
24 23
24 23
24 23
24 23
24 23
24 23
24 23
24 23
24 23
24 23
24 23
24 23
24 23
24 23
24 23
24 23
24 23
26 34
26 34
26 34
26 34
26 34
26 34
26 34
26 34
26 34
26 34
26 34
26 34
26 34
26 34
26 34
26 34
26 34
26 34
26 34
26 34
26 34
26 34
26 34
26 34
35 13
35 13
35 13
35 13
35 13
35 13
35 13
35 13
35 13
35 13
35 13
46 54
46 54
46 54
46 54
46 54
46 54
46 54
46 54
46 54
46 54
46 54
46 54
46 54
46 54
46 54
46 54
46 54
46 54
46 54
46 54
46 54
46 54
46 54
46 54
46 54
46 54
3 74
3 74
3 74
3 74
3 74
3 74
3 74
3 74
3 74
3 74
3 74
3 74
3 74
3 74
3 74
3 74
3 74
3 74
3 74
3 74
3 74
3 74
3 74
3 74
3 74
3 74
3 74
3 74
6 65
6 65
6 65
6 65
6 65
6 65
6 65
6 65
6 65
6 65
6 65
6 65
6 65
6 65
6 65
6 65
17 35
17 35
17 35
17 35
17 35
17 35
17 35
17 35
17 35
17 35
17 35
17 35
17 35
17 35
17 35
20 29
20 29
20 29
20 29
20 29
20 29
20 29
20 29
20 29
20 29
20 29
20 29
20 29
20 29
20 29
20 29
20 29
20 29
20 29
20 29
20 29
20 29
20 29
24 19
24 19
24 19
24 19
24 19
24 19
24 19
24 19
24 19
24 19
24 19
24 19
24 19
24 19
24 19
24 19
24 19
24 19
24 19
26 48
26 48
26 48
26 48
26 48
26 48
26 48
26 48
26 48
26 48
26 48
26 48
26 48
26 48
26 48
26 48
26 48
26 48
26 48
26 48
26 48
26 48
26 48
26 48
35 63
35 63
35 63
35 63
35 63
35 63
35 63
35 63
35 63
35 63
35 63
46 13
46 13
46 13
46 13
46 13
46 13
46 13
46 13
46 13
46 13
46 13
46 13
46 13
46 13
46 13
46 13
46 13
46 13
46 13
46 13
46 13
46 13
46 13
46 13
46 13
46 13
42 686
42 686
42 686
42 686
42 686
42 686
42 686
42 686
42 686
42 686
42 686
42 686
42 686
42 686
42 686
42 686
42 686
42 686
42 686
42 686
42 686
42 686
42 686
42 686
42 686
42 686
42 686
42 186
42 186
42 186
42 186
42 186
42 186
42 186
42 186
42 186
42 186
42 186
42 186
42 186
42 186
42 186
42 186
42 186
42 186
42 186
42 186
42 186
42 186
42 186
42 186
42 186
42 186
42 186
39 717
39 717
39 717
39 717
39 717
39 717
39 717
39 717
39 717
39 717
39 717
39 717
39 717
39 717
39 217
39 217
39 217
39 217
39 217
39 217
39 217
39 217
39 217
39 217
39 217
39 217
39 217
39 217
3 185
3 185
3 185
3 185
3 185
3 185
3 185
3 185
3 185
3 185
3 185
3 185
3 185
3 185
3 185
3 185
3 185
3 185
3 185
3 185
3 185
3 185
3 185
3 185
3 185
3 185
3 185
3 185
6 178
6 178
6 178
6 178
6 178
6 178
6 178
6 178
6 178
6 178
6 178
6 178
6 178
6 178
6 178
6 178
66 869
66 869
59 973
59 973
59 973
59 973
59 973
59 973
59 973
59 973
59 554
59 554
59 554
59 554
59 554
59 554
59 554
59 554
66 492
66 492
67 517
67 517
67 517
70 507
70 507
70 507
70 507
70 507
70 507
72 532
20 581
20 581
20 581
20 581
20 581
20 581
20 581
20 581
20 581
20 581
20 581
20 581
20 581
20 581
20 581
20 581
20 581
20 581
20 581
20 581
20 581
20 581
20 581
17 617
17 617
17 617
17 617
17 617
17 617
17 617
17 617
17 617
17 617
17 617
17 617
17 617
17 617
17 617
24 548
24 548
24 548
24 548
24 548
24 548
24 548
24 548
24 548
24 548
24 548
24 548
24 548
24 548
24 548
24 548
24 548
24 548
24 548
26 529
26 529
26 529
26 529
26 529
26 529
26 529
26 529
26 529
26 529
26 529
26 529
26 529
26 529
26 529
26 529
26 529
26 529
26 529
26 529
26 529
26 529
26 529
26 529
35 439
35 439
35 439
35 439
35 439
35 439
35 439
35 439
35 439
35 439
35 439
39 400
39 400
39 400
39 400
39 400
39 400
39 400
39 400
39 400
39 400
39 400
39 400
39 400
39 400
42 371
42 371
42 371
42 371
42 371
42 371
42 371
42 371
42 371
42 371
42 371
42 371
42 371
42 371
42 371
42 371
42 371
42 371
42 371
42 371
42 371
42 371
42 371
42 371
42 371
42 371
42 371
46 332
46 332
46 332
46 332
46 332
46 332
46 332
46 332
46 332
46 332
46 332
46 332
46 332
46 332
46 332
46 332
46 332
46 332
46 332
46 332
46 332
46 332
46 332
46 332
46 332
46 332
3 262
3 262
3 262
3 262
3 262
3 262
3 262
3 262
3 262
3 262
3 262
3 262
3 262
3 262
3 262
3 262
3 262
3 262
3 262
3 262
3 262
3 262
3 262
3 262
3 262
3 262
3 262
3 262
6 233
6 233
6 233
6 233
6 233
6 233
6 233
6 233
6 233
6 233
6 233
6 233
6 233
6 233
6 233
6 233
17 123
17 123
17 123
17 123
17 123
17 123
17 123
17 123
17 123
17 123
17 123
17 123
17 123
17 123
17 123
77 529
77 529
77 529
77 529
77 529
77 529
77 529
77 529
77 529
77 529
77 529
77 529
77 529
77 529
77 529
77 529
77 529
77 529
77 529
77 529
77 529
20 111
20 111
20 111
20 111
20 111
20 111
20 111
20 111
20 111
20 111
20 111
20 111
20 111
20 111
20 111
20 111
20 111
20 111
20 111
20 111
20 111
20 111
20 111
80 525
80 525
80 525
80 525
80 525
80 525
80 525
80 525
80 525
80 525
80 525
80 525
24 129
24 129
24 129
24 129
24 129
24 129
24 129
24 129
24 129
24 129
24 129
24 129
24 129
24 129
24 129
24 129
24 129
24 129
24 129
26 151
26 151
26 151
26 151
26 151
26 151
26 151
26 151
26 151
26 151
26 151
26 151
26 151
26 151
26 151
26 151
26 151
26 151
26 151
26 151
26 151
26 151
26 151
26 151
83 595
83 595
83 595
83 595
83 595
83 595
83 595
35 125
35 125
35 125
35 125
35 125
35 125
35 125
35 125
35 125
35 125
35 125
39 122
39 122
39 122
39 122
39 122
39 122
39 122
39 122
39 122
39 122
39 122
39 122
39 122
39 122
42 141
42 141
42 141
42 141
42 141
42 141
42 141
42 141
42 141
42 141
42 141
42 141
42 141
42 141
42 141
42 141
42 141
42 141
42 141
42 141
42 141
42 141
42 141
42 141
42 141
42 141
42 141
46 173
46 173
46 173
46 173
46 173
46 173
46 173
46 173
46 173
46 173
46 173
46 173
46 173
46 173
46 173
46 173
46 173
46 173
46 173
46 173
46 173
46 173
46 173
46 173
46 173
46 173
3 127
3 127
3 127
3 127
3 127
3 127
3 127
3 127
3 127
3 127
3 127
3 127
3 127
3 127
3 127
3 127
3 127
3 127
3 127
3 127
3 127
3 127
3 127
3 127
3 127
3 127
3 127
3 127
6 111
6 111
6 111
6 111
6 111
6 111
6 111
6 111
6 111
6 111
6 111
6 111
6 111
6 111
6 111
6 111
59 636
59 636
59 636
59 636
59 636
59 636
59 636
59 636
17 89
17 89
17 89
17 89
17 89
17 89
17 89
17 89
17 89
17 89
17 89
17 89
17 89
17 89
17 89
66 627
66 627
67 629
67 629
67 629
20 111
20 111
20 111
20 111
20 111
20 111
20 111
20 111
20 111
20 111
20 111
20 111
20 111
20 111
20 111
20 111
20 111
20 111
20 111
20 111
20 111
20 111
20 111
70 628
70 628
70 628
70 628
70 628
70 628
72 641
26 123
26 123
26 123
26 123
26 123
26 123
26 123
26 123
26 123
26 123
26 123
26 123
26 123
26 123
26 123
26 123
26 123
26 123
26 123
26 123
26 123
26 123
26 123
26 123
24 150
24 150
24 150
24 150
24 150
24 150
24 150
24 150
24 150
24 150
24 150
24 150
24 150
24 150
24 150
24 150
24 150
24 150
24 150
77 635
77 635
77 635
77 635
77 635
77 635
77 635
77 635
77 635
77 635
77 635
77 635
77 635
77 635
77 635
77 635
77 635
77 635
77 635
77 635
77 635
80 643
80 643
80 643
80 643
80 643
80 643
80 643
80 643
80 643
80 643
80 643
80 643
35 144
35 144
35 144
35 144
35 144
35 144
35 144
35 144
35 144
35 144
35 144
83 665
83 665
83 665
83 665
83 665
83 665
83 665
39 123
39 123
39 123
39 123
39 123
39 123
39 123
39 123
39 123
39 123
39 123
39 123
39 123
39 123
42 97
42 97
42 97
42 97
42 97
42 97
42 97
42 97
42 97
42 97
42 97
42 97
42 97
42 97
42 97
42 97
42 97
42 97
42 97
42 97
42 97
42 97
42 97
42 97
42 97
42 97
42 97
71 1307
71 1307
71 1307
71 1307
71 1307
71 808
71 808
71 808
71 808
71 808
63 1888
63 1888
63 1888
63 1888
63 1888
63 1888
63 1888
63 1888
63 1888
63 1888
63 1888
63 1888
63 1888
63 1888
63 1888
63 1888
63 1888
63 1389
63 1389
63 1389
63 1389
63 1389
63 1389
63 1389
63 1389
63 1389
63 1389
63 1389
63 1389
63 1389
63 1389
63 1389
63 1389
63 1389
63 889
63 889
63 889
63 889
63 889
63 889
63 889
63 889
63 889
63 889
63 889
63 889
63 889
63 889
63 889
63 889
63 889
46 141
46 141
46 141
46 141
46 141
46 141
46 141
46 141
46 141
46 141
46 141
46 141
46 141
46 141
46 141
46 141
46 141
46 141
46 141
46 141
46 141
46 141
46 141
46 141
46 141
46 141
3 111
3 111
3 111
3 111
3 111
3 111
3 111
3 111
3 111
3 111
3 111
3 111
3 111
3 111
3 111
3 111
3 111
3 111
3 111
3 111
3 111
3 111
3 111
3 111
3 111
3 111
3 111
3 111
6 117
6 117
6 117
6 117
6 117
6 117
6 117
6 117
6 117
6 117
6 117
6 117
6 117
6 117
6 117
6 117
59 742
59 742
59 742
59 742
59 742
59 742
59 742
59 742
17 194
17 194
17 194
17 194
17 194
17 194
17 194
17 194
17 194
17 194
17 194
17 194
17 194
17 194
17 194
63 755
63 755
63 755
63 755
63 755
63 755
63 755
63 755
63 755
63 755
63 755
63 755
63 755
63 755
63 755
63 755
63 755
20 205
20 205
20 205
20 205
20 205
20 205
20 205
20 205
20 205
20 205
20 205
20 205
20 205
20 205
20 205
20 205
20 205
20 205
20 205
20 205
20 205
20 205
20 205
66 747
66 747
24 210
24 210
24 210
24 210
24 210
24 210
24 210
24 210
24 210
24 210
24 210
24 210
24 210
24 210
24 210
24 210
24 210
24 210
24 210
26 209
26 209
26 209
26 209
26 209
26 209
26 209
26 209
26 209
26 209
26 209
26 209
26 209
26 209
26 209
26 209
26 209
26 209
26 209
26 209
26 209
26 209
26 209
26 209
67 846
67 846
67 846
70 816
70 816
70 816
70 816
70 816
70 816
71 808
71 808
71 808
71 808
71 808
35 183
35 183
35 183
35 183
35 183
35 183
35 183
35 183
35 183
35 183
35 183
39 168
39 168
39 168
39 168
39 168
39 168
39 168
39 168
39 168
39 168
39 168
39 168
39 168
39 168
42 166
42 166
42 166
42 166
42 166
42 166
42 166
42 166
42 166
42 166
42 166
42 166
42 166
42 166
42 166
42 166
42 166
42 166
42 166
42 166
42 166
42 166
42 166
42 166
42 166
42 166
42 166
72 879
80 835
80 835
80 835
80 835
80 835
80 835
80 835
80 835
80 835
80 835
80 835
80 835
46 193
46 193
46 193
46 193
46 193
46 193
46 193
46 193
46 193
46 193
46 193
46 193
46 193
46 193
46 193
46 193
46 193
46 193
46 193
46 193
46 193
46 193
46 193
46 193
46 193
46 193
77 901
77 901
77 901
77 901
77 901
77 901
77 901
77 901
77 901
77 901
77 901
77 901
77 901
77 901
77 901
77 901
77 901
77 901
77 901
77 901
77 901
83 855
83 855
83 855
83 855
83 855
83 855
83 855
3 347
3 347
3 347
3 347
3 347
3 347
3 347
3 347
3 347
3 347
3 347
3 347
3 347
3 347
3 347
3 347
3 347
3 347
3 347
3 347
3 347
3 347
3 347
3 347
3 347
3 347
3 347
3 347
6 317
6 317
6 317
6 317
6 317
6 317
6 317
6 317
6 317
6 317
6 317
6 317
6 317
6 317
6 317
6 317
17 222
17 222
17 222
17 222
17 222
17 222
17 222
17 222
17 222
17 222
17 222
17 222
17 222
17 222
17 222
20 232
20 232
20 232
20 232
20 232
20 232
20 232
20 232
20 232
20 232
20 232
20 232
20 232
20 232
20 232
20 232
20 232
20 232
20 232
20 232
20 232
20 232
20 232
24 221
24 221
24 221
24 221
24 221
24 221
24 221
24 221
24 221
24 221
24 221
24 221
24 221
24 221
24 221
24 221
24 221
24 221
24 221
26 203
26 203
26 203
26 203
26 203
26 203
26 203
26 203
26 203
26 203
26 203
26 203
26 203
26 203
26 203
26 203
26 203
26 203
26 203
26 203
26 203
26 203
26 203
26 203
59 906
59 906
59 906
59 906
59 906
59 906
59 906
59 906
63 926
63 926
63 926
63 926
63 926
63 926
63 926
63 926
63 926
63 926
63 926
63 926
63 926
63 926
63 926
63 926
63 926
35 206
35 206
35 206
35 206
35 206
35 206
35 206
35 206
35 206
35 206
35 206
66 946
66 946
39 237
39 237
39 237
39 237
39 237
39 237
39 237
39 237
39 237
39 237
39 237
39 237
39 237
39 237
42 241
42 241
42 241
42 241
42 241
42 241
42 241
42 241
42 241
42 241
42 241
42 241
42 241
42 241
42 241
42 241
42 241
42 241
42 241
42 241
42 241
42 241
42 241
42 241
42 241
42 241
42 241
67 999
67 999
67 999
46 215
46 215
46 215
46 215
46 215
46 215
46 215
46 215
46 215
46 215
46 215
46 215
46 215
46 215
46 215
46 215
46 215
46 215
46 215
46 215
46 215
46 215
46 215
46 215
46 215
46 215
70 981
70 981
70 981
70 981
70 981
70 981
71 1018
71 1018
71 1018
71 1018
71 1018
72 1011
3 202
3 202
3 202
3 202
3 202
3 202
3 202
3 202
3 202
3 202
3 202
3 202
3 202
3 202
3 202
3 202
3 202
3 202
3 202
3 202
3 202
3 202
3 202
3 202
3 202
3 202
3 202
3 202
77 980
77 980
77 980
77 980
77 980
77 980
77 980
77 980
77 980
77 980
77 980
77 980
77 980
77 980
77 980
77 980
77 980
77 980
77 980
77 980
77 980
6 198
6 198
6 198
6 198
6 198
6 198
6 198
6 198
6 198
6 198
6 198
6 198
6 198
6 198
6 198
6 198
80 986
80 986
80 986
80 986
80 986
80 986
80 986
80 986
80 986
80 986
80 986
80 986
83 1026
83 1026
83 1026
83 1026
83 1026
83 1026
83 1026
20 185
20 185
20 185
20 185
20 185
20 185
20 185
20 185
20 185
20 185
20 185
20 185
20 185
20 185
20 185
20 185
20 185
20 185
20 185
20 185
20 185
20 185
20 185
17 230
17 230
17 230
17 230
17 230
17 230
17 230
17 230
17 230
17 230
17 230
17 230
17 230
17 230
17 230
24 195
24 195
24 195
24 195
24 195
24 195
24 195
24 195
24 195
24 195
24 195
24 195
24 195
24 195
24 195
24 195
24 195
24 195
24 195
26 209
26 209
26 209
26 209
26 209
26 209
26 209
26 209
26 209
26 209
26 209
26 209
26 209
26 209
26 209
26 209
26 209
26 209
26 209
26 209
26 209
26 209
26 209
26 209
35 214
35 214
35 214
35 214
35 214
35 214
35 214
35 214
35 214
35 214
35 214
39 188
39 188
39 188
39 188
39 188
39 188
39 188
39 188
39 188
39 188
39 188
39 188
39 188
39 188
42 191
42 191
42 191
42 191
42 191
42 191
42 191
42 191
42 191
42 191
42 191
42 191
42 191
42 191
42 191
42 191
42 191
42 191
42 191
42 191
42 191
42 191
42 191
42 191
42 191
42 191
42 191
46 167
46 167
46 167
46 167
46 167
46 167
46 167
46 167
46 167
46 167
46 167
46 167
46 167
46 167
46 167
46 167
46 167
46 167
46 167
46 167
46 167
46 167
46 167
46 167
46 167
46 167
59 1088
59 1088
59 1088
59 1088
59 1088
59 1088
59 1088
59 1088
63 1066
63 1066
63 1066
63 1066
63 1066
63 1066
63 1066
63 1066
63 1066
63 1066
63 1066
63 1066
63 1066
63 1066
63 1066
63 1066
63 1066
66 1107
66 1107
67 1110
67 1110
67 1110
70 1115
70 1115
70 1115
70 1115
70 1115
70 1115
71 1128
71 1128
71 1128
71 1128
71 1128
72 1118
77 1158
77 1158
77 1158
77 1158
77 1158
77 1158
77 1158
77 1158
77 1158
77 1158
77 1158
77 1158
77 1158
77 1158
77 1158
77 1158
77 1158
77 1158
77 1158
77 1158
77 1158
80 1136
80 1136
80 1136
80 1136
80 1136
80 1136
80 1136
80 1136
80 1136
80 1136
80 1136
80 1136
83 1182
83 1182
83 1182
83 1182
83 1182
83 1182
83 1182
