1 2 1
2 2 1
3 4 1
4 4 1
5 1 2
6 4 1
7 4 1
8 3 1
9 4 1
10 2 1
11 1 2
12 3 1
13 3 1
14 1 2
15 3 1
16 1 2
17 1 2
18 2 1
19 1 2
20 3 1
21 1 2
22 2 1
23 3 1
24 4 1
25 3 1
26 3 1
27 1 2
28 2 1
29 2 1
30 1 2
31 4 1
32 1 2
33 2 1
34 1 2
35 1 2
36 1 2
37 4 1
38 4 1
39 1 2
40 4 1
41 2 1
42 4 1
43 4 1
44 2 1
45 3 1
46 1 2
47 4 2
48 4 2
49 3 2
50 1 2
51 3 2
52 1 2
53 3 2
54 2 2
55 4 2
56 3 2
57 1 3
58 2 3
59 3 3
60 2 3
61 4 3
62 3 3
63 4 3
64 1 3
65 3 3
66 3 3
67 2 3
68 2 3
69 2 3
70 3 3
71 1 3
72 1 3
73 3 3
74 4 3
75 3 3
76 4 3
77 1 3
78 4 3
79 2 3
80 2 3
81 3 3
