1 2 2 23.9808 -21.1662
2 2 1 -2.35006 24.9974
3 4 2 98.3909 -41.3103
4 4 3 -76.3674 70.6084
5 1 1 -13.4642 -27.4222
6 4 2 4.60568 4.93514
7 4 2 -23.2818 27.6314
8 3 2 71.1675 1.00986
9 4 2 -20.2685 97.0465
10 2 1 41.3059 60.2862
11 1 1 59.3797 -92.7099
12 3 3 -52.1401 54.8652
13 3 3 -38.9736 71.9533
14 1 3 7.58797 -65.5249
15 3 2 94.1333 -76.7597
16 1 3 78.7064 -75.4758
17 1 3 52.2386 -83.0768
18 2 2 76.6693 34.9504
19 1 3 89.8939 37.2133
20 3 3 -46.7302 -14.3497
21 1 1 60.4844 53.1956
22 2 1 98.8915 -65.1903
23 3 3 58.4417 24.095
24 4 2 80.7789 -27.747
25 3 3 55.3951 16.172
26 3 3 -46.8406 73.2357
27 1 3 49.2452 -32.5938
28 2 3 -3.7855 -53.3627
29 2 2 -40.2189 -93.8572
30 1 2 73.343 77.2786
31 4 1 -81.3831 45.6625
32 1 1 -38.1543 -7.11152
33 2 3 -41.7288 -59.7081
34 1 1 -26.9824 79.8503
35 1 2 60.5095 -64.4379
36 1 2 -15.1961 -62.0265
37 4 2 48.9121 99.1718
38 4 1 28.6643 78.5062
39 1 2 27.1556 -9.22866
40 4 1 -96.777 12.3269
41 2 2 -14.9384 58.0537
42 4 1 2.29516 30.0663
43 4 2 -78.5722 -27.5584
44 2 1 72.4416 50.4969
45 3 1 74.4169 43.8329
46 1 3 -13.9058 -56.1094
47 4 2 -29.1323 33.4818
48 4 2 -17.7269 37.8684
49 3 1 58.4211 55.4433
50 1 2 -49.5697 -9.62048
51 3 2 73.1488 6.69372
52 1 3 -46.2477 -79.3076
53 3 3 -68.4267 -24.9963
54 2 2 88.6418 30.7044
55 4 1 -23.2826 33.1985
56 3 1 56.6532 -64.1669
57 1 1 -9.55959 -48.844
58 2 3 71.6083 -49.2116
59 3 2 -61.5999 1.351
60 2 3 43.3632 83.5351
61 4 2 -29.3982 72.7334
62 3 3 -51.6222 11.1432
63 4 3 88.5516 -38.026
64 1 1 9.31133 1.80679
65 3 3 -52.4272 36.5487
66 3 3 -3.13907 -37.3315
67 2 3 -23.0234 -65.6297
68 2 1 30.3844 -46.2644
69 2 3 49.2982 34.6446
70 3 2 85.9704 -49.1597
71 1 1 -79.4495 10.4635
72 1 1 42.6412 92.8902
73 3 1 -45.2449 24.8629
74 4 1 73.9921 -84.247
75 3 1 -88.858 -59.6879
76 4 1 74.5922 17.4729
77 1 1 86.0409 89.8847
78 4 1 -60.8676 -40.8095
79 2 1 -24.8229 66.4799
80 2 1 10.3709 -40.4604
81 3 1 22.1366 -87.59
